L10rec:=rec(
  Delta := [ [ 0, 0, 1, 0, 0, 0, 0, 0, 0, 0 ], [ 0, 0, 0, 1, 0, 0, 0, 0, 0, 0 ], [ 0, 0, 0, 0, 1, 0, 0, 0, 0, 0 ], 
      [ 0, 0, 0, 0, 0, 1, 0, 0, 0, 0 ], [ 0, 0, 0, 0, 0, 0, 1, 0, 0, 0 ], [ 0, 0, 0, 0, 0, 0, 0, 1, 0, 0 ], 
      [ 0, 0, 0, 0, 0, 0, 0, 0, 1, 0 ], [ 0, 0, 0, 0, 0, 0, 0, 0, 0, 1 ], [ 1, 0, -3, -2, -4, -6, -5, -4, -3, -2 ],
      [ -1, 1, 0, 0, 0, 0, 0, 0, 0, 0 ] ],
  Gram := [ [ 0, 1, 0, 0, 0, 0, 0, 0, 0, 0 ], [ 1, 0, 0, 0, 0, 0, 0, 0, 0, 0 ], [ 0, 0, -2, 0, 0, 1, 0, 0, 0, 0 ], 
      [ 0, 0, 0, -2, 1, 0, 0, 0, 0, 0 ], [ 0, 0, 0, 1, -2, 1, 0, 0, 0, 0 ], [ 0, 0, 1, 0, 1, -2, 1, 0, 0, 0 ], 
      [ 0, 0, 0, 0, 0, 1, -2, 1, 0, 0 ], [ 0, 0, 0, 0, 0, 0, 1, -2, 1, 0 ], [ 0, 0, 0, 0, 0, 0, 0, 1, -2, 1 ], 
      [ 0, 0, 0, 0, 0, 0, 0, 0, 1, -2 ] ],
  Gramdual := [ [ 0, 1, 0, 0, 0, 0, 0, 0, 0, 0 ], [ 1, 0, 0, 0, 0, 0, 0, 0, 0, 0 ], 
      [ 0, 0, -8, -5, -10, -15, -12, -9, -6, -3 ], [ 0, 0, -5, -4, -7, -10, -8, -6, -4, -2 ], 
      [ 0, 0, -10, -7, -14, -20, -16, -12, -8, -4 ], [ 0, 0, -15, -10, -20, -30, -24, -18, -12, -6 ], 
      [ 0, 0, -12, -8, -16, -24, -20, -15, -10, -5 ], [ 0, 0, -9, -6, -12, -18, -15, -12, -8, -4 ], 
      [ 0, 0, -6, -4, -8, -12, -10, -8, -6, -3 ], [ 0, 0, -3, -2, -4, -6, -5, -4, -3, -2 ] ],
  weyl := [ 31, 30, -68, -46, -91, -135, -110, -84, -57, -29 ],
  weyldual := [ 30, 31, 1, 1, 1, 1, 1, 1, 1, 1 ] );
