NiemeierRecs :=[
rec(
type:=["D6","D6","D6","D6"],
Gram:=[[2, 3, -2, -4, 0, 0, 0, 0, 0, 0, 0, 0, 0, 0,
0, 0, 0, -4, -76, -3, 4, 2, 0, 0], [3, 6, -4, -8, 0, 0, 0, 0, 0, 0, 0, 0, 0, 0
, 0, 0, 0, -8, -152, -6, 8, 4, 0, 0], [-2, -4, 4, 7, 0, 0, 0, 0, 0, 0, 0, 0, 0
, 0, 0, 0, 0, 7, 133, 6, -6, -2, 0, 0], [-4, -8, 7, 14, 0, 0, 0, 0, 0, 0, 0, 0
, 0, 0, 0, 0, 0, 14, 266, 12, -12, -4, 0, 0], [0, 0, 0, 0, 2, 3, -2, -4, 0, 0,
0, 0, 0, 0, 0, 0, 1, 0, 0, 0, 0, 0, 0, 0], [0, 0, 0, 0, 3, 6, -4, -8, 0, 0, 0,
0, 0, 0, 0, 0, 2, 0, 0, 0, 0, 0, 0, 0], [0, 0, 0, 0, -2, -4, 4, 7, 0, 0, 0, 0,
0, 0, 0, 0, -1, 0, 3, 0, 0, 0, -2, 0], [0, 0, 0, 0, -4, -8, 7, 14, 0, 0, 0, 0,
0, 0, 0, 0, -2, 0, 6, 0, 0, 0, -4, 0], [0, 0, 0, 0, 0, 0, 0, 0, 2, 3, -2, -4,
0, 0, 0, 0, -4, 1, 0, 0, 0, 0, 0, 0], [0, 0, 0, 0, 0, 0, 0, 0, 3, 6, -4, -8, 0
, 0, 0, 0, -8, 2, 0, 0, 0, 0, 0, 0], [0, 0, 0, 0, 0, 0, 0, 0, -2, -4, 4, 7, 0,
0, 0, 0, 7, -1, 15, -1, 0, 0, 0, 0], [0, 0, 0, 0, 0, 0, 0, 0, -4, -8, 7, 14, 0
, 0, 0, 0, 14, -2, 30, -2, 0, 0, 0, 0], [0, 0, 0, 0, 0, 0, 0, 0, 0, 0, 0, 0, 2
, 3, -2, -4, -3, 3, -42, -1, 0, 0, -36, 2], [0, 0, 0, 0, 0, 0, 0, 0, 0, 0, 0,
0, 3, 6, -4, -8, -6, 6, -84, -2, 0, 0, -72, 4], [0, 0, 0, 0, 0, 0, 0, 0, 0, 0,
0, 0, -2, -4, 4, 7, 6, -6, 41, 1, 0, 0, 36, -2], [0, 0, 0, 0, 0, 0, 0, 0, 0, 0
, 0, 0, -4, -8, 7, 14, 12, -12, 82, 2, 0, 0, 72, -4], [0, 0, 0, 0, 1, 2, -1, -\
2, -4, -8, 7, 14, -3, -6, 6, 12, 30, -15, 45, -3, 0, 0, -3, 0], [-4, -8, 7, 14
, 0, 0, 0, 0, 1, 2, -1, -2, 3, 6, -6, -12, -15, 30, 312, 12, -12, -3, 0, 0], [
-76, -152, 133, 266, 0, 0, 3, 6, 0, 0, 15, 30, -42, -84, 41, 82, 45, 312, 8892
, 276, -228, -57, 2304, -129], [-3, -6, 6, 12, 0, 0, 0, 0, 0, 0, -1, -2, -1, -\
2, 1, 2, -3, 12, 276, 18, -9, 0, 54, -3], [4, 8, -6, -12, 0, 0, 0, 0, 0, 0, 0,
0, 0, 0, 0, 0, 0, -12, -228, -9, 12, 6, 0, 0], [2, 4, -2, -4, 0, 0, 0, 0, 0, 0
, 0, 0, 0, 0, 0, 0, 0, -3, -57, 0, 6, 6, 0, 0], [0, 0, 0, 0, 0, 0, -2, -4, 0,
0, 0, 0, -36, -72, 36, 72, -3, 0, 2304, 54, 0, 0, 1956, -108], [0, 0, 0, 0, 0,
0, 0, 0, 0, 0, 0, 0, 2, 4, -2, -4, 0, 0, -129, -3, 0, 0, -108, 6]]
),
#
rec(
type:=["D8","D8","D8"],
Gram:=[[
2, 3, -2, -4, -6, -8, 0, 0, 0, 0, 0, 0, 0, 0, 0, 0, 0, 0, 1, 0, 0, 0, 0, 0], [
3, 6, -4, -8, -12, -16, 0, 0, 0, 0, 0, 0, 0, 0, 0, 0, 0, 0, 2, 0, 0, 0, 0, 0],
[-2, -4, 4, 7, 10, 13, 0, 0, 0, 0, 0, 0, 0, 0, 0, 0, 0, 0, -1, -1, 0, 0, 0, 0]
, [-4, -8, 7, 14, 20, 26, 0, 0, 0, 0, 0, 0, 0, 0, 0, 0, 0, 0, -2, -2, 0, 0, 0,
0], [-6, -12, 10, 20, 30, 39, 0, 0, 0, 0, 0, 0, 0, 0, 0, 0, 0, 0, -3, -3, 0, 0
, 0, 0], [-8, -16, 13, 26, 39, 52, 0, 0, 0, 0, 0, 0, 0, 0, 0, 0, 0, 0, -4, -4,
0, 0, 0, 0], [0, 0, 0, 0, 0, 0, 2, 3, -2, -4, -6, -8, 0, 0, 0, 0, 0, 0, -8, 33
, 3, 2, 0, 0], [0, 0, 0, 0, 0, 0, 3, 6, -4, -8, -12, -16, 0, 0, 0, 0, 0, 0, -\
16, 66, 6, 4, 0, 0], [0, 0, 0, 0, 0, 0, -2, -4, 4, 7, 10, 13, 0, 0, 0, 0, 0, 0
, 13, -53, -4, -2, 0, 0], [0, 0, 0, 0, 0, 0, -4, -8, 7, 14, 20, 26, 0, 0, 0, 0
, 0, 0, 26, -106, -8, -4, 0, 0], [0, 0, 0, 0, 0, 0, -6, -12, 10, 20, 30, 39, 0
, 0, 0, 0, 0, 0, 39, -159, -12, -6, 0, 0], [0, 0, 0, 0, 0, 0, -8, -16, 13, 26,
39, 52, 0, 0, 0, 0, 0, 0, 52, -212, -16, -8, 0, 0], [0, 0, 0, 0, 0, 0, 0, 0, 0
, 0, 0, 0, 2, 3, -2, -4, -6, -8, -8, 24, 9, 0, 4, 2], [0, 0, 0, 0, 0, 0, 0, 0,
0, 0, 0, 0, 3, 6, -4, -8, -12, -16, -16, 48, 18, 0, 8, 4], [0, 0, 0, 0, 0, 0,
0, 0, 0, 0, 0, 0, -2, -4, 4, 7, 10, 13, 13, -39, -14, 0, -6, -2], [0, 0, 0, 0,
0, 0, 0, 0, 0, 0, 0, 0, -4, -8, 7, 14, 20, 26, 26, -78, -28, 0, -12, -4], [0,
0, 0, 0, 0, 0, 0, 0, 0, 0, 0, 0, -6, -12, 10, 20, 30, 39, 39, -117, -42, 0, -\
18, -6], [0, 0, 0, 0, 0, 0, 0, 0, 0, 0, 0, 0, -8, -16, 13, 26, 39, 52, 52, -\
156, -56, 0, -24, -8], [1, 2, -1, -2, -3, -4, -8, -16, 13, 26, 39, 52, -8, -16
, 13, 26, 39, 52, 108, -377, -72, -7, -24, -7], [0, 0, -1, -2, -3, -4, 33, 66,
-53, -106, -159, -212, 24, 48, -39, -78, -117, -156, -377, 1360, 235, 32, 72,
21], [0, 0, 0, 0, 0, 0, 3, 6, -4, -8, -12, -16, 9, 18, -14, -28, -42, -56, -72
, 235, 70, 7, 27, 11], [0, 0, 0, 0, 0, 0, 2, 4, -2, -4, -6, -8, 0, 0, 0, 0, 0,
0, -7, 32, 7, 8, 0, 0], [0, 0, 0, 0, 0, 0, 0, 0, 0, 0, 0, 0, 4, 8, -6, -12, -\
18, -24, -24, 72, 27, 0, 12, 6], [0, 0, 0, 0, 0, 0, 0, 0, 0, 0, 0, 0, 2, 4, -2
, -4, -6, -8, -7, 21, 11, 0, 6, 8]]),
#
rec(
type:=["D4","D4","D4","D4","D4","D4"],
Gram:=[[2, 3, 0, 0, 0, 0, 0, 0, 0, 0, 0
, 0, 1, 0, -1, 0, 0, 0, 0, 0, 0, 0, 0, 0], [3, 6, 0, 0, 0, 0, 0, 0, 0, 0, 0, 0
, 2, 0, -2, 0, 0, 0, 0, 0, 0, 0, 0, 0], [0, 0, 2, 3, 0, 0, 0, 0, 0, 0, 0, 0, 1
, 0, -1, 0, 1, 1, 0, 2, 4, -20, 0, 2], [0, 0, 3, 6, 0, 0, 0, 0, 0, 0, 0, 0, 2,
0, -2, 0, 2, 2, 0, 4, 8, -40, 0, 4], [0, 0, 0, 0, 2, 3, 0, 0, 0, 0, 0, 0, 1, 0
, -1, 1, 1, -1, 4, 2, 2, -12, 2, 0], [0, 0, 0, 0, 3, 6, 0, 0, 0, 0, 0, 0, 2, 0
, -2, 2, 2, -2, 8, 4, 4, -24, 4, 0], [0, 0, 0, 0, 0, 0, 2, 3, 0, 0, 0, 0, 1, 0
, 0, 0, 0, 0, 0, 0, 0, 0, 0, 0], [0, 0, 0, 0, 0, 0, 3, 6, 0, 0, 0, 0, 2, 0, 0,
0, 0, 0, 0, 0, 0, 0, 0, 0], [0, 0, 0, 0, 0, 0, 0, 0, 2, 3, 0, 0, 1, 0, 0, -1,
0, 1, 0, 0, 0, 0, 0, 0], [0, 0, 0, 0, 0, 0, 0, 0, 3, 6, 0, 0, 2, 0, 0, -2, 0,
2, 0, 0, 0, 0, 0, 0], [0, 0, 0, 0, 0, 0, 0, 0, 0, 0, 2, 3, 1, 0, -1, 0, 0, 1,
0, 2, 0, 0, 0, 0], [0, 0, 0, 0, 0, 0, 0, 0, 0, 0, 3, 6, 2, 0, -2, 0, 0, 2, 0,
4, 0, 0, 0, 0], [1, 2, 1, 2, 1, 2, 1, 2, 1, 2, 1, 2, 6, 3, -2, -3, 1, 4, 3, 10
, 4, -33, 2, 2], [0, 0, 0, 0, 0, 0, 0, 0, 0, 0, 0, 0, 3, 6, 2, -6, -1, 5, 0, 
11, -1, -18, 1, 1], [-1, -2, -1, -2, -1, -2, 0, 0, 0, 0, -1, -2, -2, 2, 6, -4,
-2, 2, -3, 2, -8, 25, -1, -2], [0, 0, 0, 0, 1, 2, 0, 0, -1, -2, 0, 0, -3, -6,
-4, 10, 3, -9, 3, -15, 8, -2, 1, 0], [0, 0, 1, 2, 1, 2, 0, 0, 0, 0, 0, 0, 1, -\
1, -2, 3, 4, -1, 3, 0, 8, -32, 2, 2], [0, 0, 1, 2, -1, -2, 0, 0, 1, 2, 1, 2, 4
, 5, 2, -9, -1, 12, -3, 21, -5, -19, -1, 2], [0, 0, 0, 0, 4, 8, 0, 0, 0, 0, 0,
0, 3, 0, -3, 3, 3, -3, 12, 6, 6, -36, 6, 0], [0, 0, 2, 4, 2, 4, 0, 0, 0, 0, 2,
4, 10, 11, 2, -15, 0, 21, 6, 52, -6, -74, 4, 4], [0, 0, 4, 8, 2, 4, 0, 0, 0, 0
, 0, 0, 4, -1, -8, 8, 8, -5, 6, -6, 28, -100, 4, 8], [0, 0, -20, -40, -12, -24
, 0, 0, 0, 0, 0, 0, -33, -18, 25, -2, -32, -19, -36, -74, -100, 548, -24, -40]
, [0, 0, 0, 0, 2, 4, 0, 0, 0, 0, 0, 0, 2, 1, -1, 1, 2, -1, 6, 4, 4, -24, 4, 0]
, [0, 0, 2, 4, 0, 0, 0, 0, 0, 0, 0, 0, 2, 1, -2, 0, 2, 2, 0, 4, 8, -40, 0, 4]]
),
#
rec(
type:=["E8", "E8", "E8"],
Gram:=[[2, 0, 0, -1, 0, 0, 0, 0, 0, 0, 0, 0, 0, 0, 0, 0, 0, 0, 0, 0, 0, 0,
0, 0], [0, 2, -1, 0, 0, 0, 0, 0, 0, 0, 0, 0, 0, 0, 0, 0, 0, 0, 0, 0, 0, 0, 0,
0], [0, -1, 2, -1, 0, 0, 0, 0, 0, 0, 0, 0, 0, 0, 0, 0, 0, 0, 0, 0, 0, 0, 0, 0]
, [-1, 0, -1, 2, -1, 0, 0, 0, 0, 0, 0, 0, 0, 0, 0, 0, 0, 0, 0, 0, 0, 0, 0, 0],
[0, 0, 0, -1, 2, -1, 0, 0, 0, 0, 0, 0, 0, 0, 0, 0, 0, 0, 0, 0, 0, 0, 0, 0], [0
, 0, 0, 0, -1, 2, -1, 0, 0, 0, 0, 0, 0, 0, 0, 0, 0, 0, 0, 0, 0, 0, 0, 0], [0,
0, 0, 0, 0, -1, 2, -1, 0, 0, 0, 0, 0, 0, 0, 0, 0, 0, 0, 0, 0, 0, 0, 0], [0, 0,
0, 0, 0, 0, -1, 2, 0, 0, 0, 0, 0, 0, 0, 0, 0, 0, 0, 0, 0, 0, 0, 0], [0, 0, 0,
0, 0, 0, 0, 0, 2, 0, 0, -1, 0, 0, 0, 0, 0, 0, 0, 0, 0, 0, 0, 0], [0, 0, 0, 0,
0, 0, 0, 0, 0, 2, -1, 0, 0, 0, 0, 0, 0, 0, 0, 0, 0, 0, 0, 0], [0, 0, 0, 0, 0,
0, 0, 0, 0, -1, 2, -1, 0, 0, 0, 0, 0, 0, 0, 0, 0, 0, 0, 0], [0, 0, 0, 0, 0, 0,
0, 0, -1, 0, -1, 2, -1, 0, 0, 0, 0, 0, 0, 0, 0, 0, 0, 0], [0, 0, 0, 0, 0, 0, 0
, 0, 0, 0, 0, -1, 2, -1, 0, 0, 0, 0, 0, 0, 0, 0, 0, 0], [0, 0, 0, 0, 0, 0, 0,
0, 0, 0, 0, 0, -1, 2, -1, 0, 0, 0, 0, 0, 0, 0, 0, 0], [0, 0, 0, 0, 0, 0, 0, 0,
0, 0, 0, 0, 0, -1, 2, -1, 0, 0, 0, 0, 0, 0, 0, 0], [0, 0, 0, 0, 0, 0, 0, 0, 0,
0, 0, 0, 0, 0, -1, 2, 0, 0, 0, 0, 0, 0, 0, 0], [0, 0, 0, 0, 0, 0, 0, 0, 0, 0,
0, 0, 0, 0, 0, 0, 2, 0, 0, -1, 0, 0, 0, 0], [0, 0, 0, 0, 0, 0, 0, 0, 0, 0, 0,
0, 0, 0, 0, 0, 0, 2, -1, 0, 0, 0, 0, 0], [0, 0, 0, 0, 0, 0, 0, 0, 0, 0, 0, 0,
0, 0, 0, 0, 0, -1, 2, -1, 0, 0, 0, 0], [0, 0, 0, 0, 0, 0, 0, 0, 0, 0, 0, 0, 0,
0, 0, 0, -1, 0, -1, 2, -1, 0, 0, 0], [0, 0, 0, 0, 0, 0, 0, 0, 0, 0, 0, 0, 0, 0
, 0, 0, 0, 0, 0, -1, 2, -1, 0, 0], [0, 0, 0, 0, 0, 0, 0, 0, 0, 0, 0, 0, 0, 0,
0, 0, 0, 0, 0, 0, -1, 2, -1, 0], [0, 0, 0, 0, 0, 0, 0, 0, 0, 0, 0, 0, 0, 0, 0,
0, 0, 0, 0, 0, 0, -1, 2, -1], [0, 0, 0, 0, 0, 0, 0, 0, 0, 0, 0, 0, 0, 0, 0, 0,
0, 0, 0, 0, 0, 0, -1, 2]]),
#
rec(
type:=["D16", "E8"],
Gram:=[[2, 3, -2, -4, -6, -8, -10, -12, -14,
-16, -18, -20, -22, -24, 0, 0, 0, 0, 0, 0, 1, 0, 0, 0], [3, 6, -4, -8, -12, -\
16, -20, -24, -28, -32, -36, -40, -44, -48, 0, 0, 0, 0, 0, 0, 2, 0, 0, 0], [-2
, -4, 4, 7, 10, 13, 16, 19, 22, 25, 28, 31, 34, 37, 0, 0, 0, 0, 0, 0, -1, 0, 0
, -2], [-4, -8, 7, 14, 20, 26, 32, 38, 44, 50, 56, 62, 68, 74, 0, 0, 0, 0, 0,
0, -2, 0, 0, -4], [-6, -12, 10, 20, 30, 39, 48, 57, 66, 75, 84, 93, 102, 111,
0, 0, 0, 0, 0, 0, -3, 0, 0, -6], [-8, -16, 13, 26, 39, 52, 64, 76, 88, 100, 
112, 124, 136, 148, 0, 0, 0, 0, 0, 0, -4, 0, 0, -8], [-10, -20, 16, 32, 48, 64
, 80, 95, 110, 125, 140, 155, 170, 185, 0, 0, 0, 0, 0, 0, -5, 0, 0, -10], [-12
, -24, 19, 38, 57, 76, 95, 114, 132, 150, 168, 186, 204, 222, 0, 0, 0, 0, 0, 0
, -6, 0, 0, -12], [-14, -28, 22, 44, 66, 88, 110, 132, 154, 175, 196, 217, 238
, 259, 0, 0, 0, 0, 0, 0, -7, 0, 0, -14], [-16, -32, 25, 50, 75, 100, 125, 150,
175, 200, 224, 248, 272, 296, 0, 0, 0, 0, 0, 0, -8, 0, 0, -16], [-18, -36, 28,
56, 84, 112, 140, 168, 196, 224, 252, 279, 306, 333, 0, 0, 0, 0, 0, 0, -9, 0,
0, -18], [-20, -40, 31, 62, 93, 124, 155, 186, 217, 248, 279, 310, 340, 370, 0
, 0, 0, 0, 0, 0, -10, 0, 0, -20], [-22, -44, 34, 68, 102, 136, 170, 204, 238,
272, 306, 340, 374, 407, 0, 0, 0, 0, 0, 0, -11, 0, 0, -22], [-24, -48, 37, 74,
111, 148, 185, 222, 259, 296, 333, 370, 407, 444, 0, 0, 0, 0, 0, 0, -12, 0, 0,
-24], [0, 0, 0, 0, 0, 0, 0, 0, 0, 0, 0, 0, 0, 0, 2, 0, 3, 4, 5, 6, 0, -2, -1,
0], [0, 0, 0, 0, 0, 0, 0, 0, 0, 0, 0, 0, 0, 0, 0, 2, -2, -4, -6, -8, 0, 3, 2,
0], [0, 0, 0, 0, 0, 0, 0, 0, 0, 0, 0, 0, 0, 0, 3, -2, 8, 12, 16, 20, 0, -7, -4
, 0], [0, 0, 0, 0, 0, 0, 0, 0, 0, 0, 0, 0, 0, 0, 4, -4, 12, 20, 27, 34, 0, -12
, -7, 0], [0, 0, 0, 0, 0, 0, 0, 0, 0, 0, 0, 0, 0, 0, 5, -6, 16, 27, 38, 48, 0,
-17, -10, 0], [0, 0, 0, 0, 0, 0, 0, 0, 0, 0, 0, 0, 0, 0, 6, -8, 20, 34, 48, 62
, 0, -22, -13, 0], [1, 2, -1, -2, -3, -4, -5, -6, -7, -8, -9, -10, -11, -12, 0
, 0, 0, 0, 0, 0, 4, 0, 0, -13], [0, 0, 0, 0, 0, 0, 0, 0, 0, 0, 0, 0, 0, 0, -2,
3, -7, -12, -17, -22, 0, 8, 5, 0], [0, 0, 0, 0, 0, 0, 0, 0, 0, 0, 0, 0, 0, 0,
-1, 2, -4, -7, -10, -13, 0, 5, 4, 0], [0, 0, -2, -4, -6, -8, -10, -12, -14, -\
16, -18, -20, -22, -24, 0, 0, 0, 0, 0, 0, -13, 0, 0, 52]]),
#
rec(
type:=["A5", "A5","A5","A5", "D4"],
Gram:=[[2, 3
, 4, 5, 0, 0, 0, 0, 0, 0, 0, 0, 0, 0, 0, 0, 0, 0, 15, 15, -25, -10, 6, 0], [3,
6, 8, 10, 0, 0, 0, 0, 0, 0, 0, 0, 0, 0, 0, 0, 0, 0, 30, 30, -50, -20, 12, 0],
[4, 8, 12, 15, 0, 0, 0, 0, 0, 0, 0, 0, 0, 0, 0, 0, 0, 0, 45, 45, -75, -30, 18,
0], [5, 10, 15, 20, 0, 0, 0, 0, 0, 0, 0, 0, 0, 0, 0, 0, 0, 0, 60, 60, -100, -\
40, 24, 0], [0, 0, 0, 0, 2, 3, 4, 5, 0, 0, 0, 0, 0, 0, 0, 0, 0, 0, 15, 0, 1, 0
, 0, 0], [0, 0, 0, 0, 3, 6, 8, 10, 0, 0, 0, 0, 0, 0, 0, 0, 0, 0, 30, 0, 2, 0,
0, 0], [0, 0, 0, 0, 4, 8, 12, 15, 0, 0, 0, 0, 0, 0, 0, 0, 0, 0, 45, 0, 3, 0, 0
, 0], [0, 0, 0, 0, 5, 10, 15, 20, 0, 0, 0, 0, 0, 0, 0, 0, 0, 0, 60, 0, 4, 0, 0
, 0], [0, 0, 0, 0, 0, 0, 0, 0, 2, 3, 4, 5, 0, 0, 0, 0, 0, 0, 0, 15, -15, 2, 0,
0], [0, 0, 0, 0, 0, 0, 0, 0, 3, 6, 8, 10, 0, 0, 0, 0, 0, 0, 0, 30, -30, 4, 0,
0], [0, 0, 0, 0, 0, 0, 0, 0, 4, 8, 12, 15, 0, 0, 0, 0, 0, 0, 0, 45, -45, 6, 0,
0], [0, 0, 0, 0, 0, 0, 0, 0, 5, 10, 15, 20, 0, 0, 0, 0, 0, 0, 0, 60, -60, 8, 0
, 0], [0, 0, 0, 0, 0, 0, 0, 0, 0, 0, 0, 0, 2, 3, 4, 5, 0, 0, 0, 0, 5, -20, 0,
6], [0, 0, 0, 0, 0, 0, 0, 0, 0, 0, 0, 0, 3, 6, 8, 10, 0, 0, 0, 0, 10, -40, 0,
12], [0, 0, 0, 0, 0, 0, 0, 0, 0, 0, 0, 0, 4, 8, 12, 15, 0, 0, 0, 0, 15, -60, 0
, 18], [0, 0, 0, 0, 0, 0, 0, 0, 0, 0, 0, 0, 5, 10, 15, 20, 0, 0, 0, 0, 20, -80
, 0, 24], [0, 0, 0, 0, 0, 0, 0, 0, 0, 0, 0, 0, 0, 0, 0, 0, 2, 3, 1, 0, 0, 0, 0
, 0], [0, 0, 0, 0, 0, 0, 0, 0, 0, 0, 0, 0, 0, 0, 0, 0, 3, 6, 2, 0, 0, 0, 0, 0]
, [15, 30, 45, 60, 15, 30, 45, 60, 0, 0, 0, 0, 0, 0, 0, 0, 1, 2, 376, 188, -\
300, -125, 75, 0], [15, 30, 45, 60, 0, 0, 0, 0, 15, 30, 45, 60, 0, 0, 0, 0, 0,
0, 188, 376, -500, -100, 75, 0], [-25, -50, -75, -100, 1, 2, 3, 4, -15, -30, -\
45, -60, 5, 10, 15, 20, 0, 0, -300, -500, 730, 100, -125, 25], [-10, -20, -30,
-40, 0, 0, 0, 0, 2, 4, 6, 8, -20, -40, -60, -80, 0, 0, -125, -100, 100, 420, -\
50, -100], [6, 12, 18, 24, 0, 0, 0, 0, 0, 0, 0, 0, 0, 0, 0, 0, 0, 0, 75, 75, -\
125, -50, 30, 0], [0, 0, 0, 0, 0, 0, 0, 0, 0, 0, 0, 0, 6, 12, 18, 24, 0, 0, 0,
0, 25, -100, 0, 30]]),
#
rec(
type:=["A6","A6","A6","A6"],
Gram:=[[2, 3, 4, 5, 6, 0, 0, 0, 0, 0, 0, 0, 0, 0, 0, 0
, 0, 0, 0, 0, 1, 0, 0, 0], [3, 6, 8, 10, 12, 0, 0, 0, 0, 0, 0, 0, 0, 0, 0, 0,
0, 0, 0, 0, 2, 0, 0, 0], [4, 8, 12, 15, 18, 0, 0, 0, 0, 0, 0, 0, 0, 0, 0, 0, 0
, 0, 0, 0, 3, 0, 0, 0], [5, 10, 15, 20, 24, 0, 0, 0, 0, 0, 0, 0, 0, 0, 0, 0, 0
, 0, 0, 0, 4, 0, 0, 0], [6, 12, 18, 24, 30, 0, 0, 0, 0, 0, 0, 0, 0, 0, 0, 0, 0
, 0, 0, 0, 5, 0, 0, 0], [0, 0, 0, 0, 0, 2, 3, 4, 5, 6, 0, 0, 0, 0, 0, 0, 0, 0,
0, 0, -12, -1, 0, 0], [0, 0, 0, 0, 0, 3, 6, 8, 10, 12, 0, 0, 0, 0, 0, 0, 0, 0,
0, 0, -24, -2, 0, 0], [0, 0, 0, 0, 0, 4, 8, 12, 15, 18, 0, 0, 0, 0, 0, 0, 0, 0
, 0, 0, -36, -3, 0, 0], [0, 0, 0, 0, 0, 5, 10, 15, 20, 24, 0, 0, 0, 0, 0, 0, 0
, 0, 0, 0, -48, -4, 0, 0], [0, 0, 0, 0, 0, 6, 12, 18, 24, 30, 0, 0, 0, 0, 0, 0
, 0, 0, 0, 0, -60, -5, 0, 0], [0, 0, 0, 0, 0, 0, 0, 0, 0, 0, 2, 3, 4, 5, 6, 0,
0, 0, 0, 0, -6, -30, 0, 7], [0, 0, 0, 0, 0, 0, 0, 0, 0, 0, 3, 6, 8, 10, 12, 0,
0, 0, 0, 0, -12, -60, 0, 14], [0, 0, 0, 0, 0, 0, 0, 0, 0, 0, 4, 8, 12, 15, 18,
0, 0, 0, 0, 0, -18, -90, 0, 21], [0, 0, 0, 0, 0, 0, 0, 0, 0, 0, 5, 10, 15, 20,
24, 0, 0, 0, 0, 0, -24, -120, 0, 28], [0, 0, 0, 0, 0, 0, 0, 0, 0, 0, 6, 12, 18
, 24, 30, 0, 0, 0, 0, 0, -30, -150, 0, 35], [0, 0, 0, 0, 0, 0, 0, 0, 0, 0, 0,
0, 0, 0, 0, 2, 3, 4, 5, 6, -36, 24, 7, 0], [0, 0, 0, 0, 0, 0, 0, 0, 0, 0, 0, 0
, 0, 0, 0, 3, 6, 8, 10, 12, -72, 48, 14, 0], [0, 0, 0, 0, 0, 0, 0, 0, 0, 0, 0,
0, 0, 0, 0, 4, 8, 12, 15, 18, -108, 72, 21, 0], [0, 0, 0, 0, 0, 0, 0, 0, 0, 0,
0, 0, 0, 0, 0, 5, 10, 15, 20, 24, -144, 96, 28, 0], [0, 0, 0, 0, 0, 0, 0, 0, 0
, 0, 0, 0, 0, 0, 0, 6, 12, 18, 24, 30, -180, 120, 35, 0], [1, 2, 3, 4, 5, -12,
-24, -36, -48, -60, -6, -12, -18, -24, -30, -36, -72, -108, -144, -180, 1266,
-576, -216, -36], [0, 0, 0, 0, 0, -1, -2, -3, -4, -5, -30, -60, -90, -120, -\
150, 24, 48, 72, 96, 120, -576, 1266, 144, -180], [0, 0, 0, 0, 0, 0, 0, 0, 0,
0, 0, 0, 0, 0, 0, 7, 14, 21, 28, 35, -216, 144, 42, 0], [0, 0, 0, 0, 0, 0, 0,
0, 0, 0, 7, 14, 21, 28, 35, 0, 0, 0, 0, 0, -36, -180, 0, 42]]),
#
rec(
type:=["A1","A1","A1","A1","A1","A1","A1","A1","A1","A1","A1","A1",
"A1","A1","A1","A1","A1","A1","A1","A1","A1","A1","A1","A1"], 
Gram:=[[6, -\
3, -3, 0, 0, -3, 0, 6, -6, 6, 3, 6, 1, 0, 18, 1, 0, 0, 1, 1, 1, 0, 1, 0], [-3,
6, 3, -3, 0, 6, -3, -24, 27, -21, -24, -54, -1, 0, -161, -1, 1, 1, 0, 0, -1, 1
, 0, 0], [-3, 3, 6, 0, -3, 3, 3, 3, -6, 0, 15, 39, -1, 1, 88, 0, 0, 1, 0, -1,
0, 0, -1, 1], [0, -3, 0, 6, 0, -6, 3, 21, -27, 18, 27, 60, 1, 1, 153, 0, 0, 0,
-1, -1, 0, -1, -1, 1], [0, 0, -3, 0, 6, 0, -6, -21, 24, -15, -33, -84, 1, -1,
-215, 0, 1, 0, -1, 0, -1, 1, 1, -1], [-3, 6, 3, -6, 0, 12, -3, -30, 36, -27, -\
33, -75, -2, 0, -232, 0, 1, 0, 0, 0, 0, 2, 1, -1], [0, -3, 3, 3, -6, -3, 12, 
51, -57, 39, 66, 159, 0, 1, 442, 1, -1, -1, 0, -1, 2, -2, -2, 2], [6, -24, 3,
21, -21, -30, 51, 252, -282, 198, 309, 738, 3, 4, 2072, 5, -6, -6, -1, -3, 8,
-11, -8, 9], [-6, 27, -6, -27, 24, 36, -57, -282, 324, -222, -357, -849, -3, -\
5, -2387, -6, 6, 5, 2, 4, -9, 13, 9, -11], [6, -21, 0, 18, -15, -27, 39, 198,
-222, 162, 231, 543, 4, 2, 1558, 3, -5, -5, -1, -3, 6, -8, -6, 7], [3, -24, 15
, 27, -33, -33, 66, 309, -357, 231, 426, 1035, 0, 9, 2814, 7, -7, -3, 0, -4, 
11, -16, -11, 12], [6, -54, 39, 60, -84, -75, 159, 738, -849, 543, 1035, 2538,
-2, 24, 6818, 16, -19, -7, 2, -7, 27, -39, -26, 29], [1, -1, -1, 1, 1, -2, 0,
3, -3, 4, 0, -2, 2, 0, 0, 0, 0, 0, 0, 0, 0, 0, 0, 0], [0, 0, 1, 1, -1, 0, 1, 4
, -5, 2, 9, 24, 0, 2, 0, 0, 0, 0, 0, 0, 0, 0, 0, 0], [18, -161, 88, 153, -215,
-232, 442, 2072, -2387, 1558, 2814, 6818, 0, 0, 20748, 50, -54, -14, 6, -24, 
82, -120, -80, 88], [1, -1, 0, 0, 0, 0, 1, 5, -6, 3, 7, 16, 0, 0, 50, 2, 0, 0,
0, 0, 0, 0, 0, 0], [0, 1, 0, 0, 1, 1, -1, -6, 6, -5, -7, -19, 0, 0, -54, 0, 2,
0, 0, 0, 0, 0, 0, 0], [0, 1, 1, 0, 0, 0, -1, -6, 5, -5, -3, -7, 0, 0, -14, 0,
0, 2, 0, 0, 0, 0, 0, 0], [1, 0, 0, -1, -1, 0, 0, -1, 2, -1, 0, 2, 0, 0, 6, 0,
0, 0, 2, 0, 0, 0, 0, 0], [1, 0, -1, -1, 0, 0, -1, -3, 4, -3, -4, -7, 0, 0, -24
, 0, 0, 0, 0, 2, 0, 0, 0, 0], [1, -1, 0, 0, -1, 0, 2, 8, -9, 6, 11, 27, 0, 0,
82, 0, 0, 0, 0, 0, 2, 0, 0, 0], [0, 1, 0, -1, 1, 2, -2, -11, 13, -8, -16, -39,
0, 0, -120, 0, 0, 0, 0, 0, 0, 2, 0, 0], [1, 0, -1, -1, 1, 1, -2, -8, 9, -6, -\
11, -26, 0, 0, -80, 0, 0, 0, 0, 0, 0, 0, 2, 0], [0, 0, 1, 1, -1, -1, 2, 9, -11
, 7, 12, 29, 0, 0, 88, 0, 0, 0, 0, 0, 0, 0, 0, 2]]),
#
rec(
type:=["A24"],
Gram:=[[2, 3, 4, 5, 6, 7,
8, 9, 10, 11, 12, 13, 14, 15, 16, 17, 18, 19, 20, 21, 22, 23, 24, 5], [3, 6, 8
, 10, 12, 14, 16, 18, 20, 22, 24, 26, 28, 30, 32, 34, 36, 38, 40, 42, 44, 46,
48, 10], [4, 8, 12, 15, 18, 21, 24, 27, 30, 33, 36, 39, 42, 45, 48, 51, 54, 57
, 60, 63, 66, 69, 72, 15], [5, 10, 15, 20, 24, 28, 32, 36, 40, 44, 48, 52, 56,
60, 64, 68, 72, 76, 80, 84, 88, 92, 96, 20], [6, 12, 18, 24, 30, 35, 40, 45, 
50, 55, 60, 65, 70, 75, 80, 85, 90, 95, 100, 105, 110, 115, 120, 25], [7, 14,
21, 28, 35, 42, 48, 54, 60, 66, 72, 78, 84, 90, 96, 102, 108, 114, 120, 126, 
132, 138, 144, 30], [8, 16, 24, 32, 40, 48, 56, 63, 70, 77, 84, 91, 98, 105, 
112, 119, 126, 133, 140, 147, 154, 161, 168, 35], [9, 18, 27, 36, 45, 54, 63,
72, 80, 88, 96, 104, 112, 120, 128, 136, 144, 152, 160, 168, 176, 184, 192, 40
], [10, 20, 30, 40, 50, 60, 70, 80, 90, 99, 108, 117, 126, 135, 144, 153, 162,
171, 180, 189, 198, 207, 216, 45], [11, 22, 33, 44, 55, 66, 77, 88, 99, 110, 
120, 130, 140, 150, 160, 170, 180, 190, 200, 210, 220, 230, 240, 50], [12, 24,
36, 48, 60, 72, 84, 96, 108, 120, 132, 143, 154, 165, 176, 187, 198, 209, 220,
231, 242, 253, 264, 55], [13, 26, 39, 52, 65, 78, 91, 104, 117, 130, 143, 156,
168, 180, 192, 204, 216, 228, 240, 252, 264, 276, 288, 60], [14, 28, 42, 56, 
70, 84, 98, 112, 126, 140, 154, 168, 182, 195, 208, 221, 234, 247, 260, 273, 
286, 299, 312, 65], [15, 30, 45, 60, 75, 90, 105, 120, 135, 150, 165, 180, 195
, 210, 224, 238, 252, 266, 280, 294, 308, 322, 336, 70], [16, 32, 48, 64, 80,
96, 112, 128, 144, 160, 176, 192, 208, 224, 240, 255, 270, 285, 300, 315, 330,
345, 360, 75], [17, 34, 51, 68, 85, 102, 119, 136, 153, 170, 187, 204, 221, 
238, 255, 272, 288, 304, 320, 336, 352, 368, 384, 80], [18, 36, 54, 72, 90, 
108, 126, 144, 162, 180, 198, 216, 234, 252, 270, 288, 306, 323, 340, 357, 374
, 391, 408, 85], [19, 38, 57, 76, 95, 114, 133, 152, 171, 190, 209, 228, 247,
266, 285, 304, 323, 342, 360, 378, 396, 414, 432, 90], [20, 40, 60, 80, 100, 
120, 140, 160, 180, 200, 220, 240, 260, 280, 300, 320, 340, 360, 380, 399, 418
, 437, 456, 95], [21, 42, 63, 84, 105, 126, 147, 168, 189, 210, 231, 252, 273,
294, 315, 336, 357, 378, 399, 420, 440, 460, 480, 100], [22, 44, 66, 88, 110,
132, 154, 176, 198, 220, 242, 264, 286, 308, 330, 352, 374, 396, 418, 440, 462
, 483, 504, 105], [23, 46, 69, 92, 115, 138, 161, 184, 207, 230, 253, 276, 299
, 322, 345, 368, 391, 414, 437, 460, 483, 506, 528, 110], [24, 48, 72, 96, 120
, 144, 168, 192, 216, 240, 264, 288, 312, 336, 360, 384, 408, 432, 456, 480, 
504, 528, 552, 115], [5, 10, 15, 20, 25, 30, 35, 40, 45, 50, 55, 60, 65, 70, 
75, 80, 85, 90, 95, 100, 105, 110, 115, 24]]),
#
rec(
type:=["A12","A12"],
Gram:=[[2, 3, 4, 5, 6, 7, 8,
9, 10, 11, 12, 0, 0, 0, 0, 0, 0, 0, 0, 0, 0, 0, 1, 0], [3, 6, 8, 10, 12, 14, 
16, 18, 20, 22, 24, 0, 0, 0, 0, 0, 0, 0, 0, 0, 0, 0, 2, 0], [4, 8, 12, 15, 18,
21, 24, 27, 30, 33, 36, 0, 0, 0, 0, 0, 0, 0, 0, 0, 0, 0, 3, 0], [5, 10, 15, 20
, 24, 28, 32, 36, 40, 44, 48, 0, 0, 0, 0, 0, 0, 0, 0, 0, 0, 0, 4, 0], [6, 12,
18, 24, 30, 35, 40, 45, 50, 55, 60, 0, 0, 0, 0, 0, 0, 0, 0, 0, 0, 0, 5, 0], [7
, 14, 21, 28, 35, 42, 48, 54, 60, 66, 72, 0, 0, 0, 0, 0, 0, 0, 0, 0, 0, 0, 6,
0], [8, 16, 24, 32, 40, 48, 56, 63, 70, 77, 84, 0, 0, 0, 0, 0, 0, 0, 0, 0, 0,
0, 7, 0], [9, 18, 27, 36, 45, 54, 63, 72, 80, 88, 96, 0, 0, 0, 0, 0, 0, 0, 0,
0, 0, 0, 8, 0], [10, 20, 30, 40, 50, 60, 70, 80, 90, 99, 108, 0, 0, 0, 0, 0, 0
, 0, 0, 0, 0, 0, 9, 0], [11, 22, 33, 44, 55, 66, 77, 88, 99, 110, 120, 0, 0, 0
, 0, 0, 0, 0, 0, 0, 0, 0, 10, 0], [12, 24, 36, 48, 60, 72, 84, 96, 108, 120, 
132, 0, 0, 0, 0, 0, 0, 0, 0, 0, 0, 0, 11, 0], [0, 0, 0, 0, 0, 0, 0, 0, 0, 0, 0
, 2, 3, 4, 5, 6, 7, 8, 9, 10, 11, 12, -60, 13], [0, 0, 0, 0, 0, 0, 0, 0, 0, 0,
0, 3, 6, 8, 10, 12, 14, 16, 18, 20, 22, 24, -120, 26], [0, 0, 0, 0, 0, 0, 0, 0
, 0, 0, 0, 4, 8, 12, 15, 18, 21, 24, 27, 30, 33, 36, -180, 39], [0, 0, 0, 0, 0
, 0, 0, 0, 0, 0, 0, 5, 10, 15, 20, 24, 28, 32, 36, 40, 44, 48, -240, 52], [0,
0, 0, 0, 0, 0, 0, 0, 0, 0, 0, 6, 12, 18, 24, 30, 35, 40, 45, 50, 55, 60, -300,
65], [0, 0, 0, 0, 0, 0, 0, 0, 0, 0, 0, 7, 14, 21, 28, 35, 42, 48, 54, 60, 66,
72, -360, 78], [0, 0, 0, 0, 0, 0, 0, 0, 0, 0, 0, 8, 16, 24, 32, 40, 48, 56, 63
, 70, 77, 84, -420, 91], [0, 0, 0, 0, 0, 0, 0, 0, 0, 0, 0, 9, 18, 27, 36, 45,
54, 63, 72, 80, 88, 96, -480, 104], [0, 0, 0, 0, 0, 0, 0, 0, 0, 0, 0, 10, 20,
30, 40, 50, 60, 70, 80, 90, 99, 108, -540, 117], [0, 0, 0, 0, 0, 0, 0, 0, 0, 0
, 0, 11, 22, 33, 44, 55, 66, 77, 88, 99, 110, 120, -600, 130], [0, 0, 0, 0, 0,
0, 0, 0, 0, 0, 0, 12, 24, 36, 48, 60, 72, 84, 96, 108, 120, 132, -660, 143], [
1, 2, 3, 4, 5, 6, 7, 8, 9, 10, 11, -60, -120, -180, -240, -300, -360, -420, -\
480, -540, -600, -660, 3324, -720], [0, 0, 0, 0, 0, 0, 0, 0, 0, 0, 0, 13, 26,
39, 52, 65, 78, 91, 104, 117, 130, 143, -720, 156]]),
#
rec(
type:=["A17", "E7"], 
Gram:=[[2, 3, 4, 5,
6, 7, 8, 9, 10, 11, 12, 13, 14, 15, 16, 17, 0, 0, 0, 0, 0, 0, 51, 6], [3, 6, 8
, 10, 12, 14, 16, 18, 20, 22, 24, 26, 28, 30, 32, 34, 0, 0, 0, 0, 0, 0, 102, 
12], [4, 8, 12, 15, 18, 21, 24, 27, 30, 33, 36, 39, 42, 45, 48, 51, 0, 0, 0, 0
, 0, 0, 153, 18], [5, 10, 15, 20, 24, 28, 32, 36, 40, 44, 48, 52, 56, 60, 64,
68, 0, 0, 0, 0, 0, 0, 204, 24], [6, 12, 18, 24, 30, 35, 40, 45, 50, 55, 60, 65
, 70, 75, 80, 85, 0, 0, 0, 0, 0, 0, 255, 30], [7, 14, 21, 28, 35, 42, 48, 54,
60, 66, 72, 78, 84, 90, 96, 102, 0, 0, 0, 0, 0, 0, 306, 36], [8, 16, 24, 32, 
40, 48, 56, 63, 70, 77, 84, 91, 98, 105, 112, 119, 0, 0, 0, 0, 0, 0, 357, 42],
[9, 18, 27, 36, 45, 54, 63, 72, 80, 88, 96, 104, 112, 120, 128, 136, 0, 0, 0,
0, 0, 0, 408, 48], [10, 20, 30, 40, 50, 60, 70, 80, 90, 99, 108, 117, 126, 135
, 144, 153, 0, 0, 0, 0, 0, 0, 459, 54], [11, 22, 33, 44, 55, 66, 77, 88, 99, 
110, 120, 130, 140, 150, 160, 170, 0, 0, 0, 0, 0, 0, 510, 60], [12, 24, 36, 48
, 60, 72, 84, 96, 108, 120, 132, 143, 154, 165, 176, 187, 0, 0, 0, 0, 0, 0, 
561, 66], [13, 26, 39, 52, 65, 78, 91, 104, 117, 130, 143, 156, 168, 180, 192,
204, 0, 0, 0, 0, 0, 0, 612, 72], [14, 28, 42, 56, 70, 84, 98, 112, 126, 140, 
154, 168, 182, 195, 208, 221, 0, 0, 0, 0, 0, 0, 663, 78], [15, 30, 45, 60, 75,
90, 105, 120, 135, 150, 165, 180, 195, 210, 224, 238, 0, 0, 0, 0, 0, 0, 714, 
84], [16, 32, 48, 64, 80, 96, 112, 128, 144, 160, 176, 192, 208, 224, 240, 255
, 0, 0, 0, 0, 0, 0, 765, 90], [17, 34, 51, 68, 85, 102, 119, 136, 153, 170, 
187, 204, 221, 238, 255, 272, 0, 0, 0, 0, 0, 0, 816, 96], [0, 0, 0, 0, 0, 0, 0
, 0, 0, 0, 0, 0, 0, 0, 0, 0, 2, 0, 3, 4, 5, -2, -1, 0], [0, 0, 0, 0, 0, 0, 0,
0, 0, 0, 0, 0, 0, 0, 0, 0, 0, 2, -2, -4, -6, 3, 2, 0], [0, 0, 0, 0, 0, 0, 0, 0
, 0, 0, 0, 0, 0, 0, 0, 0, 3, -2, 8, 12, 16, -7, -4, 0], [0, 0, 0, 0, 0, 0, 0,
0, 0, 0, 0, 0, 0, 0, 0, 0, 4, -4, 12, 20, 27, -12, -7, 0], [0, 0, 0, 0, 0, 0,
0, 0, 0, 0, 0, 0, 0, 0, 0, 0, 5, -6, 16, 27, 38, -17, -10, 0], [0, 0, 0, 0, 0,
0, 0, 0, 0, 0, 0, 0, 0, 0, 0, 0, -2, 3, -7, -12, -17, 8, 5, 0], [51, 102, 153,
204, 255, 306, 357, 408, 459, 510, 561, 612, 663, 714, 765, 816, -1, 2, -4, -7
, -10, 5, 2460, 289], [6, 12, 18, 24, 30, 36, 42, 48, 54, 60, 66, 72, 78, 84,
90, 96, 0, 0, 0, 0, 0, 0, 289, 34]]),
#
rec(
type:=["E6", "E6", "E6", "E6"],
Gram:=[[2, 0, 3, 4, 0, 0, 0, 0, 0, 0, 0
, 0, 0, 0, 0, 0, 0, -2, 0, 0, -4, -4, -3, 0], [0, 2, -2, -4, 0, 0, 0, 0, 0, 0,
0, 0, 0, 0, 0, 0, 0, 3, 0, 0, 8, 8, 6, 0], [3, -2, 8, 12, 0, 0, 0, 0, 0, 0, 0,
0, 0, 0, 0, 0, 0, -7, 0, 0, -16, -16, -12, 0], [4, -4, 12, 20, 0, 0, 0, 0, 0,
0, 0, 0, 0, 0, 0, 0, 0, -12, 0, 0, -28, -28, -21, 0], [0, 0, 0, 0, 2, 0, 3, 4,
0, 0, 0, 0, 0, 0, 0, 0, -2, 0, 0, 0, -1, 0, 0, 0], [0, 0, 0, 0, 0, 2, -2, -4,
0, 0, 0, 0, 0, 0, 0, 0, 3, 0, 0, 0, 2, 0, 0, 0], [0, 0, 0, 0, 3, -2, 8, 12, 0,
0, 0, 0, 0, 0, 0, 0, -7, 0, 0, 0, -4, 0, 0, 0], [0, 0, 0, 0, 4, -4, 12, 20, 0,
0, 0, 0, 0, 0, 0, 0, -12, 0, 0, 0, -7, 0, 0, 0], [0, 0, 0, 0, 0, 0, 0, 0, 2, 0
, 3, 4, 0, 0, 0, 0, 0, 0, 0, -2, -8, -1, 0, 0], [0, 0, 0, 0, 0, 0, 0, 0, 0, 2,
-2, -4, 0, 0, 0, 0, 0, 0, 0, 3, 16, 2, 0, 0], [0, 0, 0, 0, 0, 0, 0, 0, 3, -2,
8, 12, 0, 0, 0, 0, 0, 0, 0, -7, -32, -4, 0, 0], [0, 0, 0, 0, 0, 0, 0, 0, 4, -4
, 12, 20, 0, 0, 0, 0, 0, 0, 0, -12, -56, -7, 0, 0], [0, 0, 0, 0, 0, 0, 0, 0, 0
, 0, 0, 0, 2, 0, 3, 4, 0, 0, -2, 0, 0, -8, 0, -3], [0, 0, 0, 0, 0, 0, 0, 0, 0,
0, 0, 0, 0, 2, -2, -4, 0, 0, 3, 0, 0, 16, 0, 6], [0, 0, 0, 0, 0, 0, 0, 0, 0, 0
, 0, 0, 3, -2, 8, 12, 0, 0, -7, 0, 0, -32, 0, -12], [0, 0, 0, 0, 0, 0, 0, 0, 0
, 0, 0, 0, 4, -4, 12, 20, 0, 0, -12, 0, 0, -56, 0, -21], [0, 0, 0, 0, -2, 3, -\
7, -12, 0, 0, 0, 0, 0, 0, 0, 0, 8, 0, 0, 0, 5, 0, 0, 0], [-2, 3, -7, -12, 0, 0
, 0, 0, 0, 0, 0, 0, 0, 0, 0, 0, 0, 8, 0, 0, 20, 20, 15, 0], [0, 0, 0, 0, 0, 0,
0, 0, 0, 0, 0, 0, -2, 3, -7, -12, 0, 0, 8, 0, 0, 40, 0, 15], [0, 0, 0, 0, 0, 0
, 0, 0, -2, 3, -7, -12, 0, 0, 0, 0, 0, 0, 0, 8, 40, 5, 0, 0], [-4, 8, -16, -28
, -1, 2, -4, -7, -8, 16, -32, -56, 0, 0, 0, 0, 5, 20, 0, 40, 270, 80, 40, 0],
[-4, 8, -16, -28, 0, 0, 0, 0, -1, 2, -4, -7, -8, 16, -32, -56, 0, 20, 40, 5, 
80, 270, 40, 80], [-3, 6, -12, -21, 0, 0, 0, 0, 0, 0, 0, 0, 0, 0, 0, 0, 0, 15,
0, 0, 40, 40, 30, 0], [0, 0, 0, 0, 0, 0, 0, 0, 0, 0, 0, 0, -3, 6, -12, -21, 0,
0, 15, 0, 0, 80, 0, 30]]),
#
rec(
type:=["D10", "E7", "E7"], 
Gram:=[[2, 3, -2, -4, -6, -8, -10, -12, 0, 0
, 0, 0, 0, 0, 0, 0, 0, 0, 1, 0, 0, 0, 0, 0], [3, 6, -4, -8, -12, -16, -20, -24
, 0, 0, 0, 0, 0, 0, 0, 0, 0, 0, 2, 0, 0, 0, 0, 0], [-2, -4, 4, 7, 10, 13, 16,
19, 0, 0, 0, 0, 0, 0, 0, 0, 0, 0, -1, 0, 0, 7, -2, 0], [-4, -8, 7, 14, 20, 26,
32, 38, 0, 0, 0, 0, 0, 0, 0, 0, 0, 0, -2, 0, 0, 14, -4, 0], [-6, -12, 10, 20,
30, 39, 48, 57, 0, 0, 0, 0, 0, 0, 0, 0, 0, 0, -3, 0, 0, 21, -6, 0], [-8, -16,
13, 26, 39, 52, 64, 76, 0, 0, 0, 0, 0, 0, 0, 0, 0, 0, -4, 0, 0, 28, -8, 0], [-\
10, -20, 16, 32, 48, 64, 80, 95, 0, 0, 0, 0, 0, 0, 0, 0, 0, 0, -5, 0, 0, 35, -\
10, 0], [-12, -24, 19, 38, 57, 76, 95, 114, 0, 0, 0, 0, 0, 0, 0, 0, 0, 0, -6,
0, 0, 42, -12, 0], [0, 0, 0, 0, 0, 0, 0, 0, 2, 0, 3, 4, 5, 0, 0, 0, 0, 0, 5, 0
, -2, -1, 0, 0], [0, 0, 0, 0, 0, 0, 0, 0, 0, 2, -2, -4, -6, 0, 0, 0, 0, 0, -6,
0, 3, 2, 0, 0], [0, 0, 0, 0, 0, 0, 0, 0, 3, -2, 8, 12, 16, 0, 0, 0, 0, 0, 16,
0, -7, -4, 0, 0], [0, 0, 0, 0, 0, 0, 0, 0, 4, -4, 12, 20, 27, 0, 0, 0, 0, 0, 
27, 0, -12, -7, 0, 0], [0, 0, 0, 0, 0, 0, 0, 0, 5, -6, 16, 27, 38, 0, 0, 0, 0,
0, 38, 0, -17, -10, 0, 0], [0, 0, 0, 0, 0, 0, 0, 0, 0, 0, 0, 0, 0, 2, 0, 3, 4,
5, 0, -2, 0, -3, 0, -2], [0, 0, 0, 0, 0, 0, 0, 0, 0, 0, 0, 0, 0, 0, 2, -2, -4,
-6, 0, 3, 0, 6, 0, 4], [0, 0, 0, 0, 0, 0, 0, 0, 0, 0, 0, 0, 0, 3, -2, 8, 12, 
16, 0, -7, 0, -12, 0, -8], [0, 0, 0, 0, 0, 0, 0, 0, 0, 0, 0, 0, 0, 4, -4, 12,
20, 27, 0, -12, 0, -21, 0, -14], [0, 0, 0, 0, 0, 0, 0, 0, 0, 0, 0, 0, 0, 5, -6
, 16, 27, 38, 0, -17, 0, -30, 0, -20], [1, 2, -1, -2, -3, -4, -5, -6, 5, -6, 
16, 27, 38, 0, 0, 0, 0, 0, 42, 0, -17, 15, -7, 0], [0, 0, 0, 0, 0, 0, 0, 0, 0,
0, 0, 0, 0, -2, 3, -7, -12, -17, 0, 8, 0, 15, 0, 10], [0, 0, 0, 0, 0, 0, 0, 0,
-2, 3, -7, -12, -17, 0, 0, 0, 0, 0, -17, 0, 8, 5, 0, 0], [0, 0, 7, 14, 21, 28,
35, 42, -1, 2, -4, -7, -10, -3, 6, -12, -21, -30, 15, 15, 5, 378, -98, 21], [0
, 0, -2, -4, -6, -8, -10, -12, 0, 0, 0, 0, 0, 0, 0, 0, 0, 0, -7, 0, 0, -98, 28
, 0], [0, 0, 0, 0, 0, 0, 0, 0, 0, 0, 0, 0, 0, -2, 4, -8, -14, -20, 0, 10, 0, 
21, 0, 14]]),
#
rec(
type:=["A2","A2","A2","A2","A2","A2","A2","A2","A2","A2","A2","A2"],
Gram:=[[2, 0, 0, 0, 0, 0, 0, 0, 0, 0, 0, 0, -4, -8, 0, 4, -8,
-16, 0, 0, 0, 0, 0, 3], [0, 2, 0, 0, 0, 0, 0, 0, 0, 0, 0, 0, -2, -4, 4, 6, -10
, -20, 0, 0, 3, 0, 0, 0], [0, 0, 2, 0, 0, 0, 0, 0, 0, 0, 0, 0, -2, 0, -4, 1, 0
, 0, 0, 0, 0, 0, 0, 0], [0, 0, 0, 2, 0, 0, 0, 0, 0, 0, 0, 0, -4, -12, 0, 6, -\
12, -20, 0, 0, 0, 3, 0, 0], [0, 0, 0, 0, 2, 0, 0, 0, 0, 0, 0, 0, -2, -1, 0, 0,
0, 0, 0, 0, 0, 0, 0, 0], [0, 0, 0, 0, 0, 2, 0, 0, 0, 0, 0, 0, -2, -4, 4, 4, -6
, -16, 0, 3, 0, 0, 0, 0], [0, 0, 0, 0, 0, 0, 2, 0, 0, 0, 0, 0, 1, 0, 0, 0, 0,
0, 0, 0, 0, 0, 0, 0], [0, 0, 0, 0, 0, 0, 0, 2, 0, 0, 0, 0, -4, -8, 0, 6, -14,
-32, 0, 0, 0, 0, 3, 0], [0, 0, 0, 0, 0, 0, 0, 0, 2, 0, 0, 0, -4, -8, -1, 0, 0,
0, 0, 0, 0, 0, 0, 0], [0, 0, 0, 0, 0, 0, 0, 0, 0, 2, 0, 0, -4, -12, 4, 10, -16
, -36, 3, 0, 0, 0, 0, 0], [0, 0, 0, 0, 0, 0, 0, 0, 0, 0, 2, 0, -2, 0, -4, -2,
1, 0, 0, 0, 0, 0, 0, 0], [0, 0, 0, 0, 0, 0, 0, 0, 0, 0, 0, 2, -4, -12, 0, 4, -\
4, -1, 0, 0, 0, 0, 0, 0], [-4, -2, -2, -4, -2, -2, 1, -4, -4, -4, -2, -4, 78,
172, -8, -92, 164, 328, -8, -4, -4, -8, -8, -8], [-8, -4, 0, -12, -1, -4, 0, -\
8, -8, -12, 0, -12, 172, 438, -48, -240, 416, 808, -24, -8, -8, -24, -16, -16]
, [0, 4, -4, 0, 0, 4, 0, 0, -1, 4, -4, 0, -8, -48, 54, 56, -88, -192, 8, 8, 8,
0, 0, 0], [4, 6, 1, 6, 0, 4, 0, 6, 0, 10, -2, 4, -92, -240, 56, 174, -300, -\
616, 20, 8, 12, 12, 12, 8], [-8, -10, 0, -12, 0, -6, 0, -14, 0, -16, 1, -4, 
164, 416, -88, -300, 542, 1128, -32, -12, -20, -24, -28, -16], [-16, -20, 0, -\
20, 0, -16, 0, -32, 0, -36, 0, -1, 328, 808, -192, -616, 1128, 2422, -72, -32,
-40, -40, -64, -32], [0, 0, 0, 0, 0, 0, 0, 0, 0, 3, 0, 0, -8, -24, 8, 20, -32,
-72, 6, 0, 0, 0, 0, 0], [0, 0, 0, 0, 0, 3, 0, 0, 0, 0, 0, 0, -4, -8, 8, 8, -12
, -32, 0, 6, 0, 0, 0, 0], [0, 3, 0, 0, 0, 0, 0, 0, 0, 0, 0, 0, -4, -8, 8, 12,
-20, -40, 0, 0, 6, 0, 0, 0], [0, 0, 0, 3, 0, 0, 0, 0, 0, 0, 0, 0, -8, -24, 0,
12, -24, -40, 0, 0, 0, 6, 0, 0], [0, 0, 0, 0, 0, 0, 0, 3, 0, 0, 0, 0, -8, -16,
0, 12, -28, -64, 0, 0, 0, 0, 6, 0], [3, 0, 0, 0, 0, 0, 0, 0, 0, 0, 0, 0, -8, -\
16, 0, 8, -16, -32, 0, 0, 0, 0, 0, 6]]),
#
rec(
type:=["A7","A7","D5","D5"],
Gram:=[[2, 3, 4, 5, 6, 7, 0,
0, 0, 0, 0, 0, 0, 0, 0, 0, 0, 0, 7, -28, 0, -7, -48, -8], [3, 6, 8, 10, 12, 14
, 0, 0, 0, 0, 0, 0, 0, 0, 0, 0, 0, 0, 14, -56, 0, -14, -96, -16], [4, 8, 12, 
15, 18, 21, 0, 0, 0, 0, 0, 0, 0, 0, 0, 0, 0, 0, 21, -84, 0, -21, -144, -24], [
5, 10, 15, 20, 24, 28, 0, 0, 0, 0, 0, 0, 0, 0, 0, 0, 0, 0, 28, -112, 0, -28, -\
192, -32], [6, 12, 18, 24, 30, 35, 0, 0, 0, 0, 0, 0, 0, 0, 0, 0, 0, 0, 35, -\
140, 0, -35, -240, -40], [7, 14, 21, 28, 35, 42, 0, 0, 0, 0, 0, 0, 0, 0, 0, 0,
0, 0, 42, -168, 0, -42, -288, -48], [0, 0, 0, 0, 0, 0, 2, 3, 4, 5, 6, 7, 0, 0,
0, 0, 0, 0, 7, -28, 0, 35, 280, 48], [0, 0, 0, 0, 0, 0, 3, 6, 8, 10, 12, 14, 0
, 0, 0, 0, 0, 0, 14, -56, 0, 70, 560, 96], [0, 0, 0, 0, 0, 0, 4, 8, 12, 15, 18
, 21, 0, 0, 0, 0, 0, 0, 21, -84, 0, 105, 840, 144], [0, 0, 0, 0, 0, 0, 5, 10,
15, 20, 24, 28, 0, 0, 0, 0, 0, 0, 28, -112, 0, 140, 1120, 192], [0, 0, 0, 0, 0
, 0, 6, 12, 18, 24, 30, 35, 0, 0, 0, 0, 0, 0, 35, -140, 0, 175, 1400, 240], [0
, 0, 0, 0, 0, 0, 7, 14, 21, 28, 35, 42, 0, 0, 0, 0, 0, 0, 42, -168, 0, 210, 
1680, 288], [0, 0, 0, 0, 0, 0, 0, 0, 0, 0, 0, 0, 2, 3, -2, 0, 0, 0, 1, 0, 0, 0
, 0, 0], [0, 0, 0, 0, 0, 0, 0, 0, 0, 0, 0, 0, 3, 6, -4, 0, 0, 0, 2, 0, 0, 0, 0
, 0], [0, 0, 0, 0, 0, 0, 0, 0, 0, 0, 0, 0, -2, -4, 4, 0, 0, 0, -1, -1, 0, 0, 0
, 0], [0, 0, 0, 0, 0, 0, 0, 0, 0, 0, 0, 0, 0, 0, 0, 2, 3, -2, 2, -8, 4, -3, -\
24, -4], [0, 0, 0, 0, 0, 0, 0, 0, 0, 0, 0, 0, 0, 0, 0, 3, 6, -4, 4, -16, 8, -6
, -48, -8], [0, 0, 0, 0, 0, 0, 0, 0, 0, 0, 0, 0, 0, 0, 0, -2, -4, 4, -2, 8, -5
, 3, 24, 4], [7, 14, 21, 28, 35, 42, 7, 14, 21, 28, 35, 42, 1, 2, -1, 2, 4, -2
, 92, -364, 8, 164, 1361, 235], [-28, -56, -84, -112, -140, -168, -28, -56, -\
84, -112, -140, -168, 0, 0, -1, -8, -16, 8, -364, 1454, -32, -656, -5444, -940
], [0, 0, 0, 0, 0, 0, 0, 0, 0, 0, 0, 0, 0, 0, 0, 4, 8, -5, 8, -32, 14, -12, -\
96, -16], [-7, -14, -21, -28, -35, -42, 35, 70, 105, 140, 175, 210, 0, 0, 0, -\
3, -6, 3, 164, -656, -12, 1126, 8959, 1534], [-48, -96, -144, -192, -240, -288
, 280, 560, 840, 1120, 1400, 1680, 0, 0, 0, -24, -48, 24, 1361, -5444, -96, 
8959, 71336, 12216], [-8, -16, -24, -32, -40, -48, 48, 96, 144, 192, 240, 288,
0, 0, 0, -4, -8, 4, 235, -940, -16, 1534, 12216, 2092]]),
#
rec(
type:=["A4","A4","A4","A4","A4","A4" ],
Gram:=[[2, 3, 4, 0,
0, 0, 0, 0, 0, 0, 0, 0, 0, 0, 0, 0, 0, 0, 1, 0, 0, 0, 0, 0], [3, 6, 8, 0, 0, 0
, 0, 0, 0, 0, 0, 0, 0, 0, 0, 0, 0, 0, 2, 0, 0, 0, 0, 0], [4, 8, 12, 0, 0, 0, 0
, 0, 0, 0, 0, 0, 0, 0, 0, 0, 0, 0, 3, 0, 0, 0, 0, 0], [0, 0, 0, 2, 3, 4, 0, 0,
0, 0, 0, 0, 0, 0, 0, 0, 0, 0, 0, 1, 0, 0, 0, 0], [0, 0, 0, 3, 6, 8, 0, 0, 0, 0
, 0, 0, 0, 0, 0, 0, 0, 0, 0, 2, 0, 0, 0, 0], [0, 0, 0, 4, 8, 12, 0, 0, 0, 0, 0
, 0, 0, 0, 0, 0, 0, 0, 0, 3, 0, 0, 0, 0], [0, 0, 0, 0, 0, 0, 2, 3, 4, 0, 0, 0,
0, 0, 0, 0, 0, 0, -4, -12, -36, 5, 0, 60], [0, 0, 0, 0, 0, 0, 3, 6, 8, 0, 0, 0
, 0, 0, 0, 0, 0, 0, -8, -24, -72, 10, 0, 120], [0, 0, 0, 0, 0, 0, 4, 8, 12, 0,
0, 0, 0, 0, 0, 0, 0, 0, -12, -36, -108, 15, 0, 180], [0, 0, 0, 0, 0, 0, 0, 0,
0, 2, 3, 4, 0, 0, 0, 0, 0, 0, -16, 0, 3, 0, 0, -5], [0, 0, 0, 0, 0, 0, 0, 0, 0
, 3, 6, 8, 0, 0, 0, 0, 0, 0, -32, 0, 6, 0, 0, -10], [0, 0, 0, 0, 0, 0, 0, 0, 0
, 4, 8, 12, 0, 0, 0, 0, 0, 0, -48, 0, 9, 0, 0, -15], [0, 0, 0, 0, 0, 0, 0, 0,
0, 0, 0, 0, 2, 3, 4, 0, 0, 0, -16, 12, 32, 0, 5, -50], [0, 0, 0, 0, 0, 0, 0, 0
, 0, 0, 0, 0, 3, 6, 8, 0, 0, 0, -32, 24, 64, 0, 10, -100], [0, 0, 0, 0, 0, 0,
0, 0, 0, 0, 0, 0, 4, 8, 12, 0, 0, 0, -48, 36, 96, 0, 15, -150], [0, 0, 0, 0, 0
, 0, 0, 0, 0, 0, 0, 0, 0, 0, 0, 2, 3, 4, -4, 4, 16, 0, 0, -25], [0, 0, 0, 0, 0
, 0, 0, 0, 0, 0, 0, 0, 0, 0, 0, 3, 6, 8, -8, 8, 32, 0, 0, -50], [0, 0, 0, 0, 0
, 0, 0, 0, 0, 0, 0, 0, 0, 0, 0, 4, 8, 12, -12, 12, 48, 0, 0, -75], [1, 2, 3, 0
, 0, 0, -4, -8, -12, -16, -32, -48, -16, -32, -48, -4, -8, -12, 436, -128, -\
384, -16, -64, 592], [0, 0, 0, 1, 2, 3, -12, -24, -36, 0, 0, 0, 12, 24, 36, 4,
8, 12, -128, 244, 704, -48, 48, -1136], [0, 0, 0, 0, 0, 0, -36, -72, -108, 3,
6, 9, 32, 64, 96, 16, 32, 48, -384, 704, 2068, -144, 128, -3340], [0, 0, 0, 0,
0, 0, 5, 10, 15, 0, 0, 0, 0, 0, 0, 0, 0, 0, -16, -48, -144, 20, 0, 240], [0, 0
, 0, 0, 0, 0, 0, 0, 0, 0, 0, 0, 5, 10, 15, 0, 0, 0, -64, 48, 128, 0, 20, -200]
, [0, 0, 0, 0, 0, 0, 60, 120, 180, -5, -10, -15, -50, -100, -150, -25, -50, -\
75, 592, -1136, -3340, 240, -200, 5400]]),
#
rec(
type:=["D24"],
Gram:=[[2, 3, -2, -4, -6, -8, -10,
-12, -14, -16, -18, -20, -22, -24, -26, -28, -30, -32, -34, -36, -38, -40, 1,
0], [3, 6, -4, -8, -12, -16, -20, -24, -28, -32, -36, -40, -44, -48, -52, -56,
-60, -64, -68, -72, -76, -80, 2, 0], [-2, -4, 4, 7, 10, 13, 16, 19, 22, 25, 28
, 31, 34, 37, 40, 43, 46, 49, 52, 55, 58, 61, -1, -2], [-4, -8, 7, 14, 20, 26,
32, 38, 44, 50, 56, 62, 68, 74, 80, 86, 92, 98, 104, 110, 116, 122, -2, -4], [
-6, -12, 10, 20, 30, 39, 48, 57, 66, 75, 84, 93, 102, 111, 120, 129, 138, 147,
156, 165, 174, 183, -3, -6], [-8, -16, 13, 26, 39, 52, 64, 76, 88, 100, 112, 
124, 136, 148, 160, 172, 184, 196, 208, 220, 232, 244, -4, -8], [-10, -20, 16,
32, 48, 64, 80, 95, 110, 125, 140, 155, 170, 185, 200, 215, 230, 245, 260, 275
, 290, 305, -5, -10], [-12, -24, 19, 38, 57, 76, 95, 114, 132, 150, 168, 186,
204, 222, 240, 258, 276, 294, 312, 330, 348, 366, -6, -12], [-14, -28, 22, 44,
66, 88, 110, 132, 154, 175, 196, 217, 238, 259, 280, 301, 322, 343, 364, 385,
406, 427, -7, -14], [-16, -32, 25, 50, 75, 100, 125, 150, 175, 200, 224, 248,
272, 296, 320, 344, 368, 392, 416, 440, 464, 488, -8, -16], [-18, -36, 28, 56,
84, 112, 140, 168, 196, 224, 252, 279, 306, 333, 360, 387, 414, 441, 468, 495,
522, 549, -9, -18], [-20, -40, 31, 62, 93, 124, 155, 186, 217, 248, 279, 310,
340, 370, 400, 430, 460, 490, 520, 550, 580, 610, -10, -20], [-22, -44, 34, 68
, 102, 136, 170, 204, 238, 272, 306, 340, 374, 407, 440, 473, 506, 539, 572, 
605, 638, 671, -11, -22], [-24, -48, 37, 74, 111, 148, 185, 222, 259, 296, 333
, 370, 407, 444, 480, 516, 552, 588, 624, 660, 696, 732, -12, -24], [-26, -52,
40, 80, 120, 160, 200, 240, 280, 320, 360, 400, 440, 480, 520, 559, 598, 637,
676, 715, 754, 793, -13, -26], [-28, -56, 43, 86, 129, 172, 215, 258, 301, 344
, 387, 430, 473, 516, 559, 602, 644, 686, 728, 770, 812, 854, -14, -28], [-30,
-60, 46, 92, 138, 184, 230, 276, 322, 368, 414, 460, 506, 552, 598, 644, 690,
735, 780, 825, 870, 915, -15, -30], [-32, -64, 49, 98, 147, 196, 245, 294, 343
, 392, 441, 490, 539, 588, 637, 686, 735, 784, 832, 880, 928, 976, -16, -32],
[-34, -68, 52, 104, 156, 208, 260, 312, 364, 416, 468, 520, 572, 624, 676, 728
, 780, 832, 884, 935, 986, 1037, -17, -34], [-36, -72, 55, 110, 165, 220, 275,
330, 385, 440, 495, 550, 605, 660, 715, 770, 825, 880, 935, 990, 1044, 1098, -\
18, -36], [-38, -76, 58, 116, 174, 232, 290, 348, 406, 464, 522, 580, 638, 696
, 754, 812, 870, 928, 986, 1044, 1102, 1159, -19, -38], [-40, -80, 61, 122, 
183, 244, 305, 366, 427, 488, 549, 610, 671, 732, 793, 854, 915, 976, 1037, 
1098, 1159, 1220, -20, -40], [1, 2, -1, -2, -3, -4, -5, -6, -7, -8, -9, -10, -\
11, -12, -13, -14, -15, -16, -17, -18, -19, -20, 6, -21], [0, 0, -2, -4, -6, -\
8, -10, -12, -14, -16, -18, -20, -22, -24, -26, -28, -30, -32, -34, -36, -38,
-40, -21, 84]]),
#
rec(
type:=["D12","D12"],
Gram:=[[2, 3, -2, -4, -6, -8, -10, -12, -14, -16, 0, 0, 0,
0, 0, 0, 0, 0, 0, 0, 1, 0, 0, 0], [3, 6, -4, -8, -12, -16, -20, -24, -28, -32,
0, 0, 0, 0, 0, 0, 0, 0, 0, 0, 2, 0, 0, 0], [-2, -4, 4, 7, 10, 13, 16, 19, 22,
25, 0, 0, 0, 0, 0, 0, 0, 0, 0, 0, -1, -1, 0, 0], [-4, -8, 7, 14, 20, 26, 32, 
38, 44, 50, 0, 0, 0, 0, 0, 0, 0, 0, 0, 0, -2, -2, 0, 0], [-6, -12, 10, 20, 30,
39, 48, 57, 66, 75, 0, 0, 0, 0, 0, 0, 0, 0, 0, 0, -3, -3, 0, 0], [-8, -16, 13,
26, 39, 52, 64, 76, 88, 100, 0, 0, 0, 0, 0, 0, 0, 0, 0, 0, -4, -4, 0, 0], [-10
, -20, 16, 32, 48, 64, 80, 95, 110, 125, 0, 0, 0, 0, 0, 0, 0, 0, 0, 0, -5, -5,
0, 0], [-12, -24, 19, 38, 57, 76, 95, 114, 132, 150, 0, 0, 0, 0, 0, 0, 0, 0, 0
, 0, -6, -6, 0, 0], [-14, -28, 22, 44, 66, 88, 110, 132, 154, 175, 0, 0, 0, 0,
0, 0, 0, 0, 0, 0, -7, -7, 0, 0], [-16, -32, 25, 50, 75, 100, 125, 150, 175, 
200, 0, 0, 0, 0, 0, 0, 0, 0, 0, 0, -8, -8, 0, 0], [0, 0, 0, 0, 0, 0, 0, 0, 0,
0, 2, 3, -2, -4, -6, -8, -10, -12, -14, -16, -16, 65, 4, 2], [0, 0, 0, 0, 0, 0
, 0, 0, 0, 0, 3, 6, -4, -8, -12, -16, -20, -24, -28, -32, -32, 130, 8, 4], [0,
0, 0, 0, 0, 0, 0, 0, 0, 0, -2, -4, 4, 7, 10, 13, 16, 19, 22, 25, 25, -101, -6,
-2], [0, 0, 0, 0, 0, 0, 0, 0, 0, 0, -4, -8, 7, 14, 20, 26, 32, 38, 44, 50, 50,
-202, -12, -4], [0, 0, 0, 0, 0, 0, 0, 0, 0, 0, -6, -12, 10, 20, 30, 39, 48, 57
, 66, 75, 75, -303, -18, -6], [0, 0, 0, 0, 0, 0, 0, 0, 0, 0, -8, -16, 13, 26,
39, 52, 64, 76, 88, 100, 100, -404, -24, -8], [0, 0, 0, 0, 0, 0, 0, 0, 0, 0, -\
10, -20, 16, 32, 48, 64, 80, 95, 110, 125, 125, -505, -30, -10], [0, 0, 0, 0,
0, 0, 0, 0, 0, 0, -12, -24, 19, 38, 57, 76, 95, 114, 132, 150, 150, -606, -36,
-12], [0, 0, 0, 0, 0, 0, 0, 0, 0, 0, -14, -28, 22, 44, 66, 88, 110, 132, 154,
175, 175, -707, -42, -14], [0, 0, 0, 0, 0, 0, 0, 0, 0, 0, -16, -32, 25, 50, 75
, 100, 125, 150, 175, 200, 200, -808, -48, -16], [1, 2, -1, -2, -3, -4, -5, -6
, -7, -8, -16, -32, 25, 50, 75, 100, 125, 150, 175, 200, 204, -816, -48, -15],
[0, 0, -1, -2, -3, -4, -5, -6, -7, -8, 65, 130, -101, -202, -303, -404, -505,
-606, -707, -808, -816, 3288, 195, 66], [0, 0, 0, 0, 0, 0, 0, 0, 0, 0, 4, 8, -\
6, -12, -18, -24, -30, -36, -42, -48, -48, 195, 12, 6], [0, 0, 0, 0, 0, 0, 0,
0, 0, 0, 2, 4, -2, -4, -6, -8, -10, -12, -14, -16, -15, 66, 6, 12]]),
#
rec(
type:=["A15","D9"],
Gram:=[[2, 3, 4, 5, 6, 7, 8, 9, 10, 11, 12, 13, 14, 15, 0, 0, 0, 0, 0, 0, 0, 30,
-120, 8], [3, 6, 8, 10, 12, 14, 16, 18, 20, 22, 24, 26, 28, 30, 0, 0, 0, 0, 0,
0, 0, 60, -240, 16], [4, 8, 12, 15, 18, 21, 24, 27, 30, 33, 36, 39, 42, 45, 0,
0, 0, 0, 0, 0, 0, 90, -360, 24], [5, 10, 15, 20, 24, 28, 32, 36, 40, 44, 48, 
52, 56, 60, 0, 0, 0, 0, 0, 0, 0, 120, -480, 32], [6, 12, 18, 24, 30, 35, 40, 
45, 50, 55, 60, 65, 70, 75, 0, 0, 0, 0, 0, 0, 0, 150, -600, 40], [7, 14, 21, 
28, 35, 42, 48, 54, 60, 66, 72, 78, 84, 90, 0, 0, 0, 0, 0, 0, 0, 180, -720, 48
], [8, 16, 24, 32, 40, 48, 56, 63, 70, 77, 84, 91, 98, 105, 0, 0, 0, 0, 0, 0,
0, 210, -840, 56], [9, 18, 27, 36, 45, 54, 63, 72, 80, 88, 96, 104, 112, 120,
0, 0, 0, 0, 0, 0, 0, 240, -960, 64], [10, 20, 30, 40, 50, 60, 70, 80, 90, 99,
108, 117, 126, 135, 0, 0, 0, 0, 0, 0, 0, 270, -1080, 72], [11, 22, 33, 44, 55,
66, 77, 88, 99, 110, 120, 130, 140, 150, 0, 0, 0, 0, 0, 0, 0, 300, -1200, 80],
[12, 24, 36, 48, 60, 72, 84, 96, 108, 120, 132, 143, 154, 165, 0, 0, 0, 0, 0,
0, 0, 330, -1320, 88], [13, 26, 39, 52, 65, 78, 91, 104, 117, 130, 143, 156, 
168, 180, 0, 0, 0, 0, 0, 0, 0, 360, -1440, 96], [14, 28, 42, 56, 70, 84, 98, 
112, 126, 140, 154, 168, 182, 195, 0, 0, 0, 0, 0, 0, 0, 390, -1560, 104], [15,
30, 45, 60, 75, 90, 105, 120, 135, 150, 165, 180, 195, 210, 0, 0, 0, 0, 0, 0,
0, 420, -1680, 112], [0, 0, 0, 0, 0, 0, 0, 0, 0, 0, 0, 0, 0, 0, 2, 3, -2, -4,
-6, -8, -10, 1, 0, 0], [0, 0, 0, 0, 0, 0, 0, 0, 0, 0, 0, 0, 0, 0, 3, 6, -4, -8
, -12, -16, -20, 2, 0, 0], [0, 0, 0, 0, 0, 0, 0, 0, 0, 0, 0, 0, 0, 0, -2, -4,
4, 7, 10, 13, 16, -1, -1, 0], [0, 0, 0, 0, 0, 0, 0, 0, 0, 0, 0, 0, 0, 0, -4, -\
8, 7, 14, 20, 26, 32, -2, -2, 0], [0, 0, 0, 0, 0, 0, 0, 0, 0, 0, 0, 0, 0, 0, -\
6, -12, 10, 20, 30, 39, 48, -3, -3, 0], [0, 0, 0, 0, 0, 0, 0, 0, 0, 0, 0, 0, 0
, 0, -8, -16, 13, 26, 39, 52, 64, -4, -4, 0], [0, 0, 0, 0, 0, 0, 0, 0, 0, 0, 0
, 0, 0, 0, -10, -20, 16, 32, 48, 64, 80, -5, -5, 0], [30, 60, 90, 120, 150, 
180, 210, 240, 270, 300, 330, 360, 390, 420, 1, 2, -1, -2, -3, -4, -5, 846, -\
3378, 225], [-120, -240, -360, -480, -600, -720, -840, -960, -1080, -1200, -\
1320, -1440, -1560, -1680, 0, 0, -1, -2, -3, -4, -5, -3378, 13506, -900], [8,
16, 24, 32, 40, 48, 56, 64, 72, 80, 88, 96, 104, 112, 0, 0, 0, 0, 0, 0, 0, 225
, -900, 60]]),
#
rec(
type:=["A8","A8","A8"],
Gram:=[[2, 3, 4, 5, 6, 7, 8, 0, 0, 0, 0, 0, 0, 0, 0, 0, 0, 0,
0, 0, 0, 1, 0, 0], [3, 6, 8, 10, 12, 14, 16, 0, 0, 0, 0, 0, 0, 0, 0, 0, 0, 0,
0, 0, 0, 2, 0, 0], [4, 8, 12, 15, 18, 21, 24, 0, 0, 0, 0, 0, 0, 0, 0, 0, 0, 0,
0, 0, 0, 3, 0, 0], [5, 10, 15, 20, 24, 28, 32, 0, 0, 0, 0, 0, 0, 0, 0, 0, 0, 0
, 0, 0, 0, 4, 0, 0], [6, 12, 18, 24, 30, 35, 40, 0, 0, 0, 0, 0, 0, 0, 0, 0, 0,
0, 0, 0, 0, 5, 0, 0], [7, 14, 21, 28, 35, 42, 48, 0, 0, 0, 0, 0, 0, 0, 0, 0, 0
, 0, 0, 0, 0, 6, 0, 0], [8, 16, 24, 32, 40, 48, 56, 0, 0, 0, 0, 0, 0, 0, 0, 0,
0, 0, 0, 0, 0, 7, 0, 0], [0, 0, 0, 0, 0, 0, 0, 2, 3, 4, 5, 6, 7, 8, 0, 0, 0, 0
, 0, 0, 0, -8, 24, 9], [0, 0, 0, 0, 0, 0, 0, 3, 6, 8, 10, 12, 14, 16, 0, 0, 0,
0, 0, 0, 0, -16, 48, 18], [0, 0, 0, 0, 0, 0, 0, 4, 8, 12, 15, 18, 21, 24, 0, 0
, 0, 0, 0, 0, 0, -24, 72, 27], [0, 0, 0, 0, 0, 0, 0, 5, 10, 15, 20, 24, 28, 32
, 0, 0, 0, 0, 0, 0, 0, -32, 96, 36], [0, 0, 0, 0, 0, 0, 0, 6, 12, 18, 24, 30,
35, 40, 0, 0, 0, 0, 0, 0, 0, -40, 120, 45], [0, 0, 0, 0, 0, 0, 0, 7, 14, 21, 
28, 35, 42, 48, 0, 0, 0, 0, 0, 0, 0, -48, 144, 54], [0, 0, 0, 0, 0, 0, 0, 8, 
16, 24, 32, 40, 48, 56, 0, 0, 0, 0, 0, 0, 0, -56, 168, 63], [0, 0, 0, 0, 0, 0,
0, 0, 0, 0, 0, 0, 0, 0, 2, 3, 4, 5, 6, 7, 8, -32, 3, 0], [0, 0, 0, 0, 0, 0, 0,
0, 0, 0, 0, 0, 0, 0, 3, 6, 8, 10, 12, 14, 16, -64, 6, 0], [0, 0, 0, 0, 0, 0, 0
, 0, 0, 0, 0, 0, 0, 0, 4, 8, 12, 15, 18, 21, 24, -96, 9, 0], [0, 0, 0, 0, 0, 0
, 0, 0, 0, 0, 0, 0, 0, 0, 5, 10, 15, 20, 24, 28, 32, -128, 12, 0], [0, 0, 0, 0
, 0, 0, 0, 0, 0, 0, 0, 0, 0, 0, 6, 12, 18, 24, 30, 35, 40, -160, 15, 0], [0, 0
, 0, 0, 0, 0, 0, 0, 0, 0, 0, 0, 0, 0, 7, 14, 21, 28, 35, 42, 48, -192, 18, 0],
[0, 0, 0, 0, 0, 0, 0, 0, 0, 0, 0, 0, 0, 0, 8, 16, 24, 32, 40, 48, 56, -224, 21
, 0], [1, 2, 3, 4, 5, 6, 7, -8, -16, -24, -32, -40, -48, -56, -32, -64, -96, -\
128, -160, -192, -224, 968, -256, -64], [0, 0, 0, 0, 0, 0, 0, 24, 48, 72, 96,
120, 144, 168, 3, 6, 9, 12, 15, 18, 21, -256, 520, 192], [0, 0, 0, 0, 0, 0, 0,
9, 18, 27, 36, 45, 54, 63, 0, 0, 0, 0, 0, 0, 0, -64, 192, 72]]),
#
rec(
type:=["A3", "A3","A3","A3","A3","A3","A3","A3"],
Gram:=[[2, 3
, 0, 0, 0, 0, 0, 0, 0, 0, 0, 0, 0, 0, 0, 0, -9, 0, 9, -9, 0, 0, 0, 4], [3, 6,
0, 0, 0, 0, 0, 0, 0, 0, 0, 0, 0, 0, 0, 0, -18, 0, 18, -18, 0, 0, 0, 8], [0, 0,
2, 3, 0, 0, 0, 0, 0, 0, 0, 0, 0, 0, 0, 0, -6, 6, 6, -1, 0, 0, 0, 0], [0, 0, 3,
6, 0, 0, 0, 0, 0, 0, 0, 0, 0, 0, 0, 0, -12, 12, 12, -2, 0, 0, 0, 0], [0, 0, 0,
0, 2, 3, 0, 0, 0, 0, 0, 0, 0, 0, 0, 0, 0, 0, 1, 0, 0, 0, 0, 0], [0, 0, 0, 0, 3
, 6, 0, 0, 0, 0, 0, 0, 0, 0, 0, 0, 0, 0, 2, 0, 0, 0, 0, 0], [0, 0, 0, 0, 0, 0,
2, 3, 0, 0, 0, 0, 0, 0, 0, 0, 0, -3, 3, -6, 0, 4, 0, 0], [0, 0, 0, 0, 0, 0, 3,
6, 0, 0, 0, 0, 0, 0, 0, 0, 0, -6, 6, -12, 0, 8, 0, 0], [0, 0, 0, 0, 0, 0, 0, 0
, 2, 3, 0, 0, 0, 0, 0, 0, -3, -1, 0, 0, 0, 0, 0, 0], [0, 0, 0, 0, 0, 0, 0, 0,
3, 6, 0, 0, 0, 0, 0, 0, -6, -2, 0, 0, 0, 0, 0, 0], [0, 0, 0, 0, 0, 0, 0, 0, 0,
0, 2, 3, 0, 0, 0, 0, 0, -3, 0, -9, 0, 0, 4, 0], [0, 0, 0, 0, 0, 0, 0, 0, 0, 0,
3, 6, 0, 0, 0, 0, 0, -6, 0, -18, 0, 0, 8, 0], [0, 0, 0, 0, 0, 0, 0, 0, 0, 0, 0
, 0, 2, 3, 0, 0, 1, 0, 0, 0, 0, 0, 0, 0], [0, 0, 0, 0, 0, 0, 0, 0, 0, 0, 0, 0,
3, 6, 0, 0, 2, 0, 0, 0, 0, 0, 0, 0], [0, 0, 0, 0, 0, 0, 0, 0, 0, 0, 0, 0, 0, 0
, 2, 3, -3, -3, 9, -3, 4, 0, 0, 0], [0, 0, 0, 0, 0, 0, 0, 0, 0, 0, 0, 0, 0, 0,
3, 6, -6, -6, 18, -6, 8, 0, 0, 0], [-9, -18, -6, -12, 0, 0, 0, 0, -3, -6, 0, 0
, 1, 2, -3, -6, 102, -18, -108, 72, -9, 0, 0, -27], [0, 0, 6, 12, 0, 0, -3, -6
, -1, -2, -3, -6, 0, 0, -3, -6, -18, 48, 0, 36, -9, -9, -9, 0], [9, 18, 6, 12,
1, 2, 3, 6, 0, 0, 0, 0, 0, 0, 9, 18, -108, 0, 156, -99, 27, 9, 0, 27], [-9, -\
18, -1, -2, 0, 0, -6, -12, 0, 0, -9, -18, 0, 0, -3, -6, 72, 36, -99, 156, -9,
-18, -27, -27], [0, 0, 0, 0, 0, 0, 0, 0, 0, 0, 0, 0, 0, 0, 4, 8, -9, -9, 27, -\
9, 12, 0, 0, 0], [0, 0, 0, 0, 0, 0, 4, 8, 0, 0, 0, 0, 0, 0, 0, 0, 0, -9, 9, -\
18, 0, 12, 0, 0], [0, 0, 0, 0, 0, 0, 0, 0, 0, 0, 4, 8, 0, 0, 0, 0, 0, -9, 0, -\
27, 0, 0, 12, 0], [4, 8, 0, 0, 0, 0, 0, 0, 0, 0, 0, 0, 0, 0, 0, 0, -27, 0, 27,
-27, 0, 0, 0, 12]]),
#
rec(
type:=["A9","A9", "D6"], 
Gram:=[[2, 3, 4, 5, 6, 7, 8, 9, 0, 0, 0, 0, 0, 0, 0
, 0, 0, 0, 0, 0, 45, -225, 2, 0], [3, 6, 8, 10, 12, 14, 16, 18, 0, 0, 0, 0, 0,
0, 0, 0, 0, 0, 0, 0, 90, -450, 4, 0], [4, 8, 12, 15, 18, 21, 24, 27, 0, 0, 0,
0, 0, 0, 0, 0, 0, 0, 0, 0, 135, -675, 6, 0], [5, 10, 15, 20, 24, 28, 32, 36, 0
, 0, 0, 0, 0, 0, 0, 0, 0, 0, 0, 0, 180, -900, 8, 0], [6, 12, 18, 24, 30, 35, 
40, 45, 0, 0, 0, 0, 0, 0, 0, 0, 0, 0, 0, 0, 225, -1125, 10, 0], [7, 14, 21, 28
, 35, 42, 48, 54, 0, 0, 0, 0, 0, 0, 0, 0, 0, 0, 0, 0, 270, -1350, 12, 0], [8,
16, 24, 32, 40, 48, 56, 63, 0, 0, 0, 0, 0, 0, 0, 0, 0, 0, 0, 0, 315, -1575, 14
, 0], [9, 18, 27, 36, 45, 54, 63, 72, 0, 0, 0, 0, 0, 0, 0, 0, 0, 0, 0, 0, 360,
-1800, 16, 0], [0, 0, 0, 0, 0, 0, 0, 0, 2, 3, 4, 5, 6, 7, 8, 9, 0, 0, 0, 0, 0,
45, -36, 10], [0, 0, 0, 0, 0, 0, 0, 0, 3, 6, 8, 10, 12, 14, 16, 18, 0, 0, 0, 0
, 0, 90, -72, 20], [0, 0, 0, 0, 0, 0, 0, 0, 4, 8, 12, 15, 18, 21, 24, 27, 0, 0
, 0, 0, 0, 135, -108, 30], [0, 0, 0, 0, 0, 0, 0, 0, 5, 10, 15, 20, 24, 28, 32,
36, 0, 0, 0, 0, 0, 180, -144, 40], [0, 0, 0, 0, 0, 0, 0, 0, 6, 12, 18, 24, 30,
35, 40, 45, 0, 0, 0, 0, 0, 225, -180, 50], [0, 0, 0, 0, 0, 0, 0, 0, 7, 14, 21,
28, 35, 42, 48, 54, 0, 0, 0, 0, 0, 270, -216, 60], [0, 0, 0, 0, 0, 0, 0, 0, 8,
16, 24, 32, 40, 48, 56, 63, 0, 0, 0, 0, 0, 315, -252, 70], [0, 0, 0, 0, 0, 0,
0, 0, 9, 18, 27, 36, 45, 54, 63, 72, 0, 0, 0, 0, 0, 360, -288, 80], [0, 0, 0,
0, 0, 0, 0, 0, 0, 0, 0, 0, 0, 0, 0, 0, 2, 3, -2, -4, 1, 0, 0, 0], [0, 0, 0, 0,
0, 0, 0, 0, 0, 0, 0, 0, 0, 0, 0, 0, 3, 6, -4, -8, 2, 0, 0, 0], [0, 0, 0, 0, 0,
0, 0, 0, 0, 0, 0, 0, 0, 0, 0, 0, -2, -4, 4, 7, -1, -1, 0, 0], [0, 0, 0, 0, 0,
0, 0, 0, 0, 0, 0, 0, 0, 0, 0, 0, -4, -8, 7, 14, -2, -2, 0, 0], [45, 90, 135, 
180, 225, 270, 315, 360, 0, 0, 0, 0, 0, 0, 0, 0, 1, 2, -1, -2, 1824, -9114, 81
, 0], [-225, -450, -675, -900, -1125, -1350, -1575, -1800, 45, 90, 135, 180, 
225, 270, 315, 360, 0, 0, -1, -2, -9114, 47388, -1863, 405], [2, 4, 6, 8, 10,
12, 14, 16, -36, -72, -108, -144, -180, -216, -252, -288, 0, 0, 0, 0, 81, -\
1863, 1170, -324], [0, 0, 0, 0, 0, 0, 0, 0, 10, 20, 30, 40, 50, 60, 70, 80, 0,
0, 0, 0, 0, 405, -324, 90]]),
#
rec(
type:=["A11", "D7", "E6"],
Gram:=[[2, 3, 4, 5, 6, 7, 8, 9, 10, 11
, 0, 0, 0, 0, 0, 0, 0, 0, 0, 11, 0, -44, 44, 12], [3, 6, 8, 10, 12, 14, 16, 18
, 20, 22, 0, 0, 0, 0, 0, 0, 0, 0, 0, 22, 0, -88, 88, 24], [4, 8, 12, 15, 18, 
21, 24, 27, 30, 33, 0, 0, 0, 0, 0, 0, 0, 0, 0, 33, 0, -132, 132, 36], [5, 10,
15, 20, 24, 28, 32, 36, 40, 44, 0, 0, 0, 0, 0, 0, 0, 0, 0, 44, 0, -176, 176, 
48], [6, 12, 18, 24, 30, 35, 40, 45, 50, 55, 0, 0, 0, 0, 0, 0, 0, 0, 0, 55, 0,
-220, 220, 60], [7, 14, 21, 28, 35, 42, 48, 54, 60, 66, 0, 0, 0, 0, 0, 0, 0, 0
, 0, 66, 0, -264, 264, 72], [8, 16, 24, 32, 40, 48, 56, 63, 70, 77, 0, 0, 0, 0
, 0, 0, 0, 0, 0, 77, 0, -308, 308, 84], [9, 18, 27, 36, 45, 54, 63, 72, 80, 88
, 0, 0, 0, 0, 0, 0, 0, 0, 0, 88, 0, -352, 352, 96], [10, 20, 30, 40, 50, 60, 
70, 80, 90, 99, 0, 0, 0, 0, 0, 0, 0, 0, 0, 99, 0, -396, 396, 108], [11, 22, 33
, 44, 55, 66, 77, 88, 99, 110, 0, 0, 0, 0, 0, 0, 0, 0, 0, 110, 0, -440, 440, 
120], [0, 0, 0, 0, 0, 0, 0, 0, 0, 0, 2, 3, -2, -4, -6, 0, 0, 0, 0, 1, 0, 0, 0,
0], [0, 0, 0, 0, 0, 0, 0, 0, 0, 0, 3, 6, -4, -8, -12, 0, 0, 0, 0, 2, 0, 0, 0,
0], [0, 0, 0, 0, 0, 0, 0, 0, 0, 0, -2, -4, 4, 7, 10, 0, 0, 0, 0, -1, 0, -1, 0,
0], [0, 0, 0, 0, 0, 0, 0, 0, 0, 0, -4, -8, 7, 14, 20, 0, 0, 0, 0, -2, 0, -2, 0
, 0], [0, 0, 0, 0, 0, 0, 0, 0, 0, 0, -6, -12, 10, 20, 30, 0, 0, 0, 0, -3, 0, -\
3, 0, 0], [0, 0, 0, 0, 0, 0, 0, 0, 0, 0, 0, 0, 0, 0, 0, 2, 0, 3, 4, 4, -2, 16,
-1, 0], [0, 0, 0, 0, 0, 0, 0, 0, 0, 0, 0, 0, 0, 0, 0, 0, 2, -2, -4, -4, 3, -32
, 2, 0], [0, 0, 0, 0, 0, 0, 0, 0, 0, 0, 0, 0, 0, 0, 0, 3, -2, 8, 12, 12, -7, 
64, -4, 0], [0, 0, 0, 0, 0, 0, 0, 0, 0, 0, 0, 0, 0, 0, 0, 4, -4, 12, 20, 20, -\
12, 112, -7, 0], [11, 22, 33, 44, 55, 66, 77, 88, 99, 110, 1, 2, -1, -2, -3, 4
, -4, 12, 20, 134, -12, -339, 437, 121], [0, 0, 0, 0, 0, 0, 0, 0, 0, 0, 0, 0,
0, 0, 0, -2, 3, -7, -12, -12, 8, -80, 5, 0], [-44, -88, -132, -176, -220, -264
, -308, -352, -396, -440, 0, 0, -1, -2, -3, 16, -32, 64, 112, -339, -80, 2632,
-1828, -484], [44, 88, 132, 176, 220, 264, 308, 352, 396, 440, 0, 0, 0, 0, 0,
-1, 2, -4, -7, 437, 5, -1828, 1778, 484], [12, 24, 36, 48, 60, 72, 84, 96, 108
, 120, 0, 0, 0, 0, 0, 0, 0, 0, 0, 121, 0, -484, 484, 132]])
];
