randomPro20261001175742:=[ [ [ 0, 377 ], [ [ -2, 1, 1, 1, 1, 3, 3, 3, 1, 3, 3, 3, 3, 1, 3, 1, 1 ], [ 1, -2, 3, 1, 1, 3, 3, 3, 3, 1, 1, 3, 1, 3, 1, 1, 1 ], 
          [ 1, 3, -2, 3, 3, 3, 1, 1, 1, 1, 3, 3, 3, 1, 3, 3, 1 ], [ 1, 1, 3, -2, 1, 3, 3, 1, 3, 3, 1, 3, 3, 1, 3, 1, 3 ], 
          [ 1, 1, 3, 1, -2, 3, 3, 1, 3, 3, 1, 1, 3, 1, 1, 1, 3 ], [ 3, 3, 3, 3, 3, -2, 1, 3, 1, 1, 3, 1, 1, 3, 1, 3, 3 ], 
          [ 3, 3, 1, 3, 3, 1, -2, 3, 3, 1, 3, 3, 3, 3, 1, 1, 3 ], [ 3, 3, 1, 1, 1, 3, 3, -2, 3, 3, 1, 1, 3, 1, 3, 3, 3 ], 
          [ 1, 3, 1, 3, 3, 1, 3, 3, -2, 1, 3, 1, 1, 1, 3, 3, 1 ], [ 3, 1, 1, 3, 3, 1, 1, 3, 1, -2, 3, 3, 1, 3, 1, 3, 1 ], 
          [ 3, 1, 3, 1, 1, 3, 3, 1, 3, 3, -2, 1, 1, 1, 1, 1, 3 ], [ 3, 3, 3, 3, 1, 1, 3, 1, 1, 3, 1, -2, 1, 1, 1, 3, 3 ], 
          [ 3, 1, 3, 3, 3, 1, 3, 3, 1, 1, 1, 1, -2, 3, 1, 3, 1 ], [ 1, 3, 1, 1, 1, 3, 3, 1, 1, 3, 1, 1, 3, -2, 3, 3, 3 ], 
          [ 3, 1, 3, 3, 1, 1, 1, 3, 3, 1, 1, 1, 1, 3, -2, 1, 3 ], [ 1, 1, 3, 1, 1, 3, 1, 3, 3, 3, 1, 3, 3, 3, 1, -2, 3 ], 
          [ 1, 1, 1, 3, 3, 3, 3, 3, 1, 1, 3, 3, 1, 3, 3, 3, -2 ] ] ], 
  [ [ 0, 464 ], [ [ -2, 1, 1, 1, 1, 3, 3, 3, 1, 3, 1, 3, 3, 1, 1, 1, 1 ], [ 1, -2, 3, 1, 1, 3, 3, 3, 3, 1, 3, 1, 3, 3, 3, 3, 3 ], 
          [ 1, 3, -2, 3, 3, 3, 1, 1, 1, 1, 3, 3, 1, 1, 1, 1, 1 ], [ 1, 1, 3, -2, 1, 3, 3, 1, 3, 3, 3, 1, 3, 3, 1, 3, 1 ], 
          [ 1, 1, 3, 1, -2, 3, 3, 1, 3, 3, 1, 3, 3, 1, 1, 3, 3 ], [ 3, 3, 3, 3, 3, -2, 1, 3, 1, 1, 1, 3, 3, 3, 3, 1, 3 ], 
          [ 3, 3, 1, 3, 3, 1, -2, 3, 3, 1, 3, 3, 1, 3, 3, 1, 3 ], [ 3, 3, 1, 1, 1, 3, 3, -2, 3, 3, 3, 1, 1, 1, 1, 3, 1 ], 
          [ 1, 3, 1, 3, 3, 1, 3, 3, -2, 1, 1, 3, 3, 1, 1, 1, 1 ], [ 3, 1, 1, 3, 3, 1, 1, 3, 1, -2, 3, 3, 3, 3, 3, 3, 3 ], 
          [ 1, 3, 3, 3, 1, 1, 3, 3, 1, 3, -2, 3, 3, 1, 1, 1, 1 ], [ 3, 1, 3, 1, 3, 3, 3, 1, 3, 3, 3, -2, 1, 3, 3, 3, 1 ], 
          [ 3, 3, 1, 3, 3, 3, 1, 1, 3, 3, 3, 1, -2, 1, 3, 1, 1 ], [ 1, 3, 1, 3, 1, 3, 3, 1, 1, 3, 1, 3, 1, -2, 1, 1, 1 ], 
          [ 1, 3, 1, 1, 1, 3, 3, 1, 1, 3, 1, 3, 3, 1, -2, 1, 1 ], [ 1, 3, 1, 3, 3, 1, 1, 3, 1, 3, 1, 3, 1, 1, 1, -2, 1 ], 
          [ 1, 3, 1, 1, 3, 3, 3, 1, 1, 3, 1, 1, 1, 1, 1, 1, -2 ] ] ], [ [ 0, 406 ], [ [ -2, 1, 1, 1, 1, 3, 3, 3, 1, 3, 3, 1, 1, 3, 1, 3, 3 ], 
          [ 1, -2, 3, 1, 1, 3, 3, 3, 3, 1, 3, 3, 1, 1, 3, 1, 1 ], [ 1, 3, -2, 3, 3, 3, 1, 1, 1, 1, 3, 1, 1, 3, 1, 3, 3 ], 
          [ 1, 1, 3, -2, 1, 3, 3, 1, 3, 3, 1, 3, 1, 1, 1, 1, 3 ], [ 1, 1, 3, 1, -2, 3, 3, 1, 3, 3, 1, 3, 1, 3, 3, 3, 3 ], 
          [ 3, 3, 3, 3, 3, -2, 1, 3, 1, 1, 1, 1, 3, 1, 3, 1, 1 ], [ 3, 3, 1, 3, 3, 1, -2, 3, 3, 1, 1, 1, 3, 1, 3, 1, 1 ], 
          [ 3, 3, 1, 1, 1, 3, 3, -2, 3, 3, 1, 3, 1, 3, 1, 3, 3 ], [ 1, 3, 1, 3, 3, 1, 3, 3, -2, 1, 3, 1, 1, 3, 1, 3, 3 ], 
          [ 3, 1, 1, 3, 3, 1, 1, 3, 1, -2, 3, 1, 1, 1, 3, 1, 1 ], [ 3, 3, 3, 1, 1, 1, 1, 1, 3, 3, -2, 3, 3, 1, 3, 1, 1 ], 
          [ 1, 3, 1, 3, 3, 1, 1, 3, 1, 1, 3, -2, 1, 3, 1, 3, 1 ], [ 1, 1, 1, 1, 1, 3, 3, 1, 1, 1, 3, 1, -2, 3, 1, 3, 3 ], 
          [ 3, 1, 3, 1, 3, 1, 1, 3, 3, 1, 1, 3, 3, -2, 3, 1, 1 ], [ 1, 3, 1, 1, 3, 3, 3, 1, 1, 3, 3, 1, 1, 3, -2, 3, 3 ], 
          [ 3, 1, 3, 1, 3, 1, 1, 3, 3, 1, 1, 3, 3, 1, 3, -2, 1 ], [ 3, 1, 3, 3, 3, 1, 1, 3, 3, 1, 1, 1, 3, 1, 3, 1, -2 ] ] ], 
  [ [ 0, 516 ], [ [ -2, 1, 1, 1, 1, 3, 3, 3, 1, 3, 3, 1, 1, 1, 3, 1, 1 ], [ 1, -2, 3, 1, 1, 3, 3, 3, 3, 1, 3, 3, 3, 1, 3, 1, 3 ], 
          [ 1, 3, -2, 3, 3, 3, 1, 1, 1, 1, 3, 1, 1, 3, 3, 1, 3 ], [ 1, 1, 3, -2, 1, 3, 3, 1, 3, 3, 1, 3, 1, 1, 1, 1, 3 ], 
          [ 1, 1, 3, 1, -2, 3, 3, 1, 3, 3, 1, 3, 1, 1, 1, 3, 1 ], [ 3, 3, 3, 3, 3, -2, 1, 3, 1, 1, 1, 1, 3, 3, 3, 3, 1 ], 
          [ 3, 3, 1, 3, 3, 1, -2, 3, 3, 1, 1, 1, 3, 3, 3, 1, 3 ], [ 3, 3, 1, 1, 1, 3, 3, -2, 3, 3, 1, 3, 1, 3, 1, 3, 3 ], 
          [ 1, 3, 1, 3, 3, 1, 3, 3, -2, 1, 3, 1, 1, 3, 3, 3, 1 ], [ 3, 1, 1, 3, 3, 1, 1, 3, 1, -2, 3, 1, 3, 3, 3, 1, 3 ], 
          [ 3, 3, 3, 1, 1, 1, 1, 1, 3, 3, -2, 3, 3, 3, 1, 3, 3 ], [ 1, 3, 1, 3, 3, 1, 1, 3, 1, 1, 3, -2, 3, 3, 3, 1, 1 ], 
          [ 1, 3, 1, 1, 1, 3, 3, 1, 1, 3, 3, 3, -2, 1, 1, 3, 1 ], [ 1, 1, 3, 1, 1, 3, 3, 3, 3, 3, 3, 3, 1, -2, 1, 1, 1 ], 
          [ 3, 3, 3, 1, 1, 3, 3, 1, 3, 3, 1, 3, 1, 1, -2, 3, 1 ], [ 1, 1, 1, 1, 3, 3, 1, 3, 3, 1, 3, 1, 3, 1, 3, -2, 3 ], 
          [ 1, 3, 3, 3, 1, 1, 3, 3, 1, 3, 3, 1, 1, 1, 1, 3, -2 ] ] ], 
  [ [ 0, 535 ], [ [ -2, 1, 1, 1, 1, 3, 3, 3, 1, 3, 3, 1, 1, 1, 3, 3, 1 ], [ 1, -2, 3, 1, 1, 3, 3, 3, 3, 1, 3, 3, 3, 1, 3, 1, 3 ], 
          [ 1, 3, -2, 3, 3, 3, 1, 1, 1, 1, 3, 1, 1, 3, 3, 3, 1 ], [ 1, 1, 3, -2, 1, 3, 3, 1, 3, 3, 1, 3, 1, 1, 1, 3, 3 ], 
          [ 1, 1, 3, 1, -2, 3, 3, 1, 3, 3, 1, 3, 1, 1, 1, 3, 1 ], [ 3, 3, 3, 3, 3, -2, 1, 3, 1, 1, 1, 1, 3, 3, 3, 1, 3 ], 
          [ 3, 3, 1, 3, 3, 1, -2, 3, 3, 1, 1, 1, 3, 3, 3, 3, 3 ], [ 3, 3, 1, 1, 1, 3, 3, -2, 3, 3, 1, 3, 1, 3, 1, 3, 1 ], 
          [ 1, 3, 1, 3, 3, 1, 3, 3, -2, 1, 3, 1, 1, 3, 3, 1, 1 ], [ 3, 1, 1, 3, 3, 1, 1, 3, 1, -2, 3, 1, 3, 3, 3, 1, 3 ], 
          [ 3, 3, 3, 1, 1, 1, 1, 1, 3, 3, -2, 3, 3, 3, 1, 3, 3 ], [ 1, 3, 1, 3, 3, 1, 1, 3, 1, 1, 3, -2, 3, 3, 3, 3, 1 ], 
          [ 1, 3, 1, 1, 1, 3, 3, 1, 1, 3, 3, 3, -2, 1, 1, 3, 1 ], [ 1, 1, 3, 1, 1, 3, 3, 3, 3, 3, 3, 3, 1, -2, 1, 1, 3 ], 
          [ 3, 3, 3, 1, 1, 3, 3, 1, 3, 3, 1, 3, 1, 1, -2, 3, 3 ], [ 3, 1, 3, 3, 3, 1, 3, 3, 1, 1, 3, 3, 3, 1, 3, -2, 3 ], 
          [ 1, 3, 1, 3, 1, 3, 3, 1, 1, 3, 3, 1, 1, 3, 3, 3, -2 ] ] ], [ [ 0, 500 ], [ [ -2, 1, 1, 1, 1, 3, 3, 3, 1, 3, 3, 3, 1, 3, 1, 1, 3 ], 
          [ 1, -2, 3, 1, 1, 3, 3, 3, 3, 1, 1, 1, 3, 1, 3, 3, 1 ], [ 1, 3, -2, 3, 3, 3, 1, 1, 1, 1, 3, 3, 1, 3, 1, 3, 3 ], 
          [ 1, 1, 3, -2, 1, 3, 3, 1, 3, 3, 3, 3, 3, 1, 3, 3, 1 ], [ 1, 1, 3, 1, -2, 3, 3, 1, 3, 3, 3, 3, 1, 1, 1, 1, 1 ], 
          [ 3, 3, 3, 3, 3, -2, 1, 3, 1, 1, 1, 1, 3, 3, 1, 1, 3 ], [ 3, 3, 1, 3, 3, 1, -2, 3, 3, 1, 1, 3, 3, 3, 1, 3, 3 ], 
          [ 3, 3, 1, 1, 1, 3, 3, -2, 3, 3, 3, 3, 1, 1, 3, 3, 1 ], [ 1, 3, 1, 3, 3, 1, 3, 3, -2, 1, 3, 1, 1, 3, 1, 1, 3 ], 
          [ 3, 1, 1, 3, 3, 1, 1, 3, 1, -2, 1, 1, 3, 1, 1, 3, 3 ], [ 3, 1, 3, 3, 3, 1, 1, 3, 3, 1, -2, 1, 3, 1, 3, 3, 3 ], 
          [ 3, 1, 3, 3, 3, 1, 3, 3, 1, 1, 1, -2, 3, 1, 3, 3, 1 ], [ 1, 3, 1, 3, 1, 3, 3, 1, 1, 3, 3, 3, -2, 3, 1, 1, 3 ], 
          [ 3, 1, 3, 1, 1, 3, 3, 1, 3, 1, 1, 1, 3, -2, 3, 3, 1 ], [ 1, 3, 1, 3, 1, 1, 1, 3, 1, 1, 3, 3, 1, 3, -2, 1, 3 ], 
          [ 1, 3, 3, 3, 1, 1, 3, 3, 1, 3, 3, 3, 1, 3, 1, -2, 3 ], [ 3, 1, 3, 1, 1, 3, 3, 1, 3, 3, 3, 1, 3, 1, 3, 3, -2 ] ] ], 
  [ [ 0, 695 ], [ [ -2, 1, 1, 1, 1, 3, 3, 3, 1, 3, 1, 3, 3, 1, 3, 3, 3 ], [ 1, -2, 3, 1, 1, 3, 3, 3, 3, 1, 1, 1, 3, 3, 3, 1, 1 ], 
          [ 1, 3, -2, 3, 3, 3, 1, 1, 1, 1, 3, 1, 3, 1, 3, 3, 3 ], [ 1, 1, 3, -2, 1, 3, 3, 1, 3, 3, 1, 1, 3, 1, 3, 1, 1 ], 
          [ 1, 1, 3, 1, -2, 3, 3, 1, 3, 3, 1, 3, 1, 1, 3, 1, 3 ], [ 3, 3, 3, 3, 3, -2, 1, 3, 1, 1, 3, 3, 1, 3, 1, 3, 1 ], 
          [ 3, 3, 1, 3, 3, 1, -2, 3, 3, 1, 3, 1, 3, 3, 1, 3, 1 ], [ 3, 3, 1, 1, 1, 3, 3, -2, 3, 3, 3, 1, 1, 1, 3, 1, 3 ], 
          [ 1, 3, 1, 3, 3, 1, 3, 3, -2, 1, 3, 3, 1, 1, 3, 3, 3 ], [ 3, 1, 1, 3, 3, 1, 1, 3, 1, -2, 3, 1, 3, 3, 3, 1, 1 ], 
          [ 1, 1, 3, 1, 1, 3, 3, 3, 3, 3, -2, 3, 3, 1, 1, 1, 1 ], [ 3, 1, 1, 1, 3, 3, 1, 1, 3, 1, 3, -2, 3, 3, 3, 1, 1 ], 
          [ 3, 3, 3, 3, 1, 1, 3, 1, 1, 3, 3, 3, -2, 1, 1, 3, 3 ], [ 1, 3, 1, 1, 1, 3, 3, 1, 1, 3, 1, 3, 1, -2, 3, 3, 3 ], 
          [ 3, 3, 3, 3, 3, 1, 1, 3, 3, 3, 1, 3, 1, 3, -2, 3, 1 ], [ 3, 1, 3, 1, 1, 3, 3, 1, 3, 1, 1, 1, 3, 3, 3, -2, 1 ], 
          [ 3, 1, 3, 1, 3, 1, 1, 3, 3, 1, 1, 1, 3, 3, 1, 1, -2 ] ] ], 
  [ [ 0, 801 ], [ [ -2, 1, 1, 1, 1, 3, 3, 3, 1, 3, 3, 1, 3, 1, 3, 3, 3 ], [ 1, -2, 3, 1, 1, 3, 3, 3, 3, 1, 1, 3, 1, 3, 3, 3, 3 ], 
          [ 1, 3, -2, 3, 3, 3, 1, 1, 1, 1, 3, 1, 3, 1, 3, 1, 1 ], [ 1, 1, 3, -2, 1, 3, 3, 1, 3, 3, 3, 3, 1, 3, 1, 3, 3 ], 
          [ 1, 1, 3, 1, -2, 3, 3, 1, 3, 3, 3, 3, 3, 3, 3, 3, 3 ], [ 3, 3, 3, 3, 3, -2, 1, 3, 1, 1, 1, 1, 1, 1, 1, 1, 1 ], 
          [ 3, 3, 1, 3, 3, 1, -2, 3, 3, 1, 3, 1, 1, 1, 3, 1, 1 ], [ 3, 3, 1, 1, 1, 3, 3, -2, 3, 3, 3, 3, 3, 3, 1, 1, 1 ], 
          [ 1, 3, 1, 3, 3, 1, 3, 3, -2, 1, 1, 1, 3, 1, 3, 3, 1 ], [ 3, 1, 1, 3, 3, 1, 1, 3, 1, -2, 1, 1, 1, 3, 3, 1, 1 ], 
          [ 3, 1, 3, 3, 3, 1, 3, 3, 1, 1, -2, 3, 1, 3, 1, 3, 3 ], [ 1, 3, 1, 3, 3, 1, 1, 3, 1, 1, 3, -2, 3, 1, 3, 1, 1 ], 
          [ 3, 1, 3, 1, 3, 1, 1, 3, 3, 1, 1, 3, -2, 3, 1, 1, 3 ], [ 1, 3, 1, 3, 3, 1, 1, 3, 1, 3, 3, 1, 3, -2, 3, 3, 1 ], 
          [ 3, 3, 3, 1, 3, 1, 3, 1, 3, 3, 1, 3, 1, 3, -2, 1, 3 ], [ 3, 3, 1, 3, 3, 1, 1, 1, 3, 1, 3, 1, 1, 3, 1, -2, 1 ], 
          [ 3, 3, 1, 3, 3, 1, 1, 1, 1, 1, 3, 1, 3, 1, 3, 1, -2 ] ] ], [ [ 0, 831 ], [ [ -2, 1, 1, 1, 1, 3, 3, 3, 1, 3, 3, 1, 1, 3, 3, 3, 3 ], 
          [ 1, -2, 3, 1, 1, 3, 3, 3, 3, 1, 1, 1, 3, 3, 3, 3, 1 ], [ 1, 3, -2, 3, 3, 3, 1, 1, 1, 1, 3, 3, 1, 1, 1, 1, 3 ], 
          [ 1, 1, 3, -2, 1, 3, 3, 1, 3, 3, 3, 1, 3, 3, 3, 3, 3 ], [ 1, 1, 3, 1, -2, 3, 3, 1, 3, 3, 3, 1, 1, 3, 3, 3, 3 ], 
          [ 3, 3, 3, 3, 3, -2, 1, 3, 1, 1, 1, 3, 3, 3, 1, 3, 1 ], [ 3, 3, 1, 3, 3, 1, -2, 3, 3, 1, 3, 3, 3, 1, 1, 3, 1 ], 
          [ 3, 3, 1, 1, 1, 3, 3, -2, 3, 3, 3, 3, 1, 1, 1, 1, 3 ], [ 1, 3, 1, 3, 3, 1, 3, 3, -2, 1, 1, 1, 1, 3, 1, 1, 3 ], 
          [ 3, 1, 1, 3, 3, 1, 1, 3, 1, -2, 1, 3, 3, 3, 1, 1, 1 ], [ 3, 1, 3, 3, 3, 1, 3, 3, 1, 1, -2, 1, 3, 3, 1, 1, 1 ], 
          [ 1, 1, 3, 1, 1, 3, 3, 3, 1, 3, 1, -2, 3, 3, 3, 3, 3 ], [ 1, 3, 1, 3, 1, 3, 3, 1, 1, 3, 3, 3, -2, 1, 1, 1, 3 ], 
          [ 3, 3, 1, 3, 3, 3, 1, 1, 3, 3, 3, 3, 1, -2, 1, 1, 3 ], [ 3, 3, 1, 3, 3, 1, 1, 1, 1, 1, 1, 3, 1, 1, -2, 1, 1 ], 
          [ 3, 3, 1, 3, 3, 3, 3, 1, 1, 1, 1, 3, 1, 1, 1, -2, 3 ], [ 3, 1, 3, 3, 3, 1, 1, 3, 3, 1, 1, 3, 3, 3, 1, 3, -2 ] ] ], 
  [ [ 0, 568 ], [ [ -2, 1, 1, 1, 1, 3, 3, 3, 1, 3, 3, 1, 3, 3, 1, 3, 3 ], [ 1, -2, 3, 1, 1, 3, 3, 3, 3, 1, 1, 1, 1, 3, 1, 3, 1 ], 
          [ 1, 3, -2, 3, 3, 3, 1, 1, 1, 1, 3, 3, 3, 1, 1, 3, 3 ], [ 1, 1, 3, -2, 1, 3, 3, 1, 3, 3, 3, 1, 3, 3, 3, 1, 3 ], 
          [ 1, 1, 3, 1, -2, 3, 3, 1, 3, 3, 3, 1, 3, 3, 1, 1, 1 ], [ 3, 3, 3, 3, 3, -2, 1, 3, 1, 1, 1, 3, 1, 3, 3, 1, 1 ], 
          [ 3, 3, 1, 3, 3, 1, -2, 3, 3, 1, 3, 3, 1, 3, 1, 1, 1 ], [ 3, 3, 1, 1, 1, 3, 3, -2, 3, 3, 3, 3, 3, 1, 3, 1, 3 ], 
          [ 1, 3, 1, 3, 3, 1, 3, 3, -2, 1, 1, 3, 3, 1, 3, 3, 3 ], [ 3, 1, 1, 3, 3, 1, 1, 3, 1, -2, 1, 3, 1, 1, 1, 3, 1 ], 
          [ 3, 1, 3, 3, 3, 1, 3, 3, 1, 1, -2, 3, 1, 1, 3, 3, 1 ], [ 1, 1, 3, 1, 1, 3, 3, 3, 3, 3, 3, -2, 3, 3, 1, 3, 1 ], 
          [ 3, 1, 3, 3, 3, 1, 1, 3, 3, 1, 1, 3, -2, 3, 1, 3, 1 ], [ 3, 3, 1, 3, 3, 3, 3, 1, 1, 1, 1, 3, 3, -2, 3, 3, 3 ], 
          [ 1, 1, 1, 3, 1, 3, 1, 3, 3, 1, 3, 1, 1, 3, -2, 3, 1 ], [ 3, 3, 3, 1, 1, 1, 1, 1, 3, 3, 3, 3, 3, 3, 3, -2, 3 ], 
          [ 3, 1, 3, 3, 1, 1, 1, 3, 3, 1, 1, 1, 1, 3, 1, 3, -2 ] ] ], 
  [ [ 0, 471 ], [ [ -2, 1, 1, 1, 1, 3, 3, 3, 1, 3, 3, 1, 1, 3, 1, 1, 1 ], [ 1, -2, 3, 1, 1, 3, 3, 3, 3, 1, 1, 3, 1, 1, 1, 3, 1 ], 
          [ 1, 3, -2, 3, 3, 3, 1, 1, 1, 1, 3, 1, 3, 3, 1, 1, 1 ], [ 1, 1, 3, -2, 1, 3, 3, 1, 3, 3, 1, 3, 1, 3, 3, 1, 3 ], 
          [ 1, 1, 3, 1, -2, 3, 3, 1, 3, 3, 1, 1, 1, 1, 3, 1, 1 ], [ 3, 3, 3, 3, 3, -2, 1, 3, 1, 1, 3, 3, 1, 1, 3, 3, 3 ], 
          [ 3, 3, 1, 3, 3, 1, -2, 3, 3, 1, 3, 3, 1, 1, 3, 1, 1 ], [ 3, 3, 1, 1, 1, 3, 3, -2, 3, 3, 1, 1, 3, 3, 3, 1, 3 ], 
          [ 1, 3, 1, 3, 3, 1, 3, 3, -2, 1, 3, 1, 3, 3, 1, 3, 3 ], [ 3, 1, 1, 3, 3, 1, 1, 3, 1, -2, 3, 3, 3, 1, 1, 3, 1 ], 
          [ 3, 1, 3, 1, 1, 3, 3, 1, 3, 3, -2, 3, 1, 1, 3, 3, 3 ], [ 1, 3, 1, 3, 1, 3, 3, 1, 1, 3, 3, -2, 3, 3, 1, 1, 1 ], 
          [ 1, 1, 3, 1, 1, 1, 1, 3, 3, 3, 1, 3, -2, 1, 3, 1, 1 ], [ 3, 1, 3, 3, 1, 1, 1, 3, 3, 1, 1, 3, 1, -2, 3, 3, 1 ], 
          [ 1, 1, 1, 3, 3, 3, 3, 3, 1, 1, 3, 1, 3, 3, -2, 3, 1 ], [ 1, 3, 1, 1, 1, 3, 1, 1, 3, 3, 3, 1, 1, 3, 3, -2, 1 ], 
          [ 1, 1, 1, 3, 1, 3, 1, 3, 3, 1, 3, 1, 1, 1, 1, 1, -2 ] ] ], [ [ 0, 1005 ], [ [ -2, 1, 1, 1, 1, 3, 3, 3, 1, 3, 3, 1, 3, 1, 3, 1, 3 ], 
          [ 1, -2, 3, 1, 1, 3, 3, 3, 3, 1, 1, 1, 1, 1, 1, 3, 1 ], [ 1, 3, -2, 3, 3, 3, 1, 1, 1, 1, 3, 1, 3, 1, 3, 1, 3 ], 
          [ 1, 1, 3, -2, 1, 3, 3, 1, 3, 3, 1, 3, 3, 3, 1, 3, 1 ], [ 1, 1, 3, 1, -2, 3, 3, 1, 3, 3, 1, 3, 3, 1, 1, 3, 3 ], 
          [ 3, 3, 3, 3, 3, -2, 1, 3, 1, 1, 3, 1, 1, 3, 1, 1, 1 ], [ 3, 3, 1, 3, 3, 1, -2, 3, 3, 1, 3, 1, 3, 1, 3, 1, 1 ], 
          [ 3, 3, 1, 1, 1, 3, 3, -2, 3, 3, 1, 3, 3, 3, 1, 3, 3 ], [ 1, 3, 1, 3, 3, 1, 3, 3, -2, 1, 3, 1, 1, 1, 3, 1, 3 ], 
          [ 3, 1, 1, 3, 3, 1, 1, 3, 1, -2, 3, 1, 1, 1, 1, 3, 1 ], [ 3, 1, 3, 1, 1, 3, 3, 1, 3, 3, -2, 3, 1, 3, 1, 3, 1 ], 
          [ 1, 1, 1, 3, 3, 1, 1, 3, 1, 1, 3, -2, 1, 1, 3, 1, 1 ], [ 3, 1, 3, 3, 3, 1, 3, 3, 1, 1, 1, 1, -2, 3, 1, 3, 1 ], 
          [ 1, 1, 1, 3, 1, 3, 1, 3, 1, 1, 3, 1, 3, -2, 3, 1, 3 ], [ 3, 1, 3, 1, 1, 1, 3, 1, 3, 1, 1, 3, 1, 3, -2, 3, 1 ], 
          [ 1, 3, 1, 3, 3, 1, 1, 3, 1, 3, 3, 1, 3, 1, 3, -2, 3 ], [ 3, 1, 3, 1, 3, 1, 1, 3, 3, 1, 1, 1, 1, 3, 1, 3, -2 ] ] ], 
  [ [ 0, 392 ], [ [ -2, 1, 1, 1, 1, 3, 3, 3, 1, 3, 3, 3, 3, 1, 3, 1, 3 ], [ 1, -2, 3, 1, 1, 3, 3, 3, 3, 1, 3, 3, 3, 3, 3, 1, 1 ], 
          [ 1, 3, -2, 3, 3, 3, 1, 1, 1, 1, 1, 3, 1, 1, 1, 3, 3 ], [ 1, 1, 3, -2, 1, 3, 3, 1, 3, 3, 3, 3, 3, 1, 3, 1, 3 ], 
          [ 1, 1, 3, 1, -2, 3, 3, 1, 3, 3, 3, 3, 3, 1, 1, 1, 1 ], [ 3, 3, 3, 3, 3, -2, 1, 3, 1, 1, 1, 1, 1, 3, 1, 1, 1 ], 
          [ 3, 3, 1, 3, 3, 1, -2, 3, 3, 1, 3, 1, 1, 3, 1, 3, 1 ], [ 3, 3, 1, 1, 1, 3, 3, -2, 3, 3, 1, 3, 1, 1, 1, 3, 3 ], 
          [ 1, 3, 1, 3, 3, 1, 3, 3, -2, 1, 1, 3, 1, 1, 1, 1, 3 ], [ 3, 1, 1, 3, 3, 1, 1, 3, 1, -2, 1, 3, 1, 3, 1, 1, 1 ], 
          [ 3, 3, 1, 3, 3, 1, 3, 1, 1, 1, -2, 3, 1, 1, 1, 1, 3 ], [ 3, 3, 3, 3, 3, 1, 1, 3, 3, 3, 3, -2, 3, 3, 3, 3, 1 ], 
          [ 3, 3, 1, 3, 3, 1, 1, 1, 1, 1, 1, 3, -2, 3, 1, 3, 3 ], [ 1, 3, 1, 1, 1, 3, 3, 1, 1, 3, 1, 3, 3, -2, 1, 1, 3 ], 
          [ 3, 3, 1, 3, 1, 1, 1, 1, 1, 1, 1, 3, 1, 1, -2, 1, 1 ], [ 1, 1, 3, 1, 1, 1, 3, 3, 1, 1, 1, 3, 3, 1, 1, -2, 1 ], 
          [ 3, 1, 3, 3, 1, 1, 1, 3, 3, 1, 3, 1, 3, 3, 1, 1, -2 ] ] ], 
  [ [ 0, 539 ], [ [ -2, 1, 1, 1, 1, 3, 3, 3, 1, 3, 1, 3, 3, 1, 1, 1, 1 ], [ 1, -2, 3, 1, 1, 3, 3, 3, 3, 1, 3, 1, 3, 3, 1, 3, 3 ], 
          [ 1, 3, -2, 3, 3, 3, 1, 1, 1, 1, 1, 3, 1, 1, 3, 1, 1 ], [ 1, 1, 3, -2, 1, 3, 3, 1, 3, 3, 1, 3, 3, 3, 1, 3, 1 ], 
          [ 1, 1, 3, 1, -2, 3, 3, 1, 3, 3, 1, 1, 3, 3, 1, 3, 1 ], [ 3, 3, 3, 3, 3, -2, 1, 3, 1, 1, 3, 1, 3, 1, 3, 1, 3 ], 
          [ 3, 3, 1, 3, 3, 1, -2, 3, 3, 1, 1, 1, 1, 1, 3, 1, 3 ], [ 3, 3, 1, 1, 1, 3, 3, -2, 3, 3, 1, 3, 1, 3, 3, 3, 1 ], 
          [ 1, 3, 1, 3, 3, 1, 3, 3, -2, 1, 3, 3, 3, 1, 3, 1, 1 ], [ 3, 1, 1, 3, 3, 1, 1, 3, 1, -2, 3, 1, 3, 3, 3, 1, 3 ], 
          [ 1, 3, 1, 1, 1, 3, 1, 1, 3, 3, -2, 3, 1, 1, 3, 1, 1 ], [ 3, 1, 3, 3, 1, 1, 1, 3, 3, 1, 3, -2, 3, 3, 1, 3, 3 ], 
          [ 3, 3, 1, 3, 3, 3, 1, 1, 3, 3, 1, 3, -2, 1, 3, 3, 1 ], [ 1, 3, 1, 3, 3, 1, 1, 3, 1, 3, 1, 3, 1, -2, 3, 1, 1 ], 
          [ 1, 1, 3, 1, 1, 3, 3, 3, 3, 3, 3, 1, 3, 3, -2, 3, 1 ], [ 1, 3, 1, 3, 3, 1, 1, 3, 1, 1, 1, 3, 3, 1, 3, -2, 3 ], 
          [ 1, 3, 1, 1, 1, 3, 3, 1, 1, 3, 1, 3, 1, 1, 1, 3, -2 ] ] ], [ [ 0, 726 ], [ [ -2, 1, 1, 1, 1, 3, 3, 3, 1, 3, 1, 1, 3, 1, 1, 3, 1 ], 
          [ 1, -2, 3, 1, 1, 3, 3, 3, 3, 1, 1, 3, 3, 1, 1, 3, 1 ], [ 1, 3, -2, 3, 3, 3, 1, 1, 1, 1, 1, 3, 3, 3, 3, 1, 3 ], 
          [ 1, 1, 3, -2, 1, 3, 3, 1, 3, 3, 3, 3, 3, 1, 1, 3, 1 ], [ 1, 1, 3, 1, -2, 3, 3, 1, 3, 3, 3, 1, 3, 1, 1, 3, 1 ], 
          [ 3, 3, 3, 3, 3, -2, 1, 3, 1, 1, 3, 1, 1, 3, 1, 1, 1 ], [ 3, 3, 1, 3, 3, 1, -2, 3, 3, 1, 3, 3, 1, 3, 1, 1, 3 ], 
          [ 3, 3, 1, 1, 1, 3, 3, -2, 3, 3, 3, 3, 3, 3, 3, 1, 3 ], [ 1, 3, 1, 3, 3, 1, 3, 3, -2, 1, 1, 1, 3, 3, 3, 3, 1 ], 
          [ 3, 1, 1, 3, 3, 1, 1, 3, 1, -2, 1, 3, 3, 3, 3, 1, 1 ], [ 1, 1, 1, 3, 3, 3, 3, 3, 1, 1, -2, 1, 3, 1, 3, 3, 1 ], 
          [ 1, 3, 3, 3, 1, 1, 3, 3, 1, 3, 1, -2, 1, 1, 1, 3, 1 ], [ 3, 3, 3, 3, 3, 1, 1, 3, 3, 3, 3, 1, -2, 1, 1, 1, 3 ], 
          [ 1, 1, 3, 1, 1, 3, 3, 3, 3, 3, 1, 1, 1, -2, 1, 3, 1 ], [ 1, 1, 3, 1, 1, 1, 1, 3, 3, 3, 3, 1, 1, 1, -2, 3, 1 ], 
          [ 3, 3, 1, 3, 3, 1, 1, 1, 3, 1, 3, 3, 1, 3, 3, -2, 3 ], [ 1, 1, 3, 1, 1, 1, 3, 3, 1, 1, 1, 1, 3, 1, 1, 3, -2 ] ] ], 
  [ [ 0, 275 ], [ [ -2, 1, 1, 1, 1, 3, 3, 3, 1, 3, 1, 1, 1, 1, 3, 1, 1 ], [ 1, -2, 3, 1, 1, 3, 3, 3, 3, 1, 1, 3, 3, 3, 3, 1, 3 ], 
          [ 1, 3, -2, 3, 3, 3, 1, 1, 1, 1, 1, 1, 1, 1, 1, 1, 1 ], [ 1, 1, 3, -2, 1, 3, 3, 1, 3, 3, 3, 1, 1, 3, 3, 1, 1 ], 
          [ 1, 1, 3, 1, -2, 3, 3, 1, 3, 3, 3, 1, 1, 1, 3, 1, 1 ], [ 3, 3, 3, 3, 3, -2, 1, 3, 1, 1, 3, 3, 3, 3, 3, 3, 3 ], 
          [ 3, 3, 1, 3, 3, 1, -2, 3, 3, 1, 3, 3, 1, 3, 1, 3, 3 ], [ 3, 3, 1, 1, 1, 3, 3, -2, 3, 3, 3, 1, 1, 1, 1, 1, 1 ], 
          [ 1, 3, 1, 3, 3, 1, 3, 3, -2, 1, 1, 1, 3, 1, 3, 1, 1 ], [ 3, 1, 1, 3, 3, 1, 1, 3, 1, -2, 1, 3, 3, 3, 3, 1, 3 ], 
          [ 1, 1, 1, 3, 3, 3, 3, 3, 1, 1, -2, 3, 3, 1, 3, 1, 1 ], [ 1, 3, 1, 1, 1, 3, 3, 1, 1, 3, 3, -2, 1, 1, 1, 1, 1 ], 
          [ 1, 3, 1, 1, 1, 3, 1, 1, 3, 3, 3, 1, -2, 1, 1, 1, 1 ], [ 1, 3, 1, 3, 1, 3, 3, 1, 1, 3, 1, 1, 1, -2, 1, 1, 1 ], 
          [ 3, 3, 1, 3, 3, 3, 1, 1, 3, 3, 3, 1, 1, 1, -2, 3, 3 ], [ 1, 1, 1, 1, 1, 3, 3, 1, 1, 1, 1, 1, 1, 1, 3, -2, 1 ], 
          [ 1, 3, 1, 1, 1, 3, 3, 1, 1, 3, 1, 1, 1, 1, 3, 1, -2 ] ] ], 
  [ [ 0, 525 ], [ [ -2, 1, 1, 1, 1, 3, 3, 3, 1, 3, 1, 3, 3, 3, 3, 1, 1 ], [ 1, -2, 3, 1, 1, 3, 3, 3, 3, 1, 1, 3, 1, 1, 3, 1, 3 ], 
          [ 1, 3, -2, 3, 3, 3, 1, 1, 1, 1, 1, 3, 3, 3, 3, 3, 1 ], [ 1, 1, 3, -2, 1, 3, 3, 1, 3, 3, 3, 3, 1, 3, 1, 1, 3 ], 
          [ 1, 1, 3, 1, -2, 3, 3, 1, 3, 3, 3, 1, 1, 1, 1, 1, 1 ], [ 3, 3, 3, 3, 3, -2, 1, 3, 1, 1, 3, 1, 3, 1, 1, 3, 3 ], 
          [ 3, 3, 1, 3, 3, 1, -2, 3, 3, 1, 3, 3, 3, 1, 1, 1, 3 ], [ 3, 3, 1, 1, 1, 3, 3, -2, 3, 3, 3, 1, 1, 3, 1, 3, 1 ], 
          [ 1, 3, 1, 3, 3, 1, 3, 3, -2, 1, 1, 1, 3, 3, 3, 3, 1 ], [ 3, 1, 1, 3, 3, 1, 1, 3, 1, -2, 1, 3, 3, 1, 3, 3, 3 ], 
          [ 1, 1, 1, 3, 3, 3, 3, 3, 1, 1, -2, 3, 3, 3, 3, 3, 1 ], [ 3, 3, 3, 3, 1, 1, 3, 1, 1, 3, 3, -2, 1, 1, 1, 3, 1 ], 
          [ 3, 1, 3, 1, 1, 3, 3, 1, 3, 3, 3, 1, -2, 1, 1, 1, 3 ], [ 3, 1, 3, 3, 1, 1, 1, 3, 3, 1, 3, 1, 1, -2, 1, 1, 3 ], 
          [ 3, 3, 3, 1, 1, 1, 1, 1, 3, 3, 3, 1, 1, 1, -2, 1, 3 ], [ 1, 1, 3, 1, 1, 3, 1, 3, 3, 3, 3, 3, 1, 1, 1, -2, 3 ], 
          [ 1, 3, 1, 3, 1, 3, 3, 1, 1, 3, 1, 1, 3, 3, 3, 3, -2 ] ] ], [ [ 0, 562 ], [ [ -2, 1, 1, 1, 1, 3, 3, 3, 1, 3, 1, 1, 1, 3, 3, 3, 3 ], 
          [ 1, -2, 3, 1, 1, 3, 3, 3, 3, 1, 1, 1, 3, 1, 3, 1, 3 ], [ 1, 3, -2, 3, 3, 3, 1, 1, 1, 1, 1, 1, 1, 3, 3, 1, 3 ], 
          [ 1, 1, 3, -2, 1, 3, 3, 1, 3, 3, 3, 1, 3, 1, 1, 1, 3 ], [ 1, 1, 3, 1, -2, 3, 3, 1, 3, 3, 3, 1, 1, 1, 1, 3, 1 ], 
          [ 3, 3, 3, 3, 3, -2, 1, 3, 1, 1, 3, 3, 3, 3, 1, 3, 1 ], [ 3, 3, 1, 3, 3, 1, -2, 3, 3, 1, 3, 3, 3, 3, 1, 1, 3 ], 
          [ 3, 3, 1, 1, 1, 3, 3, -2, 3, 3, 3, 1, 1, 1, 1, 1, 1 ], [ 1, 3, 1, 3, 3, 1, 3, 3, -2, 1, 1, 1, 1, 3, 3, 3, 1 ], 
          [ 3, 1, 1, 3, 3, 1, 1, 3, 1, -2, 1, 1, 3, 3, 3, 1, 3 ], [ 1, 1, 1, 3, 3, 3, 3, 3, 1, 1, -2, 1, 1, 3, 3, 3, 3 ], 
          [ 1, 1, 1, 1, 1, 3, 3, 1, 1, 1, 1, -2, 1, 3, 3, 1, 3 ], [ 1, 3, 1, 3, 1, 3, 3, 1, 1, 3, 1, 1, -2, 3, 3, 3, 1 ], 
          [ 3, 1, 3, 1, 1, 3, 3, 1, 3, 3, 3, 3, 3, -2, 1, 1, 1 ], [ 3, 3, 3, 1, 1, 1, 1, 1, 3, 3, 3, 3, 3, 1, -2, 3, 1 ], 
          [ 3, 1, 1, 1, 3, 3, 1, 1, 3, 1, 3, 1, 3, 1, 3, -2, 3 ], [ 3, 3, 3, 3, 1, 1, 3, 1, 1, 3, 3, 3, 1, 1, 1, 3, -2 ] ] ], 
  [ [ 0, 297 ], [ [ -2, 1, 1, 1, 1, 3, 3, 3, 1, 3, 1, 1, 3, 1, 1, 1, 1 ], [ 1, -2, 3, 1, 1, 3, 3, 3, 3, 1, 1, 1, 1, 3, 1, 3, 3 ], 
          [ 1, 3, -2, 3, 3, 3, 1, 1, 1, 1, 1, 1, 3, 1, 3, 1, 1 ], [ 1, 1, 3, -2, 1, 3, 3, 1, 3, 3, 3, 1, 3, 3, 1, 1, 3 ], 
          [ 1, 1, 3, 1, -2, 3, 3, 1, 3, 3, 3, 1, 3, 1, 1, 1, 3 ], [ 3, 3, 3, 3, 3, -2, 1, 3, 1, 1, 3, 3, 1, 3, 3, 3, 1 ], 
          [ 3, 3, 1, 3, 3, 1, -2, 3, 3, 1, 3, 3, 1, 3, 1, 1, 1 ], [ 3, 3, 1, 1, 1, 3, 3, -2, 3, 3, 3, 1, 3, 1, 3, 1, 3 ], 
          [ 1, 3, 1, 3, 3, 1, 3, 3, -2, 1, 1, 1, 3, 1, 3, 3, 1 ], [ 3, 1, 1, 3, 3, 1, 1, 3, 1, -2, 1, 1, 1, 3, 3, 3, 1 ], 
          [ 1, 1, 1, 3, 3, 3, 3, 3, 1, 1, -2, 1, 1, 1, 3, 3, 1 ], [ 1, 1, 1, 1, 1, 3, 3, 1, 1, 1, 1, -2, 3, 1, 3, 1, 1 ], 
          [ 3, 1, 3, 3, 3, 1, 1, 3, 3, 1, 1, 3, -2, 3, 1, 3, 1 ], [ 1, 3, 1, 3, 1, 3, 3, 1, 1, 3, 1, 1, 3, -2, 3, 1, 1 ], 
          [ 1, 1, 3, 1, 1, 3, 1, 3, 3, 3, 3, 3, 1, 3, -2, 1, 3 ], [ 1, 3, 1, 1, 1, 3, 1, 1, 3, 3, 3, 1, 3, 1, 1, -2, 1 ], 
          [ 1, 3, 1, 3, 3, 1, 1, 3, 1, 1, 1, 1, 1, 1, 3, 1, -2 ] ] ], 
  [ [ 0, 189 ], [ [ -2, 1, 1, 1, 1, 3, 3, 3, 1, 3, 1, 3, 1, 1, 1, 3, 1 ], [ 1, -2, 3, 1, 1, 3, 3, 3, 3, 1, 1, 3, 3, 3, 3, 1, 3 ], 
          [ 1, 3, -2, 3, 3, 3, 1, 1, 1, 1, 1, 3, 1, 1, 1, 3, 1 ], [ 1, 1, 3, -2, 1, 3, 3, 1, 3, 3, 3, 3, 3, 3, 1, 3, 1 ], 
          [ 1, 1, 3, 1, -2, 3, 3, 1, 3, 3, 3, 1, 3, 1, 1, 3, 3 ], [ 3, 3, 3, 3, 3, -2, 1, 3, 1, 1, 3, 1, 1, 3, 3, 1, 1 ], 
          [ 3, 3, 1, 3, 3, 1, -2, 3, 3, 1, 3, 3, 1, 3, 3, 3, 1 ], [ 3, 3, 1, 1, 1, 3, 3, -2, 3, 3, 3, 1, 3, 1, 1, 3, 3 ], 
          [ 1, 3, 1, 3, 3, 1, 3, 3, -2, 1, 1, 1, 1, 1, 1, 1, 1 ], [ 3, 1, 1, 3, 3, 1, 1, 3, 1, -2, 1, 3, 1, 3, 3, 1, 1 ], 
          [ 1, 1, 1, 3, 3, 3, 3, 3, 1, 1, -2, 3, 1, 1, 3, 1, 3 ], [ 3, 3, 3, 3, 1, 1, 3, 1, 1, 3, 3, -2, 3, 1, 1, 1, 3 ], 
          [ 1, 3, 1, 3, 3, 1, 1, 3, 1, 1, 1, 3, -2, 1, 3, 3, 1 ], [ 1, 3, 1, 3, 1, 3, 3, 1, 1, 3, 1, 1, 1, -2, 1, 3, 3 ], 
          [ 1, 3, 1, 1, 1, 3, 3, 1, 1, 3, 3, 1, 3, 1, -2, 3, 1 ], [ 3, 1, 3, 3, 3, 1, 3, 3, 1, 1, 1, 1, 3, 3, 3, -2, 3 ], 
          [ 1, 3, 1, 1, 3, 1, 1, 3, 1, 1, 3, 3, 1, 3, 1, 3, -2 ] ] ], [ [ 0, 465 ], [ [ -2, 1, 1, 1, 1, 3, 3, 3, 1, 3, 1, 1, 3, 3, 3, 3, 3 ], 
          [ 1, -2, 3, 1, 1, 3, 3, 3, 3, 1, 3, 1, 3, 3, 1, 3, 3 ], [ 1, 3, -2, 3, 3, 3, 1, 1, 1, 1, 1, 3, 1, 3, 3, 3, 3 ], 
          [ 1, 1, 3, -2, 1, 3, 3, 1, 3, 3, 1, 1, 3, 3, 3, 1, 1 ], [ 1, 1, 3, 1, -2, 3, 3, 1, 3, 3, 1, 1, 3, 3, 1, 1, 1 ], 
          [ 3, 3, 3, 3, 3, -2, 1, 3, 1, 1, 3, 3, 3, 1, 1, 1, 3 ], [ 3, 3, 1, 3, 3, 1, -2, 3, 3, 1, 3, 3, 1, 1, 1, 1, 3 ], 
          [ 3, 3, 1, 1, 1, 3, 3, -2, 3, 3, 1, 3, 1, 3, 3, 1, 1 ], [ 1, 3, 1, 3, 3, 1, 3, 3, -2, 1, 1, 3, 3, 3, 3, 3, 3 ], 
          [ 3, 1, 1, 3, 3, 1, 1, 3, 1, -2, 3, 3, 3, 3, 1, 3, 3 ], [ 1, 3, 1, 1, 1, 3, 3, 1, 1, 3, -2, 1, 3, 3, 3, 3, 1 ], 
          [ 1, 1, 3, 1, 1, 3, 3, 3, 3, 3, 1, -2, 3, 1, 1, 3, 1 ], [ 3, 3, 1, 3, 3, 3, 1, 1, 3, 3, 3, 3, -2, 1, 3, 1, 1 ], 
          [ 3, 3, 3, 3, 3, 1, 1, 3, 3, 3, 3, 1, 1, -2, 1, 1, 1 ], [ 3, 1, 3, 3, 1, 1, 1, 3, 3, 1, 3, 1, 3, 1, -2, 1, 3 ], 
          [ 3, 3, 3, 1, 1, 1, 1, 1, 3, 3, 3, 3, 1, 1, 1, -2, 1 ], [ 3, 3, 3, 1, 1, 3, 3, 1, 3, 3, 1, 1, 1, 1, 3, 1, -2 ] ] ], 
  [ [ 0, 389 ], [ [ -2, 1, 1, 1, 1, 3, 3, 3, 1, 3, 1, 3, 1, 3, 3, 3, 3 ], [ 1, -2, 3, 1, 1, 3, 3, 3, 3, 1, 3, 1, 1, 1, 3, 3, 1 ], 
          [ 1, 3, -2, 3, 3, 3, 1, 1, 1, 1, 1, 3, 1, 3, 3, 1, 3 ], [ 1, 1, 3, -2, 1, 3, 3, 1, 3, 3, 1, 3, 3, 1, 3, 3, 3 ], 
          [ 1, 1, 3, 1, -2, 3, 3, 1, 3, 3, 1, 1, 3, 1, 3, 3, 1 ], [ 3, 3, 3, 3, 3, -2, 1, 3, 1, 1, 3, 1, 3, 3, 1, 3, 1 ], 
          [ 3, 3, 1, 3, 3, 1, -2, 3, 3, 1, 3, 1, 3, 3, 1, 3, 1 ], [ 3, 3, 1, 1, 1, 3, 3, -2, 3, 3, 1, 3, 3, 1, 3, 1, 3 ], 
          [ 1, 3, 1, 3, 3, 1, 3, 3, -2, 1, 1, 3, 1, 3, 3, 1, 3 ], [ 3, 1, 1, 3, 3, 1, 1, 3, 1, -2, 3, 1, 1, 1, 3, 1, 1 ], 
          [ 1, 3, 1, 1, 1, 3, 3, 1, 1, 3, -2, 3, 3, 3, 3, 1, 3 ], [ 3, 1, 3, 3, 1, 1, 1, 3, 3, 1, 3, -2, 3, 1, 1, 3, 1 ], 
          [ 1, 1, 1, 3, 3, 3, 3, 3, 1, 1, 3, 3, -2, 1, 3, 1, 3 ], [ 3, 1, 3, 1, 1, 3, 3, 1, 3, 1, 3, 1, 1, -2, 3, 1, 3 ], 
          [ 3, 3, 3, 3, 3, 1, 1, 3, 3, 3, 3, 1, 3, 3, -2, 3, 1 ], [ 3, 3, 1, 3, 3, 3, 3, 1, 1, 1, 1, 3, 1, 1, 3, -2, 3 ], 
          [ 3, 1, 3, 3, 1, 1, 1, 3, 3, 1, 3, 1, 3, 3, 1, 3, -2 ] ] ], 
  [ [ 0, 424 ], [ [ -2, 1, 1, 1, 1, 3, 3, 3, 1, 3, 1, 1, 1, 3, 1, 1, 1 ], [ 1, -2, 3, 1, 1, 3, 3, 3, 3, 1, 3, 3, 1, 1, 3, 1, 3 ], 
          [ 1, 3, -2, 3, 3, 3, 1, 1, 1, 1, 1, 1, 3, 3, 1, 3, 1 ], [ 1, 1, 3, -2, 1, 3, 3, 1, 3, 3, 1, 3, 1, 1, 1, 1, 3 ], 
          [ 1, 1, 3, 1, -2, 3, 3, 1, 3, 3, 1, 3, 1, 3, 3, 1, 3 ], [ 3, 3, 3, 3, 3, -2, 1, 3, 1, 1, 3, 1, 1, 1, 3, 3, 1 ], 
          [ 3, 3, 1, 3, 3, 1, -2, 3, 3, 1, 3, 1, 1, 1, 3, 3, 1 ], [ 3, 3, 1, 1, 1, 3, 3, -2, 3, 3, 1, 3, 3, 3, 1, 3, 3 ], 
          [ 1, 3, 1, 3, 3, 1, 3, 3, -2, 1, 1, 1, 3, 3, 1, 1, 1 ], [ 3, 1, 1, 3, 3, 1, 1, 3, 1, -2, 3, 1, 3, 1, 3, 3, 3 ], 
          [ 1, 3, 1, 1, 1, 3, 3, 1, 1, 3, -2, 3, 3, 3, 1, 1, 1 ], [ 1, 3, 1, 3, 3, 1, 1, 3, 1, 1, 3, -2, 3, 3, 1, 3, 1 ], 
          [ 1, 1, 3, 1, 1, 1, 1, 3, 3, 3, 3, 3, -2, 1, 3, 1, 1 ], [ 3, 1, 3, 1, 3, 1, 1, 3, 3, 1, 3, 3, 1, -2, 3, 3, 3 ], 
          [ 1, 3, 1, 1, 3, 3, 3, 1, 1, 3, 1, 1, 3, 3, -2, 1, 1 ], [ 1, 1, 3, 1, 1, 3, 3, 3, 1, 3, 1, 3, 1, 3, 1, -2, 1 ], 
          [ 1, 3, 1, 3, 3, 1, 1, 3, 1, 3, 1, 1, 1, 3, 1, 1, -2 ] ] ], [ [ 0, 278 ], [ [ -2, 1, 1, 1, 1, 3, 3, 3, 1, 3, 3, 1, 3, 1, 1, 1, 3 ], 
          [ 1, -2, 3, 1, 1, 3, 3, 3, 3, 1, 1, 3, 1, 1, 3, 1, 3 ], [ 1, 3, -2, 3, 3, 3, 1, 1, 1, 1, 3, 1, 3, 1, 1, 3, 1 ], 
          [ 1, 1, 3, -2, 1, 3, 3, 1, 3, 3, 1, 1, 3, 3, 3, 1, 3 ], [ 1, 1, 3, 1, -2, 3, 3, 1, 3, 3, 1, 1, 1, 3, 3, 1, 3 ], 
          [ 3, 3, 3, 3, 3, -2, 1, 3, 1, 1, 1, 3, 1, 1, 1, 3, 3 ], [ 3, 3, 1, 3, 3, 1, -2, 3, 3, 1, 3, 1, 1, 1, 1, 3, 1 ], 
          [ 3, 3, 1, 1, 1, 3, 3, -2, 3, 3, 1, 1, 3, 3, 3, 3, 1 ], [ 1, 3, 1, 3, 3, 1, 3, 3, -2, 1, 3, 3, 3, 1, 1, 3, 3 ], 
          [ 3, 1, 1, 3, 3, 1, 1, 3, 1, -2, 1, 3, 1, 1, 1, 3, 3 ], [ 3, 1, 3, 1, 1, 1, 3, 1, 3, 1, -2, 3, 1, 3, 3, 1, 3 ], 
          [ 1, 3, 1, 1, 1, 3, 1, 1, 3, 3, 3, -2, 3, 3, 1, 3, 1 ], [ 3, 1, 3, 3, 1, 1, 1, 3, 3, 1, 1, 3, -2, 1, 3, 1, 3 ], 
          [ 1, 1, 1, 3, 3, 1, 1, 3, 1, 1, 3, 3, 1, -2, 1, 3, 3 ], [ 1, 3, 1, 3, 3, 1, 1, 3, 1, 1, 3, 1, 3, 1, -2, 3, 3 ], 
          [ 1, 1, 3, 1, 1, 3, 3, 3, 3, 3, 1, 3, 1, 3, 3, -2, 3 ], [ 3, 3, 1, 3, 3, 3, 1, 1, 3, 3, 3, 1, 3, 3, 3, 3, -2 ] ] ], 
  [ [ 0, 371 ], [ [ -2, 1, 1, 1, 1, 3, 3, 3, 1, 3, 1, 3, 1, 3, 1, 1, 3 ], [ 1, -2, 3, 1, 1, 3, 3, 3, 3, 1, 3, 1, 1, 1, 3, 1, 3 ], 
          [ 1, 3, -2, 3, 3, 3, 1, 1, 1, 1, 1, 3, 3, 3, 1, 1, 1 ], [ 1, 1, 3, -2, 1, 3, 3, 1, 3, 3, 1, 1, 1, 1, 1, 3, 3 ], 
          [ 1, 1, 3, 1, -2, 3, 3, 1, 3, 3, 3, 1, 1, 3, 1, 3, 3 ], [ 3, 3, 3, 3, 3, -2, 1, 3, 1, 1, 3, 3, 3, 1, 3, 3, 3 ], 
          [ 3, 3, 1, 3, 3, 1, -2, 3, 3, 1, 3, 3, 3, 1, 3, 3, 3 ], [ 3, 3, 1, 1, 1, 3, 3, -2, 3, 3, 1, 1, 3, 3, 1, 3, 1 ], 
          [ 1, 3, 1, 3, 3, 1, 3, 3, -2, 1, 1, 3, 1, 3, 1, 1, 1 ], [ 3, 1, 1, 3, 3, 1, 1, 3, 1, -2, 3, 3, 3, 1, 3, 1, 1 ], 
          [ 1, 3, 1, 1, 3, 3, 3, 1, 1, 3, -2, 3, 1, 3, 1, 1, 1 ], [ 3, 1, 3, 1, 1, 3, 3, 1, 3, 3, 3, -2, 1, 1, 1, 3, 3 ], 
          [ 1, 1, 3, 1, 1, 3, 3, 3, 1, 3, 1, 1, -2, 3, 1, 1, 3 ], [ 3, 1, 3, 1, 3, 1, 1, 3, 3, 1, 3, 1, 3, -2, 3, 3, 3 ], 
          [ 1, 3, 1, 1, 1, 3, 3, 1, 1, 3, 1, 1, 1, 3, -2, 3, 1 ], [ 1, 1, 1, 3, 3, 3, 3, 3, 1, 1, 1, 3, 1, 3, 3, -2, 1 ], 
          [ 3, 3, 1, 3, 3, 3, 3, 1, 1, 1, 1, 3, 3, 3, 1, 1, -2 ] ] ], 
  [ [ 0, 357 ], [ [ -2, 1, 1, 1, 1, 3, 3, 3, 1, 1, 1, 1, 3, 1, 3, 1, 3 ], [ 1, -2, 3, 1, 1, 3, 3, 3, 3, 1, 1, 1, 3, 1, 3, 1, 1 ], 
          [ 1, 3, -2, 3, 3, 3, 1, 1, 1, 3, 3, 3, 1, 3, 3, 1, 3 ], [ 1, 1, 3, -2, 1, 3, 3, 1, 3, 1, 1, 1, 1, 1, 3, 1, 1 ], 
          [ 1, 1, 3, 1, -2, 3, 3, 1, 3, 1, 1, 1, 3, 1, 3, 1, 3 ], [ 3, 3, 3, 3, 3, -2, 1, 3, 1, 3, 1, 1, 3, 3, 1, 3, 1 ], 
          [ 3, 3, 1, 3, 3, 1, -2, 3, 3, 3, 1, 3, 1, 3, 1, 1, 1 ], [ 3, 3, 1, 1, 1, 3, 3, -2, 3, 1, 3, 3, 1, 3, 3, 1, 3 ], 
          [ 1, 3, 1, 3, 3, 1, 3, 3, -2, 3, 3, 1, 3, 1, 3, 3, 3 ], [ 1, 1, 3, 1, 1, 3, 3, 1, 3, -2, 1, 3, 3, 1, 3, 1, 3 ], 
          [ 1, 1, 3, 1, 1, 1, 1, 3, 3, 1, -2, 1, 3, 1, 3, 1, 1 ], [ 1, 1, 3, 1, 1, 1, 3, 3, 1, 3, 1, -2, 3, 1, 3, 3, 1 ], 
          [ 3, 3, 1, 1, 3, 3, 1, 1, 3, 3, 3, 3, -2, 3, 1, 1, 1 ], [ 1, 1, 3, 1, 1, 3, 3, 3, 1, 1, 1, 1, 3, -2, 3, 3, 1 ], 
          [ 3, 3, 3, 3, 3, 1, 1, 3, 3, 3, 3, 3, 1, 3, -2, 3, 1 ], [ 1, 1, 1, 1, 1, 3, 1, 1, 3, 1, 1, 3, 1, 3, 3, -2, 3 ], 
          [ 3, 1, 3, 1, 3, 1, 1, 3, 3, 3, 1, 1, 1, 1, 1, 3, -2 ] ] ], [ [ 0, 282 ], [ [ -2, 1, 1, 1, 1, 3, 3, 3, 1, 1, 1, 3, 1, 3, 3, 1, 3 ], 
          [ 1, -2, 3, 1, 1, 3, 3, 3, 3, 1, 1, 1, 1, 3, 1, 3, 1 ], [ 1, 3, -2, 3, 3, 3, 1, 1, 1, 3, 3, 3, 1, 1, 3, 1, 3 ], 
          [ 1, 1, 3, -2, 1, 3, 3, 1, 3, 1, 1, 3, 3, 3, 1, 1, 3 ], [ 1, 1, 3, 1, -2, 3, 3, 1, 3, 1, 1, 3, 3, 1, 1, 1, 1 ], 
          [ 3, 3, 3, 3, 3, -2, 1, 3, 1, 3, 1, 1, 3, 3, 3, 3, 1 ], [ 3, 3, 1, 3, 3, 1, -2, 3, 3, 3, 1, 1, 3, 1, 3, 1, 1 ], 
          [ 3, 3, 1, 1, 1, 3, 3, -2, 3, 1, 3, 3, 3, 1, 1, 1, 3 ], [ 1, 3, 1, 3, 3, 1, 3, 3, -2, 3, 3, 3, 1, 3, 3, 3, 3 ], 
          [ 1, 1, 3, 1, 1, 3, 3, 1, 3, -2, 1, 1, 3, 3, 3, 1, 3 ], [ 1, 1, 3, 1, 1, 1, 1, 3, 3, 1, -2, 1, 3, 3, 3, 1, 1 ], 
          [ 3, 1, 3, 3, 3, 1, 1, 3, 3, 1, 1, -2, 3, 3, 3, 3, 1 ], [ 1, 1, 1, 3, 3, 3, 3, 3, 1, 3, 3, 3, -2, 3, 1, 3, 3 ], 
          [ 3, 3, 1, 3, 1, 3, 1, 1, 3, 3, 3, 3, 3, -2, 1, 1, 1 ], [ 3, 1, 3, 1, 1, 3, 3, 1, 3, 3, 3, 3, 1, 1, -2, 3, 1 ], 
          [ 1, 3, 1, 1, 1, 3, 1, 1, 3, 1, 1, 3, 3, 1, 3, -2, 3 ], [ 3, 1, 3, 3, 1, 1, 1, 3, 3, 3, 1, 1, 3, 1, 1, 3, -2 ] ] ], 
  [ [ 0, 283 ], [ [ -2, 1, 1, 1, 1, 3, 3, 3, 1, 1, 1, 3, 1, 1, 3, 3, 1 ], [ 1, -2, 3, 1, 1, 3, 3, 3, 3, 1, 1, 1, 3, 1, 3, 1, 1 ], 
          [ 1, 3, -2, 3, 3, 3, 1, 1, 1, 3, 3, 3, 1, 3, 1, 3, 3 ], [ 1, 1, 3, -2, 1, 3, 3, 1, 3, 1, 1, 3, 3, 1, 3, 3, 1 ], 
          [ 1, 1, 3, 1, -2, 3, 3, 1, 3, 1, 1, 3, 1, 1, 1, 3, 1 ], [ 3, 3, 3, 3, 3, -2, 1, 3, 1, 3, 1, 1, 1, 3, 3, 1, 1 ], 
          [ 3, 3, 1, 3, 3, 1, -2, 3, 3, 3, 1, 1, 1, 1, 1, 3, 3 ], [ 3, 3, 1, 1, 1, 3, 3, -2, 3, 1, 3, 3, 3, 3, 1, 3, 3 ], 
          [ 1, 3, 1, 3, 3, 1, 3, 3, -2, 3, 3, 3, 1, 3, 3, 1, 1 ], [ 1, 1, 3, 1, 1, 3, 3, 1, 3, -2, 1, 1, 3, 1, 3, 3, 3 ], 
          [ 1, 1, 3, 1, 1, 1, 1, 3, 3, 1, -2, 1, 1, 1, 3, 3, 1 ], [ 3, 1, 3, 3, 3, 1, 1, 3, 3, 1, 1, -2, 3, 1, 3, 1, 3 ], 
          [ 1, 3, 1, 3, 1, 1, 1, 3, 1, 3, 1, 3, -2, 3, 1, 3, 1 ], [ 1, 1, 3, 1, 1, 3, 1, 3, 3, 1, 1, 1, 3, -2, 3, 3, 3 ], 
          [ 3, 3, 1, 3, 1, 3, 1, 1, 3, 3, 3, 3, 1, 3, -2, 3, 3 ], [ 3, 1, 3, 3, 3, 1, 3, 3, 1, 3, 3, 1, 3, 3, 3, -2, 1 ], 
          [ 1, 1, 3, 1, 1, 1, 3, 3, 1, 3, 1, 3, 1, 3, 3, 1, -2 ] ] ], 
  [ [ 0, 324 ], [ [ -2, 1, 1, 1, 1, 3, 3, 3, 1, 1, 1, 1, 3, 3, 3, 3, 3 ], [ 1, -2, 3, 1, 1, 3, 3, 3, 3, 1, 3, 3, 1, 1, 1, 3, 3 ], 
          [ 1, 3, -2, 3, 3, 3, 1, 1, 1, 3, 1, 1, 3, 3, 3, 1, 1 ], [ 1, 1, 3, -2, 1, 3, 3, 1, 3, 1, 1, 1, 1, 1, 3, 3, 3 ], 
          [ 1, 1, 3, 1, -2, 3, 3, 1, 3, 1, 1, 3, 1, 3, 3, 3, 1 ], [ 3, 3, 3, 3, 3, -2, 1, 3, 1, 3, 3, 3, 3, 3, 1, 3, 3 ], 
          [ 3, 3, 1, 3, 3, 1, -2, 3, 3, 3, 3, 3, 3, 3, 1, 1, 1 ], [ 3, 3, 1, 1, 1, 3, 3, -2, 3, 1, 1, 1, 1, 1, 3, 1, 1 ], 
          [ 1, 3, 1, 3, 3, 1, 3, 3, -2, 3, 1, 1, 3, 3, 3, 3, 3 ], [ 1, 1, 3, 1, 1, 3, 3, 1, 3, -2, 3, 1, 3, 1, 1, 1, 3 ], 
          [ 1, 3, 1, 1, 1, 3, 3, 1, 1, 3, -2, 1, 1, 3, 3, 3, 1 ], [ 1, 3, 1, 1, 3, 3, 3, 1, 1, 1, 1, -2, 3, 1, 3, 1, 3 ], 
          [ 3, 1, 3, 1, 1, 3, 3, 1, 3, 3, 1, 3, -2, 1, 3, 3, 1 ], [ 3, 1, 3, 1, 3, 3, 3, 1, 3, 1, 3, 1, 1, -2, 1, 1, 3 ], 
          [ 3, 1, 3, 3, 3, 1, 1, 3, 3, 1, 3, 3, 3, 1, -2, 1, 3 ], [ 3, 3, 1, 3, 3, 3, 1, 1, 3, 1, 3, 1, 3, 1, 1, -2, 1 ], 
          [ 3, 3, 1, 3, 1, 3, 1, 1, 3, 3, 1, 3, 1, 3, 3, 1, -2 ] ] ], [ [ 0, 853 ], [ [ -2, 1, 1, 1, 1, 3, 3, 3, 1, 1, 1, 1, 3, 1, 1, 1, 1 ], 
          [ 1, -2, 3, 1, 1, 3, 3, 3, 3, 1, 3, 1, 3, 1, 3, 1, 1 ], [ 1, 3, -2, 3, 3, 3, 1, 1, 1, 3, 1, 3, 3, 3, 1, 3, 3 ], 
          [ 1, 1, 3, -2, 1, 3, 3, 1, 3, 1, 1, 1, 3, 1, 3, 1, 1 ], [ 1, 1, 3, 1, -2, 3, 3, 1, 3, 1, 1, 1, 3, 1, 1, 1, 1 ], 
          [ 3, 3, 3, 3, 3, -2, 1, 3, 1, 3, 3, 1, 1, 3, 3, 3, 1 ], [ 3, 3, 1, 3, 3, 1, -2, 3, 3, 3, 3, 3, 1, 3, 3, 1, 1 ], 
          [ 3, 3, 1, 1, 1, 3, 3, -2, 3, 1, 1, 3, 3, 3, 1, 3, 3 ], [ 1, 3, 1, 3, 3, 1, 3, 3, -2, 3, 1, 1, 3, 1, 1, 3, 3 ], 
          [ 1, 1, 3, 1, 1, 3, 3, 1, 3, -2, 3, 3, 3, 1, 1, 1, 1 ], [ 1, 3, 1, 1, 1, 3, 3, 1, 1, 3, -2, 1, 3, 1, 1, 3, 3 ], 
          [ 1, 1, 3, 1, 1, 1, 3, 3, 1, 3, 1, -2, 1, 1, 3, 1, 1 ], [ 3, 3, 3, 3, 3, 1, 1, 3, 3, 3, 3, 1, -2, 3, 3, 1, 1 ], 
          [ 1, 1, 3, 1, 1, 3, 3, 3, 1, 1, 1, 1, 3, -2, 3, 1, 1 ], [ 1, 3, 1, 3, 1, 3, 3, 1, 1, 1, 1, 3, 3, 3, -2, 3, 3 ], 
          [ 1, 1, 3, 1, 1, 3, 1, 3, 3, 1, 3, 1, 1, 1, 3, -2, 1 ], [ 1, 1, 3, 1, 1, 1, 1, 3, 3, 1, 3, 1, 1, 1, 3, 1, -2 ] ] ], 
  [ [ 0, 141 ], [ [ -2, 1, 1, 1, 1, 3, 3, 3, 1, 1, 1, 3, 3, 1, 3, 3, 1 ], [ 1, -2, 3, 1, 1, 3, 3, 3, 3, 1, 3, 1, 1, 1, 3, 1, 1 ], 
          [ 1, 3, -2, 3, 3, 3, 1, 1, 1, 3, 1, 3, 3, 1, 1, 3, 3 ], [ 1, 1, 3, -2, 1, 3, 3, 1, 3, 1, 1, 1, 1, 1, 3, 3, 3 ], 
          [ 1, 1, 3, 1, -2, 3, 3, 1, 3, 1, 1, 3, 3, 1, 3, 3, 1 ], [ 3, 3, 3, 3, 3, -2, 1, 3, 1, 3, 3, 3, 1, 3, 3, 1, 1 ], 
          [ 3, 3, 1, 3, 3, 1, -2, 3, 3, 3, 3, 3, 1, 3, 1, 3, 3 ], [ 3, 3, 1, 1, 1, 3, 3, -2, 3, 1, 1, 1, 3, 1, 1, 3, 3 ], 
          [ 1, 3, 1, 3, 3, 1, 3, 3, -2, 3, 1, 3, 3, 1, 3, 1, 1 ], [ 1, 1, 3, 1, 1, 3, 3, 1, 3, -2, 3, 1, 3, 1, 1, 3, 1 ], 
          [ 1, 3, 1, 1, 1, 3, 3, 1, 1, 3, -2, 3, 3, 1, 3, 3, 3 ], [ 3, 1, 3, 1, 3, 3, 3, 1, 3, 1, 3, -2, 1, 3, 1, 1, 3 ], 
          [ 3, 1, 3, 1, 3, 1, 1, 3, 3, 3, 3, 1, -2, 3, 3, 1, 3 ], [ 1, 1, 1, 1, 1, 3, 3, 1, 1, 1, 1, 3, 3, -2, 3, 3, 1 ], 
          [ 3, 3, 1, 3, 3, 3, 1, 1, 3, 1, 3, 1, 3, 3, -2, 3, 3 ], [ 3, 1, 3, 3, 3, 1, 3, 3, 1, 3, 3, 1, 1, 3, 3, -2, 1 ], 
          [ 1, 1, 3, 3, 1, 1, 3, 3, 1, 1, 3, 3, 3, 1, 3, 1, -2 ] ] ], 
  [ [ 0, 224 ], [ [ -2, 1, 1, 1, 1, 3, 3, 3, 1, 1, 1, 1, 3, 3, 1, 3, 3 ], [ 1, -2, 3, 1, 1, 3, 3, 3, 3, 1, 3, 1, 3, 3, 3, 1, 1 ], 
          [ 1, 3, -2, 3, 3, 3, 1, 1, 1, 3, 1, 3, 1, 1, 1, 3, 3 ], [ 1, 1, 3, -2, 1, 3, 3, 1, 3, 1, 1, 1, 1, 3, 3, 1, 3 ], 
          [ 1, 1, 3, 1, -2, 3, 3, 1, 3, 1, 1, 1, 3, 1, 3, 1, 1 ], [ 3, 3, 3, 3, 3, -2, 1, 3, 1, 3, 3, 1, 3, 3, 1, 3, 3 ], 
          [ 3, 3, 1, 3, 3, 1, -2, 3, 3, 3, 3, 3, 1, 1, 1, 3, 3 ], [ 3, 3, 1, 1, 1, 3, 3, -2, 3, 1, 1, 3, 1, 1, 3, 1, 1 ], 
          [ 1, 3, 1, 3, 3, 1, 3, 3, -2, 3, 1, 1, 3, 3, 1, 3, 3 ], [ 1, 1, 3, 1, 1, 3, 3, 1, 3, -2, 3, 3, 3, 3, 3, 3, 1 ], 
          [ 1, 3, 1, 1, 1, 3, 3, 1, 1, 3, -2, 1, 1, 1, 3, 1, 3 ], [ 1, 1, 3, 1, 1, 1, 3, 3, 1, 3, 1, -2, 3, 3, 1, 1, 3 ], 
          [ 3, 3, 1, 1, 3, 3, 1, 1, 3, 3, 1, 3, -2, 1, 3, 1, 3 ], [ 3, 3, 1, 3, 1, 3, 1, 1, 3, 3, 1, 3, 1, -2, 3, 1, 1 ], 
          [ 1, 3, 1, 3, 3, 1, 1, 3, 1, 3, 3, 1, 3, 3, -2, 3, 3 ], [ 3, 1, 3, 1, 1, 3, 3, 1, 3, 3, 1, 1, 1, 1, 3, -2, 1 ], 
          [ 3, 1, 3, 3, 1, 3, 3, 1, 3, 1, 3, 3, 3, 1, 3, 1, -2 ] ] ], [ [ 0, 174 ], [ [ -2, 1, 1, 1, 1, 3, 3, 3, 1, 1, 1, 1, 3, 1, 3, 3, 3 ], 
          [ 1, -2, 3, 1, 1, 3, 3, 3, 3, 1, 3, 1, 3, 3, 1, 3, 1 ], [ 1, 3, -2, 3, 3, 3, 1, 1, 1, 3, 1, 3, 1, 1, 3, 1, 3 ], 
          [ 1, 1, 3, -2, 1, 3, 3, 1, 3, 1, 1, 1, 1, 3, 1, 3, 1 ], [ 1, 1, 3, 1, -2, 3, 3, 1, 3, 1, 1, 1, 3, 3, 3, 1, 3 ], 
          [ 3, 3, 3, 3, 3, -2, 1, 3, 1, 3, 3, 1, 3, 1, 3, 3, 1 ], [ 3, 3, 1, 3, 3, 1, -2, 3, 3, 3, 3, 3, 1, 1, 3, 1, 1 ], 
          [ 3, 3, 1, 1, 1, 3, 3, -2, 3, 1, 1, 3, 1, 3, 1, 1, 3 ], [ 1, 3, 1, 3, 3, 1, 3, 3, -2, 3, 1, 1, 3, 1, 3, 3, 3 ], 
          [ 1, 1, 3, 1, 1, 3, 3, 1, 3, -2, 3, 3, 3, 1, 1, 3, 3 ], [ 1, 3, 1, 1, 1, 3, 3, 1, 1, 3, -2, 1, 1, 3, 3, 1, 3 ], 
          [ 1, 1, 3, 1, 1, 1, 3, 3, 1, 3, 1, -2, 3, 3, 3, 3, 1 ], [ 3, 3, 1, 1, 3, 3, 1, 1, 3, 3, 1, 3, -2, 3, 1, 1, 1 ], 
          [ 1, 3, 1, 3, 3, 1, 1, 3, 1, 1, 3, 3, 3, -2, 3, 3, 3 ], [ 3, 1, 3, 1, 3, 3, 3, 1, 3, 1, 3, 3, 1, 3, -2, 3, 1 ], 
          [ 3, 3, 1, 3, 1, 3, 1, 1, 3, 3, 1, 3, 1, 3, 3, -2, 3 ], [ 3, 1, 3, 1, 3, 1, 1, 3, 3, 3, 3, 1, 1, 3, 1, 3, -2 ] ] ], 
  [ [ 0, 281 ], [ [ -2, 1, 1, 1, 1, 3, 3, 3, 1, 1, 1, 3, 3, 3, 1, 1, 3 ], [ 1, -2, 3, 1, 1, 3, 3, 3, 3, 1, 3, 1, 3, 1, 1, 3, 1 ], 
          [ 1, 3, -2, 3, 3, 3, 1, 1, 1, 3, 1, 3, 1, 3, 3, 1, 3 ], [ 1, 1, 3, -2, 1, 3, 3, 1, 3, 1, 1, 1, 3, 1, 1, 1, 1 ], 
          [ 1, 1, 3, 1, -2, 3, 3, 1, 3, 1, 1, 3, 1, 1, 3, 1, 3 ], [ 3, 3, 3, 3, 3, -2, 1, 3, 1, 3, 3, 3, 1, 3, 1, 3, 1 ], 
          [ 3, 3, 1, 3, 3, 1, -2, 3, 3, 3, 3, 3, 1, 3, 3, 1, 1 ], [ 3, 3, 1, 1, 1, 3, 3, -2, 3, 1, 1, 1, 1, 1, 3, 1, 3 ], 
          [ 1, 3, 1, 3, 3, 1, 3, 3, -2, 3, 1, 3, 1, 3, 1, 3, 3 ], [ 1, 1, 3, 1, 1, 3, 3, 1, 3, -2, 3, 1, 3, 1, 1, 1, 3 ], 
          [ 1, 3, 1, 1, 1, 3, 3, 1, 1, 3, -2, 3, 1, 3, 3, 1, 3 ], [ 3, 1, 3, 1, 3, 3, 3, 1, 3, 1, 3, -2, 3, 1, 1, 3, 1 ], 
          [ 3, 3, 1, 3, 1, 1, 1, 1, 1, 3, 1, 3, -2, 3, 3, 1, 3 ], [ 3, 1, 3, 1, 1, 3, 3, 1, 3, 1, 3, 1, 3, -2, 3, 3, 1 ], 
          [ 1, 1, 3, 1, 3, 1, 3, 3, 1, 1, 3, 1, 3, 3, -2, 3, 1 ], [ 1, 3, 1, 1, 1, 3, 1, 1, 3, 1, 1, 3, 1, 3, 3, -2, 3 ], 
          [ 3, 1, 3, 1, 3, 1, 1, 3, 3, 3, 3, 1, 3, 1, 1, 3, -2 ] ] ], 
  [ [ 0, 906 ], [ [ -2, 1, 1, 1, 1, 3, 3, 3, 1, 1, 1, 1, 1, 1, 1, 3, 3 ], [ 1, -2, 3, 1, 1, 3, 3, 3, 3, 1, 3, 1, 3, 1, 3, 3, 1 ], 
          [ 1, 3, -2, 3, 3, 3, 1, 1, 1, 3, 1, 1, 1, 1, 1, 1, 3 ], [ 1, 1, 3, -2, 1, 3, 3, 1, 3, 1, 1, 3, 3, 3, 1, 3, 3 ], 
          [ 1, 1, 3, 1, -2, 3, 3, 1, 3, 1, 1, 1, 1, 1, 1, 3, 1 ], [ 3, 3, 3, 3, 3, -2, 1, 3, 1, 3, 3, 1, 3, 3, 3, 3, 1 ], 
          [ 3, 3, 1, 3, 3, 1, -2, 3, 3, 3, 3, 1, 1, 1, 3, 3, 1 ], [ 3, 3, 1, 1, 1, 3, 3, -2, 3, 1, 1, 3, 3, 3, 1, 1, 3 ], 
          [ 1, 3, 1, 3, 3, 1, 3, 3, -2, 3, 1, 1, 1, 3, 1, 1, 3 ], [ 1, 1, 3, 1, 1, 3, 3, 1, 3, -2, 3, 3, 3, 3, 3, 3, 3 ], 
          [ 1, 3, 1, 1, 1, 3, 3, 1, 1, 3, -2, 1, 1, 3, 1, 1, 3 ], [ 1, 1, 1, 3, 1, 1, 1, 3, 1, 3, 1, -2, 1, 1, 3, 3, 1 ], 
          [ 1, 3, 1, 3, 1, 3, 1, 3, 1, 3, 1, 1, -2, 1, 1, 1, 1 ], [ 1, 1, 1, 3, 1, 3, 1, 3, 3, 3, 3, 1, 1, -2, 1, 3, 1 ], 
          [ 1, 3, 1, 1, 1, 3, 3, 1, 1, 3, 1, 3, 1, 1, -2, 1, 3 ], [ 3, 3, 1, 3, 3, 3, 3, 1, 1, 3, 1, 3, 1, 3, 1, -2, 3 ], 
          [ 3, 1, 3, 3, 1, 1, 1, 3, 3, 3, 3, 1, 1, 1, 3, 3, -2 ] ] ], [ [ 0, 441 ], [ [ -2, 1, 1, 1, 1, 3, 3, 3, 1, 1, 3, 1, 3, 3, 1, 3, 1 ], 
          [ 1, -2, 3, 1, 1, 3, 3, 3, 3, 1, 3, 1, 1, 3, 3, 3, 3 ], [ 1, 3, -2, 3, 3, 3, 1, 1, 1, 3, 3, 3, 3, 1, 1, 1, 1 ], 
          [ 1, 1, 3, -2, 1, 3, 3, 1, 3, 1, 1, 3, 1, 3, 3, 3, 3 ], [ 1, 1, 3, 1, -2, 3, 3, 1, 3, 1, 1, 1, 1, 3, 3, 3, 3 ], 
          [ 3, 3, 3, 3, 3, -2, 1, 3, 1, 3, 1, 1, 3, 3, 1, 3, 1 ], [ 3, 3, 1, 3, 3, 1, -2, 3, 3, 3, 1, 3, 3, 1, 1, 3, 1 ], 
          [ 3, 3, 1, 1, 1, 3, 3, -2, 3, 1, 1, 3, 1, 1, 3, 1, 3 ], [ 1, 3, 1, 3, 3, 1, 3, 3, -2, 3, 3, 1, 3, 3, 1, 1, 1 ], 
          [ 1, 1, 3, 1, 1, 3, 3, 1, 3, -2, 1, 1, 1, 1, 3, 3, 1 ], [ 3, 3, 3, 1, 1, 1, 1, 1, 3, 1, -2, 3, 1, 1, 3, 3, 1 ], 
          [ 1, 1, 3, 3, 1, 1, 3, 3, 1, 1, 3, -2, 3, 3, 1, 3, 1 ], [ 3, 1, 3, 1, 1, 3, 3, 1, 3, 1, 1, 3, -2, 3, 3, 3, 3 ], 
          [ 3, 3, 1, 3, 3, 3, 1, 1, 3, 1, 1, 3, 3, -2, 3, 1, 1 ], [ 1, 3, 1, 3, 3, 1, 1, 3, 1, 3, 3, 1, 3, 3, -2, 3, 1 ], 
          [ 3, 3, 1, 3, 3, 3, 3, 1, 1, 3, 3, 3, 3, 1, 3, -2, 3 ], [ 1, 3, 1, 3, 3, 1, 1, 3, 1, 1, 1, 1, 3, 1, 1, 3, -2 ] ] ], 
  [ [ 0, 720 ], [ [ -2, 1, 1, 1, 1, 3, 3, 3, 1, 1, 3, 3, 1, 1, 1, 3, 3 ], [ 1, -2, 3, 1, 1, 3, 3, 3, 3, 1, 3, 3, 3, 1, 1, 3, 3 ], 
          [ 1, 3, -2, 3, 3, 3, 1, 1, 1, 3, 3, 1, 1, 3, 1, 1, 3 ], [ 1, 1, 3, -2, 1, 3, 3, 1, 3, 1, 1, 1, 1, 1, 1, 1, 1 ], 
          [ 1, 1, 3, 1, -2, 3, 3, 1, 3, 1, 1, 3, 3, 1, 3, 3, 3 ], [ 3, 3, 3, 3, 3, -2, 1, 3, 1, 3, 1, 3, 3, 1, 3, 3, 3 ], 
          [ 3, 3, 1, 3, 3, 1, -2, 3, 3, 3, 1, 1, 3, 1, 3, 1, 3 ], [ 3, 3, 1, 1, 1, 3, 3, -2, 3, 1, 1, 1, 1, 3, 1, 1, 1 ], 
          [ 1, 3, 1, 3, 3, 1, 3, 3, -2, 3, 3, 3, 1, 3, 3, 3, 3 ], [ 1, 1, 3, 1, 1, 3, 3, 1, 3, -2, 1, 3, 1, 1, 1, 3, 1 ], 
          [ 3, 3, 3, 1, 1, 1, 1, 1, 3, 1, -2, 3, 3, 1, 3, 1, 1 ], [ 3, 3, 1, 1, 3, 3, 1, 1, 3, 3, 3, -2, 1, 3, 1, 1, 1 ], 
          [ 1, 3, 1, 1, 3, 3, 3, 1, 1, 1, 3, 1, -2, 3, 1, 1, 1 ], [ 1, 1, 3, 1, 1, 1, 1, 3, 3, 1, 1, 3, 3, -2, 3, 3, 3 ], 
          [ 1, 1, 1, 1, 3, 3, 3, 1, 3, 1, 3, 1, 1, 3, -2, 1, 1 ], [ 3, 3, 1, 1, 3, 3, 1, 1, 3, 3, 1, 1, 1, 3, 1, -2, 1 ], 
          [ 3, 3, 3, 1, 3, 3, 3, 1, 3, 1, 1, 1, 1, 3, 1, 1, -2 ] ] ], 
  [ [ 0, 334 ], [ [ -2, 1, 1, 1, 1, 3, 3, 3, 1, 1, 3, 1, 3, 1, 1, 3, 3 ], [ 1, -2, 3, 1, 1, 3, 3, 3, 3, 1, 3, 3, 3, 1, 3, 3, 1 ], 
          [ 1, 3, -2, 3, 3, 3, 1, 1, 1, 3, 3, 1, 1, 1, 1, 1, 3 ], [ 1, 1, 3, -2, 1, 3, 3, 1, 3, 1, 1, 1, 1, 1, 1, 1, 3 ], 
          [ 1, 1, 3, 1, -2, 3, 3, 1, 3, 1, 1, 1, 3, 1, 3, 3, 3 ], [ 3, 3, 3, 3, 3, -2, 1, 3, 1, 3, 1, 3, 1, 3, 3, 3, 1 ], 
          [ 3, 3, 1, 3, 3, 1, -2, 3, 3, 3, 1, 1, 1, 3, 3, 1, 1 ], [ 3, 3, 1, 1, 1, 3, 3, -2, 3, 1, 1, 1, 1, 1, 1, 1, 3 ], 
          [ 1, 3, 1, 3, 3, 1, 3, 3, -2, 3, 3, 3, 1, 1, 1, 3, 3 ], [ 1, 1, 3, 1, 1, 3, 3, 1, 3, -2, 1, 1, 3, 1, 1, 3, 1 ], 
          [ 3, 3, 3, 1, 1, 1, 1, 1, 3, 1, -2, 1, 1, 3, 3, 3, 1 ], [ 1, 3, 1, 1, 1, 3, 1, 1, 3, 1, 1, -2, 1, 1, 1, 1, 3 ], 
          [ 3, 3, 1, 1, 3, 1, 1, 1, 1, 3, 1, 1, -2, 1, 1, 1, 3 ], [ 1, 1, 1, 1, 1, 3, 3, 1, 1, 1, 3, 1, 1, -2, 1, 1, 3 ], 
          [ 1, 3, 1, 1, 3, 3, 3, 1, 1, 1, 3, 1, 1, 1, -2, 1, 3 ], [ 3, 3, 1, 1, 3, 3, 1, 1, 3, 3, 3, 1, 1, 1, 1, -2, 3 ], 
          [ 3, 1, 3, 3, 3, 1, 1, 3, 3, 1, 1, 3, 3, 3, 3, 3, -2 ] ] ], [ [ 0, 481 ], [ [ -2, 1, 1, 1, 1, 3, 3, 3, 1, 1, 3, 3, 3, 3, 3, 1, 3 ], 
          [ 1, -2, 3, 1, 1, 3, 3, 3, 3, 1, 3, 3, 1, 1, 3, 1, 1 ], [ 1, 3, -2, 3, 3, 3, 1, 1, 1, 3, 3, 1, 3, 3, 1, 1, 3 ], 
          [ 1, 1, 3, -2, 1, 3, 3, 1, 3, 1, 1, 3, 3, 1, 1, 1, 1 ], [ 1, 1, 3, 1, -2, 3, 3, 1, 3, 1, 3, 3, 1, 3, 3, 1, 3 ], 
          [ 3, 3, 3, 3, 3, -2, 1, 3, 1, 3, 3, 3, 1, 1, 3, 3, 1 ], [ 3, 3, 1, 3, 3, 1, -2, 3, 3, 3, 3, 1, 1, 1, 1, 3, 1 ], 
          [ 3, 3, 1, 1, 1, 3, 3, -2, 3, 1, 1, 1, 3, 3, 1, 1, 3 ], [ 1, 3, 1, 3, 3, 1, 3, 3, -2, 3, 3, 3, 3, 3, 3, 1, 3 ], 
          [ 1, 1, 3, 1, 1, 3, 3, 1, 3, -2, 1, 1, 3, 3, 3, 1, 3 ], [ 3, 3, 3, 1, 3, 3, 3, 1, 3, 1, -2, 1, 3, 3, 1, 3, 1 ], 
          [ 3, 3, 1, 3, 3, 3, 1, 1, 3, 1, 1, -2, 3, 3, 1, 1, 3 ], [ 3, 1, 3, 3, 1, 1, 1, 3, 3, 3, 3, 3, -2, 1, 3, 3, 1 ], 
          [ 3, 1, 3, 1, 3, 1, 1, 3, 3, 3, 3, 3, 1, -2, 1, 3, 1 ], [ 3, 3, 1, 1, 3, 3, 1, 1, 3, 3, 1, 1, 3, 1, -2, 3, 1 ], 
          [ 1, 1, 1, 1, 1, 3, 3, 1, 1, 1, 3, 1, 3, 3, 3, -2, 3 ], [ 3, 1, 3, 1, 3, 1, 1, 3, 3, 3, 1, 3, 1, 1, 1, 3, -2 ] ] ], 
  [ [ 0, 545 ], [ [ -2, 1, 1, 1, 1, 3, 3, 3, 1, 1, 3, 3, 1, 3, 1, 3, 3 ], [ 1, -2, 3, 1, 1, 3, 3, 3, 3, 1, 3, 3, 3, 3, 1, 3, 1 ], 
          [ 1, 3, -2, 3, 3, 3, 1, 1, 1, 3, 3, 1, 1, 1, 3, 3, 3 ], [ 1, 1, 3, -2, 1, 3, 3, 1, 3, 1, 1, 3, 3, 3, 3, 1, 1 ], 
          [ 1, 1, 3, 1, -2, 3, 3, 1, 3, 1, 3, 3, 1, 3, 1, 1, 1 ], [ 3, 3, 3, 3, 3, -2, 1, 3, 1, 3, 3, 3, 3, 3, 1, 1, 3 ], 
          [ 3, 3, 1, 3, 3, 1, -2, 3, 3, 3, 3, 1, 3, 3, 3, 1, 3 ], [ 3, 3, 1, 1, 1, 3, 3, -2, 3, 1, 1, 1, 1, 1, 3, 1, 1 ], 
          [ 1, 3, 1, 3, 3, 1, 3, 3, -2, 3, 3, 3, 1, 1, 1, 3, 3 ], [ 1, 1, 3, 1, 1, 3, 3, 1, 3, -2, 1, 1, 1, 3, 1, 1, 1 ], 
          [ 3, 3, 3, 1, 3, 3, 3, 1, 3, 1, -2, 1, 3, 1, 3, 1, 1 ], [ 3, 3, 1, 3, 3, 3, 1, 1, 3, 1, 1, -2, 1, 1, 3, 1, 3 ], 
          [ 1, 3, 1, 3, 1, 3, 3, 1, 1, 1, 3, 1, -2, 1, 1, 3, 3 ], [ 3, 3, 1, 3, 3, 3, 3, 1, 1, 3, 1, 1, 1, -2, 3, 3, 3 ], 
          [ 1, 1, 3, 3, 1, 1, 3, 3, 1, 1, 3, 3, 1, 3, -2, 3, 3 ], [ 3, 3, 3, 1, 1, 1, 1, 1, 3, 1, 1, 1, 3, 3, 3, -2, 1 ], 
          [ 3, 1, 3, 1, 1, 3, 3, 1, 3, 1, 1, 3, 3, 3, 3, 1, -2 ] ] ], 
  [ [ 0, 842 ], [ [ -2, 1, 1, 1, 1, 3, 3, 3, 1, 1, 3, 3, 3, 1, 3, 3, 3 ], [ 1, -2, 3, 1, 1, 3, 3, 3, 3, 1, 3, 3, 1, 1, 3, 3, 3 ], 
          [ 1, 3, -2, 3, 3, 3, 1, 1, 1, 3, 3, 1, 3, 1, 1, 1, 1 ], [ 1, 1, 3, -2, 1, 3, 3, 1, 3, 1, 1, 3, 1, 3, 3, 3, 3 ], 
          [ 1, 1, 3, 1, -2, 3, 3, 1, 3, 1, 3, 3, 1, 3, 1, 3, 3 ], [ 3, 3, 3, 3, 3, -2, 1, 3, 1, 3, 3, 3, 3, 3, 1, 1, 3 ], 
          [ 3, 3, 1, 3, 3, 1, -2, 3, 3, 3, 3, 1, 3, 3, 1, 1, 3 ], [ 3, 3, 1, 1, 1, 3, 3, -2, 3, 1, 1, 1, 1, 3, 1, 1, 1 ], 
          [ 1, 3, 1, 3, 3, 1, 3, 3, -2, 3, 3, 3, 3, 1, 1, 3, 1 ], [ 1, 1, 3, 1, 1, 3, 3, 1, 3, -2, 1, 1, 1, 3, 3, 3, 3 ], 
          [ 3, 3, 3, 1, 3, 3, 3, 1, 3, 1, -2, 1, 1, 3, 3, 1, 1 ], [ 3, 3, 1, 3, 3, 3, 1, 1, 3, 1, 1, -2, 1, 3, 3, 1, 1 ], 
          [ 3, 1, 3, 1, 1, 3, 3, 1, 3, 1, 1, 1, -2, 3, 3, 3, 3 ], [ 1, 1, 1, 3, 3, 3, 3, 3, 1, 3, 3, 3, 3, -2, 3, 3, 1 ], 
          [ 3, 3, 1, 3, 1, 1, 1, 1, 1, 3, 3, 3, 3, 3, -2, 1, 1 ], [ 3, 3, 1, 3, 3, 1, 1, 1, 3, 3, 1, 1, 3, 3, 1, -2, 1 ], 
          [ 3, 3, 1, 3, 3, 3, 3, 1, 1, 3, 1, 1, 3, 1, 1, 1, -2 ] ] ], [ [ 0, 470 ], [ [ -2, 1, 1, 1, 1, 3, 3, 3, 1, 1, 3, 3, 3, 1, 1, 1, 3 ], 
          [ 1, -2, 3, 1, 1, 3, 3, 3, 3, 1, 3, 3, 1, 1, 1, 3, 1 ], [ 1, 3, -2, 3, 3, 3, 1, 1, 1, 3, 3, 1, 3, 1, 3, 1, 3 ], 
          [ 1, 1, 3, -2, 1, 3, 3, 1, 3, 1, 1, 3, 1, 3, 1, 1, 3 ], [ 1, 1, 3, 1, -2, 3, 3, 1, 3, 1, 3, 3, 1, 3, 1, 1, 1 ], 
          [ 3, 3, 3, 3, 3, -2, 1, 3, 1, 3, 3, 3, 3, 3, 1, 3, 1 ], [ 3, 3, 1, 3, 3, 1, -2, 3, 3, 3, 3, 1, 3, 3, 1, 3, 1 ], 
          [ 3, 3, 1, 1, 1, 3, 3, -2, 3, 1, 1, 1, 1, 3, 3, 1, 3 ], [ 1, 3, 1, 3, 3, 1, 3, 3, -2, 3, 3, 3, 3, 1, 3, 1, 3 ], 
          [ 1, 1, 3, 1, 1, 3, 3, 1, 3, -2, 1, 1, 1, 3, 1, 3, 3 ], [ 3, 3, 3, 1, 3, 3, 3, 1, 3, 1, -2, 1, 1, 3, 3, 3, 3 ], 
          [ 3, 3, 1, 3, 3, 3, 1, 1, 3, 1, 1, -2, 1, 3, 3, 3, 3 ], [ 3, 1, 3, 1, 1, 3, 3, 1, 3, 1, 1, 1, -2, 3, 3, 3, 3 ], 
          [ 1, 1, 1, 3, 3, 3, 3, 3, 1, 3, 3, 3, 3, -2, 3, 1, 3 ], [ 1, 1, 3, 1, 1, 1, 1, 3, 3, 1, 3, 3, 3, 3, -2, 3, 1 ], 
          [ 1, 3, 1, 1, 1, 3, 3, 1, 1, 3, 3, 3, 3, 1, 3, -2, 3 ], [ 3, 1, 3, 3, 1, 1, 1, 3, 3, 3, 3, 3, 3, 3, 1, 3, -2 ] ] ], 
  [ [ 0, 427 ], [ [ -2, 1, 1, 1, 1, 3, 3, 3, 1, 1, 3, 3, 1, 1, 1, 1, 1 ], [ 1, -2, 3, 1, 1, 3, 3, 3, 3, 1, 3, 3, 3, 3, 1, 1, 1 ], 
          [ 1, 3, -2, 3, 3, 3, 1, 1, 1, 3, 3, 1, 1, 1, 3, 1, 3 ], [ 1, 1, 3, -2, 1, 3, 3, 1, 3, 1, 1, 3, 3, 3, 1, 1, 1 ], 
          [ 1, 1, 3, 1, -2, 3, 3, 1, 3, 1, 3, 3, 3, 1, 1, 1, 1 ], [ 3, 3, 3, 3, 3, -2, 1, 3, 1, 3, 3, 1, 1, 3, 1, 3, 1 ], 
          [ 3, 3, 1, 3, 3, 1, -2, 3, 3, 3, 3, 1, 1, 3, 3, 3, 1 ], [ 3, 3, 1, 1, 1, 3, 3, -2, 3, 1, 1, 1, 3, 1, 3, 1, 3 ], 
          [ 1, 3, 1, 3, 3, 1, 3, 3, -2, 3, 3, 3, 1, 1, 1, 1, 3 ], [ 1, 1, 3, 1, 1, 3, 3, 1, 3, -2, 1, 3, 3, 1, 3, 1, 1 ], 
          [ 3, 3, 3, 1, 3, 3, 3, 1, 3, 1, -2, 1, 3, 3, 3, 3, 3 ], [ 3, 3, 1, 3, 3, 1, 1, 1, 3, 3, 1, -2, 1, 3, 3, 3, 3 ], 
          [ 1, 3, 1, 3, 3, 1, 1, 3, 1, 3, 3, 1, -2, 1, 3, 3, 3 ], [ 1, 3, 1, 3, 1, 3, 3, 1, 1, 1, 3, 3, 1, -2, 3, 1, 3 ], 
          [ 1, 1, 3, 1, 1, 1, 3, 3, 1, 3, 3, 3, 3, 3, -2, 1, 1 ], [ 1, 1, 1, 1, 1, 3, 3, 1, 1, 1, 3, 3, 3, 1, 1, -2, 3 ], 
          [ 1, 1, 3, 1, 1, 1, 1, 3, 3, 1, 3, 3, 3, 3, 1, 3, -2 ] ] ], 
  [ [ 0, 356 ], [ [ -2, 1, 1, 1, 1, 3, 3, 3, 1, 1, 3, 1, 3, 3, 1, 1, 3 ], [ 1, -2, 3, 1, 1, 3, 3, 3, 3, 1, 3, 1, 1, 3, 1, 1, 1 ], 
          [ 1, 3, -2, 3, 3, 3, 1, 1, 1, 3, 3, 3, 3, 1, 1, 3, 3 ], [ 1, 1, 3, -2, 1, 3, 3, 1, 3, 1, 1, 3, 3, 3, 1, 1, 3 ], 
          [ 1, 1, 3, 1, -2, 3, 3, 1, 3, 1, 3, 1, 3, 3, 3, 1, 1 ], [ 3, 3, 3, 3, 3, -2, 1, 3, 1, 3, 3, 1, 1, 1, 3, 1, 1 ], 
          [ 3, 3, 1, 3, 3, 1, -2, 3, 3, 3, 3, 3, 1, 1, 3, 3, 1 ], [ 3, 3, 1, 1, 1, 3, 3, -2, 3, 1, 1, 3, 3, 1, 1, 3, 3 ], 
          [ 1, 3, 1, 3, 3, 1, 3, 3, -2, 3, 3, 1, 3, 3, 3, 1, 3 ], [ 1, 1, 3, 1, 1, 3, 3, 1, 3, -2, 1, 1, 1, 3, 1, 3, 3 ], 
          [ 3, 3, 3, 1, 3, 3, 3, 1, 3, 1, -2, 3, 1, 1, 1, 3, 3 ], [ 1, 1, 3, 3, 1, 1, 3, 3, 1, 1, 3, -2, 1, 3, 3, 1, 1 ], 
          [ 3, 1, 3, 3, 3, 1, 1, 3, 3, 1, 1, 1, -2, 1, 1, 3, 1 ], [ 3, 3, 1, 3, 3, 1, 1, 1, 3, 3, 1, 3, 1, -2, 1, 3, 1 ], 
          [ 1, 1, 1, 1, 3, 3, 3, 1, 3, 1, 1, 3, 1, 1, -2, 3, 3 ], [ 1, 1, 3, 1, 1, 1, 3, 3, 1, 3, 3, 1, 3, 3, 3, -2, 1 ], 
          [ 3, 1, 3, 3, 1, 1, 1, 3, 3, 3, 3, 1, 1, 1, 3, 1, -2 ] ] ], [ [ 0, 595 ], [ [ -2, 1, 1, 1, 1, 3, 3, 3, 1, 1, 3, 1, 1, 3, 3, 3, 3 ], 
          [ 1, -2, 3, 1, 1, 3, 3, 3, 3, 1, 3, 3, 1, 3, 3, 3, 1 ], [ 1, 3, -2, 3, 3, 3, 1, 1, 1, 3, 1, 1, 3, 1, 3, 3, 3 ], 
          [ 1, 1, 3, -2, 1, 3, 3, 1, 3, 1, 3, 3, 1, 1, 1, 3, 3 ], [ 1, 1, 3, 1, -2, 3, 3, 1, 3, 1, 3, 1, 1, 3, 3, 3, 1 ], 
          [ 3, 3, 3, 3, 3, -2, 1, 3, 1, 3, 3, 3, 3, 3, 3, 1, 1 ], [ 3, 3, 1, 3, 3, 1, -2, 3, 3, 3, 1, 3, 3, 1, 3, 1, 1 ], 
          [ 3, 3, 1, 1, 1, 3, 3, -2, 3, 1, 1, 1, 3, 1, 1, 3, 3 ], [ 1, 3, 1, 3, 3, 1, 3, 3, -2, 3, 3, 1, 1, 3, 3, 3, 3 ], 
          [ 1, 1, 3, 1, 1, 3, 3, 1, 3, -2, 1, 1, 1, 3, 1, 3, 3 ], [ 3, 3, 1, 3, 3, 3, 1, 1, 3, 1, -2, 1, 3, 1, 1, 3, 3 ], 
          [ 1, 3, 1, 3, 1, 3, 3, 1, 1, 1, 1, -2, 1, 3, 3, 3, 3 ], [ 1, 1, 3, 1, 1, 3, 3, 3, 1, 1, 3, 1, -2, 3, 3, 3, 3 ], 
          [ 3, 3, 1, 1, 3, 3, 1, 1, 3, 3, 1, 3, 3, -2, 1, 1, 3 ], [ 3, 3, 3, 1, 3, 3, 3, 1, 3, 1, 1, 3, 3, 1, -2, 1, 3 ], 
          [ 3, 3, 3, 3, 3, 1, 1, 3, 3, 3, 3, 3, 3, 1, 1, -2, 1 ], [ 3, 1, 3, 3, 1, 1, 1, 3, 3, 3, 3, 3, 3, 3, 3, 1, -2 ] ] ], 
  [ [ 0, 179 ], [ [ -2, 1, 1, 1, 1, 3, 3, 3, 1, 1, 3, 1, 3, 1, 3, 1, 1 ], [ 1, -2, 3, 1, 1, 3, 3, 3, 3, 1, 3, 3, 3, 1, 3, 1, 1 ], 
          [ 1, 3, -2, 3, 3, 3, 1, 1, 1, 3, 1, 1, 1, 3, 1, 3, 1 ], [ 1, 1, 3, -2, 1, 3, 3, 1, 3, 1, 3, 3, 1, 1, 3, 1, 1 ], 
          [ 1, 1, 3, 1, -2, 3, 3, 1, 3, 1, 3, 1, 3, 1, 3, 3, 1 ], [ 3, 3, 3, 3, 3, -2, 1, 3, 1, 3, 3, 3, 3, 3, 3, 1, 3 ], 
          [ 3, 3, 1, 3, 3, 1, -2, 3, 3, 3, 1, 3, 1, 3, 3, 3, 3 ], [ 3, 3, 1, 1, 1, 3, 3, -2, 3, 1, 1, 1, 1, 3, 1, 3, 1 ], 
          [ 1, 3, 1, 3, 3, 1, 3, 3, -2, 3, 3, 1, 3, 1, 1, 1, 1 ], [ 1, 1, 3, 1, 1, 3, 3, 1, 3, -2, 1, 1, 3, 1, 3, 1, 1 ], 
          [ 3, 3, 1, 3, 3, 3, 1, 1, 3, 1, -2, 1, 1, 3, 1, 3, 3 ], [ 1, 3, 1, 3, 1, 3, 3, 1, 1, 1, 1, -2, 3, 3, 1, 3, 1 ], 
          [ 3, 3, 1, 1, 3, 3, 1, 1, 3, 3, 1, 3, -2, 3, 1, 3, 3 ], [ 1, 1, 3, 1, 1, 3, 3, 3, 1, 1, 3, 3, 3, -2, 3, 1, 1 ], 
          [ 3, 3, 1, 3, 3, 3, 3, 1, 1, 3, 1, 1, 1, 3, -2, 3, 3 ], [ 1, 1, 3, 1, 3, 1, 3, 3, 1, 1, 3, 3, 3, 1, 3, -2, 1 ], 
          [ 1, 1, 1, 1, 1, 3, 3, 1, 1, 1, 3, 1, 3, 1, 3, 1, -2 ] ] ], 
  [ [ 0, 822 ], [ [ -2, 1, 1, 1, 1, 3, 3, 3, 1, 1, 3, 1, 3, 3, 1, 1, 1 ], [ 1, -2, 3, 1, 1, 3, 3, 3, 3, 1, 3, 3, 3, 3, 1, 1, 3 ], 
          [ 1, 3, -2, 3, 3, 3, 1, 1, 1, 3, 1, 1, 1, 1, 1, 3, 1 ], [ 1, 1, 3, -2, 1, 3, 3, 1, 3, 1, 3, 3, 1, 3, 1, 1, 1 ], 
          [ 1, 1, 3, 1, -2, 3, 3, 1, 3, 1, 3, 1, 3, 3, 1, 1, 1 ], [ 3, 3, 3, 3, 3, -2, 1, 3, 1, 3, 3, 3, 3, 1, 3, 3, 3 ], 
          [ 3, 3, 1, 3, 3, 1, -2, 3, 3, 3, 1, 3, 1, 1, 3, 3, 1 ], [ 3, 3, 1, 1, 1, 3, 3, -2, 3, 1, 1, 1, 1, 1, 1, 3, 1 ], 
          [ 1, 3, 1, 3, 3, 1, 3, 3, -2, 3, 3, 1, 3, 3, 1, 1, 3 ], [ 1, 1, 3, 1, 1, 3, 3, 1, 3, -2, 1, 1, 3, 3, 1, 1, 1 ], 
          [ 3, 3, 1, 3, 3, 3, 1, 1, 3, 1, -2, 1, 1, 1, 1, 3, 1 ], [ 1, 3, 1, 3, 1, 3, 3, 1, 1, 1, 1, -2, 3, 3, 1, 3, 1 ], 
          [ 3, 3, 1, 1, 3, 3, 1, 1, 3, 3, 1, 3, -2, 1, 3, 3, 1 ], [ 3, 3, 1, 3, 3, 1, 1, 1, 3, 3, 1, 3, 1, -2, 3, 3, 3 ], 
          [ 1, 1, 1, 1, 1, 3, 3, 1, 1, 1, 1, 1, 3, 3, -2, 1, 1 ], [ 1, 1, 3, 1, 1, 3, 3, 3, 1, 1, 3, 3, 3, 3, 1, -2, 3 ], 
          [ 1, 3, 1, 1, 1, 3, 1, 1, 3, 1, 1, 1, 1, 3, 1, 3, -2 ] ] ], [ [ 0, 448 ], [ [ -2, 1, 1, 1, 1, 3, 3, 3, 1, 1, 3, 3, 3, 1, 3, 3, 3 ], 
          [ 1, -2, 3, 1, 1, 3, 3, 3, 3, 1, 3, 3, 3, 1, 3, 1, 3 ], [ 1, 3, -2, 3, 3, 3, 1, 1, 1, 3, 1, 3, 1, 3, 1, 3, 3 ], 
          [ 1, 1, 3, -2, 1, 3, 3, 1, 3, 1, 3, 3, 3, 3, 3, 3, 1 ], [ 1, 1, 3, 1, -2, 3, 3, 1, 3, 1, 3, 3, 1, 1, 1, 1, 3 ], 
          [ 3, 3, 3, 3, 3, -2, 1, 3, 1, 3, 3, 1, 1, 1, 3, 1, 3 ], [ 3, 3, 1, 3, 3, 1, -2, 3, 3, 3, 1, 1, 1, 3, 1, 1, 3 ], 
          [ 3, 3, 1, 1, 1, 3, 3, -2, 3, 1, 1, 3, 1, 3, 1, 3, 1 ], [ 1, 3, 1, 3, 3, 1, 3, 3, -2, 3, 3, 3, 1, 1, 3, 3, 3 ], 
          [ 1, 1, 3, 1, 1, 3, 3, 1, 3, -2, 1, 3, 3, 1, 3, 3, 1 ], [ 3, 3, 1, 3, 3, 3, 1, 1, 3, 1, -2, 1, 3, 3, 1, 3, 1 ], 
          [ 3, 3, 3, 3, 3, 1, 1, 3, 3, 3, 1, -2, 3, 3, 1, 1, 1 ], [ 3, 3, 1, 3, 1, 1, 1, 1, 1, 3, 3, 3, -2, 1, 1, 1, 3 ], 
          [ 1, 1, 3, 3, 1, 1, 3, 3, 1, 1, 3, 3, 1, -2, 3, 1, 3 ], [ 3, 3, 1, 3, 1, 3, 1, 1, 3, 3, 1, 1, 1, 3, -2, 1, 3 ], 
          [ 3, 1, 3, 3, 1, 1, 1, 3, 3, 3, 3, 1, 1, 1, 1, -2, 3 ], [ 3, 3, 3, 1, 3, 3, 3, 1, 3, 1, 1, 1, 3, 3, 3, 3, -2 ] ] ], 
  [ [ 0, 589 ], [ [ -2, 1, 1, 1, 1, 3, 3, 3, 1, 1, 3, 3, 3, 3, 3, 1, 1 ], [ 1, -2, 3, 1, 1, 3, 3, 3, 3, 1, 3, 3, 1, 1, 1, 1, 1 ], 
          [ 1, 3, -2, 3, 3, 3, 1, 1, 1, 3, 1, 3, 3, 3, 3, 3, 3 ], [ 1, 1, 3, -2, 1, 3, 3, 1, 3, 1, 3, 3, 1, 1, 1, 1, 1 ], 
          [ 1, 1, 3, 1, -2, 3, 3, 1, 3, 1, 3, 3, 1, 3, 3, 1, 3 ], [ 3, 3, 3, 3, 3, -2, 1, 3, 1, 3, 3, 1, 3, 3, 1, 3, 1 ], 
          [ 3, 3, 1, 3, 3, 1, -2, 3, 3, 3, 1, 1, 3, 3, 1, 3, 3 ], [ 3, 3, 1, 1, 1, 3, 3, -2, 3, 1, 1, 3, 1, 1, 3, 3, 3 ], 
          [ 1, 3, 1, 3, 3, 1, 3, 3, -2, 3, 3, 3, 3, 3, 3, 1, 1 ], [ 1, 1, 3, 1, 1, 3, 3, 1, 3, -2, 1, 3, 1, 1, 3, 1, 1 ], 
          [ 3, 3, 1, 3, 3, 3, 1, 1, 3, 1, -2, 1, 1, 1, 3, 3, 3 ], [ 3, 3, 3, 3, 3, 1, 1, 3, 3, 3, 1, -2, 3, 1, 1, 3, 1 ], 
          [ 3, 1, 3, 1, 1, 3, 3, 1, 3, 1, 1, 3, -2, 1, 3, 1, 3 ], [ 3, 1, 3, 1, 3, 3, 3, 1, 3, 1, 1, 1, 1, -2, 1, 3, 1 ], 
          [ 3, 1, 3, 1, 3, 1, 1, 3, 3, 3, 3, 1, 3, 1, -2, 3, 1 ], [ 1, 1, 3, 1, 1, 3, 3, 3, 1, 1, 3, 3, 1, 3, 3, -2, 1 ], 
          [ 1, 1, 3, 1, 3, 1, 3, 3, 1, 1, 3, 1, 3, 1, 1, 1, -2 ] ] ], 
  [ [ 0, 362 ], [ [ -2, 1, 1, 1, 1, 3, 3, 3, 1, 1, 3, 3, 1, 3, 1, 1, 3 ], [ 1, -2, 3, 1, 1, 3, 3, 3, 3, 1, 3, 3, 1, 3, 1, 3, 1 ], 
          [ 1, 3, -2, 3, 3, 3, 1, 1, 1, 3, 1, 3, 1, 1, 3, 1, 3 ], [ 1, 1, 3, -2, 1, 3, 3, 1, 3, 1, 3, 3, 1, 3, 3, 3, 3 ], 
          [ 1, 1, 3, 1, -2, 3, 3, 1, 3, 1, 3, 3, 1, 3, 1, 3, 1 ], [ 3, 3, 3, 3, 3, -2, 1, 3, 1, 3, 3, 1, 3, 1, 1, 1, 1 ], 
          [ 3, 3, 1, 3, 3, 1, -2, 3, 3, 3, 1, 1, 1, 1, 3, 1, 1 ], [ 3, 3, 1, 1, 1, 3, 3, -2, 3, 1, 1, 3, 1, 1, 3, 3, 3 ], 
          [ 1, 3, 1, 3, 3, 1, 3, 3, -2, 3, 3, 3, 3, 3, 1, 1, 3 ], [ 1, 1, 3, 1, 1, 3, 3, 1, 3, -2, 1, 3, 1, 3, 1, 3, 3 ], 
          [ 3, 3, 1, 3, 3, 3, 1, 1, 3, 1, -2, 1, 1, 1, 3, 1, 3 ], [ 3, 3, 3, 3, 3, 1, 1, 3, 3, 3, 1, -2, 3, 1, 3, 1, 1 ], 
          [ 1, 1, 1, 1, 1, 3, 1, 1, 3, 1, 1, 3, -2, 1, 3, 1, 3 ], [ 3, 3, 1, 3, 3, 1, 1, 1, 3, 3, 1, 1, 1, -2, 3, 1, 3 ], 
          [ 1, 1, 3, 3, 1, 1, 3, 3, 1, 1, 3, 3, 3, 3, -2, 3, 1 ], [ 1, 3, 1, 3, 3, 1, 1, 3, 1, 3, 1, 1, 1, 1, 3, -2, 3 ], 
          [ 3, 1, 3, 3, 1, 1, 1, 3, 3, 3, 3, 1, 3, 3, 1, 3, -2 ] ] ], [ [ 0, 381 ], [ [ -2, 1, 1, 1, 1, 3, 3, 3, 1, 1, 3, 1, 3, 3, 3, 3, 3 ], 
          [ 1, -2, 3, 1, 1, 3, 3, 3, 3, 1, 3, 1, 3, 1, 3, 1, 1 ], [ 1, 3, -2, 3, 3, 3, 1, 1, 1, 3, 1, 3, 1, 3, 3, 3, 3 ], 
          [ 1, 1, 3, -2, 1, 3, 3, 1, 3, 1, 3, 1, 1, 1, 3, 3, 3 ], [ 1, 1, 3, 1, -2, 3, 3, 1, 3, 1, 3, 1, 3, 1, 1, 3, 1 ], 
          [ 3, 3, 3, 3, 3, -2, 1, 3, 1, 3, 3, 3, 3, 3, 1, 1, 1 ], [ 3, 3, 1, 3, 3, 1, -2, 3, 3, 3, 1, 3, 1, 3, 1, 1, 1 ], 
          [ 3, 3, 1, 1, 1, 3, 3, -2, 3, 1, 1, 3, 1, 1, 3, 3, 3 ], [ 1, 3, 1, 3, 3, 1, 3, 3, -2, 3, 3, 1, 3, 3, 1, 3, 3 ], 
          [ 1, 1, 3, 1, 1, 3, 3, 1, 3, -2, 1, 1, 3, 1, 3, 1, 3 ], [ 3, 3, 1, 3, 3, 3, 1, 1, 3, 1, -2, 3, 1, 1, 3, 1, 3 ], 
          [ 1, 1, 3, 1, 1, 3, 3, 3, 1, 1, 3, -2, 3, 1, 1, 3, 1 ], [ 3, 3, 1, 1, 3, 3, 1, 1, 3, 3, 1, 3, -2, 1, 3, 3, 3 ], 
          [ 3, 1, 3, 1, 1, 3, 3, 1, 3, 1, 1, 1, 1, -2, 3, 1, 1 ], [ 3, 3, 3, 3, 1, 1, 1, 3, 1, 3, 3, 1, 3, 3, -2, 3, 1 ], 
          [ 3, 1, 3, 3, 3, 1, 1, 3, 3, 1, 1, 3, 3, 1, 3, -2, 1 ], [ 3, 1, 3, 3, 1, 1, 1, 3, 3, 3, 3, 1, 3, 1, 1, 1, -2 ] ] ], 
  [ [ 0, 353 ], [ [ -2, 1, 1, 1, 1, 3, 3, 3, 1, 1, 3, 1, 1, 3, 3, 1, 1 ], [ 1, -2, 3, 1, 1, 3, 3, 3, 3, 1, 3, 1, 1, 1, 1, 1, 1 ], 
          [ 1, 3, -2, 3, 3, 3, 1, 1, 1, 3, 1, 3, 3, 3, 3, 1, 1 ], [ 1, 1, 3, -2, 1, 3, 3, 1, 3, 1, 3, 1, 1, 1, 3, 1, 3 ], 
          [ 1, 1, 3, 1, -2, 3, 3, 1, 3, 1, 3, 1, 1, 3, 3, 3, 3 ], [ 3, 3, 3, 3, 3, -2, 1, 3, 1, 3, 3, 3, 1, 1, 1, 1, 3 ], 
          [ 3, 3, 1, 3, 3, 1, -2, 3, 3, 3, 1, 3, 1, 1, 1, 1, 3 ], [ 3, 3, 1, 1, 1, 3, 3, -2, 3, 1, 1, 3, 3, 3, 3, 3, 3 ], 
          [ 1, 3, 1, 3, 3, 1, 3, 3, -2, 3, 3, 1, 3, 3, 3, 1, 1 ], [ 1, 1, 3, 1, 1, 3, 3, 1, 3, -2, 1, 1, 1, 3, 1, 3, 3 ], 
          [ 3, 3, 1, 3, 3, 3, 1, 1, 3, 1, -2, 3, 3, 3, 1, 3, 3 ], [ 1, 1, 3, 1, 1, 3, 3, 3, 1, 1, 3, -2, 1, 3, 3, 1, 1 ], 
          [ 1, 1, 3, 1, 1, 1, 1, 3, 3, 1, 3, 1, -2, 1, 1, 1, 3 ], [ 3, 1, 3, 1, 3, 1, 1, 3, 3, 3, 3, 3, 1, -2, 1, 1, 3 ], 
          [ 3, 1, 3, 3, 3, 1, 1, 3, 3, 1, 1, 3, 1, 1, -2, 3, 3 ], [ 1, 1, 1, 1, 3, 1, 1, 3, 1, 3, 3, 1, 1, 1, 3, -2, 1 ], 
          [ 1, 1, 1, 3, 3, 3, 3, 3, 1, 3, 3, 1, 3, 3, 3, 1, -2 ] ] ], 
  [ [ 0, 353 ], [ [ -2, 1, 1, 1, 1, 3, 3, 3, 1, 1, 3, 1, 1, 3, 3, 1, 3 ], [ 1, -2, 3, 1, 1, 3, 3, 3, 3, 1, 3, 1, 1, 1, 1, 1, 3 ], 
          [ 1, 3, -2, 3, 3, 3, 1, 1, 1, 3, 1, 3, 3, 3, 3, 1, 3 ], [ 1, 1, 3, -2, 1, 3, 3, 1, 3, 1, 3, 1, 1, 1, 3, 1, 1 ], 
          [ 1, 1, 3, 1, -2, 3, 3, 1, 3, 1, 3, 1, 1, 3, 3, 3, 1 ], [ 3, 3, 3, 3, 3, -2, 1, 3, 1, 3, 3, 3, 1, 1, 1, 1, 1 ], 
          [ 3, 3, 1, 3, 3, 1, -2, 3, 3, 3, 1, 3, 1, 1, 1, 1, 1 ], [ 3, 3, 1, 1, 1, 3, 3, -2, 3, 1, 1, 3, 3, 3, 3, 3, 1 ], 
          [ 1, 3, 1, 3, 3, 1, 3, 3, -2, 3, 3, 1, 3, 3, 3, 1, 3 ], [ 1, 1, 3, 1, 1, 3, 3, 1, 3, -2, 1, 1, 1, 3, 1, 3, 1 ], 
          [ 3, 3, 1, 3, 3, 3, 1, 1, 3, 1, -2, 3, 3, 3, 1, 3, 1 ], [ 1, 1, 3, 1, 1, 3, 3, 3, 1, 1, 3, -2, 1, 3, 3, 1, 3 ], 
          [ 1, 1, 3, 1, 1, 1, 1, 3, 3, 1, 3, 1, -2, 1, 1, 1, 1 ], [ 3, 1, 3, 1, 3, 1, 1, 3, 3, 3, 3, 3, 1, -2, 1, 1, 1 ], 
          [ 3, 1, 3, 3, 3, 1, 1, 3, 3, 1, 1, 3, 1, 1, -2, 3, 1 ], [ 1, 1, 1, 1, 3, 1, 1, 3, 1, 3, 3, 1, 1, 1, 3, -2, 3 ], 
          [ 3, 3, 3, 1, 1, 1, 1, 1, 3, 1, 1, 3, 1, 1, 1, 3, -2 ] ] ], [ [ 0, 207 ], [ [ -2, 1, 1, 1, 1, 3, 3, 3, 1, 1, 3, 1, 3, 3, 3, 3, 1 ], 
          [ 1, -2, 3, 1, 1, 3, 3, 3, 3, 1, 3, 1, 3, 3, 3, 3, 1 ], [ 1, 3, -2, 3, 3, 3, 1, 1, 1, 3, 1, 3, 3, 3, 3, 1, 3 ], 
          [ 1, 1, 3, -2, 1, 3, 3, 1, 3, 1, 3, 1, 1, 3, 3, 1, 1 ], [ 1, 1, 3, 1, -2, 3, 3, 1, 3, 1, 3, 1, 3, 1, 3, 3, 3 ], 
          [ 3, 3, 3, 3, 3, -2, 1, 3, 1, 3, 3, 3, 1, 1, 1, 3, 1 ], [ 3, 3, 1, 3, 3, 1, -2, 3, 3, 3, 1, 3, 1, 1, 3, 1, 3 ], 
          [ 3, 3, 1, 1, 1, 3, 3, -2, 3, 1, 1, 3, 3, 3, 3, 1, 3 ], [ 1, 3, 1, 3, 3, 1, 3, 3, -2, 3, 3, 1, 1, 1, 1, 3, 1 ], 
          [ 1, 1, 3, 1, 1, 3, 3, 1, 3, -2, 1, 1, 3, 3, 3, 3, 1 ], [ 3, 3, 1, 3, 3, 3, 1, 1, 3, 1, -2, 3, 3, 3, 3, 1, 3 ], 
          [ 1, 1, 3, 1, 1, 3, 3, 3, 1, 1, 3, -2, 1, 1, 1, 3, 1 ], [ 3, 3, 3, 1, 3, 1, 1, 3, 1, 3, 3, 1, -2, 1, 1, 1, 1 ], 
          [ 3, 3, 3, 3, 1, 1, 1, 3, 1, 3, 3, 1, 1, -2, 1, 3, 3 ], [ 3, 3, 3, 3, 3, 1, 3, 3, 1, 3, 3, 1, 1, 1, -2, 3, 1 ], 
          [ 3, 3, 1, 1, 3, 3, 1, 1, 3, 3, 1, 3, 1, 3, 3, -2, 3 ], [ 1, 1, 3, 1, 3, 1, 3, 3, 1, 1, 3, 1, 1, 3, 1, 3, -2 ] ] ], 
  [ [ 0, 248 ], [ [ -2, 1, 1, 1, 1, 3, 3, 3, 1, 1, 3, 3, 1, 1, 1, 1, 3 ], [ 1, -2, 3, 1, 1, 3, 3, 3, 3, 1, 3, 1, 3, 1, 3, 3, 3 ], 
          [ 1, 3, -2, 3, 3, 3, 1, 1, 1, 3, 1, 3, 1, 3, 1, 1, 1 ], [ 1, 1, 3, -2, 1, 3, 3, 1, 3, 1, 3, 1, 3, 1, 1, 3, 1 ], 
          [ 1, 1, 3, 1, -2, 3, 3, 1, 3, 1, 3, 1, 1, 3, 1, 3, 3 ], [ 3, 3, 3, 3, 3, -2, 1, 3, 1, 3, 3, 3, 1, 1, 3, 1, 3 ], 
          [ 3, 3, 1, 3, 3, 1, -2, 3, 3, 3, 1, 3, 1, 3, 1, 1, 1 ], [ 3, 3, 1, 1, 1, 3, 3, -2, 3, 1, 1, 1, 3, 3, 1, 3, 1 ], 
          [ 1, 3, 1, 3, 3, 1, 3, 3, -2, 3, 3, 3, 1, 1, 3, 1, 3 ], [ 1, 1, 3, 1, 1, 3, 3, 1, 3, -2, 1, 1, 3, 1, 1, 1, 3 ], 
          [ 3, 3, 1, 3, 3, 3, 1, 1, 3, 1, -2, 1, 3, 3, 1, 1, 1 ], [ 3, 1, 3, 1, 1, 3, 3, 1, 3, 1, 1, -2, 3, 3, 3, 3, 1 ], 
          [ 1, 3, 1, 3, 1, 1, 1, 3, 1, 3, 3, 3, -2, 3, 1, 1, 3 ], [ 1, 1, 3, 1, 3, 1, 3, 3, 1, 1, 3, 3, 3, -2, 3, 1, 3 ], 
          [ 1, 3, 1, 1, 1, 3, 1, 1, 3, 1, 1, 3, 1, 3, -2, 1, 1 ], [ 1, 3, 1, 3, 3, 1, 1, 3, 1, 1, 1, 3, 1, 1, 1, -2, 3 ], 
          [ 3, 3, 1, 1, 3, 3, 1, 1, 3, 3, 1, 1, 3, 3, 1, 3, -2 ] ] ], 
  [ [ 0, 374 ], [ [ -2, 1, 1, 1, 1, 3, 3, 3, 1, 1, 3, 3, 1, 3, 1, 1, 1 ], [ 1, -2, 3, 1, 1, 3, 3, 3, 3, 1, 3, 1, 3, 3, 1, 1, 1 ], 
          [ 1, 3, -2, 3, 3, 3, 1, 1, 1, 3, 1, 3, 1, 3, 1, 3, 3 ], [ 1, 1, 3, -2, 1, 3, 3, 1, 3, 1, 3, 1, 3, 3, 3, 1, 1 ], 
          [ 1, 1, 3, 1, -2, 3, 3, 1, 3, 1, 3, 1, 3, 3, 3, 1, 1 ], [ 3, 3, 3, 3, 3, -2, 1, 3, 1, 3, 3, 3, 1, 1, 3, 1, 3 ], 
          [ 3, 3, 1, 3, 3, 1, -2, 3, 3, 3, 1, 3, 1, 1, 3, 1, 3 ], [ 3, 3, 1, 1, 1, 3, 3, -2, 3, 1, 1, 1, 3, 3, 3, 3, 3 ], 
          [ 1, 3, 1, 3, 3, 1, 3, 3, -2, 3, 3, 3, 1, 1, 1, 3, 1 ], [ 1, 1, 3, 1, 1, 3, 3, 1, 3, -2, 1, 1, 3, 1, 3, 1, 1 ], 
          [ 3, 3, 1, 3, 3, 3, 1, 1, 3, 1, -2, 1, 3, 1, 3, 3, 3 ], [ 3, 1, 3, 1, 1, 3, 3, 1, 3, 1, 1, -2, 3, 1, 3, 1, 1 ], 
          [ 1, 3, 1, 3, 3, 1, 1, 3, 1, 3, 3, 3, -2, 1, 1, 1, 3 ], [ 3, 3, 3, 3, 3, 1, 1, 3, 1, 1, 1, 1, 1, -2, 3, 1, 1 ], 
          [ 1, 1, 1, 3, 3, 3, 3, 3, 1, 3, 3, 3, 1, 3, -2, 3, 1 ], [ 1, 1, 3, 1, 1, 1, 1, 3, 3, 1, 3, 1, 1, 1, 3, -2, 1 ], 
          [ 1, 1, 3, 1, 1, 3, 3, 3, 1, 1, 3, 1, 3, 1, 1, 1, -2 ] ] ], [ [ 0, 366 ], [ [ -2, 1, 1, 1, 1, 3, 3, 3, 1, 1, 3, 3, 1, 3, 3, 1, 3 ], 
          [ 1, -2, 3, 1, 1, 3, 3, 3, 3, 1, 3, 1, 1, 1, 1, 3, 3 ], [ 1, 3, -2, 3, 3, 3, 1, 1, 1, 3, 1, 3, 3, 3, 3, 1, 1 ], 
          [ 1, 1, 3, -2, 1, 3, 3, 1, 3, 1, 3, 1, 1, 3, 1, 3, 3 ], [ 1, 1, 3, 1, -2, 3, 3, 1, 3, 1, 3, 1, 1, 1, 3, 1, 3 ], 
          [ 3, 3, 3, 3, 3, -2, 1, 3, 1, 3, 3, 3, 1, 3, 1, 3, 1 ], [ 3, 3, 1, 3, 3, 1, -2, 3, 3, 3, 1, 3, 1, 3, 1, 3, 1 ], 
          [ 3, 3, 1, 1, 1, 3, 3, -2, 3, 1, 1, 1, 3, 1, 3, 1, 1 ], [ 1, 3, 1, 3, 3, 1, 3, 3, -2, 3, 3, 3, 3, 3, 3, 1, 3 ], 
          [ 1, 1, 3, 1, 1, 3, 3, 1, 3, -2, 1, 1, 1, 1, 3, 1, 3 ], [ 3, 3, 1, 3, 3, 3, 1, 1, 3, 1, -2, 1, 3, 1, 3, 1, 1 ], 
          [ 3, 1, 3, 1, 1, 3, 3, 1, 3, 1, 1, -2, 3, 1, 3, 3, 3 ], [ 1, 1, 3, 1, 1, 1, 1, 3, 3, 1, 3, 3, -2, 3, 1, 3, 3 ], 
          [ 3, 1, 3, 3, 1, 3, 3, 1, 3, 1, 1, 1, 3, -2, 3, 1, 1 ], [ 3, 1, 3, 1, 3, 1, 1, 3, 3, 3, 3, 3, 1, 3, -2, 3, 1 ], 
          [ 1, 3, 1, 3, 1, 3, 3, 1, 1, 1, 1, 3, 3, 1, 3, -2, 1 ], [ 3, 3, 1, 3, 3, 1, 1, 1, 3, 3, 1, 3, 3, 1, 1, 1, -2 ] ] ], 
  [ [ 0, 470 ], [ [ -2, 1, 1, 1, 1, 3, 3, 3, 1, 1, 3, 1, 1, 1, 1, 3, 3 ], [ 1, -2, 3, 1, 1, 3, 3, 3, 3, 1, 3, 1, 3, 1, 3, 1, 1 ], 
          [ 1, 3, -2, 3, 3, 3, 1, 1, 1, 3, 1, 1, 1, 3, 1, 3, 3 ], [ 1, 1, 3, -2, 1, 3, 3, 1, 3, 1, 3, 3, 3, 3, 1, 3, 3 ], 
          [ 1, 1, 3, 1, -2, 3, 3, 1, 3, 1, 3, 3, 3, 1, 3, 1, 3 ], [ 3, 3, 3, 3, 3, -2, 1, 3, 1, 3, 3, 3, 3, 1, 3, 1, 1 ], 
          [ 3, 3, 1, 3, 3, 1, -2, 3, 3, 3, 1, 3, 1, 3, 3, 1, 3 ], [ 3, 3, 1, 1, 1, 3, 3, -2, 3, 1, 1, 3, 3, 3, 1, 3, 3 ], 
          [ 1, 3, 1, 3, 3, 1, 3, 3, -2, 3, 3, 1, 1, 1, 1, 3, 1 ], [ 1, 1, 3, 1, 1, 3, 3, 1, 3, -2, 1, 3, 1, 1, 1, 3, 3 ], 
          [ 3, 3, 1, 3, 3, 3, 1, 1, 3, 1, -2, 3, 1, 3, 1, 3, 3 ], [ 1, 1, 1, 3, 3, 3, 3, 3, 1, 3, 3, -2, 1, 1, 1, 1, 1 ], 
          [ 1, 3, 1, 3, 3, 3, 1, 3, 1, 1, 1, 1, -2, 1, 1, 3, 3 ], [ 1, 1, 3, 3, 1, 1, 3, 3, 1, 1, 3, 1, 1, -2, 3, 1, 1 ], 
          [ 1, 3, 1, 1, 3, 3, 3, 1, 1, 1, 1, 1, 1, 3, -2, 3, 3 ], [ 3, 1, 3, 3, 1, 1, 1, 3, 3, 3, 3, 1, 3, 1, 3, -2, 1 ], 
          [ 3, 1, 3, 3, 3, 1, 3, 3, 1, 3, 3, 1, 3, 1, 3, 1, -2 ] ] ], 
  [ [ 0, 571 ], [ [ -2, 1, 1, 1, 1, 3, 3, 3, 1, 1, 3, 1, 3, 1, 3, 1, 3 ], [ 1, -2, 3, 1, 1, 3, 3, 3, 3, 1, 3, 3, 1, 3, 1, 1, 3 ], 
          [ 1, 3, -2, 3, 3, 3, 1, 1, 1, 3, 1, 1, 3, 1, 3, 3, 1 ], [ 1, 1, 3, -2, 1, 3, 3, 1, 3, 1, 3, 1, 1, 3, 1, 1, 3 ], 
          [ 1, 1, 3, 1, -2, 3, 3, 1, 3, 1, 3, 3, 1, 3, 3, 1, 1 ], [ 3, 3, 3, 3, 3, -2, 1, 3, 1, 3, 3, 3, 3, 3, 1, 3, 3 ], 
          [ 3, 3, 1, 3, 3, 1, -2, 3, 3, 3, 1, 3, 3, 1, 1, 3, 1 ], [ 3, 3, 1, 1, 1, 3, 3, -2, 3, 1, 1, 1, 1, 3, 3, 3, 1 ], 
          [ 1, 3, 1, 3, 3, 1, 3, 3, -2, 3, 3, 1, 3, 1, 3, 1, 3 ], [ 1, 1, 3, 1, 1, 3, 3, 1, 3, -2, 1, 1, 1, 1, 3, 1, 3 ], 
          [ 3, 3, 1, 3, 3, 3, 1, 1, 3, 1, -2, 1, 3, 1, 3, 3, 1 ], [ 1, 3, 1, 1, 3, 3, 3, 1, 1, 1, 1, -2, 3, 1, 3, 1, 3 ], 
          [ 3, 1, 3, 1, 1, 3, 3, 1, 3, 1, 3, 3, -2, 3, 1, 1, 3 ], [ 1, 3, 1, 3, 3, 3, 1, 3, 1, 1, 1, 1, 3, -2, 3, 1, 1 ], 
          [ 3, 1, 3, 1, 3, 1, 1, 3, 3, 3, 3, 3, 1, 3, -2, 1, 3 ], [ 1, 1, 3, 1, 1, 3, 3, 3, 1, 1, 3, 1, 1, 1, 1, -2, 3 ], 
          [ 3, 3, 1, 3, 1, 3, 1, 1, 3, 3, 1, 3, 3, 1, 3, 3, -2 ] ] ], [ [ 0, 595 ], [ [ -2, 1, 1, 1, 1, 3, 3, 3, 1, 1, 3, 1, 3, 3, 3, 1, 3 ], 
          [ 1, -2, 3, 1, 1, 3, 3, 3, 3, 1, 3, 3, 1, 3, 3, 3, 3 ], [ 1, 3, -2, 3, 3, 3, 1, 1, 1, 3, 1, 1, 3, 3, 1, 1, 3 ], 
          [ 1, 1, 3, -2, 1, 3, 3, 1, 3, 1, 3, 1, 1, 1, 3, 3, 3 ], [ 1, 1, 3, 1, -2, 3, 3, 1, 3, 1, 3, 3, 3, 3, 3, 1, 3 ], 
          [ 3, 3, 3, 3, 3, -2, 1, 3, 1, 3, 3, 3, 1, 3, 1, 3, 1 ], [ 3, 3, 1, 3, 3, 1, -2, 3, 3, 3, 1, 3, 1, 3, 1, 3, 1 ], 
          [ 3, 3, 1, 1, 1, 3, 3, -2, 3, 1, 1, 1, 3, 1, 1, 1, 3 ], [ 1, 3, 1, 3, 3, 1, 3, 3, -2, 3, 3, 1, 3, 3, 3, 1, 3 ], 
          [ 1, 1, 3, 1, 1, 3, 3, 1, 3, -2, 1, 1, 3, 1, 3, 1, 3 ], [ 3, 3, 1, 3, 3, 3, 1, 1, 3, 1, -2, 1, 3, 1, 1, 1, 3 ], 
          [ 1, 3, 1, 1, 3, 3, 3, 1, 1, 1, 1, -2, 3, 1, 3, 1, 3 ], [ 3, 1, 3, 1, 3, 1, 1, 3, 3, 3, 3, 3, -2, 1, 1, 3, 1 ], 
          [ 3, 3, 3, 1, 3, 3, 3, 1, 3, 1, 1, 1, 1, -2, 1, 1, 1 ], [ 3, 3, 1, 3, 3, 1, 1, 1, 3, 3, 1, 3, 1, 1, -2, 1, 1 ], 
          [ 1, 3, 1, 3, 1, 3, 3, 1, 1, 1, 1, 1, 3, 1, 1, -2, 3 ], [ 3, 3, 3, 3, 3, 1, 1, 3, 3, 3, 3, 3, 1, 1, 1, 3, -2 ] ] ], 
  [ [ 0, 355 ], [ [ -2, 1, 1, 1, 1, 3, 3, 3, 1, 1, 3, 3, 1, 3, 3, 1, 1 ], [ 1, -2, 3, 1, 1, 3, 3, 3, 3, 1, 3, 3, 1, 3, 1, 3, 3 ], 
          [ 1, 3, -2, 3, 3, 3, 1, 1, 1, 3, 1, 1, 3, 1, 3, 1, 1 ], [ 1, 1, 3, -2, 1, 3, 3, 1, 3, 1, 3, 1, 3, 3, 3, 3, 3 ], 
          [ 1, 1, 3, 1, -2, 3, 3, 1, 3, 1, 3, 3, 1, 3, 3, 3, 1 ], [ 3, 3, 3, 3, 3, -2, 1, 3, 1, 3, 3, 3, 1, 1, 1, 1, 3 ], 
          [ 3, 3, 1, 3, 3, 1, -2, 3, 3, 3, 1, 1, 3, 1, 1, 1, 3 ], [ 3, 3, 1, 1, 1, 3, 3, -2, 3, 1, 1, 1, 3, 1, 3, 3, 1 ], 
          [ 1, 3, 1, 3, 3, 1, 3, 3, -2, 3, 3, 3, 1, 3, 3, 1, 1 ], [ 1, 1, 3, 1, 1, 3, 3, 1, 3, -2, 1, 3, 1, 3, 1, 1, 1 ], 
          [ 3, 3, 1, 3, 3, 3, 1, 1, 3, 1, -2, 1, 3, 1, 1, 1, 1 ], [ 3, 3, 1, 1, 3, 3, 1, 1, 3, 3, 1, -2, 3, 1, 3, 3, 3 ], 
          [ 1, 1, 3, 3, 1, 1, 3, 3, 1, 1, 3, 3, -2, 3, 1, 1, 1 ], [ 3, 3, 1, 3, 3, 1, 1, 1, 3, 3, 1, 1, 3, -2, 1, 3, 3 ], 
          [ 3, 1, 3, 3, 3, 1, 1, 3, 3, 1, 1, 3, 1, 1, -2, 1, 3 ], [ 1, 3, 1, 3, 3, 1, 1, 3, 1, 1, 1, 3, 1, 3, 1, -2, 1 ], 
          [ 1, 3, 1, 3, 1, 3, 3, 1, 1, 1, 1, 3, 1, 3, 3, 1, -2 ] ] ], 
  [ [ 0, 248 ], [ [ -2, 1, 1, 1, 1, 3, 3, 3, 1, 1, 3, 3, 3, 3, 3, 3, 3 ], [ 1, -2, 3, 1, 1, 3, 3, 3, 3, 1, 3, 3, 3, 1, 1, 1, 1 ], 
          [ 1, 3, -2, 3, 3, 3, 1, 1, 1, 3, 1, 1, 1, 3, 3, 3, 3 ], [ 1, 1, 3, -2, 1, 3, 3, 1, 3, 1, 3, 1, 3, 3, 3, 1, 1 ], 
          [ 1, 1, 3, 1, -2, 3, 3, 1, 3, 1, 3, 3, 1, 3, 1, 1, 3 ], [ 3, 3, 3, 3, 3, -2, 1, 3, 1, 3, 3, 3, 3, 1, 3, 3, 3 ], 
          [ 3, 3, 1, 3, 3, 1, -2, 3, 3, 3, 1, 1, 1, 3, 3, 3, 3 ], [ 3, 3, 1, 1, 1, 3, 3, -2, 3, 1, 1, 1, 1, 3, 1, 1, 1 ], 
          [ 1, 3, 1, 3, 3, 1, 3, 3, -2, 3, 3, 3, 3, 1, 3, 3, 3 ], [ 1, 1, 3, 1, 1, 3, 3, 1, 3, -2, 1, 3, 3, 3, 1, 1, 1 ], 
          [ 3, 3, 1, 3, 3, 3, 1, 1, 3, 1, -2, 1, 1, 3, 1, 1, 1 ], [ 3, 3, 1, 1, 3, 3, 1, 1, 3, 3, 1, -2, 1, 3, 3, 1, 1 ], 
          [ 3, 3, 1, 3, 1, 3, 1, 1, 3, 3, 1, 1, -2, 3, 1, 1, 3 ], [ 3, 1, 3, 3, 3, 1, 3, 3, 1, 3, 3, 3, 3, -2, 1, 1, 1 ], 
          [ 3, 1, 3, 3, 1, 3, 3, 1, 3, 1, 1, 3, 1, 1, -2, 1, 1 ], [ 3, 1, 3, 1, 1, 3, 3, 1, 3, 1, 1, 1, 1, 1, 1, -2, 1 ], 
          [ 3, 1, 3, 1, 3, 3, 3, 1, 3, 1, 1, 1, 3, 1, 1, 1, -2 ] ] ], [ [ 0, 340 ], [ [ -2, 1, 1, 1, 1, 3, 3, 3, 1, 1, 1, 3, 3, 3, 1, 3, 3 ], 
          [ 1, -2, 3, 1, 1, 3, 3, 3, 3, 1, 1, 3, 3, 3, 3, 3, 1 ], [ 1, 3, -2, 3, 3, 3, 1, 1, 1, 3, 3, 3, 1, 3, 1, 1, 3 ], 
          [ 1, 1, 3, -2, 1, 3, 3, 1, 3, 1, 1, 1, 3, 3, 1, 3, 3 ], [ 1, 1, 3, 1, -2, 3, 3, 1, 3, 1, 1, 1, 3, 3, 1, 1, 1 ], 
          [ 3, 3, 3, 3, 3, -2, 1, 3, 1, 3, 3, 1, 1, 1, 3, 1, 1 ], [ 3, 3, 1, 3, 3, 1, -2, 3, 3, 3, 1, 1, 1, 1, 3, 1, 1 ], 
          [ 3, 3, 1, 1, 1, 3, 3, -2, 3, 1, 3, 1, 1, 3, 1, 1, 3 ], [ 1, 3, 1, 3, 3, 1, 3, 3, -2, 3, 3, 3, 1, 3, 1, 1, 3 ], 
          [ 1, 1, 3, 1, 1, 3, 3, 1, 3, -2, 1, 1, 1, 3, 3, 3, 3 ], [ 1, 1, 3, 1, 1, 3, 1, 3, 3, 1, -2, 1, 3, 1, 3, 3, 1 ], 
          [ 3, 3, 3, 1, 1, 1, 1, 1, 3, 1, 1, -2, 1, 1, 3, 1, 1 ], [ 3, 3, 1, 3, 3, 1, 1, 1, 1, 1, 3, 1, -2, 3, 3, 1, 3 ], 
          [ 3, 3, 3, 3, 3, 1, 1, 3, 3, 3, 1, 1, 3, -2, 3, 3, 1 ], [ 1, 3, 1, 1, 1, 3, 3, 1, 1, 3, 3, 3, 3, 3, -2, 1, 3 ], 
          [ 3, 3, 1, 3, 1, 1, 1, 1, 1, 3, 3, 1, 1, 3, 1, -2, 1 ], [ 3, 1, 3, 3, 1, 1, 1, 3, 3, 3, 1, 1, 3, 1, 3, 1, -2 ] ] ], 
  [ [ 0, 554 ], [ [ -2, 1, 1, 1, 1, 3, 3, 3, 1, 1, 1, 3, 3, 1, 3, 1, 1 ], [ 1, -2, 3, 1, 1, 3, 3, 3, 3, 1, 1, 3, 1, 1, 3, 1, 1 ], 
          [ 1, 3, -2, 3, 3, 3, 1, 1, 1, 3, 3, 1, 3, 3, 1, 3, 3 ], [ 1, 1, 3, -2, 1, 3, 3, 1, 3, 1, 1, 3, 3, 1, 1, 3, 1 ], 
          [ 1, 1, 3, 1, -2, 3, 3, 1, 3, 1, 1, 3, 3, 1, 3, 1, 1 ], [ 3, 3, 3, 3, 3, -2, 1, 3, 1, 3, 3, 3, 1, 1, 3, 1, 3 ], 
          [ 3, 3, 1, 3, 3, 1, -2, 3, 3, 3, 1, 1, 3, 1, 1, 3, 3 ], [ 3, 3, 1, 1, 1, 3, 3, -2, 3, 1, 3, 1, 3, 3, 1, 3, 3 ], 
          [ 1, 3, 1, 3, 3, 1, 3, 3, -2, 3, 3, 3, 1, 3, 3, 1, 1 ], [ 1, 1, 3, 1, 1, 3, 3, 1, 3, -2, 1, 1, 3, 1, 3, 1, 1 ], 
          [ 1, 1, 3, 1, 1, 3, 1, 3, 3, 1, -2, 1, 3, 1, 3, 3, 1 ], [ 3, 3, 1, 3, 3, 3, 1, 1, 3, 1, 1, -2, 3, 3, 1, 3, 3 ], 
          [ 3, 1, 3, 3, 3, 1, 3, 3, 1, 3, 3, 3, -2, 3, 3, 1, 3 ], [ 1, 1, 3, 1, 1, 1, 1, 3, 3, 1, 1, 3, 3, -2, 3, 1, 1 ], 
          [ 3, 3, 1, 1, 3, 3, 1, 1, 3, 3, 3, 1, 3, 3, -2, 3, 3 ], [ 1, 1, 3, 3, 1, 1, 3, 3, 1, 1, 3, 3, 1, 1, 3, -2, 1 ], 
          [ 1, 1, 3, 1, 1, 3, 3, 3, 1, 1, 1, 3, 3, 1, 3, 1, -2 ] ] ], 
  [ [ 0, 356 ], [ [ -2, 1, 1, 1, 1, 3, 3, 3, 1, 1, 1, 3, 3, 3, 1, 3, 1 ], [ 1, -2, 3, 1, 1, 3, 3, 3, 3, 1, 1, 1, 1, 3, 1, 1, 1 ], 
          [ 1, 3, -2, 3, 3, 3, 1, 1, 1, 3, 3, 3, 3, 1, 3, 3, 1 ], [ 1, 1, 3, -2, 1, 3, 3, 1, 3, 1, 1, 3, 1, 3, 1, 3, 1 ], 
          [ 1, 1, 3, 1, -2, 3, 3, 1, 3, 1, 1, 1, 1, 1, 1, 3, 1 ], [ 3, 3, 3, 3, 3, -2, 1, 3, 1, 3, 3, 1, 3, 3, 3, 1, 3 ], 
          [ 3, 3, 1, 3, 3, 1, -2, 3, 3, 3, 1, 1, 3, 1, 3, 3, 3 ], [ 3, 3, 1, 1, 1, 3, 3, -2, 3, 1, 3, 3, 1, 1, 3, 3, 1 ], 
          [ 1, 3, 1, 3, 3, 1, 3, 3, -2, 3, 3, 3, 3, 3, 1, 1, 1 ], [ 1, 1, 3, 1, 1, 3, 3, 1, 3, -2, 1, 3, 1, 3, 1, 3, 1 ], 
          [ 1, 1, 3, 1, 1, 3, 1, 3, 3, 1, -2, 1, 1, 1, 1, 3, 3 ], [ 3, 1, 3, 3, 1, 1, 1, 3, 3, 3, 1, -2, 1, 1, 3, 1, 3 ], 
          [ 3, 1, 3, 1, 1, 3, 3, 1, 3, 1, 1, 1, -2, 1, 1, 3, 1 ], [ 3, 3, 1, 3, 1, 3, 1, 1, 3, 3, 1, 1, 1, -2, 3, 3, 3 ], 
          [ 1, 1, 3, 1, 1, 3, 3, 3, 1, 1, 1, 3, 1, 3, -2, 3, 1 ], [ 3, 1, 3, 3, 3, 1, 3, 3, 1, 3, 3, 1, 3, 3, 3, -2, 3 ], 
          [ 1, 1, 1, 1, 1, 3, 3, 1, 1, 1, 3, 3, 1, 3, 1, 3, -2 ] ] ], [ [ 0, 452 ], [ [ -2, 1, 1, 1, 1, 3, 3, 3, 1, 1, 1, 3, 1, 3, 1, 3, 3 ], 
          [ 1, -2, 3, 1, 1, 3, 3, 3, 3, 1, 3, 3, 3, 3, 1, 1, 1 ], [ 1, 3, -2, 3, 3, 3, 1, 1, 1, 3, 1, 1, 1, 3, 3, 3, 3 ], 
          [ 1, 1, 3, -2, 1, 3, 3, 1, 3, 1, 1, 3, 1, 3, 1, 1, 1 ], [ 1, 1, 3, 1, -2, 3, 3, 1, 3, 1, 3, 1, 3, 3, 1, 1, 1 ], 
          [ 3, 3, 3, 3, 3, -2, 1, 3, 1, 3, 1, 3, 3, 1, 3, 3, 3 ], [ 3, 3, 1, 3, 3, 1, -2, 3, 3, 3, 1, 1, 3, 1, 1, 3, 3 ], 
          [ 3, 3, 1, 1, 1, 3, 3, -2, 3, 1, 3, 1, 1, 3, 3, 1, 1 ], [ 1, 3, 1, 3, 3, 1, 3, 3, -2, 3, 1, 3, 1, 3, 3, 3, 3 ], 
          [ 1, 1, 3, 1, 1, 3, 3, 1, 3, -2, 3, 3, 1, 3, 1, 1, 1 ], [ 1, 3, 1, 1, 3, 1, 1, 3, 1, 3, -2, 3, 1, 3, 3, 3, 3 ], 
          [ 3, 3, 1, 3, 1, 3, 1, 1, 3, 3, 3, -2, 3, 1, 1, 1, 3 ], [ 1, 3, 1, 1, 3, 3, 3, 1, 1, 1, 1, 3, -2, 3, 3, 3, 1 ], 
          [ 3, 3, 3, 3, 3, 1, 1, 3, 3, 3, 3, 1, 3, -2, 1, 3, 3 ], [ 1, 1, 3, 1, 1, 3, 1, 3, 3, 1, 3, 1, 3, 1, -2, 1, 3 ], 
          [ 3, 1, 3, 1, 1, 3, 3, 1, 3, 1, 3, 1, 3, 3, 1, -2, 1 ], [ 3, 1, 3, 1, 1, 3, 3, 1, 3, 1, 3, 3, 1, 3, 3, 1, -2 ] ] ], 
  [ [ 0, 328 ], [ [ -2, 1, 1, 1, 1, 3, 3, 3, 1, 1, 1, 3, 1, 3, 1, 3, 1 ], [ 1, -2, 3, 1, 1, 3, 3, 3, 3, 1, 3, 3, 3, 3, 1, 1, 3 ], 
          [ 1, 3, -2, 3, 3, 3, 1, 1, 1, 3, 1, 1, 1, 3, 3, 3, 1 ], [ 1, 1, 3, -2, 1, 3, 3, 1, 3, 1, 1, 3, 1, 3, 1, 1, 1 ], 
          [ 1, 1, 3, 1, -2, 3, 3, 1, 3, 1, 3, 1, 3, 3, 1, 1, 1 ], [ 3, 3, 3, 3, 3, -2, 1, 3, 1, 3, 1, 3, 3, 1, 3, 3, 3 ], 
          [ 3, 3, 1, 3, 3, 1, -2, 3, 3, 3, 1, 1, 3, 1, 1, 3, 1 ], [ 3, 3, 1, 1, 1, 3, 3, -2, 3, 1, 3, 1, 1, 3, 3, 1, 1 ], 
          [ 1, 3, 1, 3, 3, 1, 3, 3, -2, 3, 1, 3, 1, 3, 3, 3, 3 ], [ 1, 1, 3, 1, 1, 3, 3, 1, 3, -2, 3, 3, 1, 3, 1, 1, 1 ], 
          [ 1, 3, 1, 1, 3, 1, 1, 3, 1, 3, -2, 3, 1, 3, 3, 3, 1 ], [ 3, 3, 1, 3, 1, 3, 1, 1, 3, 3, 3, -2, 3, 1, 1, 1, 1 ], 
          [ 1, 3, 1, 1, 3, 3, 3, 1, 1, 1, 1, 3, -2, 3, 3, 3, 1 ], [ 3, 3, 3, 3, 3, 1, 1, 3, 3, 3, 3, 1, 3, -2, 1, 3, 3 ], 
          [ 1, 1, 3, 1, 1, 3, 1, 3, 3, 1, 3, 1, 3, 1, -2, 1, 1 ], [ 3, 1, 3, 1, 1, 3, 3, 1, 3, 1, 3, 1, 3, 3, 1, -2, 1 ], 
          [ 1, 3, 1, 1, 1, 3, 1, 1, 3, 1, 1, 1, 1, 3, 1, 1, -2 ] ] ], 
  [ [ 0, 285 ], [ [ -2, 1, 1, 1, 1, 3, 3, 3, 1, 1, 3, 1, 3, 3, 1, 1, 1 ], [ 1, -2, 3, 1, 1, 3, 3, 3, 3, 1, 3, 1, 1, 1, 1, 3, 1 ], 
          [ 1, 3, -2, 3, 3, 3, 1, 1, 1, 3, 1, 3, 3, 3, 1, 1, 3 ], [ 1, 1, 3, -2, 1, 3, 3, 1, 3, 1, 3, 1, 1, 3, 1, 1, 1 ], 
          [ 1, 1, 3, 1, -2, 3, 3, 1, 3, 1, 3, 3, 1, 1, 1, 1, 3 ], [ 3, 3, 3, 3, 3, -2, 1, 3, 1, 3, 1, 1, 3, 1, 3, 3, 3 ], 
          [ 3, 3, 1, 3, 3, 1, -2, 3, 3, 3, 1, 3, 3, 1, 3, 3, 3 ], [ 3, 3, 1, 1, 1, 3, 3, -2, 3, 1, 1, 3, 1, 3, 1, 1, 3 ], 
          [ 1, 3, 1, 3, 3, 1, 3, 3, -2, 3, 1, 1, 3, 3, 1, 1, 3 ], [ 1, 1, 3, 1, 1, 3, 3, 1, 3, -2, 1, 1, 1, 3, 1, 3, 1 ], 
          [ 3, 3, 1, 3, 3, 1, 1, 1, 1, 1, -2, 1, 3, 3, 1, 3, 3 ], [ 1, 1, 3, 1, 3, 1, 3, 3, 1, 1, 1, -2, 3, 3, 1, 3, 1 ], 
          [ 3, 1, 3, 1, 1, 3, 3, 1, 3, 1, 3, 3, -2, 1, 1, 1, 3 ], [ 3, 1, 3, 3, 1, 1, 1, 3, 3, 3, 3, 3, 1, -2, 3, 3, 3 ], 
          [ 1, 1, 1, 1, 1, 3, 3, 1, 1, 1, 1, 1, 1, 3, -2, 1, 3 ], [ 1, 3, 1, 1, 1, 3, 3, 1, 1, 3, 3, 3, 1, 3, 1, -2, 3 ], 
          [ 1, 1, 3, 1, 3, 3, 3, 3, 3, 1, 3, 1, 3, 3, 3, 3, -2 ] ] ], [ [ 0, 265 ], [ [ -2, 1, 1, 1, 1, 3, 3, 3, 1, 1, 3, 1, 3, 3, 1, 1, 3 ], 
          [ 1, -2, 3, 1, 1, 3, 3, 3, 3, 1, 3, 3, 3, 1, 1, 3, 3 ], [ 1, 3, -2, 3, 3, 3, 1, 1, 1, 3, 1, 1, 3, 3, 3, 1, 1 ], 
          [ 1, 1, 3, -2, 1, 3, 3, 1, 3, 1, 3, 3, 1, 1, 3, 1, 3 ], [ 1, 1, 3, 1, -2, 3, 3, 1, 3, 1, 1, 1, 3, 1, 1, 3, 3 ], 
          [ 3, 3, 3, 3, 3, -2, 1, 3, 1, 3, 3, 3, 1, 3, 1, 3, 1 ], [ 3, 3, 1, 3, 3, 1, -2, 3, 3, 3, 1, 3, 1, 3, 3, 3, 1 ], 
          [ 3, 3, 1, 1, 1, 3, 3, -2, 3, 1, 1, 1, 3, 1, 3, 1, 1 ], [ 1, 3, 1, 3, 3, 1, 3, 3, -2, 3, 3, 1, 1, 3, 1, 1, 3 ], 
          [ 1, 1, 3, 1, 1, 3, 3, 1, 3, -2, 3, 1, 3, 1, 1, 1, 3 ], [ 3, 3, 1, 3, 1, 3, 1, 1, 3, 3, -2, 1, 3, 3, 3, 3, 1 ], 
          [ 1, 3, 1, 3, 1, 3, 3, 1, 1, 1, 1, -2, 3, 3, 1, 1, 3 ], [ 3, 3, 3, 1, 3, 1, 1, 3, 1, 3, 3, 3, -2, 1, 3, 1, 3 ], 
          [ 3, 1, 3, 1, 1, 3, 3, 1, 3, 1, 3, 3, 1, -2, 3, 1, 3 ], [ 1, 1, 3, 3, 1, 1, 3, 3, 1, 1, 3, 1, 3, 3, -2, 3, 3 ], 
          [ 1, 3, 1, 1, 3, 3, 3, 1, 1, 1, 3, 1, 1, 1, 3, -2, 3 ], [ 3, 3, 1, 3, 3, 1, 1, 1, 3, 3, 1, 3, 3, 3, 3, 3, -2 ] ] ], 
  [ [ 0, 400 ], [ [ -2, 1, 1, 1, 1, 3, 3, 3, 1, 1, 3, 1, 3, 1, 1, 1, 1 ], [ 1, -2, 3, 1, 1, 3, 3, 3, 3, 1, 3, 3, 1, 1, 1, 3, 1 ], 
          [ 1, 3, -2, 3, 3, 3, 1, 1, 1, 3, 1, 1, 3, 3, 3, 1, 1 ], [ 1, 1, 3, -2, 1, 3, 3, 1, 3, 1, 3, 3, 3, 1, 1, 1, 1 ], 
          [ 1, 1, 3, 1, -2, 3, 3, 1, 3, 1, 1, 1, 1, 3, 1, 1, 1 ], [ 3, 3, 3, 3, 3, -2, 1, 3, 1, 3, 3, 3, 1, 1, 1, 3, 3 ], 
          [ 3, 3, 1, 3, 3, 1, -2, 3, 3, 3, 1, 3, 1, 3, 1, 1, 3 ], [ 3, 3, 1, 1, 1, 3, 3, -2, 3, 1, 1, 1, 3, 3, 3, 1, 1 ], 
          [ 1, 3, 1, 3, 3, 1, 3, 3, -2, 3, 3, 1, 3, 1, 3, 3, 1 ], [ 1, 1, 3, 1, 1, 3, 3, 1, 3, -2, 3, 1, 3, 1, 1, 1, 1 ], 
          [ 3, 3, 1, 3, 1, 3, 1, 1, 3, 3, -2, 1, 1, 3, 3, 1, 1 ], [ 1, 3, 1, 3, 1, 3, 3, 1, 1, 1, 1, -2, 3, 3, 3, 1, 1 ], 
          [ 3, 1, 3, 3, 1, 1, 1, 3, 3, 3, 1, 3, -2, 3, 1, 3, 3 ], [ 1, 1, 3, 1, 3, 1, 3, 3, 1, 1, 3, 3, 3, -2, 1, 3, 1 ], 
          [ 1, 1, 3, 1, 1, 1, 1, 3, 3, 1, 3, 3, 1, 1, -2, 1, 3 ], [ 1, 3, 1, 1, 1, 3, 1, 1, 3, 1, 1, 1, 3, 3, 1, -2, 1 ], 
          [ 1, 1, 1, 1, 1, 3, 3, 1, 1, 1, 1, 1, 3, 1, 3, 1, -2 ] ] ], 
  [ [ 0, 154 ], [ [ -2, 1, 1, 1, 1, 3, 3, 3, 1, 1, 3, 1, 3, 1, 1, 1, 3 ], [ 1, -2, 3, 1, 1, 3, 3, 3, 3, 1, 3, 3, 1, 1, 1, 3, 3 ], 
          [ 1, 3, -2, 3, 3, 3, 1, 1, 1, 3, 1, 1, 3, 3, 3, 1, 1 ], [ 1, 1, 3, -2, 1, 3, 3, 1, 3, 1, 3, 3, 3, 1, 1, 1, 3 ], 
          [ 1, 1, 3, 1, -2, 3, 3, 1, 3, 1, 1, 1, 1, 3, 1, 1, 3 ], [ 3, 3, 3, 3, 3, -2, 1, 3, 1, 3, 3, 3, 1, 1, 1, 3, 3 ], 
          [ 3, 3, 1, 3, 3, 1, -2, 3, 3, 3, 1, 3, 1, 3, 1, 1, 1 ], [ 3, 3, 1, 1, 1, 3, 3, -2, 3, 1, 1, 1, 3, 3, 3, 1, 1 ], 
          [ 1, 3, 1, 3, 3, 1, 3, 3, -2, 3, 3, 1, 3, 1, 3, 3, 3 ], [ 1, 1, 3, 1, 1, 3, 3, 1, 3, -2, 3, 1, 3, 1, 1, 1, 1 ], 
          [ 3, 3, 1, 3, 1, 3, 1, 1, 3, 3, -2, 1, 1, 3, 3, 1, 1 ], [ 1, 3, 1, 3, 1, 3, 3, 1, 1, 1, 1, -2, 3, 3, 3, 1, 1 ], 
          [ 3, 1, 3, 3, 1, 1, 1, 3, 3, 3, 1, 3, -2, 3, 1, 3, 3 ], [ 1, 1, 3, 1, 3, 1, 3, 3, 1, 1, 3, 3, 3, -2, 1, 3, 3 ], 
          [ 1, 1, 3, 1, 1, 1, 1, 3, 3, 1, 3, 3, 1, 1, -2, 1, 3 ], [ 1, 3, 1, 1, 1, 3, 1, 1, 3, 1, 1, 1, 3, 3, 1, -2, 1 ], 
          [ 3, 3, 1, 3, 3, 3, 1, 1, 3, 1, 1, 1, 3, 3, 3, 1, -2 ] ] ], [ [ 0, 794 ], [ [ -2, 1, 1, 1, 1, 3, 3, 3, 1, 1, 3, 1, 3, 1, 1, 1, 1 ], 
          [ 1, -2, 3, 1, 1, 3, 3, 3, 3, 1, 3, 3, 3, 1, 1, 3, 1 ], [ 1, 3, -2, 3, 3, 3, 1, 1, 1, 3, 1, 1, 1, 1, 1, 1, 3 ], 
          [ 1, 1, 3, -2, 1, 3, 3, 1, 3, 1, 3, 3, 3, 1, 1, 3, 1 ], [ 1, 1, 3, 1, -2, 3, 3, 1, 3, 1, 1, 1, 3, 1, 3, 3, 1 ], 
          [ 3, 3, 3, 3, 3, -2, 1, 3, 1, 3, 3, 3, 1, 3, 3, 1, 1 ], [ 3, 3, 1, 3, 3, 1, -2, 3, 3, 3, 1, 3, 3, 3, 1, 1, 1 ], 
          [ 3, 3, 1, 1, 1, 3, 3, -2, 3, 1, 1, 1, 1, 1, 3, 3, 3 ], [ 1, 3, 1, 3, 3, 1, 3, 3, -2, 3, 3, 1, 1, 3, 3, 1, 3 ], 
          [ 1, 1, 3, 1, 1, 3, 3, 1, 3, -2, 3, 1, 3, 3, 3, 3, 1 ], [ 3, 3, 1, 3, 1, 3, 1, 1, 3, 3, -2, 1, 1, 1, 3, 3, 3 ], 
          [ 1, 3, 1, 3, 1, 3, 3, 1, 1, 1, 1, -2, 1, 1, 3, 3, 3 ], [ 3, 3, 1, 3, 3, 1, 3, 1, 1, 3, 1, 1, -2, 1, 3, 3, 3 ], 
          [ 1, 1, 1, 1, 1, 3, 3, 1, 3, 3, 1, 1, 1, -2, 1, 3, 3 ], [ 1, 1, 1, 1, 3, 3, 1, 3, 3, 3, 3, 3, 3, 1, -2, 1, 1 ], 
          [ 1, 3, 1, 3, 3, 1, 1, 3, 1, 3, 3, 3, 3, 3, 1, -2, 1 ], [ 1, 1, 3, 1, 1, 1, 1, 3, 3, 1, 3, 3, 3, 3, 1, 1, -2 ] ] ], 
  [ [ 0, 269 ], [ [ -2, 1, 1, 1, 1, 3, 3, 3, 1, 1, 3, 1, 1, 1, 1, 3, 3 ], [ 1, -2, 3, 1, 1, 3, 3, 3, 3, 1, 3, 1, 1, 1, 3, 3, 3 ], 
          [ 1, 3, -2, 3, 3, 3, 1, 1, 1, 3, 1, 1, 3, 3, 1, 3, 3 ], [ 1, 1, 3, -2, 1, 3, 3, 1, 3, 1, 3, 1, 1, 3, 1, 3, 1 ], 
          [ 1, 1, 3, 1, -2, 3, 3, 1, 3, 1, 1, 1, 1, 1, 1, 1, 1 ], [ 3, 3, 3, 3, 3, -2, 1, 3, 1, 3, 3, 3, 1, 1, 3, 1, 1 ], 
          [ 3, 3, 1, 3, 3, 1, -2, 3, 3, 3, 1, 1, 3, 3, 1, 1, 1 ], [ 3, 3, 1, 1, 1, 3, 3, -2, 3, 1, 1, 1, 3, 3, 1, 3, 1 ], 
          [ 1, 3, 1, 3, 3, 1, 3, 3, -2, 3, 3, 3, 1, 1, 3, 1, 3 ], [ 1, 1, 3, 1, 1, 3, 3, 1, 3, -2, 3, 1, 3, 1, 1, 3, 1 ], 
          [ 3, 3, 1, 3, 1, 3, 1, 1, 3, 3, -2, 1, 3, 3, 1, 1, 1 ], [ 1, 1, 1, 1, 1, 3, 1, 1, 3, 1, 1, -2, 3, 3, 1, 3, 1 ], 
          [ 1, 1, 3, 1, 1, 1, 3, 3, 1, 3, 3, 3, -2, 1, 3, 1, 3 ], [ 1, 1, 3, 3, 1, 1, 3, 3, 1, 1, 3, 3, 1, -2, 3, 1, 3 ], 
          [ 1, 3, 1, 1, 1, 3, 1, 1, 3, 1, 1, 1, 3, 3, -2, 3, 1 ], [ 3, 3, 3, 3, 1, 1, 1, 3, 1, 3, 1, 3, 1, 1, 3, -2, 1 ], 
          [ 3, 3, 3, 1, 1, 1, 1, 1, 3, 1, 1, 1, 3, 3, 1, 1, -2 ] ] ], 
  [ [ 0, 937 ], [ [ -2, 1, 1, 1, 1, 3, 3, 3, 1, 1, 3, 1, 1, 1, 1, 1, 3 ], [ 1, -2, 3, 1, 1, 3, 3, 3, 3, 1, 3, 1, 3, 1, 3, 1, 3 ], 
          [ 1, 3, -2, 3, 3, 3, 1, 1, 1, 3, 1, 3, 1, 3, 1, 1, 1 ], [ 1, 1, 3, -2, 1, 3, 3, 1, 3, 1, 3, 1, 3, 1, 1, 1, 3 ], 
          [ 1, 1, 3, 1, -2, 3, 3, 1, 3, 1, 1, 1, 1, 1, 1, 1, 1 ], [ 3, 3, 3, 3, 3, -2, 1, 3, 1, 3, 3, 3, 3, 3, 3, 3, 1 ], 
          [ 3, 3, 1, 3, 3, 1, -2, 3, 3, 3, 1, 1, 3, 3, 3, 1, 1 ], [ 3, 3, 1, 1, 1, 3, 3, -2, 3, 1, 1, 3, 1, 3, 1, 1, 1 ], 
          [ 1, 3, 1, 3, 3, 1, 3, 3, -2, 3, 3, 3, 1, 3, 1, 3, 1 ], [ 1, 1, 3, 1, 1, 3, 3, 1, 3, -2, 3, 1, 1, 3, 3, 1, 3 ], 
          [ 3, 3, 1, 3, 1, 3, 1, 1, 3, 3, -2, 3, 1, 3, 1, 1, 1 ], [ 1, 1, 3, 1, 1, 3, 1, 3, 3, 1, 3, -2, 3, 1, 3, 1, 3 ], 
          [ 1, 3, 1, 3, 1, 3, 3, 1, 1, 1, 1, 3, -2, 3, 1, 1, 1 ], [ 1, 1, 3, 1, 1, 3, 3, 3, 3, 3, 3, 1, 3, -2, 1, 3, 3 ], 
          [ 1, 3, 1, 1, 1, 3, 3, 1, 1, 3, 1, 3, 1, 1, -2, 1, 1 ], [ 1, 1, 1, 1, 1, 3, 1, 1, 3, 1, 1, 1, 1, 3, 1, -2, 1 ], 
          [ 3, 3, 1, 3, 1, 1, 1, 1, 1, 3, 1, 3, 1, 3, 1, 1, -2 ] ] ], [ [ 0, 340 ], [ [ -2, 1, 1, 1, 1, 3, 3, 3, 1, 1, 3, 3, 1, 3, 1, 3, 3 ], 
          [ 1, -2, 3, 1, 1, 3, 3, 3, 3, 1, 3, 3, 1, 3, 1, 3, 3 ], [ 1, 3, -2, 3, 3, 3, 1, 1, 1, 3, 1, 1, 1, 1, 1, 3, 3 ], 
          [ 1, 1, 3, -2, 1, 3, 3, 1, 3, 1, 3, 3, 1, 3, 1, 1, 3 ], [ 1, 1, 3, 1, -2, 3, 3, 1, 3, 1, 1, 3, 3, 3, 1, 1, 3 ], 
          [ 3, 3, 3, 3, 3, -2, 1, 3, 1, 3, 3, 3, 3, 1, 3, 1, 1 ], [ 3, 3, 1, 3, 3, 1, -2, 3, 3, 3, 1, 1, 3, 1, 3, 1, 3 ], 
          [ 3, 3, 1, 1, 1, 3, 3, -2, 3, 1, 1, 1, 1, 1, 1, 1, 3 ], [ 1, 3, 1, 3, 3, 1, 3, 3, -2, 3, 3, 3, 3, 3, 3, 3, 1 ], 
          [ 1, 1, 3, 1, 1, 3, 3, 1, 3, -2, 3, 1, 1, 3, 3, 1, 3 ], [ 3, 3, 1, 3, 1, 3, 1, 1, 3, 3, -2, 1, 3, 1, 1, 1, 3 ], 
          [ 3, 3, 1, 3, 3, 3, 1, 1, 3, 1, 1, -2, 1, 1, 3, 1, 3 ], [ 1, 1, 1, 1, 3, 3, 3, 1, 3, 1, 3, 1, -2, 1, 1, 3, 3 ], 
          [ 3, 3, 1, 3, 3, 1, 1, 1, 3, 3, 1, 1, 1, -2, 1, 1, 3 ], [ 1, 1, 1, 1, 1, 3, 3, 1, 3, 3, 1, 3, 1, 1, -2, 3, 3 ], 
          [ 3, 3, 3, 1, 1, 1, 1, 1, 3, 1, 1, 1, 3, 1, 3, -2, 3 ], [ 3, 3, 3, 3, 3, 1, 3, 3, 1, 3, 3, 3, 3, 3, 3, 3, -2 ] ] ], 
  [ [ 0, 471 ], [ [ -2, 1, 1, 1, 1, 3, 3, 3, 1, 1, 3, 3, 1, 3, 1, 1, 3 ], [ 1, -2, 3, 1, 1, 3, 3, 3, 3, 1, 3, 3, 1, 3, 3, 1, 1 ], 
          [ 1, 3, -2, 3, 3, 3, 1, 1, 1, 3, 1, 1, 1, 3, 1, 3, 3 ], [ 1, 1, 3, -2, 1, 3, 3, 1, 3, 1, 3, 3, 3, 3, 3, 3, 3 ], 
          [ 1, 1, 3, 1, -2, 3, 3, 1, 3, 1, 1, 3, 1, 1, 1, 1, 1 ], [ 3, 3, 3, 3, 3, -2, 1, 3, 1, 3, 3, 3, 1, 1, 3, 1, 1 ], 
          [ 3, 3, 1, 3, 3, 1, -2, 3, 3, 3, 1, 1, 1, 1, 3, 3, 1 ], [ 3, 3, 1, 1, 1, 3, 3, -2, 3, 1, 1, 1, 3, 3, 1, 3, 3 ], 
          [ 1, 3, 1, 3, 3, 1, 3, 3, -2, 3, 3, 3, 1, 1, 1, 1, 3 ], [ 1, 1, 3, 1, 1, 3, 3, 1, 3, -2, 3, 1, 3, 3, 1, 1, 3 ], 
          [ 3, 3, 1, 3, 1, 3, 1, 1, 3, 3, -2, 1, 1, 1, 1, 3, 1 ], [ 3, 3, 1, 3, 3, 3, 1, 1, 3, 1, 1, -2, 3, 3, 1, 3, 3 ], 
          [ 1, 1, 1, 3, 1, 1, 1, 3, 1, 3, 1, 3, -2, 1, 1, 1, 1 ], [ 3, 3, 3, 3, 1, 1, 1, 3, 1, 3, 1, 3, 1, -2, 1, 1, 1 ], 
          [ 1, 3, 1, 3, 1, 3, 3, 1, 1, 1, 1, 1, 1, 1, -2, 1, 3 ], [ 1, 1, 3, 3, 1, 1, 3, 3, 1, 1, 3, 3, 1, 1, 1, -2, 1 ], 
          [ 3, 1, 3, 3, 1, 1, 1, 3, 3, 3, 1, 3, 1, 1, 3, 1, -2 ] ] ], 
  [ [ 0, 404 ], [ [ -2, 1, 1, 1, 1, 3, 3, 3, 1, 1, 3, 3, 1, 3, 1, 3, 1 ], [ 1, -2, 3, 1, 1, 3, 3, 3, 3, 1, 3, 3, 3, 3, 1, 1, 1 ], 
          [ 1, 3, -2, 3, 3, 3, 1, 1, 1, 3, 1, 1, 1, 3, 3, 3, 1 ], [ 1, 1, 3, -2, 1, 3, 3, 1, 3, 1, 3, 3, 3, 3, 1, 1, 1 ], 
          [ 1, 1, 3, 1, -2, 3, 3, 1, 3, 1, 1, 3, 3, 1, 1, 3, 1 ], [ 3, 3, 3, 3, 3, -2, 1, 3, 1, 3, 3, 3, 1, 3, 1, 1, 3 ], 
          [ 3, 3, 1, 3, 3, 1, -2, 3, 3, 3, 1, 1, 1, 3, 3, 1, 3 ], [ 3, 3, 1, 1, 1, 3, 3, -2, 3, 1, 1, 1, 3, 1, 3, 3, 1 ], 
          [ 1, 3, 1, 3, 3, 1, 3, 3, -2, 3, 3, 3, 1, 3, 1, 3, 1 ], [ 1, 1, 3, 1, 1, 3, 3, 1, 3, -2, 3, 1, 3, 1, 3, 3, 1 ], 
          [ 3, 3, 1, 3, 1, 3, 1, 1, 3, 3, -2, 1, 3, 1, 3, 3, 3 ], [ 3, 3, 1, 3, 3, 3, 1, 1, 3, 1, 1, -2, 3, 1, 3, 3, 1 ], 
          [ 1, 3, 1, 3, 3, 1, 1, 3, 1, 3, 3, 3, -2, 3, 3, 3, 3 ], [ 3, 3, 3, 3, 1, 3, 3, 1, 3, 1, 1, 1, 3, -2, 3, 3, 3 ], 
          [ 1, 1, 3, 1, 1, 1, 3, 3, 1, 3, 3, 3, 3, 3, -2, 1, 1 ], [ 3, 1, 3, 1, 3, 1, 1, 3, 3, 3, 3, 3, 3, 3, 1, -2, 3 ], 
          [ 1, 1, 1, 1, 1, 3, 3, 1, 1, 1, 3, 1, 3, 3, 1, 3, -2 ] ] ], [ [ 0, 392 ], [ [ -2, 1, 1, 1, 1, 3, 3, 3, 1, 1, 3, 3, 3, 3, 3, 3, 1 ], 
          [ 1, -2, 3, 1, 1, 3, 3, 3, 3, 1, 3, 1, 3, 3, 3, 3, 1 ], [ 1, 3, -2, 3, 3, 3, 1, 1, 1, 3, 1, 3, 3, 1, 3, 1, 1 ], 
          [ 1, 1, 3, -2, 1, 3, 3, 1, 3, 1, 3, 3, 3, 3, 3, 3, 1 ], [ 1, 1, 3, 1, -2, 3, 3, 1, 3, 1, 1, 3, 1, 3, 3, 3, 1 ], 
          [ 3, 3, 3, 3, 3, -2, 1, 3, 1, 3, 3, 1, 1, 3, 1, 1, 3 ], [ 3, 3, 1, 3, 3, 1, -2, 3, 3, 3, 1, 1, 1, 1, 1, 1, 1 ], 
          [ 3, 3, 1, 1, 1, 3, 3, -2, 3, 1, 1, 3, 3, 1, 3, 1, 1 ], [ 1, 3, 1, 3, 3, 1, 3, 3, -2, 3, 3, 3, 1, 3, 1, 3, 3 ], 
          [ 1, 1, 3, 1, 1, 3, 3, 1, 3, -2, 3, 1, 3, 1, 1, 3, 1 ], [ 3, 3, 1, 3, 1, 3, 1, 1, 3, 3, -2, 3, 1, 1, 3, 1, 1 ], 
          [ 3, 1, 3, 3, 3, 1, 1, 3, 3, 1, 3, -2, 3, 1, 1, 1, 1 ], [ 3, 3, 3, 3, 1, 1, 1, 3, 1, 3, 1, 3, -2, 3, 1, 3, 3 ], 
          [ 3, 3, 1, 3, 3, 3, 1, 1, 3, 1, 1, 1, 3, -2, 1, 1, 1 ], [ 3, 3, 3, 3, 3, 1, 1, 3, 1, 1, 3, 1, 1, 1, -2, 3, 3 ], 
          [ 3, 3, 1, 3, 3, 1, 1, 1, 3, 3, 1, 1, 3, 1, 3, -2, 1 ], [ 1, 1, 1, 1, 1, 3, 1, 1, 3, 1, 1, 1, 3, 1, 3, 1, -2 ] ] ], 
  [ [ 0, 721 ], [ [ -2, 1, 1, 1, 1, 3, 3, 3, 1, 1, 3, 3, 3, 3, 1, 1, 1 ], [ 1, -2, 3, 1, 1, 3, 3, 3, 3, 1, 3, 1, 3, 1, 1, 1, 1 ], 
          [ 1, 3, -2, 3, 3, 3, 1, 1, 1, 3, 1, 3, 3, 3, 3, 3, 1 ], [ 1, 1, 3, -2, 1, 3, 3, 1, 3, 1, 3, 3, 1, 1, 1, 1, 1 ], 
          [ 1, 1, 3, 1, -2, 3, 3, 1, 3, 1, 1, 3, 1, 1, 1, 3, 1 ], [ 3, 3, 3, 3, 3, -2, 1, 3, 1, 3, 3, 1, 3, 3, 1, 1, 3 ], 
          [ 3, 3, 1, 3, 3, 1, -2, 3, 3, 3, 1, 1, 3, 3, 1, 3, 1 ], [ 3, 3, 1, 1, 1, 3, 3, -2, 3, 1, 1, 3, 1, 1, 3, 3, 1 ], 
          [ 1, 3, 1, 3, 3, 1, 3, 3, -2, 3, 3, 3, 3, 3, 3, 1, 3 ], [ 1, 1, 3, 1, 1, 3, 3, 1, 3, -2, 3, 1, 3, 1, 1, 1, 1 ], 
          [ 3, 3, 1, 3, 1, 3, 1, 1, 3, 3, -2, 3, 1, 3, 3, 3, 3 ], [ 3, 1, 3, 3, 3, 1, 1, 3, 3, 1, 3, -2, 3, 1, 1, 1, 1 ], 
          [ 3, 3, 3, 1, 1, 3, 3, 1, 3, 3, 1, 3, -2, 1, 3, 3, 3 ], [ 3, 1, 3, 1, 1, 3, 3, 1, 3, 1, 3, 1, 1, -2, 1, 3, 1 ], 
          [ 1, 1, 3, 1, 1, 1, 1, 3, 3, 1, 3, 1, 3, 1, -2, 1, 1 ], [ 1, 1, 3, 1, 3, 1, 3, 3, 1, 1, 3, 1, 3, 3, 1, -2, 3 ], 
          [ 1, 1, 1, 1, 1, 3, 1, 1, 3, 1, 3, 1, 3, 1, 1, 3, -2 ] ] ], 
  [ [ 0, 598 ], [ [ -2, 1, 1, 1, 1, 3, 3, 3, 1, 1, 3, 3, 3, 1, 3, 3, 1 ], [ 1, -2, 3, 1, 1, 3, 3, 3, 3, 1, 3, 1, 3, 3, 3, 1, 3 ], 
          [ 1, 3, -2, 3, 3, 3, 1, 1, 1, 3, 1, 3, 3, 1, 3, 3, 1 ], [ 1, 1, 3, -2, 1, 3, 3, 1, 3, 1, 3, 3, 1, 3, 1, 1, 3 ], 
          [ 1, 1, 3, 1, -2, 3, 3, 1, 3, 1, 1, 3, 1, 3, 1, 3, 3 ], [ 3, 3, 3, 3, 3, -2, 1, 3, 1, 3, 3, 1, 3, 1, 1, 1, 1 ], 
          [ 3, 3, 1, 3, 3, 1, -2, 3, 3, 3, 1, 1, 3, 1, 1, 1, 1 ], [ 3, 3, 1, 1, 1, 3, 3, -2, 3, 1, 1, 3, 1, 3, 1, 3, 3 ], 
          [ 1, 3, 1, 3, 3, 1, 3, 3, -2, 3, 3, 3, 3, 1, 3, 3, 1 ], [ 1, 1, 3, 1, 1, 3, 3, 1, 3, -2, 3, 1, 3, 3, 1, 3, 3 ], 
          [ 3, 3, 1, 3, 1, 3, 1, 1, 3, 3, -2, 3, 1, 3, 1, 3, 1 ], [ 3, 1, 3, 3, 3, 1, 1, 3, 3, 1, 3, -2, 3, 1, 1, 1, 3 ], 
          [ 3, 3, 3, 1, 1, 3, 3, 1, 3, 3, 1, 3, -2, 3, 1, 1, 3 ], [ 1, 3, 1, 3, 3, 1, 1, 3, 1, 3, 3, 1, 3, -2, 3, 3, 1 ], 
          [ 3, 3, 3, 1, 1, 1, 1, 1, 3, 1, 1, 1, 1, 3, -2, 1, 3 ], [ 3, 1, 3, 1, 3, 1, 1, 3, 3, 3, 3, 1, 1, 3, 1, -2, 3 ], 
          [ 1, 3, 1, 3, 3, 1, 1, 3, 1, 3, 1, 3, 3, 1, 3, 3, -2 ] ] ], [ [ 0, 344 ], [ [ -2, 1, 1, 1, 1, 3, 3, 3, 1, 1, 3, 3, 1, 3, 1, 3, 1 ], 
          [ 1, -2, 3, 1, 1, 3, 3, 3, 3, 1, 3, 1, 1, 3, 3, 3, 1 ], [ 1, 3, -2, 3, 3, 3, 1, 1, 1, 3, 1, 3, 1, 3, 1, 1, 3 ], 
          [ 1, 1, 3, -2, 1, 3, 3, 1, 3, 1, 3, 3, 1, 3, 3, 3, 1 ], [ 1, 1, 3, 1, -2, 3, 3, 1, 3, 1, 1, 3, 1, 3, 1, 3, 1 ], 
          [ 3, 3, 3, 3, 3, -2, 1, 3, 1, 3, 3, 1, 3, 1, 3, 3, 1 ], [ 3, 3, 1, 3, 3, 1, -2, 3, 3, 3, 1, 1, 3, 3, 3, 3, 3 ], 
          [ 3, 3, 1, 1, 1, 3, 3, -2, 3, 1, 1, 3, 1, 3, 1, 1, 3 ], [ 1, 3, 1, 3, 3, 1, 3, 3, -2, 3, 3, 3, 1, 1, 1, 1, 1 ], 
          [ 1, 1, 3, 1, 1, 3, 3, 1, 3, -2, 3, 1, 1, 3, 1, 3, 3 ], [ 3, 3, 1, 3, 1, 3, 1, 1, 3, 3, -2, 3, 3, 3, 1, 1, 3 ], 
          [ 3, 1, 3, 3, 3, 1, 1, 3, 3, 1, 3, -2, 3, 1, 3, 3, 3 ], [ 1, 1, 1, 1, 1, 3, 3, 1, 1, 1, 3, 3, -2, 3, 1, 3, 1 ], 
          [ 3, 3, 3, 3, 3, 1, 3, 3, 1, 3, 3, 1, 3, -2, 3, 1, 1 ], [ 1, 3, 1, 3, 1, 3, 3, 1, 1, 1, 1, 3, 1, 3, -2, 1, 3 ], 
          [ 3, 3, 1, 3, 3, 3, 3, 1, 1, 3, 1, 3, 3, 1, 1, -2, 3 ], [ 1, 1, 3, 1, 1, 1, 3, 3, 1, 3, 3, 3, 1, 1, 3, 3, -2 ] ] ], 
  [ [ 0, 197 ], [ [ -2, 1, 1, 1, 1, 3, 3, 3, 1, 1, 3, 3, 1, 3, 3, 1, 1 ], [ 1, -2, 3, 1, 1, 3, 3, 3, 3, 1, 3, 1, 1, 3, 3, 3, 3 ], 
          [ 1, 3, -2, 3, 3, 3, 1, 1, 1, 3, 1, 3, 1, 1, 3, 1, 1 ], [ 1, 1, 3, -2, 1, 3, 3, 1, 3, 1, 3, 3, 1, 3, 1, 1, 1 ], 
          [ 1, 1, 3, 1, -2, 3, 3, 1, 3, 1, 1, 3, 1, 3, 1, 1, 3 ], [ 3, 3, 3, 3, 3, -2, 1, 3, 1, 3, 3, 1, 3, 3, 1, 3, 3 ], 
          [ 3, 3, 1, 3, 3, 1, -2, 3, 3, 3, 1, 1, 3, 3, 1, 1, 3 ], [ 3, 3, 1, 1, 1, 3, 3, -2, 3, 1, 1, 3, 1, 1, 1, 1, 1 ], 
          [ 1, 3, 1, 3, 3, 1, 3, 3, -2, 3, 3, 3, 1, 1, 3, 3, 1 ], [ 1, 1, 3, 1, 1, 3, 3, 1, 3, -2, 3, 1, 1, 3, 1, 1, 1 ], 
          [ 3, 3, 1, 3, 1, 3, 1, 1, 3, 3, -2, 3, 3, 1, 1, 1, 3 ], [ 3, 1, 3, 3, 3, 1, 1, 3, 3, 1, 3, -2, 3, 3, 1, 3, 3 ], 
          [ 1, 1, 1, 1, 1, 3, 3, 1, 1, 1, 3, 3, -2, 3, 3, 1, 1 ], [ 3, 3, 1, 3, 3, 3, 3, 1, 1, 3, 1, 3, 3, -2, 3, 3, 1 ], 
          [ 3, 3, 3, 1, 1, 1, 1, 1, 3, 1, 1, 1, 3, 3, -2, 1, 3 ], [ 1, 3, 1, 1, 1, 3, 1, 1, 3, 1, 1, 3, 1, 3, 1, -2, 1 ], 
          [ 1, 3, 1, 1, 3, 3, 3, 1, 1, 1, 3, 3, 1, 1, 3, 1, -2 ] ] ], 
  [ [ 0, 269 ], [ [ -2, 1, 1, 1, 1, 3, 3, 3, 1, 1, 3, 3, 3, 3, 1, 3, 3 ], [ 1, -2, 3, 1, 1, 3, 3, 3, 3, 1, 3, 1, 1, 1, 1, 3, 3 ], 
          [ 1, 3, -2, 3, 3, 3, 1, 1, 1, 3, 1, 3, 3, 3, 3, 1, 3 ], [ 1, 1, 3, -2, 1, 3, 3, 1, 3, 1, 3, 3, 3, 1, 1, 1, 3 ], 
          [ 1, 1, 3, 1, -2, 3, 3, 1, 3, 1, 1, 3, 1, 3, 1, 3, 3 ], [ 3, 3, 3, 3, 3, -2, 1, 3, 1, 3, 3, 1, 1, 1, 3, 3, 1 ], 
          [ 3, 3, 1, 3, 3, 1, -2, 3, 3, 3, 1, 1, 1, 1, 3, 1, 1 ], [ 3, 3, 1, 1, 1, 3, 3, -2, 3, 1, 1, 3, 3, 3, 3, 1, 3 ], 
          [ 1, 3, 1, 3, 3, 1, 3, 3, -2, 3, 3, 3, 3, 3, 1, 3, 3 ], [ 1, 1, 3, 1, 1, 3, 3, 1, 3, -2, 3, 1, 3, 3, 1, 3, 3 ], 
          [ 3, 3, 1, 3, 1, 3, 1, 1, 3, 3, -2, 3, 1, 3, 3, 1, 1 ], [ 3, 1, 3, 3, 3, 1, 1, 3, 3, 1, 3, -2, 1, 1, 1, 3, 1 ], 
          [ 3, 1, 3, 3, 1, 1, 1, 3, 3, 3, 1, 1, -2, 1, 3, 3, 1 ], [ 3, 1, 3, 1, 3, 1, 1, 3, 3, 3, 3, 1, 1, -2, 3, 1, 1 ], 
          [ 1, 1, 3, 1, 1, 3, 3, 3, 1, 1, 3, 1, 3, 3, -2, 3, 3 ], [ 3, 3, 1, 1, 3, 3, 1, 1, 3, 3, 1, 3, 3, 1, 3, -2, 1 ], 
          [ 3, 3, 3, 3, 3, 1, 1, 3, 3, 3, 1, 1, 1, 1, 3, 1, -2 ] ] ], [ [ 0, 517 ], [ [ -2, 1, 1, 1, 1, 3, 3, 3, 1, 1, 3, 3, 3, 1, 3, 3, 1 ], 
          [ 1, -2, 3, 1, 1, 3, 3, 3, 3, 1, 3, 1, 3, 3, 1, 3, 1 ], [ 1, 3, -2, 3, 3, 3, 1, 1, 1, 3, 1, 3, 3, 1, 3, 3, 1 ], 
          [ 1, 1, 3, -2, 1, 3, 3, 1, 3, 1, 3, 3, 3, 3, 1, 3, 1 ], [ 1, 1, 3, 1, -2, 3, 3, 1, 3, 1, 1, 3, 3, 1, 1, 3, 3 ], 
          [ 3, 3, 3, 3, 3, -2, 1, 3, 1, 3, 3, 1, 1, 3, 3, 1, 1 ], [ 3, 3, 1, 3, 3, 1, -2, 3, 3, 3, 1, 1, 1, 3, 3, 1, 1 ], 
          [ 3, 3, 1, 1, 1, 3, 3, -2, 3, 1, 1, 3, 3, 1, 1, 3, 3 ], [ 1, 3, 1, 3, 3, 1, 3, 3, -2, 3, 3, 3, 3, 1, 3, 3, 1 ], 
          [ 1, 1, 3, 1, 1, 3, 3, 1, 3, -2, 3, 1, 3, 1, 1, 3, 3 ], [ 3, 3, 1, 3, 1, 3, 1, 1, 3, 3, -2, 3, 3, 1, 1, 1, 3 ], 
          [ 3, 1, 3, 3, 3, 1, 1, 3, 3, 1, 3, -2, 1, 3, 1, 1, 3 ], [ 3, 3, 3, 3, 3, 1, 1, 3, 3, 3, 3, 1, -2, 3, 3, 1, 3 ], 
          [ 1, 3, 1, 3, 1, 3, 3, 1, 1, 1, 1, 3, 3, -2, 1, 3, 3 ], [ 3, 1, 3, 1, 1, 3, 3, 1, 3, 1, 1, 1, 3, 1, -2, 3, 3 ], 
          [ 3, 3, 3, 3, 3, 1, 1, 3, 3, 3, 1, 1, 1, 3, 3, -2, 3 ], [ 1, 1, 1, 1, 3, 1, 1, 3, 1, 3, 3, 3, 3, 3, 3, 3, -2 ] ] ], 
  [ [ 0, 176 ], [ [ -2, 1, 1, 1, 1, 3, 3, 3, 1, 1, 1, 3, 1, 1, 3, 1, 3 ], [ 1, -2, 3, 1, 1, 3, 3, 3, 3, 1, 3, 1, 1, 1, 1, 3, 3 ], 
          [ 1, 3, -2, 3, 3, 3, 1, 1, 1, 3, 1, 3, 3, 3, 3, 1, 1 ], [ 1, 1, 3, -2, 1, 3, 3, 1, 3, 1, 1, 3, 1, 1, 1, 3, 1 ], 
          [ 1, 1, 3, 1, -2, 3, 3, 1, 3, 1, 3, 3, 1, 1, 1, 3, 3 ], [ 3, 3, 3, 3, 3, -2, 1, 3, 1, 3, 3, 1, 3, 3, 3, 1, 3 ], 
          [ 3, 3, 1, 3, 3, 1, -2, 3, 3, 3, 1, 1, 3, 1, 3, 1, 1 ], [ 3, 3, 1, 1, 1, 3, 3, -2, 3, 1, 3, 3, 3, 3, 1, 3, 1 ], 
          [ 1, 3, 1, 3, 3, 1, 3, 3, -2, 3, 1, 3, 1, 3, 3, 1, 3 ], [ 1, 1, 3, 1, 1, 3, 3, 1, 3, -2, 3, 1, 1, 1, 1, 3, 3 ], 
          [ 1, 3, 1, 1, 3, 3, 1, 3, 1, 3, -2, 3, 1, 1, 3, 1, 1 ], [ 3, 1, 3, 3, 3, 1, 1, 3, 3, 1, 3, -2, 3, 1, 1, 1, 3 ], 
          [ 1, 1, 3, 1, 1, 3, 3, 3, 1, 1, 1, 3, -2, 1, 1, 3, 3 ], [ 1, 1, 3, 1, 1, 3, 1, 3, 3, 1, 1, 1, 1, -2, 1, 1, 3 ], 
          [ 3, 1, 3, 1, 1, 3, 3, 1, 3, 1, 3, 1, 1, 1, -2, 3, 3 ], [ 1, 3, 1, 3, 3, 1, 1, 3, 1, 3, 1, 1, 3, 1, 3, -2, 3 ], 
          [ 3, 3, 1, 1, 3, 3, 1, 1, 3, 3, 1, 3, 3, 3, 3, 3, -2 ] ] ], 
  [ [ 0, 471 ], [ [ -2, 1, 1, 1, 1, 3, 3, 3, 1, 1, 1, 3, 3, 3, 1, 1, 1 ], [ 1, -2, 3, 1, 1, 3, 3, 3, 3, 1, 3, 1, 3, 1, 1, 1, 3 ], 
          [ 1, 3, -2, 3, 3, 3, 1, 1, 1, 3, 1, 3, 1, 3, 3, 3, 1 ], [ 1, 1, 3, -2, 1, 3, 3, 1, 3, 1, 1, 3, 3, 1, 3, 3, 1 ], 
          [ 1, 1, 3, 1, -2, 3, 3, 1, 3, 1, 3, 3, 3, 3, 1, 1, 3 ], [ 3, 3, 3, 3, 3, -2, 1, 3, 1, 3, 3, 1, 3, 1, 3, 1, 3 ], 
          [ 3, 3, 1, 3, 3, 1, -2, 3, 3, 3, 1, 1, 1, 1, 3, 3, 3 ], [ 3, 3, 1, 1, 1, 3, 3, -2, 3, 1, 3, 3, 1, 3, 3, 3, 1 ], 
          [ 1, 3, 1, 3, 3, 1, 3, 3, -2, 3, 1, 3, 3, 3, 3, 1, 1 ], [ 1, 1, 3, 1, 1, 3, 3, 1, 3, -2, 3, 1, 1, 3, 1, 1, 1 ], 
          [ 1, 3, 1, 1, 3, 3, 1, 3, 1, 3, -2, 3, 3, 1, 3, 3, 1 ], [ 3, 1, 3, 3, 3, 1, 1, 3, 3, 1, 3, -2, 1, 1, 1, 1, 3 ], 
          [ 3, 3, 1, 3, 3, 3, 1, 1, 3, 1, 3, 1, -2, 3, 1, 3, 1 ], [ 3, 1, 3, 1, 3, 1, 1, 3, 3, 3, 1, 1, 3, -2, 3, 3, 3 ], 
          [ 1, 1, 3, 3, 1, 3, 3, 3, 3, 1, 3, 1, 1, 3, -2, 1, 3 ], [ 1, 1, 3, 3, 1, 1, 3, 3, 1, 1, 3, 1, 3, 3, 1, -2, 3 ], 
          [ 1, 3, 1, 1, 3, 3, 3, 1, 1, 1, 1, 3, 1, 3, 3, 3, -2 ] ] ], [ [ 0, 242 ], [ [ -2, 1, 1, 1, 1, 3, 3, 3, 1, 1, 1, 1, 3, 1, 1, 1, 1 ], 
          [ 1, -2, 3, 1, 1, 3, 3, 3, 3, 1, 1, 3, 1, 3, 1, 3, 1 ], [ 1, 3, -2, 3, 3, 3, 1, 1, 1, 3, 1, 1, 3, 1, 3, 1, 3 ], 
          [ 1, 1, 3, -2, 1, 3, 3, 1, 3, 1, 3, 1, 3, 3, 3, 1, 1 ], [ 1, 1, 3, 1, -2, 3, 3, 1, 3, 1, 3, 1, 1, 3, 1, 1, 1 ], 
          [ 3, 3, 3, 3, 3, -2, 1, 3, 1, 3, 3, 3, 1, 1, 1, 3, 1 ], [ 3, 3, 1, 3, 3, 1, -2, 3, 3, 3, 1, 3, 1, 1, 3, 1, 3 ], 
          [ 3, 3, 1, 1, 1, 3, 3, -2, 3, 1, 3, 1, 3, 3, 3, 1, 3 ], [ 1, 3, 1, 3, 3, 1, 3, 3, -2, 3, 3, 1, 3, 1, 1, 3, 1 ], 
          [ 1, 1, 3, 1, 1, 3, 3, 1, 3, -2, 1, 3, 3, 1, 1, 1, 3 ], [ 1, 1, 1, 3, 3, 3, 1, 3, 3, 1, -2, 3, 3, 1, 3, 1, 3 ], 
          [ 1, 3, 1, 1, 1, 3, 3, 1, 1, 3, 3, -2, 3, 3, 3, 1, 1 ], [ 3, 1, 3, 3, 1, 1, 1, 3, 3, 3, 3, 3, -2, 3, 1, 3, 1 ], 
          [ 1, 3, 1, 3, 3, 1, 1, 3, 1, 1, 1, 3, 3, -2, 1, 1, 3 ], [ 1, 1, 3, 3, 1, 1, 3, 3, 1, 1, 3, 3, 1, 1, -2, 3, 1 ], 
          [ 1, 3, 1, 1, 1, 3, 1, 1, 3, 1, 1, 1, 3, 1, 3, -2, 3 ], [ 1, 1, 3, 1, 1, 1, 3, 3, 1, 3, 3, 1, 1, 3, 1, 3, -2 ] ] ] ];
