SRLdata:=rec(
  GramL := [ [ -4, -2, -2, 0, 0, 0, -1, -1, -1, -4, -4, -1, -1, 0, -1, 0, 0, 0, 0, 0, 0, 0, -4, -3, -2, -3 ], 
      [ -2, -2, -1, 0, 0, 0, 0, 0, 0, -2, -2, 0, 0, 0, -1, 0, 0, 0, 0, 0, 0, 0, -2, -2, -1, -1 ], 
      [ -2, -1, -2, 0, 0, 0, 0, 0, 0, -2, -2, 0, 0, 0, -1, 0, 0, 0, 0, 0, 0, 0, -2, -1, -1, -2 ], 
      [ 0, 0, 0, -4, -2, -2, 0, 0, 0, 0, 0, 0, 0, -1, 0, 0, 0, 0, -4, -3, -2, -3, 0, 0, 0, 0 ], 
      [ 0, 0, 0, -2, -2, -1, 0, 0, 0, 0, 0, 0, 0, -1, 0, 0, 0, 0, -2, -2, -1, -1, 0, 0, 0, 0 ], 
      [ 0, 0, 0, -2, -1, -2, 0, 0, 0, 0, 0, 0, 0, -1, 0, 0, 0, 0, -2, -1, -1, -2, 0, 0, 0, 0 ], 
      [ -1, 0, 0, 0, 0, 0, -2, -1, -1, -1, -1, -1, -1, 0, 0, 0, 0, -1, 0, 0, 0, 0, 0, 0, 0, 0 ], 
      [ -1, 0, 0, 0, 0, 0, -1, -2, -1, -1, -1, -1, -1, 0, 0, 0, -1, 0, 0, 0, 0, 0, 0, 0, 0, 0 ], 
      [ -1, 0, 0, 0, 0, 0, -1, -1, -2, -1, -1, -1, -1, 0, 0, -1, 0, 0, 0, 0, 0, 0, 0, 0, 0, 0 ], 
      [ -4, -2, -2, 0, 0, 0, -1, -1, -1, -6, -5, 0, -1, 0, -1, -1, -1, -1, 0, 0, 0, 0, -4, -3, -2, -3 ], 
      [ -4, -2, -2, 0, 0, 0, -1, -1, -1, -5, -6, -1, 0, 0, -1, -1, -1, -1, 0, 0, 0, 0, -4, -3, -2, -3 ], 
      [ -1, 0, 0, 0, 0, 0, -1, -1, -1, 0, -1, -2, 0, 0, 0, 0, 0, 0, 0, 0, 0, 0, 0, 0, 0, 0 ], 
      [ -1, 0, 0, 0, 0, 0, -1, -1, -1, -1, 0, 0, -2, 0, 0, 0, 0, 0, 0, 0, 0, 0, 0, 0, 0, 0 ], 
      [ 0, 0, 0, -1, -1, -1, 0, 0, 0, 0, 0, 0, 0, -2, 0, 0, 0, 0, 0, 0, 0, 0, 0, 0, 0, 0 ], 
      [ -1, -1, -1, 0, 0, 0, 0, 0, 0, -1, -1, 0, 0, 0, -2, 0, 0, 0, 0, 0, 0, 0, 0, 0, 0, 0 ], 
      [ 0, 0, 0, 0, 0, 0, 0, 0, -1, -1, -1, 0, 0, 0, 0, -2, 0, 0, 0, 0, 0, 0, 0, 0, 0, 0 ], 
      [ 0, 0, 0, 0, 0, 0, 0, -1, 0, -1, -1, 0, 0, 0, 0, 0, -2, 0, 0, 0, 0, 0, 0, 0, 0, 0 ], 
      [ 0, 0, 0, 0, 0, 0, -1, 0, 0, -1, -1, 0, 0, 0, 0, 0, 0, -2, 0, 0, 0, 0, 0, 0, 0, 0 ], 
      [ 0, 0, 0, -4, -2, -2, 0, 0, 0, 0, 0, 0, 0, 0, 0, 0, 0, 0, -6, -4, -3, -4, 0, 0, 0, 0 ], 
      [ 0, 0, 0, -3, -2, -1, 0, 0, 0, 0, 0, 0, 0, 0, 0, 0, 0, 0, -4, -4, -2, -2, 0, 0, 0, 0 ], 
      [ 0, 0, 0, -2, -1, -1, 0, 0, 0, 0, 0, 0, 0, 0, 0, 0, 0, 0, -3, -2, -2, -2, 0, 0, 0, 0 ], 
      [ 0, 0, 0, -3, -1, -2, 0, 0, 0, 0, 0, 0, 0, 0, 0, 0, 0, 0, -4, -2, -2, -4, 0, 0, 0, 0 ], 
      [ -4, -2, -2, 0, 0, 0, 0, 0, 0, -4, -4, 0, 0, 0, 0, 0, 0, 0, 0, 0, 0, 0, -6, -4, -3, -4 ], 
      [ -3, -2, -1, 0, 0, 0, 0, 0, 0, -3, -3, 0, 0, 0, 0, 0, 0, 0, 0, 0, 0, 0, -4, -4, -2, -2 ], 
      [ -2, -1, -1, 0, 0, 0, 0, 0, 0, -2, -2, 0, 0, 0, 0, 0, 0, 0, 0, 0, 0, 0, -3, -2, -2, -2 ], 
      [ -3, -1, -2, 0, 0, 0, 0, 0, 0, -3, -3, 0, 0, 0, 0, 0, 0, 0, 0, 0, 0, 0, -4, -2, -2, -4 ] ],
  GramR := [ [ -2, 0, 0, 0, 0, 0, 0, 0, 0, 0, 0, 0, 0, 0, 0 ], [ 0, -2, 0, 0, 0, 0, 0, 0, 0, 0, 0, 0, 0, 0, 0 ], 
      [ 0, 0, -2, 0, 0, 0, 0, 0, 0, 0, 0, 0, 0, 0, 0 ], [ 0, 0, 0, -2, 0, 0, 0, 0, 0, 0, 0, 0, 0, 0, 0 ], 
      [ 0, 0, 0, 0, -2, 0, 0, 0, 0, 0, 0, 0, 0, 0, 0 ], [ 0, 0, 0, 0, 0, -2, 0, 0, 0, 0, 0, 0, 0, 0, 0 ], 
      [ 0, 0, 0, 0, 0, 0, -2, 0, 0, 0, 0, 0, 0, 0, 0 ], [ 0, 0, 0, 0, 0, 0, 0, -2, 0, 1, 0, 0, 0, 0, 0 ], 
      [ 0, 0, 0, 0, 0, 0, 0, 0, -2, 1, 0, 0, 0, 0, 0 ], [ 0, 0, 0, 0, 0, 0, 0, 1, 1, -2, 1, 0, 0, 0, 0 ], 
      [ 0, 0, 0, 0, 0, 0, 0, 0, 0, 1, -2, 0, 0, 0, 0 ], [ 0, 0, 0, 0, 0, 0, 0, 0, 0, 0, 0, -2, 0, 1, 0 ], 
      [ 0, 0, 0, 0, 0, 0, 0, 0, 0, 0, 0, 0, -2, 1, 0 ], [ 0, 0, 0, 0, 0, 0, 0, 0, 0, 0, 0, 1, 1, -2, 1 ], 
      [ 0, 0, 0, 0, 0, 0, 0, 0, 0, 0, 0, 0, 0, 1, -2 ] ],
  GramS := [ [ 2, 0, 0, 0, 0, 0, 0, 0, 0, 0, 0 ], [ 0, -2, 0, 0, 0, 0, 0, 0, 0, 0, 0 ], [ 0, 0, -2, 0, 0, 0, 0, 0, 0, 0, 0 ], 
      [ 0, 0, 0, -2, 0, 0, 0, 0, 0, 0, 0 ], [ 0, 0, 0, 0, -2, 0, 0, 0, 0, 0, 0 ], [ 0, 0, 0, 0, 0, -2, 0, 0, 0, 0, 0 ], 
      [ 0, 0, 0, 0, 0, 0, -2, 0, 0, 0, 0 ], [ 0, 0, 0, 0, 0, 0, 0, -2, 0, 0, 0 ], [ 0, 0, 0, 0, 0, 0, 0, 0, -2, 0, 0 ], 
      [ 0, 0, 0, 0, 0, 0, 0, 0, 0, -2, 0 ], [ 0, 0, 0, 0, 0, 0, 0, 0, 0, 0, -2 ] ],
  Rtype := [ "A1", "A1", "A1", "A1", "A1", "A1", "A1", "D4", "D4" ],
  anisomdiscSR := [ [ 0, 0, 0, 0, 0, 0, 0, 1, 0, 0, 0 ], [ 0, 0, 0, 0, 0, 0, 0, 1, 0, 1, 1 ], [ 0, 0, 0, 0, 0, 0, 0, 1, 1, 1, 0 ]
        , [ 0, 0, 0, 1, 0, 0, 0, 0, 0, 1, 0 ], [ 0, 0, 0, 1, 0, 0, 1, 0, 0, 1, 0 ], [ 0, 0, 0, 1, 1, 0, 0, 0, 0, 1, 0 ], 
      [ 0, 0, 1, 0, 0, 0, 0, 0, 0, 1, 0 ], [ 0, 1, 0, 0, 0, 0, 0, 0, 0, 1, 0 ], [ 1, 0, 0, 0, 0, 0, 0, 0, 0, 1, 0 ], 
      [ 1, 1, 1, 0, 0, 1, 0, 1, 0, 0, 0 ], [ 1, 1, 1, 0, 0, 1, 0, 1, 0, 1, 0 ] ],
  discR := rec(
      discf := [ [ 3/2, 0, 0, 0, 0, 0, 0, 0, 0, 0, 0 ], [ 0, 3/2, 0, 0, 0, 0, 0, 0, 0, 0, 0 ], 
          [ 0, 0, 3/2, 0, 0, 0, 0, 0, 0, 0, 0 ], [ 0, 0, 0, 3/2, 1/2, 1/2, 1/2, 0, 0, 0, 0 ], 
          [ 0, 0, 0, 1/2, 1, 0, 1/2, 0, 0, 0, 0 ], [ 0, 0, 0, 1/2, 0, 3/2, 0, 1/2, 0, 1/2, 0 ], 
          [ 0, 0, 0, 1/2, 1/2, 0, 1, 0, 0, 0, 0 ], [ 0, 0, 0, 0, 0, 1/2, 0, 3/2, 1/2, 0, 1/2 ], 
          [ 0, 0, 0, 0, 0, 0, 0, 1/2, 1, 0, 1/2 ], [ 0, 0, 0, 0, 0, 1/2, 0, 0, 0, 1, 0 ], 
          [ 0, 0, 0, 0, 0, 0, 0, 1/2, 1/2, 0, 1 ] ],
      discg := [ 2, 2, 2, 2, 2, 2, 2, 2, 2, 2, 2 ],
      proj := [ [ 0, 0, 0, 0, 0, -2, 0, 0, 0, 0, 0 ], [ 0, 0, 0, 0, 0, -2, 0, 0, 0, -2, 0 ], 
          [ 0, 0, 0, -2, -2, 0, -2, 0, 0, -2, 0 ], [ 0, 0, 0, 0, 0, 0, 0, -2, -2, -2, -2 ], [ -2, 0, 0, 0, 0, 0, 0, 0, 0, 0, 0 ],
          [ 0, -2, 0, 0, 0, 0, 0, 0, 0, 0, 0 ], [ 0, 0, -2, 0, 0, 0, 0, 0, 0, 0, 0 ], [ 0, 0, 0, 0, -2, 0, -2, 0, 0, 0, 0 ], 
          [ 0, 0, 0, 0, -2, 0, 0, 0, 0, 0, 0 ], [ 0, 0, 0, 0, 2, 0, 2, 0, 0, 0, 0 ], [ 0, 0, 0, 0, 0, 0, -2, 0, 0, 0, 0 ], 
          [ 0, 0, 0, 0, 0, 0, 0, 0, -2, 0, -2 ], [ 0, 0, 0, 0, 0, 0, 0, 0, -2, 0, 0 ], [ 0, 0, 0, 0, 0, 0, 0, 0, 2, 0, 2 ], 
          [ 0, 0, 0, 0, 0, 0, 0, 0, 0, 0, -2 ] ],
      proj_dual := [ [ 0, 0, 0, 0, 0, 1, 0, 0, 0, 0, 0 ], [ 0, 0, 0, 0, 0, 1, 0, 0, 0, 1, 0 ], 
          [ 0, 0, 0, 1, 1, 0, 1, 0, 0, 1, 0 ], [ 0, 0, 0, 0, 0, 0, 0, 1, 1, 1, 1 ], [ 1, 0, 0, 0, 0, 0, 0, 0, 0, 0, 0 ], 
          [ 0, 1, 0, 0, 0, 0, 0, 0, 0, 0, 0 ], [ 0, 0, 1, 0, 0, 0, 0, 0, 0, 0, 0 ], [ 0, 0, 0, 0, 1, 0, 1, 0, 0, 0, 0 ], 
          [ 0, 0, 0, 0, 1, 0, 0, 0, 0, 0, 0 ], [ 0, 0, 0, 0, 0, 0, 0, 0, 0, 0, 0 ], [ 0, 0, 0, 0, 0, 0, 1, 0, 0, 0, 0 ], 
          [ 0, 0, 0, 0, 0, 0, 0, 0, 1, 0, 1 ], [ 0, 0, 0, 0, 0, 0, 0, 0, 1, 0, 0 ], [ 0, 0, 0, 0, 0, 0, 0, 0, 0, 0, 0 ], 
          [ 0, 0, 0, 0, 0, 0, 0, 0, 0, 0, 1 ] ],
      reps := [ [ 0, 0, 0, 0, 1/2, 0, 0, 0, 0, 0, 0, 0, 0, 0, 0 ], [ 0, 0, 0, 0, 0, 1/2, 0, 0, 0, 0, 0, 0, 0, 0, 0 ], 
          [ 0, 0, 0, 0, 0, 0, 1/2, 0, 0, 0, 0, 0, 0, 0, 0 ], [ 1/2, 1/2, 1/2, 0, 0, 0, 0, 0, 1/2, 0, 1/2, 0, 0, 0, 0 ], 
          [ 0, 0, 0, 0, 0, 0, 0, 1/2, 0, 0, 1/2, 0, 0, 0, 0 ], [ 1/2, 0, 0, 0, 0, 0, 0, 0, 0, 0, 0, 0, 0, 0, 0 ], 
          [ 0, 0, 0, 0, 0, 0, 0, 1/2, 1/2, 0, 0, 0, 0, 0, 0 ], [ 1/2, 1/2, 0, 1/2, 0, 0, 0, 0, 0, 0, 0, 0, 1/2, 0, 1/2 ], 
          [ 0, 0, 0, 0, 0, 0, 0, 0, 0, 0, 0, 1/2, 0, 0, 1/2 ], [ 1/2, 1/2, 0, 0, 0, 0, 0, 0, 0, 0, 0, 0, 0, 0, 0 ], 
          [ 0, 0, 0, 0, 0, 0, 0, 0, 0, 0, 0, 1/2, 1/2, 0, 0 ] ],
      reps_dual := [ [ 0, 0, 0, 0, -1, 0, 0, 0, 0, 0, 0, 0, 0, 0, 0 ], [ 0, 0, 0, 0, 0, -1, 0, 0, 0, 0, 0, 0, 0, 0, 0 ], 
          [ 0, 0, 0, 0, 0, 0, -1, 0, 0, 0, 0, 0, 0, 0, 0 ], [ -1, -1, -1, 0, 0, 0, 0, 0, -1, 1, -1, 0, 0, 0, 0 ], 
          [ 0, 0, 0, 0, 0, 0, 0, -1, 0, 1, -1, 0, 0, 0, 0 ], [ -1, 0, 0, 0, 0, 0, 0, 0, 0, 0, 0, 0, 0, 0, 0 ], 
          [ 0, 0, 0, 0, 0, 0, 0, -1, -1, 1, 0, 0, 0, 0, 0 ], [ -1, -1, 0, -1, 0, 0, 0, 0, 0, 0, 0, 0, -1, 1, -1 ], 
          [ 0, 0, 0, 0, 0, 0, 0, 0, 0, 0, 0, -1, 0, 1, -1 ], [ -1, -1, 0, 0, 0, 0, 0, 0, 0, 0, 0, 0, 0, 0, 0 ], 
          [ 0, 0, 0, 0, 0, 0, 0, 0, 0, 0, 0, -1, -1, 1, 0 ] ] ),
  discS := rec(
      discf := [ [ 1/2, 0, 0, 0, 0, 0, 0, 0, 0, 0, 0 ], [ 0, 3/2, 0, 0, 0, 0, 0, 0, 0, 0, 0 ], 
          [ 0, 0, 3/2, 0, 0, 0, 0, 0, 0, 0, 0 ], [ 0, 0, 0, 3/2, 0, 0, 0, 0, 0, 0, 0 ], [ 0, 0, 0, 0, 3/2, 0, 0, 0, 0, 0, 0 ], 
          [ 0, 0, 0, 0, 0, 3/2, 0, 0, 0, 0, 0 ], [ 0, 0, 0, 0, 0, 0, 3/2, 0, 0, 0, 0 ], [ 0, 0, 0, 0, 0, 0, 0, 3/2, 0, 0, 0 ], 
          [ 0, 0, 0, 0, 0, 0, 0, 0, 3/2, 0, 0 ], [ 0, 0, 0, 0, 0, 0, 0, 0, 0, 3/2, 0 ], [ 0, 0, 0, 0, 0, 0, 0, 0, 0, 0, 3/2 ] ],
      discg := [ 2, 2, 2, 2, 2, 2, 2, 2, 2, 2, 2 ],
      proj := [ [ 2, 0, 0, 0, 0, 0, 0, 0, 0, 0, 0 ], [ 0, -2, 0, 0, 0, 0, 0, 0, 0, 0, 0 ], [ 0, 0, -2, 0, 0, 0, 0, 0, 0, 0, 0 ], 
          [ 0, 0, 0, -2, 0, 0, 0, 0, 0, 0, 0 ], [ 0, 0, 0, 0, -2, 0, 0, 0, 0, 0, 0 ], [ 0, 0, 0, 0, 0, -2, 0, 0, 0, 0, 0 ], 
          [ 0, 0, 0, 0, 0, 0, -2, 0, 0, 0, 0 ], [ 0, 0, 0, 0, 0, 0, 0, -2, 0, 0, 0 ], [ 0, 0, 0, 0, 0, 0, 0, 0, -2, 0, 0 ], 
          [ 0, 0, 0, 0, 0, 0, 0, 0, 0, -2, 0 ], [ 0, 0, 0, 0, 0, 0, 0, 0, 0, 0, -2 ] ],
      proj_dual := [ [ 1, 0, 0, 0, 0, 0, 0, 0, 0, 0, 0 ], [ 0, 1, 0, 0, 0, 0, 0, 0, 0, 0, 0 ], 
          [ 0, 0, 1, 0, 0, 0, 0, 0, 0, 0, 0 ], [ 0, 0, 0, 1, 0, 0, 0, 0, 0, 0, 0 ], [ 0, 0, 0, 0, 1, 0, 0, 0, 0, 0, 0 ], 
          [ 0, 0, 0, 0, 0, 1, 0, 0, 0, 0, 0 ], [ 0, 0, 0, 0, 0, 0, 1, 0, 0, 0, 0 ], [ 0, 0, 0, 0, 0, 0, 0, 1, 0, 0, 0 ], 
          [ 0, 0, 0, 0, 0, 0, 0, 0, 1, 0, 0 ], [ 0, 0, 0, 0, 0, 0, 0, 0, 0, 1, 0 ], [ 0, 0, 0, 0, 0, 0, 0, 0, 0, 0, 1 ] ],
      reps := [ [ 1/2, 0, 0, 0, 0, 0, 0, 0, 0, 0, 0 ], [ 0, 1/2, 0, 0, 0, 0, 0, 0, 0, 0, 0 ], 
          [ 0, 0, 1/2, 0, 0, 0, 0, 0, 0, 0, 0 ], [ 0, 0, 0, 1/2, 0, 0, 0, 0, 0, 0, 0 ], [ 0, 0, 0, 0, 1/2, 0, 0, 0, 0, 0, 0 ], 
          [ 0, 0, 0, 0, 0, 1/2, 0, 0, 0, 0, 0 ], [ 0, 0, 0, 0, 0, 0, 1/2, 0, 0, 0, 0 ], [ 0, 0, 0, 0, 0, 0, 0, 1/2, 0, 0, 0 ], 
          [ 0, 0, 0, 0, 0, 0, 0, 0, 1/2, 0, 0 ], [ 0, 0, 0, 0, 0, 0, 0, 0, 0, 1/2, 0 ], [ 0, 0, 0, 0, 0, 0, 0, 0, 0, 0, 1/2 ] ],
      reps_dual := [ [ 1, 0, 0, 0, 0, 0, 0, 0, 0, 0, 0 ], [ 0, -1, 0, 0, 0, 0, 0, 0, 0, 0, 0 ], 
          [ 0, 0, -1, 0, 0, 0, 0, 0, 0, 0, 0 ], [ 0, 0, 0, -1, 0, 0, 0, 0, 0, 0, 0 ], [ 0, 0, 0, 0, -1, 0, 0, 0, 0, 0, 0 ], 
          [ 0, 0, 0, 0, 0, -1, 0, 0, 0, 0, 0 ], [ 0, 0, 0, 0, 0, 0, -1, 0, 0, 0, 0 ], [ 0, 0, 0, 0, 0, 0, 0, -1, 0, 0, 0 ], 
          [ 0, 0, 0, 0, 0, 0, 0, 0, -1, 0, 0 ], [ 0, 0, 0, 0, 0, 0, 0, 0, 0, -1, 0 ], [ 0, 0, 0, 0, 0, 0, 0, 0, 0, 0, -1 ] ] ),
  embR := [ [ 0, 0, 0, 0, 0, 0, 0, 0, 0, 0, 0, -1, 0, 0, 0, 0, 0, 0, 0, 0, 0, 0, 0, 0, 0, 0 ], 
      [ 0, 0, 0, 0, 0, 0, 0, 0, 0, 0, 0, 0, -1, 0, 0, 0, 0, 0, 0, 0, 0, 0, 0, 0, 0, 0 ], 
      [ 0, 0, 0, 0, 0, 0, 0, 0, 0, 0, 0, 0, 0, -1, 0, 0, 0, 0, 0, 0, 0, 0, 0, 0, 0, 0 ], 
      [ 0, 0, 0, 0, 0, 0, 0, 0, 0, 0, 0, 0, 0, 0, -1, 0, 0, 0, 0, 0, 0, 0, 0, 0, 0, 0 ], 
      [ 0, 0, 0, 0, 0, 0, 0, 0, 0, 0, 0, 0, 0, 0, 0, -1, 0, 0, 0, 0, 0, 0, 0, 0, 0, 0 ], 
      [ 0, 0, 0, 0, 0, 0, 0, 0, 0, 0, 0, 0, 0, 0, 0, 0, -1, 0, 0, 0, 0, 0, 0, 0, 0, 0 ], 
      [ 0, 0, 0, 0, 0, 0, 0, 0, 0, 0, 0, 0, 0, 0, 0, 0, 0, -1, 0, 0, 0, 0, 0, 0, 0, 0 ], 
      [ 0, 0, 0, 0, 0, 0, 0, 0, 0, 0, 0, 0, 0, 0, 0, 0, 0, 0, -2, 1, 1, 1, 0, 0, 0, 0 ], 
      [ 0, 0, 0, 0, 0, 0, 0, 0, 0, 0, 0, 0, 0, 0, 0, 0, 0, 0, 0, -1, 1, 0, 0, 0, 0, 0 ], 
      [ 0, 0, 0, 0, 0, 0, 0, 0, 0, 0, 0, 0, 0, 0, 0, 0, 0, 0, 1, 0, -2, 0, 0, 0, 0, 0 ], 
      [ 0, 0, 0, 0, 0, 0, 0, 0, 0, 0, 0, 0, 0, 0, 0, 0, 0, 0, 0, 0, 1, -1, 0, 0, 0, 0 ], 
      [ 0, 0, 0, 0, 0, 0, 0, 0, 0, 0, 0, 0, 0, 0, 0, 0, 0, 0, 0, 0, 0, 0, -2, 1, 1, 1 ], 
      [ 0, 0, 0, 0, 0, 0, 0, 0, 0, 0, 0, 0, 0, 0, 0, 0, 0, 0, 0, 0, 0, 0, 0, -1, 1, 0 ], 
      [ 0, 0, 0, 0, 0, 0, 0, 0, 0, 0, 0, 0, 0, 0, 0, 0, 0, 0, 0, 0, 0, 0, 1, 0, -2, 0 ], 
      [ 0, 0, 0, 0, 0, 0, 0, 0, 0, 0, 0, 0, 0, 0, 0, 0, 0, 0, 0, 0, 0, 0, 0, 0, 1, -1 ] ],
  embS := [ [ 2, 0, 0, 0, 0, 0, 0, 0, 0, 0, 0, -1, -1, 0, -1, 0, 0, 0, 0, 0, 0, 0, 0, -1, 0, -1 ], 
      [ 0, -2, 0, 0, 0, 0, 0, 0, 0, 0, 0, 0, 0, 0, 1, 0, 0, 0, 0, 0, 0, 0, 0, 1, 0, 0 ], 
      [ 0, 0, -2, 0, 0, 0, 0, 0, 0, 0, 0, 0, 0, 0, 1, 0, 0, 0, 0, 0, 0, 0, 0, 0, 0, 1 ], 
      [ 0, 0, 0, -2, 0, 0, 0, 0, 0, 0, 0, 0, 0, 1, 0, 0, 0, 0, 0, 1, 0, 1, 0, 0, 0, 0 ], 
      [ 0, 0, 0, 0, -2, 0, 0, 0, 0, 0, 0, 0, 0, 1, 0, 0, 0, 0, 0, 1, 0, 0, 0, 0, 0, 0 ], 
      [ 0, 0, 0, 0, 0, -2, 0, 0, 0, 0, 0, 0, 0, 1, 0, 0, 0, 0, 0, 0, 0, 1, 0, 0, 0, 0 ], 
      [ 0, 0, 0, 0, 0, 0, -2, 0, 0, 0, 0, 1, 1, 0, 0, 0, 0, 1, 0, 0, 0, 0, 0, 0, 0, 0 ], 
      [ 0, 0, 0, 0, 0, 0, 0, -2, 0, 0, 0, 1, 1, 0, 0, 0, 1, 0, 0, 0, 0, 0, 0, 0, 0, 0 ], 
      [ 0, 0, 0, 0, 0, 0, 0, 0, -2, 0, 0, 1, 1, 0, 0, 1, 0, 0, 0, 0, 0, 0, 0, 0, 0, 0 ], 
      [ 0, 0, 0, 0, 0, 0, 0, 0, 0, -2, 0, 0, 1, 0, 1, 1, 1, 1, 0, 0, 0, 0, 0, 1, 0, 1 ], 
      [ 0, 0, 0, 0, 0, 0, 0, 0, 0, 0, -2, 1, 0, 0, 1, 1, 1, 1, 0, 0, 0, 0, 0, 1, 0, 1 ] ],
  projR := [ [ -1/2, -1/2, 0, -1/2, 0, 0, 0, 0, 0, 0, 0, -1, -3/2, -2, -3/2 ], 
      [ 0, 0, 0, -1/2, 0, 0, 0, 0, 0, 0, 0, -1/2, -1, -1, -1/2 ], [ 0, 0, 0, -1/2, 0, 0, 0, 0, 0, 0, 0, -1/2, -1/2, -1, -1 ], 
      [ 0, 0, -1/2, 0, 0, 0, 0, -1, -3/2, -2, -3/2, 0, 0, 0, 0 ], [ 0, 0, -1/2, 0, 0, 0, 0, -1/2, -1, -1, -1/2, 0, 0, 0, 0 ], 
      [ 0, 0, -1/2, 0, 0, 0, 0, -1/2, -1/2, -1, -1, 0, 0, 0, 0 ], [ -1/2, -1/2, 0, 0, 0, 0, -1/2, 0, 0, 0, 0, 0, 0, 0, 0 ], 
      [ -1/2, -1/2, 0, 0, 0, -1/2, 0, 0, 0, 0, 0, 0, 0, 0, 0 ], [ -1/2, -1/2, 0, 0, -1/2, 0, 0, 0, 0, 0, 0, 0, 0, 0, 0 ], 
      [ 0, -1/2, 0, -1/2, -1/2, -1/2, -1/2, 0, 0, 0, 0, -1, -3/2, -2, -3/2 ], 
      [ -1/2, 0, 0, -1/2, -1/2, -1/2, -1/2, 0, 0, 0, 0, -1, -3/2, -2, -3/2 ], [ -1, 0, 0, 0, 0, 0, 0, 0, 0, 0, 0, 0, 0, 0, 0 ], 
      [ 0, -1, 0, 0, 0, 0, 0, 0, 0, 0, 0, 0, 0, 0, 0 ], [ 0, 0, -1, 0, 0, 0, 0, 0, 0, 0, 0, 0, 0, 0, 0 ], 
      [ 0, 0, 0, -1, 0, 0, 0, 0, 0, 0, 0, 0, 0, 0, 0 ], [ 0, 0, 0, 0, -1, 0, 0, 0, 0, 0, 0, 0, 0, 0, 0 ], 
      [ 0, 0, 0, 0, 0, -1, 0, 0, 0, 0, 0, 0, 0, 0, 0 ], [ 0, 0, 0, 0, 0, 0, -1, 0, 0, 0, 0, 0, 0, 0, 0 ], 
      [ 0, 0, 0, 0, 0, 0, 0, -2, -2, -3, -2, 0, 0, 0, 0 ], [ 0, 0, 0, 0, 0, 0, 0, -1, -2, -2, -1, 0, 0, 0, 0 ], 
      [ 0, 0, 0, 0, 0, 0, 0, -1, -1, -2, -1, 0, 0, 0, 0 ], [ 0, 0, 0, 0, 0, 0, 0, -1, -1, -2, -2, 0, 0, 0, 0 ], 
      [ 0, 0, 0, 0, 0, 0, 0, 0, 0, 0, 0, -2, -2, -3, -2 ], [ 0, 0, 0, 0, 0, 0, 0, 0, 0, 0, 0, -1, -2, -2, -1 ], 
      [ 0, 0, 0, 0, 0, 0, 0, 0, 0, 0, 0, -1, -1, -2, -1 ], [ 0, 0, 0, 0, 0, 0, 0, 0, 0, 0, 0, -1, -1, -2, -2 ] ],
  projS := [ [ 1/2, 0, 0, 0, 0, 0, 0, 0, 0, 0, 0 ], [ 0, -1/2, 0, 0, 0, 0, 0, 0, 0, 0, 0 ], 
      [ 0, 0, -1/2, 0, 0, 0, 0, 0, 0, 0, 0 ], [ 0, 0, 0, -1/2, 0, 0, 0, 0, 0, 0, 0 ], [ 0, 0, 0, 0, -1/2, 0, 0, 0, 0, 0, 0 ], 
      [ 0, 0, 0, 0, 0, -1/2, 0, 0, 0, 0, 0 ], [ 0, 0, 0, 0, 0, 0, -1/2, 0, 0, 0, 0 ], [ 0, 0, 0, 0, 0, 0, 0, -1/2, 0, 0, 0 ], 
      [ 0, 0, 0, 0, 0, 0, 0, 0, -1/2, 0, 0 ], [ 0, 0, 0, 0, 0, 0, 0, 0, 0, -1/2, 0 ], [ 0, 0, 0, 0, 0, 0, 0, 0, 0, 0, -1/2 ], 
      [ 0, 0, 0, 0, 0, 0, 0, 0, 0, 0, 0 ], [ 0, 0, 0, 0, 0, 0, 0, 0, 0, 0, 0 ], [ 0, 0, 0, 0, 0, 0, 0, 0, 0, 0, 0 ], 
      [ 0, 0, 0, 0, 0, 0, 0, 0, 0, 0, 0 ], [ 0, 0, 0, 0, 0, 0, 0, 0, 0, 0, 0 ], [ 0, 0, 0, 0, 0, 0, 0, 0, 0, 0, 0 ], 
      [ 0, 0, 0, 0, 0, 0, 0, 0, 0, 0, 0 ], [ 0, 0, 0, 0, 0, 0, 0, 0, 0, 0, 0 ], [ 0, 0, 0, 0, 0, 0, 0, 0, 0, 0, 0 ], 
      [ 0, 0, 0, 0, 0, 0, 0, 0, 0, 0, 0 ], [ 0, 0, 0, 0, 0, 0, 0, 0, 0, 0, 0 ], [ 0, 0, 0, 0, 0, 0, 0, 0, 0, 0, 0 ], 
      [ 0, 0, 0, 0, 0, 0, 0, 0, 0, 0, 0 ], [ 0, 0, 0, 0, 0, 0, 0, 0, 0, 0, 0 ], [ 0, 0, 0, 0, 0, 0, 0, 0, 0, 0, 0 ] ] );
