tbasisrec:=rec(
  Gram := [ [ 4, 1, 2, -1 ], [ 1, 3, 0, -2 ], [ 2, 0, 4, 2 ], [ -1, -2, 2, 4 ] ],
  basis := [ [ 0, 1, 0, 1 ], [ 0, 1, 0, 0 ], [ -1, 0, 1, -1 ], [ 0, -1, 1, -1 ] ],
  basisnrms := [ 3, 3, 2, 3 ],
  fingerprints := [ 4, 3, 1, 1 ],
  maxnrm := 3,
  newGram := [ [ 3, 1, 0, -1 ], [ 1, 3, 1, -1 ], [ 0, 1, 2, 0 ], [ -1, -1, 0, 3 ] ],
  nopss := [ [ 2, 1 ], [ 3, 4 ] ],
  nrmsset := [ 2, 3 ],
  vss := [ [ [ 0, 1, 0, 1 ], [ 0, 1, -1, 1 ], [ 1, 1, -1, 1 ], [ 0, 1, 0, 0 ] ], 
      [ [ 0, 1, 0, 1 ], [ 0, -1, 1, -1 ], [ 1, 1, -1, 1 ], [ 0, 1, 0, 0 ] ] ] );
