resultrho7:=[ rec(
      Gram := [ [ 2, 2, 2 ], [ 2, -2, 0 ], [ 2, 0, -2 ] ],
      adj := [ [ -2, 0 ], [ 0, -2 ] ],
      gensplcons := [ [ 0, 1, 0 ], [ 0, 0, 1 ] ],
      h := [ 1, 0, 0 ],
      kk := 2,
      nooverlatflag := true,
      scons := [ [ [ 1, -1, 1 ], [ 1, 1, -1 ] ], [ [ 2, -1, 0 ], [ 0, 1, 0 ] ], 
          [ [ 0, 0, 1 ], [ 2, 0, -1 ] ] ],
      stabssize := 6,
      wg := [ 0 ] ), rec(
      Gram := [ [ 2, 2, 2, 2 ], [ 2, -2, 0, 0 ], [ 2, 0, -2, 0 ], [ 2, 0, 0, -2 ] ],
      adj := [ [ -2, 0, 0 ], [ 0, -2, 0 ], [ 0, 0, -2 ] ],
      gensplcons := [ [ 0, 1, 0, 0 ], [ 0, 0, 1, 0 ], [ 0, 0, 0, 1 ] ],
      h := [ 1, 0, 0, 0 ],
      kk := 3,
      nooverlatflag := true,
      scons := 
       [ [ [ 1, 0, -1, 1 ], [ 1, 0, 1, -1 ] ], [ [ 2, 0, -1, 0 ], [ 0, 0, 1, 0 ] ], 
          [ [ 1, 1, -1, 0 ], [ 1, -1, 1, 0 ] ], [ [ 1, -1, 0, 1 ], [ 1, 1, 0, -1 ] ], 
          [ [ 2, -1, 0, 0 ], [ 0, 1, 0, 0 ] ], [ [ 0, 0, 0, 1 ], [ 2, 0, 0, -1 ] ] ],
      stabssize := 24,
      wg := [ 0, 0, 0 ] ), rec(
      Gram := [ [ 2, 2, 2, 2, 2 ], [ 2, -2, 0, 0, 0 ], [ 2, 0, -2, 0, 0 ], 
          [ 2, 0, 0, -2, 0 ], [ 2, 0, 0, 0, -2 ] ],
      adj := [ [ -2, 0, 0, 0 ], [ 0, -2, 0, 0 ], [ 0, 0, -2, 0 ], [ 0, 0, 0, -2 ] ],
      gensplcons := [ [ 0, 1, 0, 0, 0 ], [ 0, 0, 1, 0, 0 ], [ 0, 0, 0, 1, 0 ], 
          [ 0, 0, 0, 0, 1 ] ],
      h := [ 1, 0, 0, 0, 0 ],
      kk := 4,
      nooverlatflag := true,
      scons := 
       [ [ [ 1, 0, 0, -1, 1 ], [ 1, 0, 0, 1, -1 ] ], 
          [ [ 2, 0, 0, -1, 0 ], [ 0, 0, 0, 1, 0 ] ], 
          [ [ 1, 1, 0, -1, 0 ], [ 1, -1, 0, 1, 0 ] ], 
          [ [ 1, 0, 1, -1, 0 ], [ 1, 0, -1, 1, 0 ] ], 
          [ [ 1, 0, -1, 0, 1 ], [ 1, 0, 1, 0, -1 ] ], 
          [ [ 2, 0, -1, 0, 0 ], [ 0, 0, 1, 0, 0 ] ], 
          [ [ 1, 1, -1, 0, 0 ], [ 1, -1, 1, 0, 0 ] ], 
          [ [ 1, -1, 0, 0, 1 ], [ 1, 1, 0, 0, -1 ] ], 
          [ [ 2, -1, 0, 0, 0 ], [ 0, 1, 0, 0, 0 ] ], 
          [ [ 0, 0, 0, 0, 1 ], [ 2, 0, 0, 0, -1 ] ] ],
      stabssize := 144,
      wg := [ 0, 0, 0, 0, 0, 0 ] ), rec(
      Gram := [ [ 2, 2, 2, 2, 2, 2 ], [ 2, -2, 0, 0, 0, 0 ], [ 2, 0, -2, 0, 0, 0 ], 
          [ 2, 0, 0, -2, 0, 0 ], [ 2, 0, 0, 0, -2, 0 ], [ 2, 0, 0, 0, 0, -2 ] ],
      adj := [ [ -2, 0, 0, 0, 0 ], [ 0, -2, 0, 0, 0 ], [ 0, 0, -2, 0, 0 ], 
          [ 0, 0, 0, -2, 0 ], [ 0, 0, 0, 0, -2 ] ],
      gensplcons := [ [ 0, 1, 0, 0, 0, 0 ], [ 0, 0, 1, 0, 0, 0 ], [ 0, 0, 0, 1, 0, 0 ], 
          [ 0, 0, 0, 0, 1, 0 ], [ 0, 0, 0, 0, 0, 1 ] ],
      h := [ 1, 0, 0, 0, 0, 0 ],
      kk := 5,
      nooverlatflag := true,
      scons := [ [ [ 1, 0, 0, 0, -1, 1 ], [ 1, 0, 0, 0, 1, -1 ] ], 
          [ [ 2, 0, 0, 0, -1, 0 ], [ 0, 0, 0, 0, 1, 0 ] ], 
          [ [ 1, 1, 0, 0, -1, 0 ], [ 1, -1, 0, 0, 1, 0 ] ], 
          [ [ 1, 0, 1, 0, -1, 0 ], [ 1, 0, -1, 0, 1, 0 ] ], 
          [ [ 1, 0, 0, 1, -1, 0 ], [ 1, 0, 0, -1, 1, 0 ] ], 
          [ [ 1, 0, 0, -1, 0, 1 ], [ 1, 0, 0, 1, 0, -1 ] ], 
          [ [ 2, 0, 0, -1, 0, 0 ], [ 0, 0, 0, 1, 0, 0 ] ], 
          [ [ 1, 1, 0, -1, 0, 0 ], [ 1, -1, 0, 1, 0, 0 ] ], 
          [ [ 1, 0, 1, -1, 0, 0 ], [ 1, 0, -1, 1, 0, 0 ] ], 
          [ [ 1, 0, -1, 0, 0, 1 ], [ 1, 0, 1, 0, 0, -1 ] ], 
          [ [ 2, 0, -1, 0, 0, 0 ], [ 0, 0, 1, 0, 0, 0 ] ], 
          [ [ 1, 1, -1, 0, 0, 0 ], [ 1, -1, 1, 0, 0, 0 ] ], 
          [ [ 1, -1, 0, 0, 0, 1 ], [ 1, 1, 0, 0, 0, -1 ] ], 
          [ [ 2, -1, 0, 0, 0, 0 ], [ 0, 1, 0, 0, 0, 0 ] ], 
          [ [ 0, 0, 0, 0, 0, 1 ], [ 2, 0, 0, 0, 0, -1 ] ] ],
      stabssize := 1200,
      wg := [ 0, 0, 0, 0, 0, 0, 0, 0, 0, 0 ] ), rec(
      Gram := [ [ 2, 2, 2, 2, 2, 2, 2 ], [ 2, -2, 0, 0, 0, 0, 0 ], 
          [ 2, 0, -2, 0, 0, 0, 0 ], [ 2, 0, 0, -2, 0, 0, 0 ], [ 2, 0, 0, 0, -2, 0, 0 ], 
          [ 2, 0, 0, 0, 0, -2, 0 ], [ 2, 0, 0, 0, 0, 0, -2 ] ],
      adj := [ [ -2, 0, 0, 0, 0, 0 ], [ 0, -2, 0, 0, 0, 0 ], [ 0, 0, -2, 0, 0, 0 ], 
          [ 0, 0, 0, -2, 0, 0 ], [ 0, 0, 0, 0, -2, 0 ], [ 0, 0, 0, 0, 0, -2 ] ],
      gensplcons := [ [ 0, 1, 0, 0, 0, 0, 0 ], [ 0, 0, 1, 0, 0, 0, 0 ], 
          [ 0, 0, 0, 1, 0, 0, 0 ], [ 0, 0, 0, 0, 1, 0, 0 ], [ 0, 0, 0, 0, 0, 1, 0 ], 
          [ 0, 0, 0, 0, 0, 0, 1 ] ],
      h := [ 1, 0, 0, 0, 0, 0, 0 ],
      kk := 6,
      nooverlatflag := true,
      scons := [ [ [ 1, 0, 0, 0, 0, -1, 1 ], [ 1, 0, 0, 0, 0, 1, -1 ] ], 
          [ [ 2, 0, 0, 0, 0, -1, 0 ], [ 0, 0, 0, 0, 0, 1, 0 ] ], 
          [ [ 1, 1, 0, 0, 0, -1, 0 ], [ 1, -1, 0, 0, 0, 1, 0 ] ], 
          [ [ 1, 0, 1, 0, 0, -1, 0 ], [ 1, 0, -1, 0, 0, 1, 0 ] ], 
          [ [ 1, 0, 0, 1, 0, -1, 0 ], [ 1, 0, 0, -1, 0, 1, 0 ] ], 
          [ [ 1, 0, 0, 0, 1, -1, 0 ], [ 1, 0, 0, 0, -1, 1, 0 ] ], 
          [ [ 1, 0, 0, 0, -1, 0, 1 ], [ 1, 0, 0, 0, 1, 0, -1 ] ], 
          [ [ 2, 0, 0, 0, -1, 0, 0 ], [ 0, 0, 0, 0, 1, 0, 0 ] ], 
          [ [ 1, 1, 0, 0, -1, 0, 0 ], [ 1, -1, 0, 0, 1, 0, 0 ] ], 
          [ [ 1, 0, 1, 0, -1, 0, 0 ], [ 1, 0, -1, 0, 1, 0, 0 ] ], 
          [ [ 1, 0, 0, 1, -1, 0, 0 ], [ 1, 0, 0, -1, 1, 0, 0 ] ], 
          [ [ 1, 0, 0, -1, 0, 0, 1 ], [ 1, 0, 0, 1, 0, 0, -1 ] ], 
          [ [ 2, 0, 0, -1, 0, 0, 0 ], [ 0, 0, 0, 1, 0, 0, 0 ] ], 
          [ [ 1, 1, 0, -1, 0, 0, 0 ], [ 1, -1, 0, 1, 0, 0, 0 ] ], 
          [ [ 1, 0, 1, -1, 0, 0, 0 ], [ 1, 0, -1, 1, 0, 0, 0 ] ], 
          [ [ 1, 0, -1, 0, 0, 0, 1 ], [ 1, 0, 1, 0, 0, 0, -1 ] ], 
          [ [ 2, 0, -1, 0, 0, 0, 0 ], [ 0, 0, 1, 0, 0, 0, 0 ] ], 
          [ [ 1, 1, -1, 0, 0, 0, 0 ], [ 1, -1, 1, 0, 0, 0, 0 ] ], 
          [ [ 1, -1, 0, 0, 0, 0, 1 ], [ 1, 1, 0, 0, 0, 0, -1 ] ], 
          [ [ 2, -1, 0, 0, 0, 0, 0 ], [ 0, 1, 0, 0, 0, 0, 0 ] ], 
          [ [ 0, 0, 0, 0, 0, 0, 1 ], [ 2, 0, 0, 0, 0, 0, -1 ] ] ],
      stabssize := 12960,
      wg := [ 0, 0, 0, 0, 0, 0, 0, 0, 0, 0, 0, 0, 0, 0, 0 ] ), rec(
      Gram := [ [ 2, 2, 2, 2, 2, 2, 2 ], [ 2, -2, 0, 0, 0, 0, 0 ], 
          [ 2, 0, -2, 0, 0, 0, 0 ], [ 2, 0, 0, -2, 0, 0, 0 ], [ 2, 0, 0, 0, -2, 0, 0 ], 
          [ 2, 0, 0, 0, 0, -2, 1 ], [ 2, 0, 0, 0, 0, 1, -2 ] ],
      adj := [ [ -2, 0, 0, 0, 0, 0 ], [ 0, -2, 0, 0, 0, 0 ], [ 0, 0, -2, 0, 0, 0 ], 
          [ 0, 0, 0, -2, 0, 0 ], [ 0, 0, 0, 0, -2, 1 ], [ 0, 0, 0, 0, 1, -2 ] ],
      gensplcons := [ [ 0, 1, 0, 0, 0, 0, 0 ], [ 0, 0, 1, 0, 0, 0, 0 ], 
          [ 0, 0, 0, 1, 0, 0, 0 ], [ 0, 0, 0, 0, 1, 0, 0 ], [ 0, 0, 0, 0, 0, 1, 0 ], 
          [ 0, 0, 0, 0, 0, 0, 1 ] ],
      h := [ 1, 0, 0, 0, 0, 0, 0 ],
      kk := 6,
      nooverlatflag := true,
      scons := [ [ [ 1, 0, 0, -1, 0, 0, 1 ], [ 1, 0, 0, 1, 0, 0, -1 ] ], 
          [ [ 1, 0, -1, 0, 0, 0, 1 ], [ 1, 0, 1, 0, 0, 0, -1 ] ], 
          [ [ 1, -1, 0, 0, 0, 0, 1 ], [ 1, 1, 0, 0, 0, 0, -1 ] ], 
          [ [ 0, 0, 0, 0, 0, 0, 1 ], [ 2, 0, 0, 0, 0, 0, -1 ] ], 
          [ [ 1, 0, 0, 0, -1, 0, 1 ], [ 1, 0, 0, 0, 1, 0, -1 ] ], 
          [ [ 1, 0, 0, 0, 1, -1, 0 ], [ 1, 0, 0, 0, -1, 1, 0 ] ], 
          [ [ 2, 0, 0, 0, 0, -1, 0 ], [ 0, 0, 0, 0, 0, 1, 0 ] ], 
          [ [ 1, 1, 0, 0, 0, -1, 0 ], [ 1, -1, 0, 0, 0, 1, 0 ] ], 
          [ [ 1, 0, 1, 0, 0, -1, 0 ], [ 1, 0, -1, 0, 0, 1, 0 ] ], 
          [ [ 1, 0, 0, 1, 0, -1, 0 ], [ 1, 0, 0, -1, 0, 1, 0 ] ], 
          [ [ 1, 0, 0, -1, 1, 0, 0 ], [ 1, 0, 0, 1, -1, 0, 0 ] ], 
          [ [ 2, 0, 0, -1, 0, 0, 0 ], [ 0, 0, 0, 1, 0, 0, 0 ] ], 
          [ [ 1, 1, 0, -1, 0, 0, 0 ], [ 1, -1, 0, 1, 0, 0, 0 ] ], 
          [ [ 1, 0, 1, -1, 0, 0, 0 ], [ 1, 0, -1, 1, 0, 0, 0 ] ], 
          [ [ 1, 0, -1, 0, 1, 0, 0 ], [ 1, 0, 1, 0, -1, 0, 0 ] ], 
          [ [ 2, 0, -1, 0, 0, 0, 0 ], [ 0, 0, 1, 0, 0, 0, 0 ] ], 
          [ [ 1, 1, -1, 0, 0, 0, 0 ], [ 1, -1, 1, 0, 0, 0, 0 ] ], 
          [ [ 1, -1, 0, 0, 1, 0, 0 ], [ 1, 1, 0, 0, -1, 0, 0 ] ], 
          [ [ 2, -1, 0, 0, 0, 0, 0 ], [ 0, 1, 0, 0, 0, 0, 0 ] ], 
          [ [ 0, 0, 0, 0, 1, 0, 0 ], [ 2, 0, 0, 0, -1, 0, 0 ] ] ],
      stabssize := 864,
      wg := [ 0, 0, 0, 0, 0, 0, 0, 0, 0, 0, 0, 0, 0, 0, 1 ] ), rec(
      Gram := [ [ 2, 2, 2, 2, 2, 2, 2 ], [ 2, -2, 0, 0, 0, 0, 0 ], 
          [ 2, 0, -2, 0, 0, 0, 0 ], [ 2, 0, 0, -2, 0, 0, 0 ], [ 2, 0, 0, 0, -2, 0, 0 ], 
          [ 2, 0, 0, 0, 0, -2, 2 ], [ 2, 0, 0, 0, 0, 2, -2 ] ],
      adj := [ [ -2, 0, 0, 0, 0, 0 ], [ 0, -2, 0, 0, 0, 0 ], [ 0, 0, -2, 0, 0, 0 ], 
          [ 0, 0, 0, -2, 0, 0 ], [ 0, 0, 0, 0, -2, 2 ], [ 0, 0, 0, 0, 2, -2 ] ],
      gensplcons := [ [ 0, 1, 0, 0, 0, 0, 0 ], [ 0, 0, 1, 0, 0, 0, 0 ], 
          [ 0, 0, 0, 1, 0, 0, 0 ], [ 0, 0, 0, 0, 1, 0, 0 ], [ 0, 0, 0, 0, 0, 1, 0 ], 
          [ 0, 0, 0, 0, 0, 0, 1 ] ],
      h := [ 1, 0, 0, 0, 0, 0, 0 ],
      kk := 6,
      nooverlatflag := true,
      scons := [ [ [ 1, 0, -1, -1, 0, 1, 1 ], [ 1, 0, 1, 1, 0, -1, -1 ] ], 
          [ [ 1, -1, 0, -1, 0, 1, 1 ], [ 1, 1, 0, 1, 0, -1, -1 ] ], 
          [ [ 0, 0, 0, -1, 0, 1, 1 ], [ 2, 0, 0, 1, 0, -1, -1 ] ], 
          [ [ 1, 0, 0, -1, 0, 0, 1 ], [ 1, 0, 0, 1, 0, 0, -1 ] ], 
          [ [ 1, 0, 0, -1, -1, 1, 1 ], [ 1, 0, 0, 1, 1, -1, -1 ] ], 
          [ [ 1, 0, 0, -1, 1, 0, 0 ], [ 1, 0, 0, 1, -1, 0, 0 ] ], 
          [ [ 1, 0, 0, -1, 0, 1, 0 ], [ 1, 0, 0, 1, 0, -1, 0 ] ], 
          [ [ 2, 0, 0, -1, 0, 0, 0 ], [ 0, 0, 0, 1, 0, 0, 0 ] ], 
          [ [ 1, 1, 0, -1, 0, 0, 0 ], [ 1, -1, 0, 1, 0, 0, 0 ] ], 
          [ [ 1, 0, 1, -1, 0, 0, 0 ], [ 1, 0, -1, 1, 0, 0, 0 ] ], 
          [ [ 1, -1, -1, 0, 0, 1, 1 ], [ 1, 1, 1, 0, 0, -1, -1 ] ], 
          [ [ 0, 0, -1, 0, 0, 1, 1 ], [ 2, 0, 1, 0, 0, -1, -1 ] ], 
          [ [ 1, 0, -1, 0, 0, 0, 1 ], [ 1, 0, 1, 0, 0, 0, -1 ] ], 
          [ [ 1, 0, -1, 0, -1, 1, 1 ], [ 1, 0, 1, 0, 1, -1, -1 ] ], 
          [ [ 1, 0, -1, 0, 1, 0, 0 ], [ 1, 0, 1, 0, -1, 0, 0 ] ], 
          [ [ 1, 0, -1, 0, 0, 1, 0 ], [ 1, 0, 1, 0, 0, -1, 0 ] ], 
          [ [ 2, 0, -1, 0, 0, 0, 0 ], [ 0, 0, 1, 0, 0, 0, 0 ] ], 
          [ [ 1, 1, -1, 0, 0, 0, 0 ], [ 1, -1, 1, 0, 0, 0, 0 ] ], 
          [ [ 0, -1, 0, 0, 0, 1, 1 ], [ 2, 1, 0, 0, 0, -1, -1 ] ], 
          [ [ 1, -1, 0, 0, 0, 0, 1 ], [ 1, 1, 0, 0, 0, 0, -1 ] ], 
          [ [ 1, -1, 0, 0, -1, 1, 1 ], [ 1, 1, 0, 0, 1, -1, -1 ] ], 
          [ [ 1, -1, 0, 0, 1, 0, 0 ], [ 1, 1, 0, 0, -1, 0, 0 ] ], 
          [ [ 1, -1, 0, 0, 0, 1, 0 ], [ 1, 1, 0, 0, 0, -1, 0 ] ], 
          [ [ 2, -1, 0, 0, 0, 0, 0 ], [ 0, 1, 0, 0, 0, 0, 0 ] ], 
          [ [ 0, 0, 0, 0, 0, 0, 1 ], [ 2, 0, 0, 0, 0, 0, -1 ] ], 
          [ [ 0, 0, 0, 0, -1, 1, 1 ], [ 2, 0, 0, 0, 1, -1, -1 ] ], 
          [ [ 0, 0, 0, 0, 1, 0, 0 ], [ 2, 0, 0, 0, -1, 0, 0 ] ], 
          [ [ 0, 0, 0, 0, 0, 1, 0 ], [ 2, 0, 0, 0, 0, -1, 0 ] ], 
          [ [ 1, 0, 0, 0, -1, 0, 1 ], [ 1, 0, 0, 0, 1, 0, -1 ] ], 
          [ [ 1, 0, 0, 0, 1, -1, 0 ], [ 1, 0, 0, 0, -1, 1, 0 ] ] ],
      stabssize := 864,
      wg := [ 0, 0, 0, 0, 0, 0, 0, 0, 0, 0, 0, 0, 0, 0, 2 ] ), rec(
      Gram := [ [ 2, 2, 2, 2, 2, 2, 2 ], [ 2, -2, 0, 0, 0, 0, 0 ], 
          [ 2, 0, -2, 0, 0, 0, 0 ], [ 2, 0, 0, -2, 0, 0, 0 ], [ 2, 0, 0, 0, -2, 0, 1 ], 
          [ 2, 0, 0, 0, 0, -2, 1 ], [ 2, 0, 0, 0, 1, 1, -2 ] ],
      adj := [ [ -2, 0, 0, 0, 0, 0 ], [ 0, -2, 0, 0, 0, 0 ], [ 0, 0, -2, 0, 0, 0 ], 
          [ 0, 0, 0, -2, 0, 1 ], [ 0, 0, 0, 0, -2, 1 ], [ 0, 0, 0, 1, 1, -2 ] ],
      gensplcons := [ [ 0, 1, 0, 0, 0, 0, 0 ], [ 0, 0, 1, 0, 0, 0, 0 ], 
          [ 0, 0, 0, 1, 0, 0, 0 ], [ 0, 0, 0, 0, 1, 0, 0 ], [ 0, 0, 0, 0, 0, 1, 0 ], 
          [ 0, 0, 0, 0, 0, 0, 1 ] ],
      h := [ 1, 0, 0, 0, 0, 0, 0 ],
      kk := 6,
      nooverlatflag := true,
      scons := [ [ [ 1, 0, 0, 0, -1, 1, 0 ], [ 1, 0, 0, 0, 1, -1, 0 ] ], 
          [ [ 2, 0, 0, 0, -1, 0, 0 ], [ 0, 0, 0, 0, 1, 0, 0 ] ], 
          [ [ 1, 1, 0, 0, -1, 0, 0 ], [ 1, -1, 0, 0, 1, 0, 0 ] ], 
          [ [ 1, 0, 1, 0, -1, 0, 0 ], [ 1, 0, -1, 0, 1, 0, 0 ] ], 
          [ [ 1, 0, 0, 1, -1, 0, 0 ], [ 1, 0, 0, -1, 1, 0, 0 ] ], 
          [ [ 1, 0, 0, -1, 0, 0, 1 ], [ 1, 0, 0, 1, 0, 0, -1 ] ], 
          [ [ 1, 0, -1, 0, 0, 0, 1 ], [ 1, 0, 1, 0, 0, 0, -1 ] ], 
          [ [ 1, -1, 0, 0, 0, 0, 1 ], [ 1, 1, 0, 0, 0, 0, -1 ] ], 
          [ [ 0, 0, 0, 0, 0, 0, 1 ], [ 2, 0, 0, 0, 0, 0, -1 ] ], 
          [ [ 1, 0, 0, -1, 0, 1, 0 ], [ 1, 0, 0, 1, 0, -1, 0 ] ], 
          [ [ 2, 0, 0, -1, 0, 0, 0 ], [ 0, 0, 0, 1, 0, 0, 0 ] ], 
          [ [ 1, 1, 0, -1, 0, 0, 0 ], [ 1, -1, 0, 1, 0, 0, 0 ] ], 
          [ [ 1, 0, 1, -1, 0, 0, 0 ], [ 1, 0, -1, 1, 0, 0, 0 ] ], 
          [ [ 1, 0, -1, 0, 0, 1, 0 ], [ 1, 0, 1, 0, 0, -1, 0 ] ], 
          [ [ 2, 0, -1, 0, 0, 0, 0 ], [ 0, 0, 1, 0, 0, 0, 0 ] ], 
          [ [ 1, 1, -1, 0, 0, 0, 0 ], [ 1, -1, 1, 0, 0, 0, 0 ] ], 
          [ [ 1, -1, 0, 0, 0, 1, 0 ], [ 1, 1, 0, 0, 0, -1, 0 ] ], 
          [ [ 2, -1, 0, 0, 0, 0, 0 ], [ 0, 1, 0, 0, 0, 0, 0 ] ], 
          [ [ 0, 0, 0, 0, 0, 1, 0 ], [ 2, 0, 0, 0, 0, -1, 0 ] ] ],
      stabssize := 216,
      wg := [ 0, 0, 0, 0, 0, 0, 0, 0, 0, 0, 0, 0, 0, 1, 1 ] ), rec(
      Gram := [ [ 2, 2, 2, 2, 2, 2, 2 ], [ 2, -2, 0, 0, 0, 0, 0 ], 
          [ 2, 0, -2, 0, 0, 0, 0 ], [ 2, 0, 0, -2, 0, 0, 0 ], [ 2, 0, 0, 0, -2, 0, 1 ], 
          [ 2, 0, 0, 0, 0, -2, 2 ], [ 2, 0, 0, 0, 1, 2, -2 ] ],
      adj := [ [ -2, 0, 0, 0, 0, 0 ], [ 0, -2, 0, 0, 0, 0 ], [ 0, 0, -2, 0, 0, 0 ], 
          [ 0, 0, 0, -2, 0, 1 ], [ 0, 0, 0, 0, -2, 2 ], [ 0, 0, 0, 1, 2, -2 ] ],
      gensplcons := [ [ 0, 1, 0, 0, 0, 0, 0 ], [ 0, 0, 1, 0, 0, 0, 0 ], 
          [ 0, 0, 0, 1, 0, 0, 0 ], [ 0, 0, 0, 0, 1, 0, 0 ], [ 0, 0, 0, 0, 0, 1, 0 ], 
          [ 0, 0, 0, 0, 0, 0, 1 ] ],
      h := [ 1, 0, 0, 0, 0, 0, 0 ],
      kk := 6,
      nooverlatflag := true,
      scons := [ [ [ 1, 0, 0, 1, -1, 0, 0 ], [ 1, 0, 0, -1, 1, 0, 0 ] ], 
          [ [ 1, 0, 0, 0, -1, 1, 0 ], [ 1, 0, 0, 0, 1, -1, 0 ] ], 
          [ [ 2, 0, 0, 0, -1, 0, 0 ], [ 0, 0, 0, 0, 1, 0, 0 ] ], 
          [ [ 1, 1, 0, 0, -1, 0, 0 ], [ 1, -1, 0, 0, 1, 0, 0 ] ], 
          [ [ 1, 0, 1, 0, -1, 0, 0 ], [ 1, 0, -1, 0, 1, 0, 0 ] ], 
          [ [ 1, -1, -1, 0, 0, 1, 1 ], [ 1, 1, 1, 0, 0, -1, -1 ] ], 
          [ [ 0, 0, -1, 0, 0, 1, 1 ], [ 2, 0, 1, 0, 0, -1, -1 ] ], 
          [ [ 1, 0, -1, 0, 0, 0, 1 ], [ 1, 0, 1, 0, 0, 0, -1 ] ], 
          [ [ 1, 0, -1, -1, 0, 1, 1 ], [ 1, 0, 1, 1, 0, -1, -1 ] ], 
          [ [ 1, 0, -1, 1, 0, 0, 0 ], [ 1, 0, 1, -1, 0, 0, 0 ] ], 
          [ [ 1, 0, -1, 0, 0, 1, 0 ], [ 1, 0, 1, 0, 0, -1, 0 ] ], 
          [ [ 2, 0, -1, 0, 0, 0, 0 ], [ 0, 0, 1, 0, 0, 0, 0 ] ], 
          [ [ 1, 1, -1, 0, 0, 0, 0 ], [ 1, -1, 1, 0, 0, 0, 0 ] ], 
          [ [ 0, -1, 0, 0, 0, 1, 1 ], [ 2, 1, 0, 0, 0, -1, -1 ] ], 
          [ [ 1, -1, 0, 0, 0, 0, 1 ], [ 1, 1, 0, 0, 0, 0, -1 ] ], 
          [ [ 1, -1, 0, -1, 0, 1, 1 ], [ 1, 1, 0, 1, 0, -1, -1 ] ], 
          [ [ 1, -1, 0, 1, 0, 0, 0 ], [ 1, 1, 0, -1, 0, 0, 0 ] ], 
          [ [ 1, -1, 0, 0, 0, 1, 0 ], [ 1, 1, 0, 0, 0, -1, 0 ] ], 
          [ [ 2, -1, 0, 0, 0, 0, 0 ], [ 0, 1, 0, 0, 0, 0, 0 ] ], 
          [ [ 0, 0, 0, 0, 0, 0, 1 ], [ 2, 0, 0, 0, 0, 0, -1 ] ], 
          [ [ 0, 0, 0, -1, 0, 1, 1 ], [ 2, 0, 0, 1, 0, -1, -1 ] ], 
          [ [ 0, 0, 0, 1, 0, 0, 0 ], [ 2, 0, 0, -1, 0, 0, 0 ] ], 
          [ [ 0, 0, 0, 0, 0, 1, 0 ], [ 2, 0, 0, 0, 0, -1, 0 ] ], 
          [ [ 1, 0, 0, -1, 0, 0, 1 ], [ 1, 0, 0, 1, 0, 0, -1 ] ], 
          [ [ 1, 0, 0, 1, 0, -1, 0 ], [ 1, 0, 0, -1, 0, 1, 0 ] ] ],
      stabssize := 108,
      wg := [ 0, 0, 0, 0, 0, 0, 0, 0, 0, 0, 0, 0, 0, 1, 2 ] ), rec(
      Gram := [ [ 2, 2, 2, 2, 2, 2, 2 ], [ 2, -2, 0, 0, 0, 0, 0 ], 
          [ 2, 0, -2, 0, 0, 0, 0 ], [ 2, 0, 0, -2, 0, 0, 0 ], [ 2, 0, 0, 0, -2, 0, 2 ], 
          [ 2, 0, 0, 0, 0, -2, 2 ], [ 2, 0, 0, 0, 2, 2, -2 ] ],
      adj := [ [ -2, 0, 0, 0, 0, 0 ], [ 0, -2, 0, 0, 0, 0 ], [ 0, 0, -2, 0, 0, 0 ], 
          [ 0, 0, 0, -2, 0, 2 ], [ 0, 0, 0, 0, -2, 2 ], [ 0, 0, 0, 2, 2, -2 ] ],
      gensplcons := [ [ 0, 1, 0, 0, 0, 0, 0 ], [ 0, 0, 1, 0, 0, 0, 0 ], 
          [ 0, 0, 0, 1, 0, 0, 0 ], [ 0, 0, 0, 0, 1, 0, 0 ], [ 0, 0, 0, 0, 0, 1, 0 ], 
          [ 0, 0, 0, 0, 0, 0, 1 ] ],
      h := [ 1, 0, 0, 0, 0, 0, 0 ],
      kk := 6,
      nooverlatflag := true,
      scons := [ [ [ 2, 0, 0, 0, 0, -1, 0 ], [ 0, 0, 0, 0, 0, 1, 0 ] ], 
          [ [ 2, 0, 1, 1, -1, -1, -1 ], [ 0, 0, -1, -1, 1, 1, 1 ] ], 
          [ [ 2, 1, 1, 0, -1, -1, -1 ], [ 0, -1, -1, 0, 1, 1, 1 ] ], 
          [ [ 1, 0, 1, 0, 0, -1, 0 ], [ 1, 0, -1, 0, 0, 1, 0 ] ], 
          [ [ 2, 0, 1, 0, 0, -1, -1 ], [ 0, 0, -1, 0, 0, 1, 1 ] ], 
          [ [ 2, 0, 0, 0, -1, 0, 0 ], [ 0, 0, 0, 0, 1, 0, 0 ] ], 
          [ [ 1, -1, 0, 0, 0, 0, 1 ], [ 1, 1, 0, 0, 0, 0, -1 ] ], 
          [ [ 2, -1, 0, 0, 0, 0, 0 ], [ 0, 1, 0, 0, 0, 0, 0 ] ], 
          [ [ 1, 0, 0, -1, 0, 0, 1 ], [ 1, 0, 0, 1, 0, 0, -1 ] ], 
          [ [ 2, 0, 0, -1, 0, 0, 0 ], [ 0, 0, 0, 1, 0, 0, 0 ] ], 
          [ [ 1, -1, 0, -1, 1, 0, 1 ], [ 1, 1, 0, 1, -1, 0, -1 ] ], 
          [ [ 1, 0, 1, 0, -1, 0, 0 ], [ 1, 0, -1, 0, 1, 0, 0 ] ], 
          [ [ 2, 0, 1, 0, -1, 0, -1 ], [ 0, 0, -1, 0, 1, 0, 1 ] ], 
          [ [ 1, -1, 1, 0, 0, 0, 0 ], [ 1, 1, -1, 0, 0, 0, 0 ] ], 
          [ [ 1, 0, 1, -1, 0, 0, 0 ], [ 1, 0, -1, 1, 0, 0, 0 ] ], 
          [ [ 1, -1, 0, -1, 0, 1, 1 ], [ 1, 1, 0, 1, 0, -1, -1 ] ], 
          [ [ 2, 1, 0, 1, -1, -1, -1 ], [ 0, -1, 0, -1, 1, 1, 1 ] ], 
          [ [ 1, 0, 0, 1, 0, -1, 0 ], [ 1, 0, 0, -1, 0, 1, 0 ] ], 
          [ [ 2, 0, 0, 1, 0, -1, -1 ], [ 0, 0, 0, -1, 0, 1, 1 ] ], 
          [ [ 1, 1, 0, 0, 0, -1, 0 ], [ 1, -1, 0, 0, 0, 1, 0 ] ], 
          [ [ 2, 1, 0, 0, 0, -1, -1 ], [ 0, -1, 0, 0, 0, 1, 1 ] ], 
          [ [ 1, 0, 0, 0, 1, -1, 0 ], [ 1, 0, 0, 0, -1, 1, 0 ] ], 
          [ [ 1, 1, 1, 1, -1, -1, -1 ], [ 1, -1, -1, -1, 1, 1, 1 ] ], 
          [ [ 2, 1, 1, 1, -1, -1, -2 ], [ 0, -1, -1, -1, 1, 1, 2 ] ], 
          [ [ 1, 0, 1, 1, 0, -1, -1 ], [ 1, 0, -1, -1, 0, 1, 1 ] ], 
          [ [ 1, 1, 1, 0, 0, -1, -1 ], [ 1, -1, -1, 0, 0, 1, 1 ] ], 
          [ [ 1, 0, -1, 0, 0, 0, 1 ], [ 1, 0, 1, 0, 0, 0, -1 ] ], 
          [ [ 2, 0, -1, 0, 0, 0, 0 ], [ 0, 0, 1, 0, 0, 0, 0 ] ], 
          [ [ 1, -1, -1, 0, 1, 0, 1 ], [ 1, 1, 1, 0, -1, 0, -1 ] ], 
          [ [ 1, 0, -1, -1, 1, 0, 1 ], [ 1, 0, 1, 1, -1, 0, -1 ] ], 
          [ [ 1, 0, 0, 1, -1, 0, 0 ], [ 1, 0, 0, -1, 1, 0, 0 ] ], 
          [ [ 2, 0, 0, 1, -1, 0, -1 ], [ 0, 0, 0, -1, 1, 0, 1 ] ], 
          [ [ 1, 1, 0, 0, -1, 0, 0 ], [ 1, -1, 0, 0, 1, 0, 0 ] ], 
          [ [ 2, 1, 0, 0, -1, 0, -1 ], [ 0, -1, 0, 0, 1, 0, 1 ] ], 
          [ [ 1, -1, 0, 1, 0, 0, 0 ], [ 1, 1, 0, -1, 0, 0, 0 ] ], 
          [ [ 0, 0, 0, 0, 0, 0, 1 ], [ 2, 0, 0, 0, 0, 0, -1 ] ] ],
      stabssize := 216,
      wg := [ 0, 0, 0, 0, 0, 0, 0, 0, 0, 0, 0, 0, 0, 2, 2 ] ), rec(
      Gram := [ [ 2, 2, 2, 2, 2, 2, 2 ], [ 2, -2, 0, 0, 0, 0, 0 ], 
          [ 2, 0, -2, 0, 0, 0, 0 ], [ 2, 0, 0, -2, 0, 0, 1 ], [ 2, 0, 0, 0, -2, 0, 1 ], 
          [ 2, 0, 0, 0, 0, -2, 1 ], [ 2, 0, 0, 1, 1, 1, -2 ] ],
      adj := [ [ -2, 0, 0, 0, 0, 0 ], [ 0, -2, 0, 0, 0, 0 ], [ 0, 0, -2, 0, 0, 1 ], 
          [ 0, 0, 0, -2, 0, 1 ], [ 0, 0, 0, 0, -2, 1 ], [ 0, 0, 1, 1, 1, -2 ] ],
      gensplcons := [ [ 0, 1, 0, 0, 0, 0, 0 ], [ 0, 0, 1, 0, 0, 0, 0 ], 
          [ 0, 0, 0, 1, 0, 0, 0 ], [ 0, 0, 0, 0, 1, 0, 0 ], [ 0, 0, 0, 0, 0, 1, 0 ], 
          [ 0, 0, 0, 0, 0, 0, 1 ] ],
      h := [ 1, 0, 0, 0, 0, 0, 0 ],
      kk := 6,
      nooverlatflag := true,
      scons := [ [ [ 1, 0, -1, 0, 0, 0, 1 ], [ 1, 0, 1, 0, 0, 0, -1 ] ], 
          [ [ 1, -1, 0, 0, 0, 0, 1 ], [ 1, 1, 0, 0, 0, 0, -1 ] ], 
          [ [ 0, 0, 0, 0, 0, 0, 1 ], [ 2, 0, 0, 0, 0, 0, -1 ] ], 
          [ [ 1, 0, 0, 0, -1, 1, 0 ], [ 1, 0, 0, 0, 1, -1, 0 ] ], 
          [ [ 2, 0, 0, 0, -1, 0, 0 ], [ 0, 0, 0, 0, 1, 0, 0 ] ], 
          [ [ 1, 1, 0, 0, -1, 0, 0 ], [ 1, -1, 0, 0, 1, 0, 0 ] ], 
          [ [ 1, 0, 1, 0, -1, 0, 0 ], [ 1, 0, -1, 0, 1, 0, 0 ] ], 
          [ [ 1, 0, 0, 1, -1, 0, 0 ], [ 1, 0, 0, -1, 1, 0, 0 ] ], 
          [ [ 1, 0, 0, -1, 0, 1, 0 ], [ 1, 0, 0, 1, 0, -1, 0 ] ], 
          [ [ 2, 0, 0, -1, 0, 0, 0 ], [ 0, 0, 0, 1, 0, 0, 0 ] ], 
          [ [ 1, 1, 0, -1, 0, 0, 0 ], [ 1, -1, 0, 1, 0, 0, 0 ] ], 
          [ [ 1, 0, 1, -1, 0, 0, 0 ], [ 1, 0, -1, 1, 0, 0, 0 ] ], 
          [ [ 1, 0, -1, 0, 0, 1, 0 ], [ 1, 0, 1, 0, 0, -1, 0 ] ], 
          [ [ 2, 0, -1, 0, 0, 0, 0 ], [ 0, 0, 1, 0, 0, 0, 0 ] ], 
          [ [ 1, 1, -1, 0, 0, 0, 0 ], [ 1, -1, 1, 0, 0, 0, 0 ] ], 
          [ [ 1, -1, 0, 0, 0, 1, 0 ], [ 1, 1, 0, 0, 0, -1, 0 ] ], 
          [ [ 2, -1, 0, 0, 0, 0, 0 ], [ 0, 1, 0, 0, 0, 0, 0 ] ], 
          [ [ 0, 0, 0, 0, 0, 1, 0 ], [ 2, 0, 0, 0, 0, -1, 0 ] ] ],
      stabssize := 216,
      wg := [ 0, 0, 0, 0, 0, 0, 0, 0, 0, 0, 0, 0, 1, 1, 1 ] ), rec(
      Gram := [ [ 2, 2, 2, 2, 2, 2, 2 ], [ 2, -2, 0, 0, 0, 0, 0 ], 
          [ 2, 0, -2, 0, 0, 0, 0 ], [ 2, 0, 0, -2, 0, 0, 1 ], [ 2, 0, 0, 0, -2, 0, 1 ], 
          [ 2, 0, 0, 0, 0, -2, 2 ], [ 2, 0, 0, 1, 1, 2, -2 ] ],
      adj := [ [ -2, 0, 0, 0, 0, 0 ], [ 0, -2, 0, 0, 0, 0 ], [ 0, 0, -2, 0, 0, 1 ], 
          [ 0, 0, 0, -2, 0, 1 ], [ 0, 0, 0, 0, -2, 2 ], [ 0, 0, 1, 1, 2, -2 ] ],
      gensplcons := [ [ 0, 1, 0, 0, 0, 0, 0 ], [ 0, 0, 1, 0, 0, 0, 0 ], 
          [ 0, 0, 0, 1, 0, 0, 0 ], [ 0, 0, 0, 0, 1, 0, 0 ], [ 0, 0, 0, 0, 0, 1, 0 ], 
          [ 0, 0, 0, 0, 0, 0, 1 ] ],
      h := [ 1, 0, 0, 0, 0, 0, 0 ],
      kk := 6,
      nooverlatflag := true,
      scons := [ [ [ 1, 0, 1, 0, -1, 0, 0 ], [ 1, 0, -1, 0, 1, 0, 0 ] ], 
          [ [ 2, 0, 0, 0, -1, 0, 0 ], [ 0, 0, 0, 0, 1, 0, 0 ] ], 
          [ [ 1, 1, 0, 0, -1, 0, 0 ], [ 1, -1, 0, 0, 1, 0, 0 ] ], 
          [ [ 1, 0, 0, 0, -1, 1, 0 ], [ 1, 0, 0, 0, 1, -1, 0 ] ], 
          [ [ 1, 0, 0, 1, -1, 0, 0 ], [ 1, 0, 0, -1, 1, 0, 0 ] ], 
          [ [ 1, 0, 1, -1, 0, 0, 0 ], [ 1, 0, -1, 1, 0, 0, 0 ] ], 
          [ [ 2, 0, 0, -1, 0, 0, 0 ], [ 0, 0, 0, 1, 0, 0, 0 ] ], 
          [ [ 1, 1, 0, -1, 0, 0, 0 ], [ 1, -1, 0, 1, 0, 0, 0 ] ], 
          [ [ 1, 0, 0, -1, 0, 1, 0 ], [ 1, 0, 0, 1, 0, -1, 0 ] ], 
          [ [ 1, -1, 0, 0, 0, 0, 1 ], [ 1, 1, 0, 0, 0, 0, -1 ] ], 
          [ [ 0, 0, 0, 0, 0, 0, 1 ], [ 2, 0, 0, 0, 0, 0, -1 ] ], 
          [ [ 1, 0, -1, 0, 0, 0, 1 ], [ 1, 0, 1, 0, 0, 0, -1 ] ], 
          [ [ 0, -1, 0, 0, 0, 1, 1 ], [ 2, 1, 0, 0, 0, -1, -1 ] ], 
          [ [ 1, -1, -1, 0, 0, 1, 1 ], [ 1, 1, 1, 0, 0, -1, -1 ] ], 
          [ [ 0, 0, -1, 0, 0, 1, 1 ], [ 2, 0, 1, 0, 0, -1, -1 ] ], 
          [ [ 1, 0, 1, 0, 0, -1, 0 ], [ 1, 0, -1, 0, 0, 1, 0 ] ], 
          [ [ 2, 0, 0, 0, 0, -1, 0 ], [ 0, 0, 0, 0, 0, 1, 0 ] ], 
          [ [ 1, 1, 0, 0, 0, -1, 0 ], [ 1, -1, 0, 0, 0, 1, 0 ] ], 
          [ [ 1, -1, 1, 0, 0, 0, 0 ], [ 1, 1, -1, 0, 0, 0, 0 ] ], 
          [ [ 2, -1, 0, 0, 0, 0, 0 ], [ 0, 1, 0, 0, 0, 0, 0 ] ], 
          [ [ 0, 0, 1, 0, 0, 0, 0 ], [ 2, 0, -1, 0, 0, 0, 0 ] ] ],
      stabssize := 72,
      wg := [ 0, 0, 0, 0, 0, 0, 0, 0, 0, 0, 0, 0, 1, 1, 2 ] ), rec(
      Gram := [ [ 2, 2, 2, 2, 2, 2, 2 ], [ 2, -2, 0, 0, 0, 0, 0 ], 
          [ 2, 0, -2, 0, 0, 0, 0 ], [ 2, 0, 0, -2, 0, 0, 1 ], [ 2, 0, 0, 0, -2, 0, 2 ], 
          [ 2, 0, 0, 0, 0, -2, 2 ], [ 2, 0, 0, 1, 2, 2, -2 ] ],
      adj := [ [ -2, 0, 0, 0, 0, 0 ], [ 0, -2, 0, 0, 0, 0 ], [ 0, 0, -2, 0, 0, 1 ], 
          [ 0, 0, 0, -2, 0, 2 ], [ 0, 0, 0, 0, -2, 2 ], [ 0, 0, 1, 2, 2, -2 ] ],
      gensplcons := [ [ 0, 1, 0, 0, 0, 0, 0 ], [ 0, 0, 1, 0, 0, 0, 0 ], 
          [ 0, 0, 0, 1, 0, 0, 0 ], [ 0, 0, 0, 0, 1, 0, 0 ], [ 0, 0, 0, 0, 0, 1, 0 ], 
          [ 0, 0, 0, 0, 0, 0, 1 ] ],
      h := [ 1, 0, 0, 0, 0, 0, 0 ],
      kk := 6,
      nooverlatflag := true,
      scons := [ [ [ 1, 1, 0, -1, 0, 0, 0 ], [ 1, -1, 0, 1, 0, 0, 0 ] ], 
          [ [ 1, 0, 1, -1, 0, 0, 0 ], [ 1, 0, -1, 1, 0, 0, 0 ] ], 
          [ [ 2, 0, 0, -1, 0, 0, 0 ], [ 0, 0, 0, 1, 0, 0, 0 ] ], 
          [ [ 1, 0, 0, -1, 1, 0, 0 ], [ 1, 0, 0, 1, -1, 0, 0 ] ], 
          [ [ 1, 0, 0, -1, 0, 1, 0 ], [ 1, 0, 0, 1, 0, -1, 0 ] ], 
          [ [ 1, 1, 0, 0, 0, -1, 0 ], [ 1, -1, 0, 0, 0, 1, 0 ] ], 
          [ [ 1, 1, 0, 0, -1, 0, 0 ], [ 1, -1, 0, 0, 1, 0, 0 ] ], 
          [ [ 0, 0, 0, 0, 0, 0, 1 ], [ 2, 0, 0, 0, 0, 0, -1 ] ], 
          [ [ 1, 0, -1, 0, 0, 0, 1 ], [ 1, 0, 1, 0, 0, 0, -1 ] ], 
          [ [ 0, 1, 0, 0, 0, 0, 0 ], [ 2, -1, 0, 0, 0, 0, 0 ] ], 
          [ [ 1, 1, -1, 0, 0, 0, 0 ], [ 1, -1, 1, 0, 0, 0, 0 ] ], 
          [ [ 0, 0, -1, 0, 1, 0, 1 ], [ 2, 0, 1, 0, -1, 0, -1 ] ], 
          [ [ 0, 0, -1, 0, 0, 1, 1 ], [ 2, 0, 1, 0, 0, -1, -1 ] ], 
          [ [ 2, 1, 1, 0, -1, -1, -1 ], [ 0, -1, -1, 0, 1, 1, 1 ] ], 
          [ [ 1, 0, 1, 0, 0, -1, 0 ], [ 1, 0, -1, 0, 0, 1, 0 ] ], 
          [ [ 2, 0, 0, 0, 0, -1, 0 ], [ 0, 0, 0, 0, 0, 1, 0 ] ], 
          [ [ 1, 1, 1, 0, 0, -1, -1 ], [ 1, -1, -1, 0, 0, 1, 1 ] ], 
          [ [ 2, 1, 0, 0, 0, -1, -1 ], [ 0, -1, 0, 0, 0, 1, 1 ] ], 
          [ [ 1, 0, 0, 0, 1, -1, 0 ], [ 1, 0, 0, 0, -1, 1, 0 ] ], 
          [ [ 1, 0, 1, 0, -1, 0, 0 ], [ 1, 0, -1, 0, 1, 0, 0 ] ], 
          [ [ 2, 0, 0, 0, -1, 0, 0 ], [ 0, 0, 0, 0, 1, 0, 0 ] ], 
          [ [ 1, 1, 1, 0, -1, 0, -1 ], [ 1, -1, -1, 0, 1, 0, 1 ] ], 
          [ [ 2, 1, 0, 0, -1, 0, -1 ], [ 0, -1, 0, 0, 1, 0, 1 ] ], 
          [ [ 1, -1, 0, 0, 0, 0, 1 ], [ 1, 1, 0, 0, 0, 0, -1 ] ], 
          [ [ 0, 0, 1, 0, 0, 0, 0 ], [ 2, 0, -1, 0, 0, 0, 0 ] ] ],
      stabssize := 72,
      wg := [ 0, 0, 0, 0, 0, 0, 0, 0, 0, 0, 0, 0, 1, 2, 2 ] ), rec(
      Gram := [ [ 2, 2, 2, 2, 2, 2, 2 ], [ 2, -2, 0, 0, 0, 0, 0 ], 
          [ 2, 0, -2, 0, 0, 0, 0 ], [ 2, 0, 0, -2, 0, 0, 2 ], [ 2, 0, 0, 0, -2, 0, 2 ], 
          [ 2, 0, 0, 0, 0, -2, 2 ], [ 2, 0, 0, 2, 2, 2, -2 ] ],
      adj := [ [ -2, 0, 0, 0, 0, 0 ], [ 0, -2, 0, 0, 0, 0 ], [ 0, 0, -2, 0, 0, 2 ], 
          [ 0, 0, 0, -2, 0, 2 ], [ 0, 0, 0, 0, -2, 2 ], [ 0, 0, 2, 2, 2, -2 ] ],
      gensplcons := [ [ 0, 1, 0, 0, 0, 0, 0 ], [ 0, 0, 1, 0, 0, 0, 0 ], 
          [ 0, 0, 0, 1, 0, 0, 0 ], [ 0, 0, 0, 0, 1, 0, 0 ], [ 0, 0, 0, 0, 0, 1, 0 ], 
          [ 0, 0, 0, 0, 0, 0, 1 ] ],
      h := [ 1, 0, 0, 0, 0, 0, 0 ],
      kk := 6,
      nooverlatflag := true,
      scons := [ [ [ 1, 1, 0, 0, 0, -1, 0 ], [ 1, -1, 0, 0, 0, 1, 0 ] ], 
          [ [ 1, 1, 0, 0, -1, 0, 0 ], [ 1, -1, 0, 0, 1, 0, 0 ] ], 
          [ [ 1, 1, 0, -1, 0, 0, 0 ], [ 1, -1, 0, 1, 0, 0, 0 ] ], 
          [ [ 0, 0, 0, 0, 0, 0, 1 ], [ 2, 0, 0, 0, 0, 0, -1 ] ], 
          [ [ 1, 0, -1, 0, 0, 0, 1 ], [ 1, 0, 1, 0, 0, 0, -1 ] ], 
          [ [ 0, 1, 0, 0, 0, 0, 0 ], [ 2, -1, 0, 0, 0, 0, 0 ] ], 
          [ [ 1, 1, -1, 0, 0, 0, 0 ], [ 1, -1, 1, 0, 0, 0, 0 ] ], 
          [ [ 0, 0, -1, 1, 0, 0, 1 ], [ 2, 0, 1, -1, 0, 0, -1 ] ], 
          [ [ 0, 0, -1, 0, 1, 0, 1 ], [ 2, 0, 1, 0, -1, 0, -1 ] ], 
          [ [ 0, 0, -1, 0, 0, 1, 1 ], [ 2, 0, 1, 0, 0, -1, -1 ] ], 
          [ [ 2, 1, 1, 0, -1, -1, -1 ], [ 0, -1, -1, 0, 1, 1, 1 ] ], 
          [ [ 2, 1, 1, -1, 0, -1, -1 ], [ 0, -1, -1, 1, 0, 1, 1 ] ], 
          [ [ 1, 0, 1, 0, 0, -1, 0 ], [ 1, 0, -1, 0, 0, 1, 0 ] ], 
          [ [ 2, 0, 0, 0, 0, -1, 0 ], [ 0, 0, 0, 0, 0, 1, 0 ] ], 
          [ [ 1, 1, 1, 0, 0, -1, -1 ], [ 1, -1, -1, 0, 0, 1, 1 ] ], 
          [ [ 2, 1, 0, 0, 0, -1, -1 ], [ 0, -1, 0, 0, 0, 1, 1 ] ], 
          [ [ 1, 0, 0, 1, 0, -1, 0 ], [ 1, 0, 0, -1, 0, 1, 0 ] ], 
          [ [ 1, 0, 0, 0, 1, -1, 0 ], [ 1, 0, 0, 0, -1, 1, 0 ] ], 
          [ [ 2, 1, 1, -1, -1, 0, -1 ], [ 0, -1, -1, 1, 1, 0, 1 ] ], 
          [ [ 1, 0, 1, 0, -1, 0, 0 ], [ 1, 0, -1, 0, 1, 0, 0 ] ], 
          [ [ 2, 0, 0, 0, -1, 0, 0 ], [ 0, 0, 0, 0, 1, 0, 0 ] ], 
          [ [ 1, 1, 1, 0, -1, 0, -1 ], [ 1, -1, -1, 0, 1, 0, 1 ] ], 
          [ [ 2, 1, 0, 0, -1, 0, -1 ], [ 0, -1, 0, 0, 1, 0, 1 ] ], 
          [ [ 1, 0, 0, 1, -1, 0, 0 ], [ 1, 0, 0, -1, 1, 0, 0 ] ], 
          [ [ 1, 0, 1, -1, 0, 0, 0 ], [ 1, 0, -1, 1, 0, 0, 0 ] ], 
          [ [ 2, 0, 0, -1, 0, 0, 0 ], [ 0, 0, 0, 1, 0, 0, 0 ] ], 
          [ [ 1, 1, 1, -1, 0, 0, -1 ], [ 1, -1, -1, 1, 0, 0, 1 ] ], 
          [ [ 2, 1, 0, -1, 0, 0, -1 ], [ 0, -1, 0, 1, 0, 0, 1 ] ], 
          [ [ 1, -1, 0, 0, 0, 0, 1 ], [ 1, 1, 0, 0, 0, 0, -1 ] ], 
          [ [ 0, 0, 1, 0, 0, 0, 0 ], [ 2, 0, -1, 0, 0, 0, 0 ] ] ],
      stabssize := 216,
      wg := [ 0, 0, 0, 0, 0, 0, 0, 0, 0, 0, 0, 0, 2, 2, 2 ] ), rec(
      Gram := [ [ 2, 2, 2, 2, 2, 2, 2 ], [ 2, -2, 0, 0, 0, 0, 0 ], 
          [ 2, 0, -2, 0, 0, 0, 1 ], [ 2, 0, 0, -2, 0, 0, 1 ], [ 2, 0, 0, 0, -2, 0, 1 ], 
          [ 2, 0, 0, 0, 0, -2, 1 ], [ 2, 0, 1, 1, 1, 1, -2 ] ],
      adj := [ [ -2, 0, 0, 0, 0, 0 ], [ 0, -2, 0, 0, 0, 1 ], [ 0, 0, -2, 0, 0, 1 ], 
          [ 0, 0, 0, -2, 0, 1 ], [ 0, 0, 0, 0, -2, 1 ], [ 0, 1, 1, 1, 1, -2 ] ],
      gensplcons := [ [ 0, 1, 0, 0, 0, 0, 0 ], [ 0, 0, 1, 0, 0, 0, 0 ], 
          [ 0, 0, 0, 1, 0, 0, 0 ], [ 0, 0, 0, 0, 1, 0, 0 ], [ 0, 0, 0, 0, 0, 1, 0 ], 
          [ 0, 0, 0, 0, 0, 0, 1 ] ],
      h := [ 1, 0, 0, 0, 0, 0, 0 ],
      kk := 6,
      nooverlatflag := true,
      scons := [ [ [ 1, -1, 0, 0, 0, 0, 1 ], [ 1, 1, 0, 0, 0, 0, -1 ] ], 
          [ [ 0, 0, 0, 0, 0, 0, 1 ], [ 2, 0, 0, 0, 0, 0, -1 ] ], 
          [ [ 1, 0, 0, 0, -1, 1, 0 ], [ 1, 0, 0, 0, 1, -1, 0 ] ], 
          [ [ 2, 0, 0, 0, -1, 0, 0 ], [ 0, 0, 0, 0, 1, 0, 0 ] ], 
          [ [ 1, 1, 0, 0, -1, 0, 0 ], [ 1, -1, 0, 0, 1, 0, 0 ] ], 
          [ [ 1, 0, 1, 0, -1, 0, 0 ], [ 1, 0, -1, 0, 1, 0, 0 ] ], 
          [ [ 1, 0, 0, 1, -1, 0, 0 ], [ 1, 0, 0, -1, 1, 0, 0 ] ], 
          [ [ 1, 0, 0, -1, 0, 1, 0 ], [ 1, 0, 0, 1, 0, -1, 0 ] ], 
          [ [ 2, 0, 0, -1, 0, 0, 0 ], [ 0, 0, 0, 1, 0, 0, 0 ] ], 
          [ [ 1, 1, 0, -1, 0, 0, 0 ], [ 1, -1, 0, 1, 0, 0, 0 ] ], 
          [ [ 1, 0, 1, -1, 0, 0, 0 ], [ 1, 0, -1, 1, 0, 0, 0 ] ], 
          [ [ 1, 0, -1, 0, 0, 1, 0 ], [ 1, 0, 1, 0, 0, -1, 0 ] ], 
          [ [ 2, 0, -1, 0, 0, 0, 0 ], [ 0, 0, 1, 0, 0, 0, 0 ] ], 
          [ [ 1, 1, -1, 0, 0, 0, 0 ], [ 1, -1, 1, 0, 0, 0, 0 ] ], 
          [ [ 1, -1, 0, 0, 0, 1, 0 ], [ 1, 1, 0, 0, 0, -1, 0 ] ], 
          [ [ 2, -1, 0, 0, 0, 0, 0 ], [ 0, 1, 0, 0, 0, 0, 0 ] ], 
          [ [ 0, 0, 0, 0, 0, 1, 0 ], [ 2, 0, 0, 0, 0, -1, 0 ] ] ],
      stabssize := 432,
      wg := [ 0, 0, 0, 0, 0, 0, 0, 0, 0, 0, 0, 1, 1, 1, 1 ] ), rec(
      Gram := [ [ 2, 2, 2, 2, 2, 2, 2 ], [ 2, -2, 0, 0, 0, 0, 0 ], 
          [ 2, 0, -2, 0, 0, 0, 1 ], [ 2, 0, 0, -2, 0, 0, 1 ], [ 2, 0, 0, 0, -2, 0, 1 ], 
          [ 2, 0, 0, 0, 0, -2, 2 ], [ 2, 0, 1, 1, 1, 2, -2 ] ],
      adj := [ [ -2, 0, 0, 0, 0, 0 ], [ 0, -2, 0, 0, 0, 1 ], [ 0, 0, -2, 0, 0, 1 ], 
          [ 0, 0, 0, -2, 0, 1 ], [ 0, 0, 0, 0, -2, 2 ], [ 0, 1, 1, 1, 2, -2 ] ],
      gensplcons := [ [ 0, 1, 0, 0, 0, 0, 0 ], [ 0, 0, 1, 0, 0, 0, 0 ], 
          [ 0, 0, 0, 1, 0, 0, 0 ], [ 0, 0, 0, 0, 1, 0, 0 ], [ 0, 0, 0, 0, 0, 1, 0 ], 
          [ 0, 0, 0, 0, 0, 0, 1 ] ],
      h := [ 1, 0, 0, 0, 0, 0, 0 ],
      kk := 6,
      nooverlatflag := true,
      scons := [ [ [ 0, -1, 0, 0, 0, 1, 1 ], [ 2, 1, 0, 0, 0, -1, -1 ] ], 
          [ [ 1, -1, 0, 0, 0, 0, 1 ], [ 1, 1, 0, 0, 0, 0, -1 ] ], 
          [ [ 0, 0, 0, 0, 0, 0, 1 ], [ 2, 0, 0, 0, 0, 0, -1 ] ], 
          [ [ 1, 0, 0, 0, -1, 1, 0 ], [ 1, 0, 0, 0, 1, -1, 0 ] ], 
          [ [ 2, 0, 0, 0, -1, 0, 0 ], [ 0, 0, 0, 0, 1, 0, 0 ] ], 
          [ [ 1, 1, 0, 0, -1, 0, 0 ], [ 1, -1, 0, 0, 1, 0, 0 ] ], 
          [ [ 1, 0, 1, 0, -1, 0, 0 ], [ 1, 0, -1, 0, 1, 0, 0 ] ], 
          [ [ 1, 0, 0, 1, -1, 0, 0 ], [ 1, 0, 0, -1, 1, 0, 0 ] ], 
          [ [ 1, 0, 0, -1, 0, 1, 0 ], [ 1, 0, 0, 1, 0, -1, 0 ] ], 
          [ [ 2, 0, 0, -1, 0, 0, 0 ], [ 0, 0, 0, 1, 0, 0, 0 ] ], 
          [ [ 1, 1, 0, -1, 0, 0, 0 ], [ 1, -1, 0, 1, 0, 0, 0 ] ], 
          [ [ 1, 0, 1, -1, 0, 0, 0 ], [ 1, 0, -1, 1, 0, 0, 0 ] ], 
          [ [ 1, 0, -1, 0, 0, 1, 0 ], [ 1, 0, 1, 0, 0, -1, 0 ] ], 
          [ [ 2, 0, -1, 0, 0, 0, 0 ], [ 0, 0, 1, 0, 0, 0, 0 ] ], 
          [ [ 1, 1, -1, 0, 0, 0, 0 ], [ 1, -1, 1, 0, 0, 0, 0 ] ], 
          [ [ 1, -1, 0, 0, 0, 1, 0 ], [ 1, 1, 0, 0, 0, -1, 0 ] ], 
          [ [ 2, -1, 0, 0, 0, 0, 0 ], [ 0, 1, 0, 0, 0, 0, 0 ] ], 
          [ [ 0, 0, 0, 0, 0, 1, 0 ], [ 2, 0, 0, 0, 0, -1, 0 ] ] ],
      stabssize := 108,
      wg := [ 0, 0, 0, 0, 0, 0, 0, 0, 0, 0, 0, 1, 1, 1, 2 ] ), rec(
      Gram := [ [ 2, 2, 2, 2, 2, 2, 2 ], [ 2, -2, 0, 0, 0, 0, 0 ], 
          [ 2, 0, -2, 0, 0, 0, 1 ], [ 2, 0, 0, -2, 0, 0, 1 ], [ 2, 0, 0, 0, -2, 0, 2 ], 
          [ 2, 0, 0, 0, 0, -2, 2 ], [ 2, 0, 1, 1, 2, 2, -2 ] ],
      adj := [ [ -2, 0, 0, 0, 0, 0 ], [ 0, -2, 0, 0, 0, 1 ], [ 0, 0, -2, 0, 0, 1 ], 
          [ 0, 0, 0, -2, 0, 2 ], [ 0, 0, 0, 0, -2, 2 ], [ 0, 1, 1, 2, 2, -2 ] ],
      gensplcons := [ [ 0, 1, 0, 0, 0, 0, 0 ], [ 0, 0, 1, 0, 0, 0, 0 ], 
          [ 0, 0, 0, 1, 0, 0, 0 ], [ 0, 0, 0, 0, 1, 0, 0 ], [ 0, 0, 0, 0, 0, 1, 0 ], 
          [ 0, 0, 0, 0, 0, 0, 1 ] ],
      h := [ 1, 0, 0, 0, 0, 0, 0 ],
      kk := 6,
      nooverlatflag := true,
      scons := [ [ [ 2, 0, 0, -1, 0, 0, 0 ], [ 0, 0, 0, 1, 0, 0, 0 ] ], 
          [ [ 1, 1, 0, -1, 0, 0, 0 ], [ 1, -1, 0, 1, 0, 0, 0 ] ], 
          [ [ 1, 0, 0, -1, 1, 0, 0 ], [ 1, 0, 0, 1, -1, 0, 0 ] ], 
          [ [ 1, 0, 0, -1, 0, 1, 0 ], [ 1, 0, 0, 1, 0, -1, 0 ] ], 
          [ [ 1, 0, 1, -1, 0, 0, 0 ], [ 1, 0, -1, 1, 0, 0, 0 ] ], 
          [ [ 2, 0, -1, 0, 0, 0, 0 ], [ 0, 0, 1, 0, 0, 0, 0 ] ], 
          [ [ 1, 1, -1, 0, 0, 0, 0 ], [ 1, -1, 1, 0, 0, 0, 0 ] ], 
          [ [ 1, 0, -1, 0, 1, 0, 0 ], [ 1, 0, 1, 0, -1, 0, 0 ] ], 
          [ [ 1, 0, -1, 0, 0, 1, 0 ], [ 1, 0, 1, 0, 0, -1, 0 ] ], 
          [ [ 2, 0, 0, 0, 0, -1, 0 ], [ 0, 0, 0, 0, 0, 1, 0 ] ], 
          [ [ 2, 0, 0, 0, -1, 0, 0 ], [ 0, 0, 0, 0, 1, 0, 0 ] ], 
          [ [ 1, -1, 0, 0, 0, 0, 1 ], [ 1, 1, 0, 0, 0, 0, -1 ] ], 
          [ [ 2, -1, 0, 0, 0, 0, 0 ], [ 0, 1, 0, 0, 0, 0, 0 ] ], 
          [ [ 1, 1, 0, 0, 0, -1, 0 ], [ 1, -1, 0, 0, 0, 1, 0 ] ], 
          [ [ 2, 1, 0, 0, 0, -1, -1 ], [ 0, -1, 0, 0, 0, 1, 1 ] ], 
          [ [ 1, 0, 0, 0, 1, -1, 0 ], [ 1, 0, 0, 0, -1, 1, 0 ] ], 
          [ [ 1, 1, 0, 0, -1, 0, 0 ], [ 1, -1, 0, 0, 1, 0, 0 ] ], 
          [ [ 2, 1, 0, 0, -1, 0, -1 ], [ 0, -1, 0, 0, 1, 0, 1 ] ], 
          [ [ 0, 0, 0, 0, 0, 0, 1 ], [ 2, 0, 0, 0, 0, 0, -1 ] ] ],
      stabssize := 72,
      wg := [ 0, 0, 0, 0, 0, 0, 0, 0, 0, 0, 0, 1, 1, 2, 2 ] ), rec(
      Gram := [ [ 2, 2, 2, 2, 2, 2, 2 ], [ 2, -2, 0, 0, 0, 0, 0 ], 
          [ 2, 0, -2, 0, 0, 0, 1 ], [ 2, 0, 0, -2, 0, 0, 2 ], [ 2, 0, 0, 0, -2, 0, 2 ], 
          [ 2, 0, 0, 0, 0, -2, 2 ], [ 2, 0, 1, 2, 2, 2, -2 ] ],
      adj := [ [ -2, 0, 0, 0, 0, 0 ], [ 0, -2, 0, 0, 0, 1 ], [ 0, 0, -2, 0, 0, 2 ], 
          [ 0, 0, 0, -2, 0, 2 ], [ 0, 0, 0, 0, -2, 2 ], [ 0, 1, 2, 2, 2, -2 ] ],
      gensplcons := [ [ 0, 1, 0, 0, 0, 0, 0 ], [ 0, 0, 1, 0, 0, 0, 0 ], 
          [ 0, 0, 0, 1, 0, 0, 0 ], [ 0, 0, 0, 0, 1, 0, 0 ], [ 0, 0, 0, 0, 0, 1, 0 ], 
          [ 0, 0, 0, 0, 0, 0, 1 ] ],
      h := [ 1, 0, 0, 0, 0, 0, 0 ],
      kk := 6,
      nooverlatflag := true,
      scons := [ [ [ 2, 0, 0, 0, 0, -1, 0 ], [ 0, 0, 0, 0, 0, 1, 0 ] ], 
          [ [ 2, 0, 0, 0, -1, 0, 0 ], [ 0, 0, 0, 0, 1, 0, 0 ] ], 
          [ [ 2, 0, 0, -1, 0, 0, 0 ], [ 0, 0, 0, 1, 0, 0, 0 ] ], 
          [ [ 2, 0, -1, 0, 0, 0, 0 ], [ 0, 0, 1, 0, 0, 0, 0 ] ], 
          [ [ 1, -1, 0, 0, 0, 0, 1 ], [ 1, 1, 0, 0, 0, 0, -1 ] ], 
          [ [ 2, -1, 0, 0, 0, 0, 0 ], [ 0, 1, 0, 0, 0, 0, 0 ] ], 
          [ [ 1, 1, 0, 0, 0, -1, 0 ], [ 1, -1, 0, 0, 0, 1, 0 ] ], 
          [ [ 2, 1, 0, 0, 0, -1, -1 ], [ 0, -1, 0, 0, 0, 1, 1 ] ], 
          [ [ 1, 0, 1, 0, 0, -1, 0 ], [ 1, 0, -1, 0, 0, 1, 0 ] ], 
          [ [ 1, 0, 0, 1, 0, -1, 0 ], [ 1, 0, 0, -1, 0, 1, 0 ] ], 
          [ [ 1, 0, 0, 0, 1, -1, 0 ], [ 1, 0, 0, 0, -1, 1, 0 ] ], 
          [ [ 1, 1, 0, 0, -1, 0, 0 ], [ 1, -1, 0, 0, 1, 0, 0 ] ], 
          [ [ 2, 1, 0, 0, -1, 0, -1 ], [ 0, -1, 0, 0, 1, 0, 1 ] ], 
          [ [ 1, 0, 1, 0, -1, 0, 0 ], [ 1, 0, -1, 0, 1, 0, 0 ] ], 
          [ [ 1, 0, 0, 1, -1, 0, 0 ], [ 1, 0, 0, -1, 1, 0, 0 ] ], 
          [ [ 1, 1, 0, -1, 0, 0, 0 ], [ 1, -1, 0, 1, 0, 0, 0 ] ], 
          [ [ 2, 1, 0, -1, 0, 0, -1 ], [ 0, -1, 0, 1, 0, 0, 1 ] ], 
          [ [ 1, 0, 1, -1, 0, 0, 0 ], [ 1, 0, -1, 1, 0, 0, 0 ] ], 
          [ [ 1, 1, -1, 0, 0, 0, 0 ], [ 1, -1, 1, 0, 0, 0, 0 ] ], 
          [ [ 0, 0, 0, 0, 0, 0, 1 ], [ 2, 0, 0, 0, 0, 0, -1 ] ] ],
      stabssize := 108,
      wg := [ 0, 0, 0, 0, 0, 0, 0, 0, 0, 0, 0, 1, 2, 2, 2 ] ), rec(
      Gram := [ [ 2, 2, 2, 2, 2, 2, 2 ], [ 2, -2, 0, 0, 0, 0, 0 ], 
          [ 2, 0, -2, 0, 0, 0, 2 ], [ 2, 0, 0, -2, 0, 0, 2 ], [ 2, 0, 0, 0, -2, 0, 2 ], 
          [ 2, 0, 0, 0, 0, -2, 2 ], [ 2, 0, 2, 2, 2, 2, -2 ] ],
      adj := [ [ -2, 0, 0, 0, 0, 0 ], [ 0, -2, 0, 0, 0, 2 ], [ 0, 0, -2, 0, 0, 2 ], 
          [ 0, 0, 0, -2, 0, 2 ], [ 0, 0, 0, 0, -2, 2 ], [ 0, 2, 2, 2, 2, -2 ] ],
      gensplcons := [ [ 0, 1, 0, 0, 0, 0, 0 ], [ 0, 0, 1, 0, 0, 0, 0 ], 
          [ 0, 0, 0, 1, 0, 0, 0 ], [ 0, 0, 0, 0, 1, 0, 0 ], [ 0, 0, 0, 0, 0, 1, 0 ], 
          [ 0, 0, 0, 0, 0, 0, 1 ] ],
      h := [ 1, 0, 0, 0, 0, 0, 0 ],
      kk := 6,
      nooverlatflag := true,
      scons := [ [ [ 2, 0, 0, 0, 0, -1, 0 ], [ 0, 0, 0, 0, 0, 1, 0 ] ], 
          [ [ 2, 0, 0, 0, -1, 0, 0 ], [ 0, 0, 0, 0, 1, 0, 0 ] ], 
          [ [ 2, 0, 0, -1, 0, 0, 0 ], [ 0, 0, 0, 1, 0, 0, 0 ] ], 
          [ [ 2, 0, -1, 0, 0, 0, 0 ], [ 0, 0, 1, 0, 0, 0, 0 ] ], 
          [ [ 1, -1, 0, 0, 0, 0, 1 ], [ 1, 1, 0, 0, 0, 0, -1 ] ], 
          [ [ 2, -1, 0, 0, 0, 0, 0 ], [ 0, 1, 0, 0, 0, 0, 0 ] ], 
          [ [ 1, 1, 0, 0, 0, -1, 0 ], [ 1, -1, 0, 0, 0, 1, 0 ] ], 
          [ [ 2, 1, 0, 0, 0, -1, -1 ], [ 0, -1, 0, 0, 0, 1, 1 ] ], 
          [ [ 1, 0, 1, 0, 0, -1, 0 ], [ 1, 0, -1, 0, 0, 1, 0 ] ], 
          [ [ 1, 0, 0, 1, 0, -1, 0 ], [ 1, 0, 0, -1, 0, 1, 0 ] ], 
          [ [ 1, 0, 0, 0, 1, -1, 0 ], [ 1, 0, 0, 0, -1, 1, 0 ] ], 
          [ [ 1, 1, 0, 0, -1, 0, 0 ], [ 1, -1, 0, 0, 1, 0, 0 ] ], 
          [ [ 2, 1, 0, 0, -1, 0, -1 ], [ 0, -1, 0, 0, 1, 0, 1 ] ], 
          [ [ 1, 0, 1, 0, -1, 0, 0 ], [ 1, 0, -1, 0, 1, 0, 0 ] ], 
          [ [ 1, 0, 0, 1, -1, 0, 0 ], [ 1, 0, 0, -1, 1, 0, 0 ] ], 
          [ [ 1, 1, 0, -1, 0, 0, 0 ], [ 1, -1, 0, 1, 0, 0, 0 ] ], 
          [ [ 2, 1, 0, -1, 0, 0, -1 ], [ 0, -1, 0, 1, 0, 0, 1 ] ], 
          [ [ 1, 0, 1, -1, 0, 0, 0 ], [ 1, 0, -1, 1, 0, 0, 0 ] ], 
          [ [ 1, 1, -1, 0, 0, 0, 0 ], [ 1, -1, 1, 0, 0, 0, 0 ] ], 
          [ [ 2, 1, -1, 0, 0, 0, -1 ], [ 0, -1, 1, 0, 0, 0, 1 ] ], 
          [ [ 0, 0, 0, 0, 0, 0, 1 ], [ 2, 0, 0, 0, 0, 0, -1 ] ] ],
      stabssize := 432,
      wg := [ 0, 0, 0, 0, 0, 0, 0, 0, 0, 0, 0, 2, 2, 2, 2 ] ), rec(
      Gram := [ [ -38, -38, -38, -38, -38, -48 ], [ -38, -40, -38, -38, -38, -48 ], 
          [ -38, -38, -40, -38, -38, -48 ], [ -38, -38, -38, -40, -38, -48 ], 
          [ -38, -38, -38, -38, -40, -48 ], [ -48, -48, -48, -48, -48, -60 ] ],
      adj := [ [ -2, 0, 0, 0, 0, 0 ], [ 0, -2, 0, 0, 0, 2 ], [ 0, 0, -2, 0, 0, 2 ], 
          [ 0, 0, 0, -2, 0, 2 ], [ 0, 0, 0, 0, -2, 4 ], [ 0, 2, 2, 2, 4, -2 ] ],
      gensplcons := [ [ 1, -1, 0, 0, 0, 0 ], [ 1, 0, -1, 0, 0, 0 ], [ 1, 0, 0, -1, 0, 0 ],
          [ 1, 0, 0, 0, -1, 0 ], [ 1, 0, 0, 0, 0, -1 ], [ 1, 0, 1, 1, 1, -3 ] ],
      h := [ 1, 1, 1, 1, 1, -4 ],
      kk := 6,
      nooverlatflag := true,
      scons := [ [ [ 1, 0, 0, 0, -1, 0 ], [ 1, 2, 2, 2, 3, -8 ] ], 
          [ [ 1, 2, 1, 1, 0, -4 ], [ 1, 0, 1, 1, 2, -4 ] ], 
          [ [ 1, 1, 1, 1, 0, -3 ], [ 1, 1, 1, 1, 2, -5 ] ], 
          [ [ 1, 1, 2, 1, 0, -4 ], [ 1, 1, 0, 1, 2, -4 ] ], 
          [ [ 1, 1, 1, 2, 0, -4 ], [ 1, 1, 1, 0, 2, -4 ] ], 
          [ [ 1, 0, 0, -1, 0, 0 ], [ 1, 2, 2, 3, 2, -8 ] ], 
          [ [ 1, 2, 1, 0, 1, -4 ], [ 1, 0, 1, 2, 1, -4 ] ], 
          [ [ 1, 1, 1, 0, 1, -3 ], [ 1, 1, 1, 2, 1, -5 ] ], 
          [ [ 1, 1, 2, 0, 1, -4 ], [ 1, 1, 0, 2, 1, -4 ] ], 
          [ [ 1, 0, -1, 0, 0, 0 ], [ 1, 2, 3, 2, 2, -8 ] ], 
          [ [ 1, 2, 0, 1, 1, -4 ], [ 1, 0, 2, 1, 1, -4 ] ], 
          [ [ 1, 1, 0, 1, 1, -3 ], [ 1, 1, 2, 1, 1, -5 ] ], 
          [ [ 1, 0, 0, 0, 0, -1 ], [ 1, 2, 2, 2, 2, -7 ] ], 
          [ [ 1, -1, 0, 0, 0, 0 ], [ 1, 3, 2, 2, 2, -8 ] ], 
          [ [ 1, 2, 1, 1, 1, -5 ], [ 1, 0, 1, 1, 1, -3 ] ] ],
      stabssize := 120,
      wg := [ 0, 0, 0, 0, 0, 0, 0, 0, 0, 0, 0, 2, 2, 2, 4 ] ), rec(
      Gram := [ [ 2, 2, 2, 2, 2, 2, 2 ], [ 2, -2, 0, 0, 0, 0, 1 ], 
          [ 2, 0, -2, 0, 0, 0, 1 ], [ 2, 0, 0, -2, 0, 0, 1 ], [ 2, 0, 0, 0, -2, 0, 1 ], 
          [ 2, 0, 0, 0, 0, -2, 1 ], [ 2, 1, 1, 1, 1, 1, -2 ] ],
      adj := [ [ -2, 0, 0, 0, 0, 1 ], [ 0, -2, 0, 0, 0, 1 ], [ 0, 0, -2, 0, 0, 1 ], 
          [ 0, 0, 0, -2, 0, 1 ], [ 0, 0, 0, 0, -2, 1 ], [ 1, 1, 1, 1, 1, -2 ] ],
      gensplcons := [ [ 0, 1, 0, 0, 0, 0, 0 ], [ 0, 0, 1, 0, 0, 0, 0 ], 
          [ 0, 0, 0, 1, 0, 0, 0 ], [ 0, 0, 0, 0, 1, 0, 0 ], [ 0, 0, 0, 0, 0, 1, 0 ], 
          [ 0, 0, 0, 0, 0, 0, 1 ] ],
      h := [ 1, 0, 0, 0, 0, 0, 0 ],
      kk := 6,
      nooverlatflag := true,
      scons := [ [ [ 0, 0, 0, 0, 0, 0, 1 ], [ 2, 0, 0, 0, 0, 0, -1 ] ], 
          [ [ 1, 0, 0, 0, -1, 1, 0 ], [ 1, 0, 0, 0, 1, -1, 0 ] ], 
          [ [ 2, 0, 0, 0, -1, 0, 0 ], [ 0, 0, 0, 0, 1, 0, 0 ] ], 
          [ [ 1, 1, 0, 0, -1, 0, 0 ], [ 1, -1, 0, 0, 1, 0, 0 ] ], 
          [ [ 1, 0, 1, 0, -1, 0, 0 ], [ 1, 0, -1, 0, 1, 0, 0 ] ], 
          [ [ 1, 0, 0, 1, -1, 0, 0 ], [ 1, 0, 0, -1, 1, 0, 0 ] ], 
          [ [ 1, 0, 0, -1, 0, 1, 0 ], [ 1, 0, 0, 1, 0, -1, 0 ] ], 
          [ [ 2, 0, 0, -1, 0, 0, 0 ], [ 0, 0, 0, 1, 0, 0, 0 ] ], 
          [ [ 1, 1, 0, -1, 0, 0, 0 ], [ 1, -1, 0, 1, 0, 0, 0 ] ], 
          [ [ 1, 0, 1, -1, 0, 0, 0 ], [ 1, 0, -1, 1, 0, 0, 0 ] ], 
          [ [ 1, 0, -1, 0, 0, 1, 0 ], [ 1, 0, 1, 0, 0, -1, 0 ] ], 
          [ [ 2, 0, -1, 0, 0, 0, 0 ], [ 0, 0, 1, 0, 0, 0, 0 ] ], 
          [ [ 1, 1, -1, 0, 0, 0, 0 ], [ 1, -1, 1, 0, 0, 0, 0 ] ], 
          [ [ 1, -1, 0, 0, 0, 1, 0 ], [ 1, 1, 0, 0, 0, -1, 0 ] ], 
          [ [ 2, -1, 0, 0, 0, 0, 0 ], [ 0, 1, 0, 0, 0, 0, 0 ] ], 
          [ [ 0, 0, 0, 0, 0, 1, 0 ], [ 2, 0, 0, 0, 0, -1, 0 ] ] ],
      stabssize := 2160,
      wg := [ 0, 0, 0, 0, 0, 0, 0, 0, 0, 0, 1, 1, 1, 1, 1 ] ), rec(
      Gram := [ [ 2, 2, 2, 2, 2, 2, 2 ], [ 2, -2, 0, 0, 0, 0, 1 ], 
          [ 2, 0, -2, 0, 0, 0, 1 ], [ 2, 0, 0, -2, 0, 0, 1 ], [ 2, 0, 0, 0, -2, 0, 1 ], 
          [ 2, 0, 0, 0, 0, -2, 2 ], [ 2, 1, 1, 1, 1, 2, -2 ] ],
      adj := [ [ -2, 0, 0, 0, 0, 1 ], [ 0, -2, 0, 0, 0, 1 ], [ 0, 0, -2, 0, 0, 1 ], 
          [ 0, 0, 0, -2, 0, 1 ], [ 0, 0, 0, 0, -2, 2 ], [ 1, 1, 1, 1, 2, -2 ] ],
      gensplcons := [ [ 0, 1, 0, 0, 0, 0, 0 ], [ 0, 0, 1, 0, 0, 0, 0 ], 
          [ 0, 0, 0, 1, 0, 0, 0 ], [ 0, 0, 0, 0, 1, 0, 0 ], [ 0, 0, 0, 0, 0, 1, 0 ], 
          [ 0, 0, 0, 0, 0, 0, 1 ] ],
      h := [ 1, 0, 0, 0, 0, 0, 0 ],
      kk := 6,
      nooverlatflag := true,
      scons := [ [ [ 0, 0, 0, 0, 0, 0, 1 ], [ 2, 0, 0, 0, 0, 0, -1 ] ], 
          [ [ 1, 0, 0, 0, -1, 1, 0 ], [ 1, 0, 0, 0, 1, -1, 0 ] ], 
          [ [ 2, 0, 0, 0, -1, 0, 0 ], [ 0, 0, 0, 0, 1, 0, 0 ] ], 
          [ [ 1, 1, 0, 0, -1, 0, 0 ], [ 1, -1, 0, 0, 1, 0, 0 ] ], 
          [ [ 1, 0, 1, 0, -1, 0, 0 ], [ 1, 0, -1, 0, 1, 0, 0 ] ], 
          [ [ 1, 0, 0, 1, -1, 0, 0 ], [ 1, 0, 0, -1, 1, 0, 0 ] ], 
          [ [ 1, 0, 0, -1, 0, 1, 0 ], [ 1, 0, 0, 1, 0, -1, 0 ] ], 
          [ [ 2, 0, 0, -1, 0, 0, 0 ], [ 0, 0, 0, 1, 0, 0, 0 ] ], 
          [ [ 1, 1, 0, -1, 0, 0, 0 ], [ 1, -1, 0, 1, 0, 0, 0 ] ], 
          [ [ 1, 0, 1, -1, 0, 0, 0 ], [ 1, 0, -1, 1, 0, 0, 0 ] ], 
          [ [ 1, 0, -1, 0, 0, 1, 0 ], [ 1, 0, 1, 0, 0, -1, 0 ] ], 
          [ [ 2, 0, -1, 0, 0, 0, 0 ], [ 0, 0, 1, 0, 0, 0, 0 ] ], 
          [ [ 1, 1, -1, 0, 0, 0, 0 ], [ 1, -1, 1, 0, 0, 0, 0 ] ], 
          [ [ 1, -1, 0, 0, 0, 1, 0 ], [ 1, 1, 0, 0, 0, -1, 0 ] ], 
          [ [ 2, -1, 0, 0, 0, 0, 0 ], [ 0, 1, 0, 0, 0, 0, 0 ] ], 
          [ [ 0, 0, 0, 0, 0, 1, 0 ], [ 2, 0, 0, 0, 0, -1, 0 ] ] ],
      stabssize := 432,
      wg := [ 0, 0, 0, 0, 0, 0, 0, 0, 0, 0, 1, 1, 1, 1, 2 ] ), rec(
      Gram := [ [ 2, 2, 2, 2, 2, 2, 2 ], [ 2, -2, 0, 0, 0, 0, 1 ], 
          [ 2, 0, -2, 0, 0, 0, 1 ], [ 2, 0, 0, -2, 0, 0, 1 ], [ 2, 0, 0, 0, -2, 0, 1 ], 
          [ 2, 0, 0, 0, 0, -2, 3 ], [ 2, 1, 1, 1, 1, 3, -2 ] ],
      adj := [ [ -2, 0, 0, 0, 0, 1 ], [ 0, -2, 0, 0, 0, 1 ], [ 0, 0, -2, 0, 0, 1 ], 
          [ 0, 0, 0, -2, 0, 1 ], [ 0, 0, 0, 0, -2, 3 ], [ 1, 1, 1, 1, 3, -2 ] ],
      gensplcons := [ [ 0, 1, 0, 0, 0, 0, 0 ], [ 0, 0, 1, 0, 0, 0, 0 ], 
          [ 0, 0, 0, 1, 0, 0, 0 ], [ 0, 0, 0, 0, 1, 0, 0 ], [ 0, 0, 0, 0, 0, 1, 0 ], 
          [ 0, 0, 0, 0, 0, 0, 1 ] ],
      h := [ 1, 0, 0, 0, 0, 0, 0 ],
      kk := 6,
      nooverlatflag := true,
      scons := [ [ [ 0, 0, 0, 0, -1, 1, 1 ], [ 2, 0, 0, 0, 1, -1, -1 ] ], 
          [ [ 0, 0, 0, -1, 0, 1, 1 ], [ 2, 0, 0, 1, 0, -1, -1 ] ], 
          [ [ 0, 0, -1, 0, 0, 1, 1 ], [ 2, 0, 1, 0, 0, -1, -1 ] ], 
          [ [ 0, -1, 0, 0, 0, 1, 1 ], [ 2, 1, 0, 0, 0, -1, -1 ] ], 
          [ [ 0, 0, 0, 0, 0, 0, 1 ], [ 2, 0, 0, 0, 0, 0, -1 ] ], 
          [ [ 2, 0, 0, 0, -1, 0, 0 ], [ 0, 0, 0, 0, 1, 0, 0 ] ], 
          [ [ 2, 0, 0, -1, 0, 0, 0 ], [ 0, 0, 0, 1, 0, 0, 0 ] ], 
          [ [ 2, 0, -1, 0, 0, 0, 0 ], [ 0, 0, 1, 0, 0, 0, 0 ] ], 
          [ [ 2, -1, 0, 0, 0, 0, 0 ], [ 0, 1, 0, 0, 0, 0, 0 ] ], 
          [ [ 2, 0, 0, 0, 0, -1, 0 ], [ 0, 0, 0, 0, 0, 1, 0 ] ], 
          [ [ 1, 0, 0, 0, -1, 1, 0 ], [ 1, 0, 0, 0, 1, -1, 0 ] ], 
          [ [ 1, 1, 0, 0, -1, 0, 0 ], [ 1, -1, 0, 0, 1, 0, 0 ] ], 
          [ [ 1, 0, 1, 0, -1, 0, 0 ], [ 1, 0, -1, 0, 1, 0, 0 ] ], 
          [ [ 1, 0, 0, 1, -1, 0, 0 ], [ 1, 0, 0, -1, 1, 0, 0 ] ], 
          [ [ 1, 0, 0, -1, 0, 1, 0 ], [ 1, 0, 0, 1, 0, -1, 0 ] ], 
          [ [ 1, 1, 0, -1, 0, 0, 0 ], [ 1, -1, 0, 1, 0, 0, 0 ] ], 
          [ [ 1, 0, 1, -1, 0, 0, 0 ], [ 1, 0, -1, 1, 0, 0, 0 ] ], 
          [ [ 1, 0, -1, 0, 0, 1, 0 ], [ 1, 0, 1, 0, 0, -1, 0 ] ], 
          [ [ 1, 1, -1, 0, 0, 0, 0 ], [ 1, -1, 1, 0, 0, 0, 0 ] ], 
          [ [ 1, -1, 0, 0, 0, 1, 0 ], [ 1, 1, 0, 0, 0, -1, 0 ] ] ],
      stabssize := 432,
      wg := [ 0, 0, 0, 0, 0, 0, 0, 0, 0, 0, 1, 1, 1, 1, 3 ] ), rec(
      Gram := [ [ 2, 2, 2, 2, 2, 2, 2 ], [ 2, -2, 0, 0, 0, 0, 1 ], 
          [ 2, 0, -2, 0, 0, 0, 1 ], [ 2, 0, 0, -2, 0, 0, 1 ], [ 2, 0, 0, 0, -2, 0, 2 ], 
          [ 2, 0, 0, 0, 0, -2, 2 ], [ 2, 1, 1, 1, 2, 2, -2 ] ],
      adj := [ [ -2, 0, 0, 0, 0, 1 ], [ 0, -2, 0, 0, 0, 1 ], [ 0, 0, -2, 0, 0, 1 ], 
          [ 0, 0, 0, -2, 0, 2 ], [ 0, 0, 0, 0, -2, 2 ], [ 1, 1, 1, 2, 2, -2 ] ],
      gensplcons := [ [ 0, 1, 0, 0, 0, 0, 0 ], [ 0, 0, 1, 0, 0, 0, 0 ], 
          [ 0, 0, 0, 1, 0, 0, 0 ], [ 0, 0, 0, 0, 1, 0, 0 ], [ 0, 0, 0, 0, 0, 1, 0 ], 
          [ 0, 0, 0, 0, 0, 0, 1 ] ],
      h := [ 1, 0, 0, 0, 0, 0, 0 ],
      kk := 6,
      nooverlatflag := true,
      scons := [ [ [ 0, 0, 0, 0, 0, 0, 1 ], [ 2, 0, 0, 0, 0, 0, -1 ] ], 
          [ [ 2, 0, 0, 0, 0, -1, 0 ], [ 0, 0, 0, 0, 0, 1, 0 ] ], 
          [ [ 1, 1, 0, 0, 0, -1, 0 ], [ 1, -1, 0, 0, 0, 1, 0 ] ], 
          [ [ 1, 0, 1, 0, 0, -1, 0 ], [ 1, 0, -1, 0, 0, 1, 0 ] ], 
          [ [ 1, 0, 0, 1, 0, -1, 0 ], [ 1, 0, 0, -1, 0, 1, 0 ] ], 
          [ [ 1, 0, 0, 0, 1, -1, 0 ], [ 1, 0, 0, 0, -1, 1, 0 ] ], 
          [ [ 2, 0, 0, 0, -1, 0, 0 ], [ 0, 0, 0, 0, 1, 0, 0 ] ], 
          [ [ 1, 1, 0, 0, -1, 0, 0 ], [ 1, -1, 0, 0, 1, 0, 0 ] ], 
          [ [ 1, 0, 1, 0, -1, 0, 0 ], [ 1, 0, -1, 0, 1, 0, 0 ] ], 
          [ [ 1, 0, 0, 1, -1, 0, 0 ], [ 1, 0, 0, -1, 1, 0, 0 ] ], 
          [ [ 2, 0, 0, -1, 0, 0, 0 ], [ 0, 0, 0, 1, 0, 0, 0 ] ], 
          [ [ 1, 1, 0, -1, 0, 0, 0 ], [ 1, -1, 0, 1, 0, 0, 0 ] ], 
          [ [ 1, 0, 1, -1, 0, 0, 0 ], [ 1, 0, -1, 1, 0, 0, 0 ] ], 
          [ [ 2, 0, -1, 0, 0, 0, 0 ], [ 0, 0, 1, 0, 0, 0, 0 ] ], 
          [ [ 1, 1, -1, 0, 0, 0, 0 ], [ 1, -1, 1, 0, 0, 0, 0 ] ], 
          [ [ 2, -1, 0, 0, 0, 0, 0 ], [ 0, 1, 0, 0, 0, 0, 0 ] ] ],
      stabssize := 216,
      wg := [ 0, 0, 0, 0, 0, 0, 0, 0, 0, 0, 1, 1, 1, 2, 2 ] ), rec(
      Gram := [ [ 2, 2, 2, 2, 2, 2, 2 ], [ 2, -2, 0, 0, 0, 0, 1 ], 
          [ 2, 0, -2, 0, 0, 0, 1 ], [ 2, 0, 0, -2, 0, 0, 1 ], [ 2, 0, 0, 0, -2, 0, 2 ], 
          [ 2, 0, 0, 0, 0, -2, 3 ], [ 2, 1, 1, 1, 2, 3, -2 ] ],
      adj := [ [ -2, 0, 0, 0, 0, 1 ], [ 0, -2, 0, 0, 0, 1 ], [ 0, 0, -2, 0, 0, 1 ], 
          [ 0, 0, 0, -2, 0, 2 ], [ 0, 0, 0, 0, -2, 3 ], [ 1, 1, 1, 2, 3, -2 ] ],
      gensplcons := [ [ 0, 1, 0, 0, 0, 0, 0 ], [ 0, 0, 1, 0, 0, 0, 0 ], 
          [ 0, 0, 0, 1, 0, 0, 0 ], [ 0, 0, 0, 0, 1, 0, 0 ], [ 0, 0, 0, 0, 0, 1, 0 ], 
          [ 0, 0, 0, 0, 0, 0, 1 ] ],
      h := [ 1, 0, 0, 0, 0, 0, 0 ],
      kk := 6,
      nooverlatflag := true,
      scons := [ [ [ 0, 0, 0, -1, 0, 1, 1 ], [ 2, 0, 0, 1, 0, -1, -1 ] ], 
          [ [ 0, 0, -1, 0, 0, 1, 1 ], [ 2, 0, 1, 0, 0, -1, -1 ] ], 
          [ [ 0, -1, 0, 0, 0, 1, 1 ], [ 2, 1, 0, 0, 0, -1, -1 ] ], 
          [ [ 0, 0, 0, 0, 0, 0, 1 ], [ 2, 0, 0, 0, 0, 0, -1 ] ], 
          [ [ 2, 0, 0, 0, -1, 0, 0 ], [ 0, 0, 0, 0, 1, 0, 0 ] ], 
          [ [ 2, 0, 0, -1, 0, 0, 0 ], [ 0, 0, 0, 1, 0, 0, 0 ] ], 
          [ [ 2, 0, -1, 0, 0, 0, 0 ], [ 0, 0, 1, 0, 0, 0, 0 ] ], 
          [ [ 2, -1, 0, 0, 0, 0, 0 ], [ 0, 1, 0, 0, 0, 0, 0 ] ], 
          [ [ 2, 0, 0, 0, 0, -1, 0 ], [ 0, 0, 0, 0, 0, 1, 0 ] ], 
          [ [ 1, 0, 0, 0, -1, 1, 0 ], [ 1, 0, 0, 0, 1, -1, 0 ] ], 
          [ [ 1, 1, 0, 0, -1, 0, 0 ], [ 1, -1, 0, 0, 1, 0, 0 ] ], 
          [ [ 1, 0, 1, 0, -1, 0, 0 ], [ 1, 0, -1, 0, 1, 0, 0 ] ], 
          [ [ 1, 0, 0, 1, -1, 0, 0 ], [ 1, 0, 0, -1, 1, 0, 0 ] ], 
          [ [ 1, 0, 0, -1, 0, 1, 0 ], [ 1, 0, 0, 1, 0, -1, 0 ] ], 
          [ [ 1, 1, 0, -1, 0, 0, 0 ], [ 1, -1, 0, 1, 0, 0, 0 ] ], 
          [ [ 1, 0, 1, -1, 0, 0, 0 ], [ 1, 0, -1, 1, 0, 0, 0 ] ], 
          [ [ 1, 0, -1, 0, 0, 1, 0 ], [ 1, 0, 1, 0, 0, -1, 0 ] ], 
          [ [ 1, 1, -1, 0, 0, 0, 0 ], [ 1, -1, 1, 0, 0, 0, 0 ] ], 
          [ [ 1, -1, 0, 0, 0, 1, 0 ], [ 1, 1, 0, 0, 0, -1, 0 ] ] ],
      stabssize := 108,
      wg := [ 0, 0, 0, 0, 0, 0, 0, 0, 0, 0, 1, 1, 1, 2, 3 ] ), rec(
      Gram := [ [ 2, 2, 2, 2, 2, 2, 2 ], [ 2, -2, 0, 0, 0, 0, 1 ], 
          [ 2, 0, -2, 0, 0, 0, 1 ], [ 2, 0, 0, -2, 0, 0, 1 ], [ 2, 0, 0, 0, -2, 0, 3 ], 
          [ 2, 0, 0, 0, 0, -2, 3 ], [ 2, 1, 1, 1, 3, 3, -2 ] ],
      adj := [ [ -2, 0, 0, 0, 0, 1 ], [ 0, -2, 0, 0, 0, 1 ], [ 0, 0, -2, 0, 0, 1 ], 
          [ 0, 0, 0, -2, 0, 3 ], [ 0, 0, 0, 0, -2, 3 ], [ 1, 1, 1, 3, 3, -2 ] ],
      gensplcons := [ [ 0, 1, 0, 0, 0, 0, 0 ], [ 0, 0, 1, 0, 0, 0, 0 ], 
          [ 0, 0, 0, 1, 0, 0, 0 ], [ 0, 0, 0, 0, 1, 0, 0 ], [ 0, 0, 0, 0, 0, 1, 0 ], 
          [ 0, 0, 0, 0, 0, 0, 1 ] ],
      h := [ 1, 0, 0, 0, 0, 0, 0 ],
      kk := 6,
      nooverlatflag := true,
      scons := [ [ [ 0, 0, -1, -1, 1, 1, 1 ], [ 2, 0, 1, 1, -1, -1, -1 ] ], 
          [ [ 0, -1, 0, -1, 1, 1, 1 ], [ 2, 1, 0, 1, -1, -1, -1 ] ], 
          [ [ 0, 0, 0, -1, 1, 0, 1 ], [ 2, 0, 0, 1, -1, 0, -1 ] ], 
          [ [ 0, 0, 0, -1, 0, 1, 1 ], [ 2, 0, 0, 1, 0, -1, -1 ] ], 
          [ [ 2, 0, 0, -1, 0, 0, 0 ], [ 0, 0, 0, 1, 0, 0, 0 ] ], 
