Rand20Pro20261003165930:=[ [ rec(
          nopss := [ 0, 20 ],
          scons := [ [ [ 1, -1, 0, 0, 0, 0, 0, 0, 0, 0, 0, 0, 0, 0, 0, 0, 0, 0, 0, 0 ], [ 1, 1, 0, 0, 0, 0, 0, 0, 0, 0, 0, 0, 0, 0, 0, 0, 0, 0, 0, 0 ] ], 
              [ [ 1, 0, 0, 0, 0, 0, 0, 0, 0, 0, 0, -1, 0, 0, 0, 0, 0, 0, 0, 0 ], [ 1, 0, 0, 0, 0, 0, 0, 0, 0, 0, 0, 1, 0, 0, 0, 0, 0, 0, 0, 0 ] ], 
              [ [ 1, 0, 0, 0, 0, 0, 0, 0, 0, 0, 0, 0, 0, 0, -1, 0, 0, 0, 0, 0 ], [ 1, 0, 0, 0, 0, 0, 0, 0, 0, 0, 0, 0, 0, 0, 1, 0, 0, 0, 0, 0 ] ], 
              [ [ 1, 0, 0, 0, 0, 0, -1, 0, 0, 0, 0, 0, 0, 0, 0, 0, 0, 0, 0, 0 ], [ 1, 0, 0, 0, 0, 0, 1, 0, 0, 0, 0, 0, 0, 0, 0, 0, 0, 0, 0, 0 ] ], 
              [ [ 1, 0, 0, 0, -1, 0, 0, 0, 0, 0, 0, 0, 0, 0, 0, 0, 0, 0, 0, 0 ], [ 1, 0, 0, 0, 1, 0, 0, 0, 0, 0, 0, 0, 0, 0, 0, 0, 0, 0, 0, 0 ] ], 
              [ [ 1, 0, 0, -1, 0, 0, 0, 0, 0, 0, 0, 0, 0, 0, 0, 0, 0, 0, 0, 0 ], [ 1, 0, 0, 1, 0, 0, 0, 0, 0, 0, 0, 0, 0, 0, 0, 0, 0, 0, 0, 0 ] ], 
              [ [ 1, 0, 0, 0, 0, 0, 0, 0, -1, 0, 0, 0, 0, 0, 0, 0, 0, 0, 0, 0 ], [ 1, 0, 0, 0, 0, 0, 0, 0, 1, 0, 0, 0, 0, 0, 0, 0, 0, 0, 0, 0 ] ], 
              [ [ 1, 0, 0, 0, 0, 0, 0, 0, 0, 0, 0, 0, -1, 0, 0, 0, 0, 0, 0, 0 ], [ 1, 0, 0, 0, 0, 0, 0, 0, 0, 0, 0, 0, 1, 0, 0, 0, 0, 0, 0, 0 ] ], 
              [ [ 1, 0, 0, 0, 0, 0, 0, 1, 0, 0, 0, 0, 0, 0, 0, 0, 0, 0, 0, 0 ], [ 1, 0, 0, 0, 0, 0, 0, -1, 0, 0, 0, 0, 0, 0, 0, 0, 0, 0, 0, 0 ] ], 
              [ [ 1, 0, 0, 0, 0, 0, 0, 0, 0, 0, -1, 0, 0, 0, 0, 0, 0, 0, 0, 0 ], [ 1, 0, 0, 0, 0, 0, 0, 0, 0, 0, 1, 0, 0, 0, 0, 0, 0, 0, 0, 0 ] ], 
              [ [ 1, 0, 0, 0, 0, 0, 0, 0, 0, 0, 0, 0, 0, 0, 0, 0, 0, -1, 0, 0 ], [ 1, 0, 0, 0, 0, 0, 0, 0, 0, 0, 0, 0, 0, 0, 0, 0, 0, 1, 0, 0 ] ], 
              [ [ 1, 0, 1, 0, 0, 0, 0, 0, 0, 0, 0, 0, 0, 0, 0, 0, 0, 0, 0, 0 ], [ 1, 0, -1, 0, 0, 0, 0, 0, 0, 0, 0, 0, 0, 0, 0, 0, 0, 0, 0, 0 ] ], 
              [ [ 1, 0, 0, 0, 0, 0, 0, 0, 0, 0, 0, 0, 0, -1, 0, 0, 0, 0, 0, 0 ], [ 1, 0, 0, 0, 0, 0, 0, 0, 0, 0, 0, 0, 0, 1, 0, 0, 0, 0, 0, 0 ] ], 
              [ [ 1, 0, 1, 0, 0, 0, 0, 1, 0, -1, 0, 0, 1, 0, 0, 0, -1, 0, 0, 0 ], [ 1, 0, -1, 0, 0, 0, 0, -1, 0, 1, 0, 0, -1, 0, 0, 0, 1, 0, 0, 0 ] ], 
              [ [ 1, 0, 0, 0, 0, 0, 0, 0, 0, -1, 0, 0, 0, 0, 0, 0, 0, 0, 0, 0 ], [ 1, 0, 0, 0, 0, 0, 0, 0, 0, 1, 0, 0, 0, 0, 0, 0, 0, 0, 0, 0 ] ], 
              [ [ 1, 0, 0, 0, 0, 0, 0, 0, 0, 0, 0, 0, 0, 0, 0, 0, 0, 0, -1, 0 ], [ 1, 0, 0, 0, 0, 0, 0, 0, 0, 0, 0, 0, 0, 0, 0, 0, 0, 0, 1, 0 ] ], 
              [ [ 1, 0, 0, 0, 0, 0, 0, 0, 0, 0, 0, 0, 0, 0, 0, 0, 0, 0, 0, -1 ], [ 1, 0, 0, 0, 0, 0, 0, 0, 0, 0, 0, 0, 0, 0, 0, 0, 0, 0, 0, 1 ] ], 
              [ [ 1, 0, 0, 0, 0, 0, 0, 0, 0, 0, 0, 0, 0, 0, 0, 0, -1, 0, 0, 0 ], [ 1, 0, 0, 0, 0, 0, 0, 0, 0, 0, 0, 0, 0, 0, 0, 0, 1, 0, 0, 0 ] ], 
              [ [ 1, 0, 0, 0, 0, 0, 0, 0, 0, 0, 0, 0, 0, 0, 0, -1, 0, 0, 0, 0 ], [ 1, 0, 0, 0, 0, 0, 0, 0, 0, 0, 0, 0, 0, 0, 0, 1, 0, 0, 0, 0 ] ], 
              [ [ 1, 0, 0, 0, 0, -1, 0, 0, 0, 0, 0, 0, 0, 0, 0, 0, 0, 0, 0, 0 ], [ 1, 0, 0, 0, 0, 1, 0, 0, 0, 0, 0, 0, 0, 0, 0, 0, 0, 0, 0, 0 ] ] ],
          slins := [  ] ), [ [ 4, 0, 0, 0, 0, 0, 0, 0, 0, 0, 0, 0, 0, 0, 1, 0, 0, 0, 0 ], [ 0, 4, 0, 1, 0, 0, -1, 0, 1, 0, 0, -1, -1, 0, -1, 0, -1, 0, 0 ], 
          [ 0, 0, 4, 0, 0, 1, 0, 0, 0, 0, 0, -1, 0, 0, 0, -1, -1, 0, 0 ], [ 0, 1, 0, 4, 1, 0, 0, 0, 0, 1, 0, 0, 1, -1, 1, 0, 0, 0, 0 ], 
          [ 0, 0, 0, 1, 4, 0, 1, 1, 0, 0, -1, 0, -1, 0, 0, 1, 1, 0, -1 ], [ 0, 0, 1, 0, 0, 4, -1, 1, 0, 0, 0, 0, 0, 0, -1, 0, -1, 0, 0 ], 
          [ 0, -1, 0, 0, 1, -1, 4, 1, 1, 0, 1, -1, 0, 0, 0, 1, -1, 0, 0 ], [ 0, 0, 0, 0, 1, 1, 1, 4, 1, 0, 0, 0, 0, 0, 1, -1, 0, 0, 0 ], 
          [ 0, 1, 0, 0, 0, 0, 1, 1, 4, 0, 0, -1, 0, 0, -1, -1, 0, 0, 0 ], [ 0, 0, 0, 1, 0, 0, 0, 0, 0, 4, 0, 0, 0, 0, 1, 0, 0, 1, 0 ], 
          [ 0, 0, 0, 0, -1, 0, 1, 0, 0, 0, 4, -1, 0, 0, 0, 0, 0, 0, 0 ], [ 0, -1, -1, 0, 0, 0, -1, 0, -1, 0, -1, 4, 1, -1, 0, 1, 0, -1, 0 ], 
          [ 0, -1, 0, 1, -1, 0, 0, 0, 0, 0, 0, 1, 4, -1, 0, 0, 1, -1, 0 ], [ 0, 0, 0, -1, 0, 0, 0, 0, 0, 0, 0, -1, -1, 4, 0, 0, 0, 0, -1 ], 
          [ 1, -1, 0, 1, 0, -1, 0, 1, -1, 1, 0, 0, 0, 0, 4, 0, 0, 1, -1 ], [ 0, 0, -1, 0, 1, 0, 1, -1, -1, 0, 0, 1, 0, 0, 0, 4, -1, 0, -1 ], 
          [ 0, -1, -1, 0, 1, -1, -1, 0, 0, 0, 0, 0, 1, 0, 0, -1, 4, 0, 0 ], [ 0, 0, 0, 0, 0, 0, 0, 0, 0, 1, 0, -1, -1, 0, 1, 0, 0, 4, 0 ], 
          [ 0, 0, 0, 0, -1, 0, 0, 0, 0, 0, 0, 0, 0, -1, -1, -1, 0, 0, 4 ] ] ], [ rec(
          nopss := [ 0, 21 ],
          scons := [ [ [ 1, -1, 0, 0, 0, 0, 0, 0, 0, 0, 0, 0, 0, 0, 0, 0, 0, 0, 0, 0 ], [ 1, 1, 0, 0, 0, 0, 0, 0, 0, 0, 0, 0, 0, 0, 0, 0, 0, 0, 0, 0 ] ], 
              [ [ 1, 0, 0, 0, 0, 0, -1, 0, 0, 0, 0, 0, 0, 0, 0, 0, 0, 0, 0, 0 ], [ 1, 0, 0, 0, 0, 0, 1, 0, 0, 0, 0, 0, 0, 0, 0, 0, 0, 0, 0, 0 ] ], 
              [ [ 1, 0, 0, 0, 0, 0, 0, 0, 0, 0, 0, 0, 0, 0, -1, 0, 0, 0, 0, 0 ], [ 1, 0, 0, 0, 0, 0, 0, 0, 0, 0, 0, 0, 0, 0, 1, 0, 0, 0, 0, 0 ] ], 
              [ [ 1, 0, 0, 0, -1, 0, 0, 0, 0, 0, 0, 0, 0, 0, 0, 0, 0, 0, 0, 0 ], [ 1, 0, 0, 0, 1, 0, 0, 0, 0, 0, 0, 0, 0, 0, 0, 0, 0, 0, 0, 0 ] ], 
              [ [ 1, 0, 0, -1, 0, 0, 0, 0, 0, 0, 0, 0, 0, 0, 0, 0, 0, 0, 0, 0 ], [ 1, 0, 0, 1, 0, 0, 0, 0, 0, 0, 0, 0, 0, 0, 0, 0, 0, 0, 0, 0 ] ], 
              [ [ 1, 0, 0, 0, 0, 0, 0, 0, 0, 0, 0, 0, -1, 0, 0, 0, 0, 0, 0, 0 ], [ 1, 0, 0, 0, 0, 0, 0, 0, 0, 0, 0, 0, 1, 0, 0, 0, 0, 0, 0, 0 ] ], 
              [ [ 1, 0, 0, 0, 0, 0, 0, 1, 0, 0, 0, 0, 0, 0, 0, 0, 0, 0, 0, 0 ], [ 1, 0, 0, 0, 0, 0, 0, -1, 0, 0, 0, 0, 0, 0, 0, 0, 0, 0, 0, 0 ] ], 
              [ [ 1, 0, 0, 0, 0, 0, 0, 0, 0, 0, 0, 0, 0, 0, 0, 0, 0, -1, 0, 0 ], [ 1, 0, 0, 0, 0, 0, 0, 0, 0, 0, 0, 0, 0, 0, 0, 0, 0, 1, 0, 0 ] ], 
              [ [ 1, 0, 0, 0, 0, 0, 0, 0, -1, 0, 0, 0, 0, 0, 0, 0, 0, 0, 0, 0 ], [ 1, 0, 0, 0, 0, 0, 0, 0, 1, 0, 0, 0, 0, 0, 0, 0, 0, 0, 0, 0 ] ], 
              [ [ 1, 0, 0, 0, 0, 0, 0, 0, 0, 0, -1, 0, 0, 0, 0, 0, 0, 0, 0, 0 ], [ 1, 0, 0, 0, 0, 0, 0, 0, 0, 0, 1, 0, 0, 0, 0, 0, 0, 0, 0, 0 ] ], 
              [ [ 1, 0, 0, 0, 0, 0, 0, 0, 0, 0, 0, 0, 0, -1, 0, 0, 0, 0, 0, 0 ], [ 1, 0, 0, 0, 0, 0, 0, 0, 0, 0, 0, 0, 0, 1, 0, 0, 0, 0, 0, 0 ] ], 
              [ [ 1, 0, 1, 0, 0, 0, 0, 0, 0, 0, 0, 0, 0, 0, 0, 0, 0, 0, 0, 0 ], [ 1, 0, -1, 0, 0, 0, 0, 0, 0, 0, 0, 0, 0, 0, 0, 0, 0, 0, 0, 0 ] ], 
              [ [ 1, 0, -1, 0, 0, 0, 0, -1, 0, 1, 0, -1, -1, 0, 0, 0, 1, 0, 0, 0 ], [ 1, 0, 1, 0, 0, 0, 0, 1, 0, -1, 0, 1, 1, 0, 0, 0, -1, 0, 0, 0 ] ], 
              [ [ 1, 0, 0, 0, 0, 0, 0, 0, 0, 0, 0, -1, 0, 0, 0, 0, 0, 0, 0, 0 ], [ 1, 0, 0, 0, 0, 0, 0, 0, 0, 0, 0, 1, 0, 0, 0, 0, 0, 0, 0, 0 ] ], 
              [ [ 1, 0, 0, 0, 0, -1, 0, 0, 0, 0, 0, 0, 0, 0, 0, 0, 0, 0, 0, 0 ], [ 1, 0, 0, 0, 0, 1, 0, 0, 0, 0, 0, 0, 0, 0, 0, 0, 0, 0, 0, 0 ] ], 
              [ [ 1, 0, 0, 0, 0, 0, 0, 0, 0, 0, 0, 0, 0, 0, 0, -1, 0, 0, 0, 0 ], [ 1, 0, 0, 0, 0, 0, 0, 0, 0, 0, 0, 0, 0, 0, 0, 1, 0, 0, 0, 0 ] ], 
              [ [ 1, 0, 0, 0, 0, 0, 0, 0, 0, 0, 0, 0, 0, 0, 0, 0, 0, 0, -1, 0 ], [ 1, 0, 0, 0, 0, 0, 0, 0, 0, 0, 0, 0, 0, 0, 0, 0, 0, 0, 1, 0 ] ], 
              [ [ 1, 0, 0, 0, 0, 0, 0, 0, 0, 0, 0, 0, 0, 0, 0, 0, 0, 0, 0, -1 ], [ 1, 0, 0, 0, 0, 0, 0, 0, 0, 0, 0, 0, 0, 0, 0, 0, 0, 0, 0, 1 ] ], 
              [ [ 1, 0, 0, 0, 0, 0, 0, 0, 0, 0, 0, 0, 0, 0, 0, 0, -1, 0, 0, 0 ], [ 1, 0, 0, 0, 0, 0, 0, 0, 0, 0, 0, 0, 0, 0, 0, 0, 1, 0, 0, 0 ] ], 
              [ [ 1, 0, -1, 0, 0, 0, 0, -1, 0, 1, 0, 0, -1, 0, 0, 0, 1, 0, 0, 0 ], [ 1, 0, 1, 0, 0, 0, 0, 1, 0, -1, 0, 0, 1, 0, 0, 0, -1, 0, 0, 0 ] ], 
              [ [ 1, 0, 0, 0, 0, 0, 0, 0, 0, -1, 0, 0, 0, 0, 0, 0, 0, 0, 0, 0 ], [ 1, 0, 0, 0, 0, 0, 0, 0, 0, 1, 0, 0, 0, 0, 0, 0, 0, 0, 0, 0 ] ] ],
          slins := [  ] ), [ [ 4, 0, 0, 0, 0, 0, 0, 0, 0, 0, 0, 0, 0, 0, 1, 0, 0, 0, 0 ], [ 0, 4, 0, 1, 0, 0, -1, 0, 1, 0, 0, -1, -1, 0, -1, 0, -1, 0, 0 ], 
          [ 0, 0, 4, 0, 0, 1, 0, 0, 0, 0, 0, -1, 0, 0, 0, -1, -1, 0, 0 ], [ 0, 1, 0, 4, 1, 0, 0, 0, 0, 1, 0, 0, 1, -1, 1, 0, 0, 0, 0 ], 
          [ 0, 0, 0, 1, 4, 0, 1, 1, 0, 0, -1, 0, -1, 0, 0, 1, 1, 0, -1 ], [ 0, 0, 1, 0, 0, 4, -1, 1, 0, 0, 0, 0, 0, 0, -1, 0, -1, 0, 0 ], 
          [ 0, -1, 0, 0, 1, -1, 4, 1, 1, 0, 1, -1, 0, 0, 0, 1, -1, 0, 0 ], [ 0, 0, 0, 0, 1, 1, 1, 4, 1, 0, 0, 0, 0, 0, 1, -1, 0, 0, 0 ], 
          [ 0, 1, 0, 0, 0, 0, 1, 1, 4, 0, 0, -1, 0, 0, -1, -1, 0, 0, 0 ], [ 0, 0, 0, 1, 0, 0, 0, 0, 0, 4, 0, 0, 0, 0, 1, 0, 0, 1, 0 ], 
          [ 0, 0, 0, 0, -1, 0, 1, 0, 0, 0, 4, -1, 0, 0, 0, 0, 0, 0, 0 ], [ 0, -1, -1, 0, 0, 0, -1, 0, -1, 0, -1, 4, 1, -1, 0, 1, 0, -1, 0 ], 
          [ 0, -1, 0, 1, -1, 0, 0, 0, 0, 0, 0, 1, 4, -1, 0, 0, 1, -1, 0 ], [ 0, 0, 0, -1, 0, 0, 0, 0, 0, 0, 0, -1, -1, 4, 0, 0, 0, 0, -1 ], 
          [ 1, -1, 0, 1, 0, -1, 0, 1, -1, 1, 0, 0, 0, 0, 4, 0, 0, 1, -1 ], [ 0, 0, -1, 0, 1, 0, 1, -1, -1, 0, 0, 1, 0, 0, 0, 4, -1, 0, -1 ], 
          [ 0, -1, -1, 0, 1, -1, -1, 0, 0, 0, 0, 0, 1, 0, 0, -1, 4, 0, 0 ], [ 0, 0, 0, 0, 0, 0, 0, 0, 0, 1, 0, -1, -1, 0, 1, 0, 0, 4, 0 ], 
          [ 0, 0, 0, 0, -1, 0, 0, 0, 0, 0, 0, 0, 0, -1, -1, -1, 0, 0, 4 ] ] ], [ rec(
          nopss := [ 0, 21 ],
          scons := [ [ [ 1, -1, 0, 0, 0, 0, 0, 0, 0, 0, 0, 0, 0, 0, 0, 0, 0, 0, 0, 0 ], [ 1, 1, 0, 0, 0, 0, 0, 0, 0, 0, 0, 0, 0, 0, 0, 0, 0, 0, 0, 0 ] ], 
              [ [ 1, 0, 0, 0, 0, 0, 0, 0, 0, 0, 0, 0, 0, 0, -1, 0, 0, 0, 0, 0 ], [ 1, 0, 0, 0, 0, 0, 0, 0, 0, 0, 0, 0, 0, 0, 1, 0, 0, 0, 0, 0 ] ], 
              [ [ 1, 0, 0, 0, -1, 0, 0, 0, 0, 0, 0, 0, 0, 0, 0, 0, 0, 0, 0, 0 ], [ 1, 0, 0, 0, 1, 0, 0, 0, 0, 0, 0, 0, 0, 0, 0, 0, 0, 0, 0, 0 ] ], 
              [ [ 1, 0, 0, -1, 0, 0, 0, 0, 0, 0, 0, 0, 0, 0, 0, 0, 0, 0, 0, 0 ], [ 1, 0, 0, 1, 0, 0, 0, 0, 0, 0, 0, 0, 0, 0, 0, 0, 0, 0, 0, 0 ] ], 
              [ [ 1, 0, 0, 0, 0, 0, 0, 0, 0, 0, 0, 0, -1, 0, 0, 0, 0, 0, 0, 0 ], [ 1, 0, 0, 0, 0, 0, 0, 0, 0, 0, 0, 0, 1, 0, 0, 0, 0, 0, 0, 0 ] ], 
              [ [ 1, 0, 0, 0, 0, 0, 0, 1, 0, 0, 0, 0, 0, 0, 0, 0, 0, 0, 0, 0 ], [ 1, 0, 0, 0, 0, 0, 0, -1, 0, 0, 0, 0, 0, 0, 0, 0, 0, 0, 0, 0 ] ], 
              [ [ 1, 0, 0, 0, 0, 0, -1, 0, 0, 0, 0, 0, 0, 0, 0, 0, 0, 0, 0, 0 ], [ 1, 0, 0, 0, 0, 0, 1, 0, 0, 0, 0, 0, 0, 0, 0, 0, 0, 0, 0, 0 ] ], 
              [ [ 1, 0, 0, 0, 0, 0, 0, 0, 0, 0, 0, 0, 0, 0, 0, 0, 0, -1, 0, 0 ], [ 1, 0, 0, 0, 0, 0, 0, 0, 0, 0, 0, 0, 0, 0, 0, 0, 0, 1, 0, 0 ] ], 
              [ [ 1, 0, 0, 0, 0, 0, 0, 0, 0, 0, 0, 0, 0, -1, 0, 0, 0, 0, 0, 0 ], [ 1, 0, 0, 0, 0, 0, 0, 0, 0, 0, 0, 0, 0, 1, 0, 0, 0, 0, 0, 0 ] ], 
              [ [ 1, 0, 0, 0, 0, 0, 0, 0, 0, 0, -1, 0, 0, 0, 0, 0, 0, 0, 0, 0 ], [ 1, 0, 0, 0, 0, 0, 0, 0, 0, 0, 1, 0, 0, 0, 0, 0, 0, 0, 0, 0 ] ], 
              [ [ 1, 0, 0, 0, 0, 0, 0, 0, -1, 0, 0, 0, 0, 0, 0, 0, 0, 0, 0, 0 ], [ 1, 0, 0, 0, 0, 0, 0, 0, 1, 0, 0, 0, 0, 0, 0, 0, 0, 0, 0, 0 ] ], 
              [ [ 1, 0, 0, 0, 0, 0, 0, 0, 0, 0, 0, 0, 0, 0, 0, 0, 0, 0, 0, -1 ], [ 1, 0, 0, 0, 0, 0, 0, 0, 0, 0, 0, 0, 0, 0, 0, 0, 0, 0, 0, 1 ] ], 
              [ [ 1, 0, 1, 0, 0, 0, 0, 0, 0, 0, 0, 0, 0, 0, 0, 0, 0, 0, 0, 0 ], [ 1, 0, -1, 0, 0, 0, 0, 0, 0, 0, 0, 0, 0, 0, 0, 0, 0, 0, 0, 0 ] ], 
              [ [ 1, 0, 0, 0, 0, -1, 0, 0, 0, 0, 0, 0, 0, 0, 0, 0, 0, 0, 0, 0 ], [ 1, 0, 0, 0, 0, 1, 0, 0, 0, 0, 0, 0, 0, 0, 0, 0, 0, 0, 0, 0 ] ], 
              [ [ 1, 0, 0, 0, 0, 0, 0, 0, 0, 0, 0, 0, 0, 0, 0, 0, -1, 0, 0, 0 ], [ 1, 0, 0, 0, 0, 0, 0, 0, 0, 0, 0, 0, 0, 0, 0, 0, 1, 0, 0, 0 ] ], 
              [ [ 1, 0, 0, 0, 0, 0, 0, 0, 0, 0, 0, 0, 0, 0, 0, 0, 0, 0, -1, 0 ], [ 1, 0, 0, 0, 0, 0, 0, 0, 0, 0, 0, 0, 0, 0, 0, 0, 0, 0, 1, 0 ] ], 
              [ [ 1, 0, 0, 0, 0, 0, 0, 0, 0, 0, 0, 0, 0, 0, 0, -1, 0, 0, 0, 0 ], [ 1, 0, 0, 0, 0, 0, 0, 0, 0, 0, 0, 0, 0, 0, 0, 1, 0, 0, 0, 0 ] ], 
              [ [ 1, 0, -1, 0, 0, 0, 0, -1, 0, 1, 0, 0, -1, 0, 0, 0, 1, 0, 0, 0 ], [ 1, 0, 1, 0, 0, 0, 0, 1, 0, -1, 0, 0, 1, 0, 0, 0, -1, 0, 0, 0 ] ], 
              [ [ 1, 0, 0, 0, 0, 0, 0, 0, 0, 0, 0, 1, 0, 0, 0, 0, 0, 0, 0, 0 ], [ 1, 0, 0, 0, 0, 0, 0, 0, 0, 0, 0, -1, 0, 0, 0, 0, 0, 0, 0, 0 ] ], 
              [ [ 1, 0, -1, 0, 0, 0, 0, -1, 0, 1, 0, -1, -1, 0, 0, 0, 1, 0, 0, 0 ], [ 1, 0, 1, 0, 0, 0, 0, 1, 0, -1, 0, 1, 1, 0, 0, 0, -1, 0, 0, 0 ] ], 
              [ [ 1, 0, 0, 0, 0, 0, 0, 0, 0, -1, 0, 0, 0, 0, 0, 0, 0, 0, 0, 0 ], [ 1, 0, 0, 0, 0, 0, 0, 0, 0, 1, 0, 0, 0, 0, 0, 0, 0, 0, 0, 0 ] ] ],
          slins := [  ] ), [ [ 4, 0, 0, 0, 0, 0, 0, 0, 0, 0, 0, 0, 0, 0, 1, 0, 0, 0, 0 ], [ 0, 4, 0, 1, 0, 0, -1, 0, 1, 0, 0, -1, -1, 0, -1, 0, -1, 0, 0 ], 
          [ 0, 0, 4, 0, 0, 1, 0, 0, 0, 0, 0, -1, 0, 0, 0, -1, -1, 0, 0 ], [ 0, 1, 0, 4, 1, 0, 0, 0, 0, 1, 0, 0, 1, -1, 1, 0, 0, 0, 0 ], 
          [ 0, 0, 0, 1, 4, 0, 1, 1, 0, 0, -1, 0, -1, 0, 0, 1, 1, 0, -1 ], [ 0, 0, 1, 0, 0, 4, -1, 1, 0, 0, 0, 0, 0, 0, -1, 0, -1, 0, 0 ], 
          [ 0, -1, 0, 0, 1, -1, 4, 1, 1, 0, 1, -1, 0, 0, 0, 1, -1, 0, 0 ], [ 0, 0, 0, 0, 1, 1, 1, 4, 1, 0, 0, 0, 0, 0, 1, -1, 0, 0, 0 ], 
          [ 0, 1, 0, 0, 0, 0, 1, 1, 4, 0, 0, -1, 0, 0, -1, -1, 0, 0, 0 ], [ 0, 0, 0, 1, 0, 0, 0, 0, 0, 4, 0, 0, 0, 0, 1, 0, 0, 1, 0 ], 
          [ 0, 0, 0, 0, -1, 0, 1, 0, 0, 0, 4, -1, 0, 0, 0, 0, 0, 0, 0 ], [ 0, -1, -1, 0, 0, 0, -1, 0, -1, 0, -1, 4, 1, -1, 0, 1, 0, -1, 0 ], 
          [ 0, -1, 0, 1, -1, 0, 0, 0, 0, 0, 0, 1, 4, -1, 0, 0, 1, -1, 0 ], [ 0, 0, 0, -1, 0, 0, 0, 0, 0, 0, 0, -1, -1, 4, 0, 0, 0, 0, -1 ], 
          [ 1, -1, 0, 1, 0, -1, 0, 1, -1, 1, 0, 0, 0, 0, 4, 0, 0, 1, -1 ], [ 0, 0, -1, 0, 1, 0, 1, -1, -1, 0, 0, 1, 0, 0, 0, 4, -1, 0, -1 ], 
          [ 0, -1, -1, 0, 1, -1, -1, 0, 0, 0, 0, 0, 1, 0, 0, -1, 4, 0, 0 ], [ 0, 0, 0, 0, 0, 0, 0, 0, 0, 1, 0, -1, -1, 0, 1, 0, 0, 4, 0 ], 
          [ 0, 0, 0, 0, -1, 0, 0, 0, 0, 0, 0, 0, 0, -1, -1, -1, 0, 0, 4 ] ] ], [ rec(
          nopss := [ 0, 21 ],
          scons := [ [ [ 1, -1, 0, 0, 0, 0, 0, 0, 0, 0, 0, 0, 0, 0, 0, 0, 0, 0, 0, 0 ], [ 1, 1, 0, 0, 0, 0, 0, 0, 0, 0, 0, 0, 0, 0, 0, 0, 0, 0, 0, 0 ] ], 
              [ [ 1, 0, 0, 0, -1, 0, 0, 0, 0, 0, 0, 0, 0, 0, 0, 0, 0, 0, 0, 0 ], [ 1, 0, 0, 0, 1, 0, 0, 0, 0, 0, 0, 0, 0, 0, 0, 0, 0, 0, 0, 0 ] ], 
              [ [ 1, 0, 0, 0, 0, 0, 0, 0, 0, 0, 0, 0, 0, 0, -1, 0, 0, 0, 0, 0 ], [ 1, 0, 0, 0, 0, 0, 0, 0, 0, 0, 0, 0, 0, 0, 1, 0, 0, 0, 0, 0 ] ], 
              [ [ 1, 0, 0, 0, 0, 0, 0, 0, 0, 0, 0, 0, -1, 0, 0, 0, 0, 0, 0, 0 ], [ 1, 0, 0, 0, 0, 0, 0, 0, 0, 0, 0, 0, 1, 0, 0, 0, 0, 0, 0, 0 ] ], 
              [ [ 1, 0, 0, 0, 0, 0, 0, 1, 0, 0, 0, 0, 0, 0, 0, 0, 0, 0, 0, 0 ], [ 1, 0, 0, 0, 0, 0, 0, -1, 0, 0, 0, 0, 0, 0, 0, 0, 0, 0, 0, 0 ] ], 
              [ [ 1, 0, 0, 0, 0, 0, 0, 0, 0, 0, 0, 0, 0, -1, 0, 0, 0, 0, 0, 0 ], [ 1, 0, 0, 0, 0, 0, 0, 0, 0, 0, 0, 0, 0, 1, 0, 0, 0, 0, 0, 0 ] ], 
              [ [ 1, 0, 0, -1, 0, 0, 0, 0, 0, 0, 0, 0, 0, 0, 0, 0, 0, 0, 0, 0 ], [ 1, 0, 0, 1, 0, 0, 0, 0, 0, 0, 0, 0, 0, 0, 0, 0, 0, 0, 0, 0 ] ], 
              [ [ 1, 0, 0, 0, 0, 0, 0, 0, 0, 0, 0, 0, 0, 0, 0, 0, 0, -1, 0, 0 ], [ 1, 0, 0, 0, 0, 0, 0, 0, 0, 0, 0, 0, 0, 0, 0, 0, 0, 1, 0, 0 ] ], 
              [ [ 1, 0, 0, 0, 0, 0, 1, 0, 0, 0, 0, 0, 0, 0, 0, 0, 0, 0, 0, 0 ], [ 1, 0, 0, 0, 0, 0, -1, 0, 0, 0, 0, 0, 0, 0, 0, 0, 0, 0, 0, 0 ] ], 
              [ [ 1, 0, 0, 0, 0, 0, 0, 0, -1, 0, 0, 0, 0, 0, 0, 0, 0, 0, 0, 0 ], [ 1, 0, 0, 0, 0, 0, 0, 0, 1, 0, 0, 0, 0, 0, 0, 0, 0, 0, 0, 0 ] ], 
              [ [ 1, 0, 0, 0, 0, 0, 0, 0, 0, 0, 0, 0, 0, 0, 0, 0, 0, 0, 0, -1 ], [ 1, 0, 0, 0, 0, 0, 0, 0, 0, 0, 0, 0, 0, 0, 0, 0, 0, 0, 0, 1 ] ], 
              [ [ 1, 0, 0, 0, 0, 0, 0, 0, 0, 0, -1, 0, 0, 0, 0, 0, 0, 0, 0, 0 ], [ 1, 0, 0, 0, 0, 0, 0, 0, 0, 0, 1, 0, 0, 0, 0, 0, 0, 0, 0, 0 ] ], 
              [ [ 1, 0, 0, 0, 0, -1, 0, 0, 0, 0, 0, 0, 0, 0, 0, 0, 0, 0, 0, 0 ], [ 1, 0, 0, 0, 0, 1, 0, 0, 0, 0, 0, 0, 0, 0, 0, 0, 0, 0, 0, 0 ] ], 
              [ [ 1, 0, 0, 0, 0, 0, 0, 0, 0, 0, 0, 0, 0, 0, 0, 0, -1, 0, 0, 0 ], [ 1, 0, 0, 0, 0, 0, 0, 0, 0, 0, 0, 0, 0, 0, 0, 0, 1, 0, 0, 0 ] ], 
              [ [ 1, 0, 1, 0, 0, 0, 0, 0, 0, 0, 0, 0, 0, 0, 0, 0, 0, 0, 0, 0 ], [ 1, 0, -1, 0, 0, 0, 0, 0, 0, 0, 0, 0, 0, 0, 0, 0, 0, 0, 0, 0 ] ], 
              [ [ 1, 0, 0, 0, 0, 0, 0, 0, 0, 0, 0, 0, 0, 0, 0, 0, 0, 0, -1, 0 ], [ 1, 0, 0, 0, 0, 0, 0, 0, 0, 0, 0, 0, 0, 0, 0, 0, 0, 0, 1, 0 ] ], 
              [ [ 1, 0, -1, 0, 0, 0, 0, -1, 0, 1, 0, 0, -1, 0, 0, 0, 1, 0, 0, 0 ], [ 1, 0, 1, 0, 0, 0, 0, 1, 0, -1, 0, 0, 1, 0, 0, 0, -1, 0, 0, 0 ] ], 
              [ [ 1, 0, 0, 0, 0, 0, 0, 0, 0, 0, 0, 1, 0, 0, 0, 0, 0, 0, 0, 0 ], [ 1, 0, 0, 0, 0, 0, 0, 0, 0, 0, 0, -1, 0, 0, 0, 0, 0, 0, 0, 0 ] ], 
              [ [ 1, 0, 0, 0, 0, 0, 0, 0, 0, 0, 0, 0, 0, 0, 0, -1, 0, 0, 0, 0 ], [ 1, 0, 0, 0, 0, 0, 0, 0, 0, 0, 0, 0, 0, 0, 0, 1, 0, 0, 0, 0 ] ], 
              [ [ 1, 0, 0, 0, 0, 0, 0, 0, 0, -1, 0, 0, 0, 0, 0, 0, 0, 0, 0, 0 ], [ 1, 0, 0, 0, 0, 0, 0, 0, 0, 1, 0, 0, 0, 0, 0, 0, 0, 0, 0, 0 ] ], 
              [ [ 1, 0, -1, 0, 0, 0, 0, -1, 0, 1, 0, -1, -1, 0, 0, 0, 1, 0, 0, 0 ], [ 1, 0, 1, 0, 0, 0, 0, 1, 0, -1, 0, 1, 1, 0, 0, 0, -1, 0, 0, 0 ] ] ],
          slins := [  ] ), [ [ 4, 0, 0, 0, 0, 0, 0, 0, 0, 0, 0, 0, 0, 0, 1, 0, 0, 0, 0 ], [ 0, 4, 0, 1, 0, 0, -1, 0, 1, 0, 0, -1, -1, 0, -1, 0, -1, 0, 0 ], 
          [ 0, 0, 4, 0, 0, 1, 0, 0, 0, 0, 0, -1, 0, 0, 0, -1, -1, 0, 0 ], [ 0, 1, 0, 4, 1, 0, 0, 0, 0, 1, 0, 0, 1, -1, 1, 0, 0, 0, 0 ], 
          [ 0, 0, 0, 1, 4, 0, 1, 1, 0, 0, -1, 0, -1, 0, 0, 1, 1, 0, -1 ], [ 0, 0, 1, 0, 0, 4, -1, 1, 0, 0, 0, 0, 0, 0, -1, 0, -1, 0, 0 ], 
          [ 0, -1, 0, 0, 1, -1, 4, 1, 1, 0, 1, -1, 0, 0, 0, 1, -1, 0, 0 ], [ 0, 0, 0, 0, 1, 1, 1, 4, 1, 0, 0, 0, 0, 0, 1, -1, 0, 0, 0 ], 
          [ 0, 1, 0, 0, 0, 0, 1, 1, 4, 0, 0, -1, 0, 0, -1, -1, 0, 0, 0 ], [ 0, 0, 0, 1, 0, 0, 0, 0, 0, 4, 0, 0, 0, 0, 1, 0, 0, 1, 0 ], 
          [ 0, 0, 0, 0, -1, 0, 1, 0, 0, 0, 4, -1, 0, 0, 0, 0, 0, 0, 0 ], [ 0, -1, -1, 0, 0, 0, -1, 0, -1, 0, -1, 4, 1, -1, 0, 1, 0, -1, 0 ], 
          [ 0, -1, 0, 1, -1, 0, 0, 0, 0, 0, 0, 1, 4, -1, 0, 0, 1, -1, 0 ], [ 0, 0, 0, -1, 0, 0, 0, 0, 0, 0, 0, -1, -1, 4, 0, 0, 0, 0, -1 ], 
          [ 1, -1, 0, 1, 0, -1, 0, 1, -1, 1, 0, 0, 0, 0, 4, 0, 0, 1, -1 ], [ 0, 0, -1, 0, 1, 0, 1, -1, -1, 0, 0, 1, 0, 0, 0, 4, -1, 0, -1 ], 
          [ 0, -1, -1, 0, 1, -1, -1, 0, 0, 0, 0, 0, 1, 0, 0, -1, 4, 0, 0 ], [ 0, 0, 0, 0, 0, 0, 0, 0, 0, 1, 0, -1, -1, 0, 1, 0, 0, 4, 0 ], 
          [ 0, 0, 0, 0, -1, 0, 0, 0, 0, 0, 0, 0, 0, -1, -1, -1, 0, 0, 4 ] ] ], [ rec(
          nopss := [ 0, 37 ],
          scons := [ [ [ 1, 0, 0, 0, 0, 0, 0, 0, 0, 0, 0, 0, 0, 0, 0, 0, 0, 0, -1, 0 ], [ 1, 0, 0, 0, 0, 0, 0, 0, 0, 0, 0, 0, 0, 0, 0, 0, 0, 0, 1, 0 ] ], 
              [ [ 1, 0, 0, 0, 0, 0, 0, 0, 0, 0, -1, 0, 0, 0, 0, 0, 0, 0, 0, 0 ], [ 1, 0, 0, 0, 0, 0, 0, 0, 0, 0, 1, 0, 0, 0, 0, 0, 0, 0, 0, 0 ] ], 
              [ [ 1, 0, 0, 0, 0, 0, 0, 0, 0, 0, 0, 0, 0, 0, -1, 0, 0, 0, 0, 0 ], [ 1, 0, 0, 0, 0, 0, 0, 0, 0, 0, 0, 0, 0, 0, 1, 0, 0, 0, 0, 0 ] ], 
              [ [ 1, 0, 2, 0, -1, 0, 1, 2, -1, -1, 0, 0, 1, 0, 0, 1, -1, 1, 0, 0 ], [ 1, 0, -2, 0, 1, 0, -1, -2, 1, 1, 0, 0, -1, 0, 0, -1, 1, -1, 0, 0 ] ], 
              [ [ 1, 0, 0, 0, 0, 0, 0, 0, 0, -1, 0, 0, 0, 0, 0, 0, 0, 0, 0, 0 ], [ 1, 0, 0, 0, 0, 0, 0, 0, 0, 1, 0, 0, 0, 0, 0, 0, 0, 0, 0, 0 ] ], 
              [ [ 1, 0, 1, -1, -1, 1, 1, 1, -1, 0, 0, 0, 0, 1, 0, 1, -1, 0, 0, 0 ], [ 1, 0, -1, 1, 1, -1, -1, -1, 1, 0, 0, 0, 0, -1, 0, -1, 1, 0, 0, 0 ] ], 
              [ [ 1, 0, 0, -1, 0, 0, 0, 0, 0, 0, 0, 0, 0, 0, 0, 0, 0, 0, 0, 0 ], [ 1, 0, 0, 1, 0, 0, 0, 0, 0, 0, 0, 0, 0, 0, 0, 0, 0, 0, 0, 0 ] ], 
              [ [ 1, 0, 0, 0, 0, 0, 0, 0, 0, 0, 0, -1, 0, 0, 0, 0, 0, 0, 0, 0 ], [ 1, 0, 0, 0, 0, 0, 0, 0, 0, 0, 0, 1, 0, 0, 0, 0, 0, 0, 0, 0 ] ], 
              [ [ 1, 0, 0, 0, 0, 0, 0, 0, 0, 0, 0, 0, 0, 0, 0, 0, 0, 0, 0, -1 ], [ 1, 0, 0, 0, 0, 0, 0, 0, 0, 0, 0, 0, 0, 0, 0, 0, 0, 0, 0, 1 ] ], 
              [ [ 1, 0, 0, 0, 0, 0, -1, 0, 0, 0, 0, 0, 0, 0, 0, 0, 0, 0, 0, 0 ], [ 1, 0, 0, 0, 0, 0, 1, 0, 0, 0, 0, 0, 0, 0, 0, 0, 0, 0, 0, 0 ] ], 
              [ [ 1, 0, 0, 0, 0, 0, 0, 0, -1, 0, 0, 0, 0, 0, 0, 0, 0, 0, 0, 0 ], [ 1, 0, 0, 0, 0, 0, 0, 0, 1, 0, 0, 0, 0, 0, 0, 0, 0, 0, 0, 0 ] ], 
              [ [ 1, -1, 2, 0, -1, 0, 2, 2, -2, 0, 0, 0, 1, 0, 0, 2, -1, 1, 0, 0 ], [ 1, 1, -2, 0, 1, 0, -2, -2, 2, 0, 0, 0, -1, 0, 0, -2, 1, -1, 0, 0 ] ], 
              [ [ 1, -1, 0, 0, 0, 0, 0, 0, 0, 0, 0, 0, 0, 0, 0, 0, 0, 0, 0, 0 ], [ 1, 1, 0, 0, 0, 0, 0, 0, 0, 0, 0, 0, 0, 0, 0, 0, 0, 0, 0, 0 ] ], 
              [ [ 1, 0, 1, 0, 0, 0, 0, 0, 0, 0, 0, 0, 0, 0, 0, 0, 0, 0, 0, 0 ], [ 1, 0, -1, 0, 0, 0, 0, 0, 0, 0, 0, 0, 0, 0, 0, 0, 0, 0, 0, 0 ] ], 
              [ [ 1, 0, 2, 0, -1, 0, 1, 2, -1, 0, 0, 0, 1, 0, 0, 1, -1, 1, 0, 0 ], [ 1, 0, -2, 0, 1, 0, -1, -2, 1, 0, 0, 0, -1, 0, 0, -1, 1, -1, 0, 0 ] ], 
              [ [ 1, 0, 0, 0, 0, 0, 0, 0, 0, 0, 0, 0, 0, 0, 0, -1, 0, 0, 0, 0 ], [ 1, 0, 0, 0, 0, 0, 0, 0, 0, 0, 0, 0, 0, 0, 0, 1, 0, 0, 0, 0 ] ], 
              [ [ 1, 0, -1, 0, 1, 0, -1, -1, 1, 0, 0, 0, -1, 0, 0, -1, 0, -1, 0, 0 ], [ 1, 0, 1, 0, -1, 0, 1, 1, -1, 0, 0, 0, 1, 0, 0, 1, 0, 1, 0, 0 ] ], 
              [ [ 1, 0, 0, 0, 0, 0, 0, 0, 0, 0, 0, 0, -1, 0, 0, 0, 0, 0, 0, 0 ], [ 1, 0, 0, 0, 0, 0, 0, 0, 0, 0, 0, 0, 1, 0, 0, 0, 0, 0, 0, 0 ] ], 
              [ [ 1, 0, -1, 0, 0, 0, -1, -1, 1, 0, 0, 0, -1, 0, 0, -1, 0, -1, 0, 0 ], [ 1, 0, 1, 0, 0, 0, 1, 1, -1, 0, 0, 0, 1, 0, 0, 1, 0, 1, 0, 0 ] ], 
              [ [ 1, 0, 0, 0, 0, 0, 0, 0, 0, 0, 0, 0, 0, 0, 0, 0, -1, 0, 0, 0 ], [ 1, 0, 0, 0, 0, 0, 0, 0, 0, 0, 0, 0, 0, 0, 0, 0, 1, 0, 0, 0 ] ], 
              [ [ 1, 0, 1, 0, -1, 1, 1, 1, -1, 0, 0, 0, 0, 1, 0, 1, -1, 0, 0, 0 ], [ 1, 0, -1, 0, 1, -1, -1, -1, 1, 0, 0, 0, 0, -1, 0, -1, 1, 0, 0, 0 ] ], 
              [ [ 1, 0, 0, 0, 0, 0, 0, 0, 0, 0, 0, 0, 0, 0, 0, 0, 0, -1, 0, 0 ], [ 1, 0, 0, 0, 0, 0, 0, 0, 0, 0, 0, 0, 0, 0, 0, 0, 0, 1, 0, 0 ] ], 
              [ [ 1, 0, 1, 0, 0, 0, 1, 1, -1, 0, 0, 0, 1, 0, 0, 1, -1, 0, 0, 0 ], [ 1, 0, -1, 0, 0, 0, -1, -1, 1, 0, 0, 0, -1, 0, 0, -1, 1, 0, 0, 0 ] ], 
              [ [ 1, 0, -1, 0, 1, 0, -1, -2, 1, 0, 0, 0, -1, 0, 0, -1, 1, -1, 0, 0 ], [ 1, 0, 1, 0, -1, 0, 1, 2, -1, 0, 0, 0, 1, 0, 0, 1, -1, 1, 0, 0 ] ], 
              [ [ 1, 0, -1, 0, 1, 0, -1, -1, 1, 0, 0, 0, -1, 0, 0, -1, 1, -1, 0, 0 ], [ 1, 0, 1, 0, -1, 0, 1, 1, -1, 0, 0, 0, 1, 0, 0, 1, -1, 1, 0, 0 ] ], 
              [ [ 1, 0, 0, 0, 1, 0, 0, 0, 0, 0, 0, 0, 0, 0, 0, 0, 0, 0, 0, 0 ], [ 1, 0, 0, 0, -1, 0, 0, 0, 0, 0, 0, 0, 0, 0, 0, 0, 0, 0, 0, 0 ] ], 
              [ [ 1, 0, -1, 0, 1, 0, -1, -1, 1, 0, 0, 0, 0, 0, 0, -1, 0, -1, 0, 0 ], [ 1, 0, 1, 0, -1, 0, 1, 1, -1, 0, 0, 0, 0, 0, 0, 1, 0, 1, 0, 0 ] ], 
              [ [ 1, 0, 0, 0, 0, 0, 0, 0, 0, 0, 0, 0, 0, -1, 0, 0, 0, 0, 0, 0 ], [ 1, 0, 0, 0, 0, 0, 0, 0, 0, 0, 0, 0, 0, 1, 0, 0, 0, 0, 0, 0 ] ], 
              [ [ 1, 0, -1, 0, 1, -1, -1, -1, 1, 0, 0, 0, -1, -1, 0, -1, 1, 0, 0, 0 ], [ 1, 0, 1, 0, -1, 1, 1, 1, -1, 0, 0, 0, 1, 1, 0, 1, -1, 0, 0, 0 ] ], 
              [ [ 1, 0, 2, 0, -1, 0, 2, 2, -2, 0, 0, 0, 1, 0, 0, 2, -1, 1, 0, 0 ], [ 1, 0, -2, 0, 1, 0, -2, -2, 2, 0, 0, 0, -1, 0, 0, -2, 1, -1, 0, 0 ] ], 
              [ [ 1, 0, 1, 0, 0, 0, 1, 1, -1, 0, 0, 0, 0, 0, 0, 1, 0, 1, 0, 0 ], [ 1, 0, -1, 0, 0, 0, -1, -1, 1, 0, 0, 0, 0, 0, 0, -1, 0, -1, 0, 0 ] ], 
              [ [ 1, 0, 1, 0, -1, 0, 1, 1, -1, 0, 0, 0, 1, 0, 0, 1, -1, 0, 0, 0 ], [ 1, 0, -1, 0, 1, 0, -1, -1, 1, 0, 0, 0, -1, 0, 0, -1, 1, 0, 0, 0 ] ], 
              [ [ 1, 0, 0, 0, 0, -1, 0, 0, 0, 0, 0, 0, 0, 0, 0, 0, 0, 0, 0, 0 ], [ 1, 0, 0, 0, 0, 1, 0, 0, 0, 0, 0, 0, 0, 0, 0, 0, 0, 0, 0, 0 ] ], 
              [ [ 1, 0, -1, 0, 0, 0, -1, -2, 1, 0, 0, 0, -1, 0, 0, -1, 1, -1, 0, 0 ], [ 1, 0, 1, 0, 0, 0, 1, 2, -1, 0, 0, 0, 1, 0, 0, 1, -1, 1, 0, 0 ] ], 
              [ [ 1, 0, 0, 0, 0, 0, 0, -1, 0, 0, 0, 0, 0, 0, 0, 0, 0, 0, 0, 0 ], [ 1, 0, 0, 0, 0, 0, 0, 1, 0, 0, 0, 0, 0, 0, 0, 0, 0, 0, 0, 0 ] ], 
              [ [ 1, 0, 1, 0, -1, 1, 1, 1, -1, 0, 0, 0, 1, 0, 0, 1, -1, 0, 0, 0 ], [ 1, 0, -1, 0, 1, -1, -1, -1, 1, 0, 0, 0, -1, 0, 0, -1, 1, 0, 0, 0 ] ], 
              [ [ 1, 0, -1, 0, 0, 0, -1, -1, 1, 0, 0, 0, -1, 0, 0, -1, 1, -1, 0, 0 ], [ 1, 0, 1, 0, 0, 0, 1, 1, -1, 0, 0, 0, 1, 0, 0, 1, -1, 1, 0, 0 ] ] ],
          slins := [  ] ), [ [ 4, 0, 0, 0, 0, 0, 0, 0, 0, 0, 0, 0, 0, 0, 1, 0, 0, 0, 0 ], [ 0, 4, 0, 1, 0, 0, -1, 0, 1, 0, 0, -1, -1, 0, -1, 0, -1, 0, 0 ], 
          [ 0, 0, 4, 0, 0, 1, 0, 0, 0, 0, 0, -1, 0, 0, 0, -1, -1, 0, 0 ], [ 0, 1, 0, 4, 1, 0, 0, 0, 0, 1, 0, 0, 1, -1, 1, 0, 0, 0, 0 ], 
          [ 0, 0, 0, 1, 4, 0, 1, 1, 0, 0, -1, 0, -1, 0, 0, 1, 1, 0, -1 ], [ 0, 0, 1, 0, 0, 4, -1, 1, 0, 0, 0, 0, 0, 0, -1, 0, -1, 0, 0 ], 
          [ 0, -1, 0, 0, 1, -1, 4, 1, 1, 0, 1, -1, 0, 0, 0, 1, -1, 0, 0 ], [ 0, 0, 0, 0, 1, 1, 1, 4, 1, 0, 0, 0, 0, 0, 1, -1, 0, 0, 0 ], 
          [ 0, 1, 0, 0, 0, 0, 1, 1, 4, 0, 0, -1, 0, 0, -1, -1, 0, 0, 0 ], [ 0, 0, 0, 1, 0, 0, 0, 0, 0, 4, 0, 0, 0, 0, 1, 0, 0, 1, 0 ], 
          [ 0, 0, 0, 0, -1, 0, 1, 0, 0, 0, 4, -1, 0, 0, 0, 0, 0, 0, 0 ], [ 0, -1, -1, 0, 0, 0, -1, 0, -1, 0, -1, 4, 1, -1, 0, 1, 0, -1, 0 ], 
          [ 0, -1, 0, 1, -1, 0, 0, 0, 0, 0, 0, 1, 4, -1, 0, 0, 1, -1, 0 ], [ 0, 0, 0, -1, 0, 0, 0, 0, 0, 0, 0, -1, -1, 4, 0, 0, 0, 0, -1 ], 
          [ 1, -1, 0, 1, 0, -1, 0, 1, -1, 1, 0, 0, 0, 0, 4, 0, 0, 1, -1 ], [ 0, 0, -1, 0, 1, 0, 1, -1, -1, 0, 0, 1, 0, 0, 0, 4, -1, 0, -1 ], 
          [ 0, -1, -1, 0, 1, -1, -1, 0, 0, 0, 0, 0, 1, 0, 0, -1, 4, 0, 0 ], [ 0, 0, 0, 0, 0, 0, 0, 0, 0, 1, 0, -1, -1, 0, 1, 0, 0, 4, 0 ], 
          [ 0, 0, 0, 0, -1, 0, 0, 0, 0, 0, 0, 0, 0, -1, -1, -1, 0, 0, 4 ] ] ] ];
