randomoddenhanced:=
[ 
  [ 310, 
      [ [ -2, 1, 3, 1, 1, 1, 3, 3, 1, 1, 1, 1, 3, 1, 1 ], 
          [ 1, -2, 1, 1, 3, 3, 3, 3, 1, 1, 1, 1, 3, 1, 1 ], 
          [ 3, 1, -2, 3, 1, 3, 1, 3, 1, 3, 3, 3, 3, 1, 1 ], 
          [ 1, 1, 3, -2, 1, 1, 3, 3, 3, 3, 1, 3, 1, 3, 1 ], 
          [ 1, 3, 1, 1, -2, 1, 3, 3, 3, 3, 3, 3, 1, 3, 1 ], 
          [ 1, 3, 3, 1, 1, -2, 3, 3, 1, 1, 1, 3, 1, 3, 1 ], 
          [ 3, 3, 1, 3, 3, 3, -2, 3, 1, 3, 3, 3, 3, 1, 3 ], 
          [ 3, 3, 3, 3, 3, 3, 3, -2, 3, 3, 1, 1, 1, 3, 3 ], 
          [ 1, 1, 1, 3, 3, 1, 1, 3, -2, 1, 1, 1, 3, 1, 1 ], 
          [ 1, 1, 3, 3, 3, 1, 3, 3, 1, -2, 1, 1, 3, 1, 3 ], 
          [ 1, 1, 3, 1, 3, 1, 3, 1, 1, 1, -2, 1, 3, 3, 3 ], 
          [ 1, 1, 3, 3, 3, 3, 3, 1, 1, 1, 1, -2, 3, 3, 3 ], 
          [ 3, 3, 3, 1, 1, 1, 3, 1, 3, 3, 3, 3, -2, 3, 1 ], 
          [ 1, 1, 1, 3, 3, 3, 1, 3, 1, 1, 3, 3, 3, -2, 1 ], 
          [ 1, 1, 1, 1, 1, 1, 3, 3, 1, 3, 3, 3, 1, 1, -2 ] ] ], 
  [ 310, 
      [ [ -2, 1, 3, 1, 1, 1, 3, 3, 1, 1, 1, 1, 3, 1, 3 ], 
          [ 1, -2, 1, 1, 3, 3, 3, 3, 1, 1, 1, 1, 3, 1, 3 ], 
          [ 3, 1, -2, 3, 1, 3, 1, 3, 1, 3, 3, 3, 3, 1, 3 ], 
          [ 1, 1, 3, -2, 1, 1, 3, 3, 3, 3, 1, 3, 1, 3, 3 ], 
          [ 1, 3, 1, 1, -2, 1, 3, 3, 3, 3, 3, 3, 1, 3, 3 ], 
          [ 1, 3, 3, 1, 1, -2, 3, 3, 1, 1, 1, 3, 1, 3, 3 ], 
          [ 3, 3, 1, 3, 3, 3, -2, 3, 1, 3, 3, 3, 3, 1, 1 ], 
          [ 3, 3, 3, 3, 3, 3, 3, -2, 3, 3, 1, 1, 1, 3, 1 ], 
          [ 1, 1, 1, 3, 3, 1, 1, 3, -2, 1, 1, 1, 3, 1, 3 ], 
          [ 1, 1, 3, 3, 3, 1, 3, 3, 1, -2, 1, 1, 3, 1, 1 ], 
          [ 1, 1, 3, 1, 3, 1, 3, 1, 1, 1, -2, 1, 3, 3, 1 ], 
          [ 1, 1, 3, 3, 3, 3, 3, 1, 1, 1, 1, -2, 3, 3, 1 ], 
          [ 3, 3, 3, 1, 1, 1, 3, 1, 3, 3, 3, 3, -2, 3, 3 ], 
          [ 1, 1, 1, 3, 3, 3, 1, 3, 1, 1, 3, 3, 3, -2, 3 ], 
          [ 3, 3, 3, 3, 3, 3, 1, 1, 3, 1, 1, 1, 3, 3, -2 ] ] ], 
  [ 551, 
      [ [ -2, 1, 3, 1, 1, 1, 3, 3, 1, 1, 1, 1, 3, 3, 3, 1 ], 
          [ 1, -2, 1, 1, 3, 3, 3, 3, 1, 1, 1, 1, 3, 1, 3, 1 ], 
          [ 3, 1, -2, 3, 1, 3, 1, 3, 1, 3, 3, 3, 3, 1, 3, 1 ], 
          [ 1, 1, 3, -2, 1, 1, 3, 3, 3, 3, 1, 3, 1, 1, 3, 1 ], 
          [ 1, 3, 1, 1, -2, 1, 3, 3, 3, 3, 3, 3, 3, 3, 3, 1 ], 
          [ 1, 3, 3, 1, 1, -2, 3, 3, 1, 1, 1, 3, 3, 3, 1, 1 ], 
          [ 3, 3, 1, 3, 3, 3, -2, 3, 1, 3, 3, 3, 1, 1, 3, 3 ], 
          [ 3, 3, 3, 3, 3, 3, 3, -2, 3, 3, 1, 1, 1, 3, 1, 3 ], 
          [ 1, 1, 1, 3, 3, 1, 1, 3, -2, 1, 1, 1, 3, 3, 1, 1 ], 
          [ 1, 1, 3, 3, 3, 1, 3, 3, 1, -2, 1, 1, 3, 3, 1, 1 ], 
          [ 1, 1, 3, 1, 3, 1, 3, 1, 1, 1, -2, 1, 1, 3, 1, 1 ], 
          [ 1, 1, 3, 3, 3, 3, 3, 1, 1, 1, 1, -2, 3, 3, 1, 3 ], 
          [ 3, 3, 3, 1, 3, 3, 1, 1, 3, 3, 1, 3, -2, 1, 1, 3 ], 
          [ 3, 1, 1, 1, 3, 3, 1, 3, 3, 3, 3, 3, 1, -2, 3, 3 ], 
          [ 3, 3, 3, 3, 3, 1, 3, 1, 1, 1, 1, 1, 1, 3, -2, 3 ], 
          [ 1, 1, 1, 1, 1, 1, 3, 3, 1, 1, 1, 3, 3, 3, 3, -2 ] ] ], 
  [ 307, 
      [ [ -2, 1, 3, 1, 1, 1, 3, 3, 1, 1, 1, 1, 3, 3, 3 ], 
          [ 1, -2, 1, 1, 3, 3, 3, 3, 1, 1, 1, 1, 3, 3, 3 ], 
          [ 3, 1, -2, 3, 1, 3, 1, 3, 1, 3, 3, 3, 3, 3, 3 ], 
          [ 1, 1, 3, -2, 1, 1, 3, 3, 3, 3, 1, 3, 1, 3, 3 ], 
          [ 1, 3, 1, 1, -2, 1, 3, 3, 3, 3, 3, 3, 3, 3, 3 ], 
          [ 1, 3, 3, 1, 1, -2, 3, 3, 1, 1, 1, 3, 3, 1, 3 ], 
          [ 3, 3, 1, 3, 3, 3, -2, 3, 1, 3, 3, 3, 1, 1, 1 ], 
          [ 3, 3, 3, 3, 3, 3, 3, -2, 3, 3, 1, 1, 1, 3, 1 ], 
          [ 1, 1, 1, 3, 3, 1, 1, 3, -2, 1, 1, 1, 3, 1, 3 ], 
          [ 1, 1, 3, 3, 3, 1, 3, 3, 1, -2, 1, 1, 3, 1, 1 ], 
          [ 1, 1, 3, 1, 3, 1, 3, 1, 1, 1, -2, 1, 1, 3, 1 ], 
          [ 1, 1, 3, 3, 3, 3, 3, 1, 1, 1, 1, -2, 3, 1, 1 ], 
          [ 3, 3, 3, 1, 3, 3, 1, 1, 3, 3, 1, 3, -2, 3, 1 ], 
          [ 3, 3, 3, 3, 3, 1, 1, 3, 1, 1, 3, 1, 3, -2, 1 ], 
          [ 3, 3, 3, 3, 3, 3, 1, 1, 3, 1, 1, 1, 1, 1, -2 ] ] ], 
  [ 364, 
      [ [ -2, 1, 3, 1, 1, 1, 3, 3, 1, 1, 1, 1, 3, 3, 1 ], 
          [ 1, -2, 1, 1, 3, 3, 3, 3, 1, 1, 1, 1, 3, 3, 3 ], 
          [ 3, 1, -2, 3, 1, 3, 1, 3, 1, 3, 3, 3, 3, 3, 3 ], 
          [ 1, 1, 3, -2, 1, 1, 3, 3, 3, 3, 1, 3, 1, 3, 1 ], 
          [ 1, 3, 1, 1, -2, 1, 3, 3, 3, 3, 3, 3, 3, 3, 1 ], 
          [ 1, 3, 3, 1, 1, -2, 3, 3, 1, 1, 1, 3, 3, 1, 1 ], 
          [ 3, 3, 1, 3, 3, 3, -2, 3, 1, 3, 3, 3, 1, 1, 1 ], 
          [ 3, 3, 3, 3, 3, 3, 3, -2, 3, 3, 1, 1, 1, 3, 3 ], 
          [ 1, 1, 1, 3, 3, 1, 1, 3, -2, 1, 1, 1, 3, 1, 3 ], 
          [ 1, 1, 3, 3, 3, 1, 3, 3, 1, -2, 1, 1, 3, 1, 3 ], 
          [ 1, 1, 3, 1, 3, 1, 3, 1, 1, 1, -2, 1, 1, 3, 3 ], 
          [ 1, 1, 3, 3, 3, 3, 3, 1, 1, 1, 1, -2, 3, 1, 3 ], 
          [ 3, 3, 3, 1, 3, 3, 1, 1, 3, 3, 1, 3, -2, 3, 3 ], 
          [ 3, 3, 3, 3, 3, 1, 1, 3, 1, 1, 3, 1, 3, -2, 1 ], 
          [ 1, 3, 3, 1, 1, 1, 1, 3, 3, 3, 3, 3, 3, 1, -2 ] ] ], 
  [ 421, 
      [ [ -2, 1, 3, 1, 1, 1, 3, 3, 1, 1, 1, 1, 3, 3, 1, 3 ], 
          [ 1, -2, 1, 1, 3, 3, 3, 3, 1, 1, 1, 1, 3, 3, 3, 1 ], 
          [ 3, 1, -2, 3, 1, 3, 1, 3, 1, 3, 3, 3, 3, 3, 3, 1 ], 
          [ 1, 1, 3, -2, 1, 1, 3, 3, 3, 3, 1, 3, 1, 3, 1, 3 ], 
          [ 1, 3, 1, 1, -2, 1, 3, 3, 3, 3, 3, 3, 3, 3, 1, 3 ], 
          [ 1, 3, 3, 1, 1, -2, 3, 3, 1, 1, 1, 3, 3, 1, 1, 3 ], 
          [ 3, 3, 1, 3, 3, 3, -2, 3, 1, 3, 3, 3, 1, 1, 1, 1 ], 
          [ 3, 3, 3, 3, 3, 3, 3, -2, 3, 3, 1, 1, 1, 3, 3, 3 ], 
          [ 1, 1, 1, 3, 3, 1, 1, 3, -2, 1, 1, 1, 3, 1, 3, 1 ], 
          [ 1, 1, 3, 3, 3, 1, 3, 3, 1, -2, 1, 1, 3, 1, 3, 1 ], 
          [ 1, 1, 3, 1, 3, 1, 3, 1, 1, 1, -2, 1, 1, 3, 3, 3 ], 
          [ 1, 1, 3, 3, 3, 3, 3, 1, 1, 1, 1, -2, 3, 1, 3, 1 ], 
          [ 3, 3, 3, 1, 3, 3, 1, 1, 3, 3, 1, 3, -2, 3, 3, 3 ], 
          [ 3, 3, 3, 3, 3, 1, 1, 3, 1, 1, 3, 1, 3, -2, 1, 1 ], 
          [ 1, 3, 3, 1, 1, 1, 1, 3, 3, 3, 3, 3, 3, 1, -2, 3 ], 
          [ 3, 1, 1, 3, 3, 3, 1, 3, 1, 1, 3, 1, 3, 1, 3, -2 ] ] ], 
  [ 351, 
      [ [ -2, 1, 3, 1, 1, 1, 3, 3, 1, 1, 1, 1, 3, 3, 3, 1 ], 
          [ 1, -2, 1, 1, 3, 3, 3, 3, 1, 1, 1, 1, 3, 3, 3, 1 ], 
          [ 3, 1, -2, 3, 1, 3, 1, 3, 1, 3, 3, 3, 3, 3, 1, 1 ], 
          [ 1, 1, 3, -2, 1, 1, 3, 3, 3, 3, 1, 3, 1, 3, 3, 1 ], 
          [ 1, 3, 1, 1, -2, 1, 3, 3, 3, 3, 3, 3, 3, 3, 1, 1 ], 
          [ 1, 3, 3, 1, 1, -2, 3, 3, 1, 1, 1, 3, 3, 1, 3, 1 ], 
          [ 3, 3, 1, 3, 3, 3, -2, 3, 1, 3, 3, 3, 1, 1, 1, 3 ], 
          [ 3, 3, 3, 3, 3, 3, 3, -2, 3, 3, 1, 1, 1, 3, 1, 3 ], 
          [ 1, 1, 1, 3, 3, 1, 1, 3, -2, 1, 1, 1, 3, 1, 3, 1 ], 
          [ 1, 1, 3, 3, 3, 1, 3, 3, 1, -2, 1, 1, 3, 1, 3, 1 ], 
          [ 1, 1, 3, 1, 3, 1, 3, 1, 1, 1, -2, 1, 1, 3, 3, 1 ], 
          [ 1, 1, 3, 3, 3, 3, 3, 1, 1, 1, 1, -2, 3, 1, 3, 3 ], 
          [ 3, 3, 3, 1, 3, 3, 1, 1, 3, 3, 1, 3, -2, 3, 1, 3 ], 
          [ 3, 3, 3, 3, 3, 1, 1, 3, 1, 1, 3, 1, 3, -2, 3, 3 ], 
          [ 3, 3, 1, 3, 1, 3, 1, 1, 3, 3, 3, 3, 1, 3, -2, 3 ], 
          [ 1, 1, 1, 1, 1, 1, 3, 3, 1, 1, 1, 3, 3, 3, 3, -2 ] ] ], 
  [ 469, 
      [ [ -2, 1, 3, 1, 1, 1, 3, 3, 1, 1, 1, 1, 3, 3, 3, 1 ], 
          [ 1, -2, 1, 1, 3, 3, 3, 3, 1, 1, 1, 1, 3, 3, 3, 1 ], 
          [ 3, 1, -2, 3, 1, 3, 1, 3, 1, 3, 3, 3, 3, 3, 1, 1 ], 
          [ 1, 1, 3, -2, 1, 1, 3, 3, 3, 3, 1, 3, 1, 3, 3, 1 ], 
          [ 1, 3, 1, 1, -2, 1, 3, 3, 3, 3, 3, 3, 3, 3, 1, 1 ], 
          [ 1, 3, 3, 1, 1, -2, 3, 3, 1, 1, 1, 3, 3, 1, 3, 1 ], 
          [ 3, 3, 1, 3, 3, 3, -2, 3, 1, 3, 3, 3, 1, 1, 1, 3 ], 
          [ 3, 3, 3, 3, 3, 3, 3, -2, 3, 3, 1, 1, 1, 3, 1, 3 ], 
          [ 1, 1, 1, 3, 3, 1, 1, 3, -2, 1, 1, 1, 3, 1, 3, 1 ], 
          [ 1, 1, 3, 3, 3, 1, 3, 3, 1, -2, 1, 1, 3, 1, 3, 3 ], 
          [ 1, 1, 3, 1, 3, 1, 3, 1, 1, 1, -2, 1, 1, 3, 3, 3 ], 
          [ 1, 1, 3, 3, 3, 3, 3, 1, 1, 1, 1, -2, 3, 1, 3, 3 ], 
          [ 3, 3, 3, 1, 3, 3, 1, 1, 3, 3, 1, 3, -2, 3, 1, 3 ], 
          [ 3, 3, 3, 3, 3, 1, 1, 3, 1, 1, 3, 1, 3, -2, 3, 3 ], 
          [ 3, 3, 1, 3, 1, 3, 1, 1, 3, 3, 3, 3, 1, 3, -2, 3 ], 
          [ 1, 1, 1, 1, 1, 1, 3, 3, 1, 3, 3, 3, 3, 3, 3, -2 ] ] ], 
  [ 321, 
      [ [ -2, 1, 3, 1, 1, 1, 3, 3, 1, 1, 1, 1, 3, 3, 3, 3 ], 
          [ 1, -2, 1, 1, 3, 3, 3, 3, 1, 1, 1, 1, 3, 3, 3, 3 ], 
          [ 3, 1, -2, 3, 1, 3, 1, 3, 1, 3, 3, 3, 3, 3, 1, 1 ], 
          [ 1, 1, 3, -2, 1, 1, 3, 3, 3, 3, 1, 3, 1, 3, 3, 3 ], 
          [ 1, 3, 1, 1, -2, 1, 3, 3, 3, 3, 3, 3, 3, 3, 1, 1 ], 
          [ 1, 3, 3, 1, 1, -2, 3, 3, 1, 1, 1, 3, 3, 1, 3, 1 ], 
          [ 3, 3, 1, 3, 3, 3, -2, 3, 1, 3, 3, 3, 1, 1, 1, 1 ], 
          [ 3, 3, 3, 3, 3, 3, 3, -2, 3, 3, 1, 1, 1, 3, 1, 3 ], 
          [ 1, 1, 1, 3, 3, 1, 1, 3, -2, 1, 1, 1, 3, 1, 3, 1 ], 
          [ 1, 1, 3, 3, 3, 1, 3, 3, 1, -2, 1, 1, 3, 1, 3, 1 ], 
          [ 1, 1, 3, 1, 3, 1, 3, 1, 1, 1, -2, 1, 1, 3, 3, 3 ], 
          [ 1, 1, 3, 3, 3, 3, 3, 1, 1, 1, 1, -2, 3, 1, 3, 3 ], 
          [ 3, 3, 3, 1, 3, 3, 1, 1, 3, 3, 1, 3, -2, 3, 1, 3 ], 
          [ 3, 3, 3, 3, 3, 1, 1, 3, 1, 1, 3, 1, 3, -2, 3, 1 ], 
          [ 3, 3, 1, 3, 1, 3, 1, 1, 3, 3, 3, 3, 1, 3, -2, 1 ], 
          [ 3, 3, 1, 3, 1, 1, 1, 3, 1, 1, 3, 3, 3, 1, 1, -2 ] ] ], 
  [ 356, 
      [ [ -2, 1, 3, 1, 1, 1, 3, 3, 1, 1, 1, 1, 3, 3, 1, 3 ], 
          [ 1, -2, 1, 1, 3, 3, 3, 3, 1, 1, 1, 1, 1, 1, 3, 1 ], 
          [ 3, 1, -2, 3, 1, 3, 1, 3, 1, 3, 3, 3, 3, 3, 3, 1 ], 
          [ 1, 1, 3, -2, 1, 1, 3, 3, 3, 3, 1, 3, 1, 1, 1, 3 ], 
          [ 1, 3, 1, 1, -2, 1, 3, 3, 3, 3, 3, 3, 3, 3, 1, 3 ], 
          [ 1, 3, 3, 1, 1, -2, 3, 3, 1, 1, 1, 3, 3, 3, 1, 3 ], 
          [ 3, 3, 1, 3, 3, 3, -2, 3, 1, 3, 3, 3, 3, 3, 1, 1 ], 
          [ 3, 3, 3, 3, 3, 3, 3, -2, 3, 3, 1, 1, 1, 1, 3, 3 ], 
          [ 1, 1, 1, 3, 3, 1, 1, 3, -2, 1, 1, 1, 3, 3, 3, 1 ], 
          [ 1, 1, 3, 3, 3, 1, 3, 3, 1, -2, 1, 1, 1, 3, 3, 1 ], 
          [ 1, 1, 3, 1, 3, 1, 3, 1, 1, 1, -2, 1, 1, 1, 3, 3 ], 
          [ 1, 1, 3, 3, 3, 3, 3, 1, 1, 1, 1, -2, 1, 1, 3, 1 ], 
          [ 3, 1, 3, 1, 3, 3, 3, 1, 3, 1, 1, 1, -2, 1, 3, 1 ], 
          [ 3, 1, 3, 1, 3, 3, 3, 1, 3, 3, 1, 1, 1, -2, 3, 3 ], 
          [ 1, 3, 3, 1, 1, 1, 1, 3, 3, 3, 3, 3, 3, 3, -2, 3 ], 
          [ 3, 1, 1, 3, 3, 3, 1, 3, 1, 1, 3, 1, 1, 3, 3, -2 ] ] ], 
  [ 356, 
      [ [ -2, 1, 3, 1, 1, 1, 3, 3, 1, 1, 1, 1, 3, 3, 1, 1 ], 
          [ 1, -2, 1, 1, 3, 3, 3, 3, 1, 1, 1, 1, 1, 1, 3, 3 ], 
          [ 3, 1, -2, 3, 1, 3, 1, 3, 1, 3, 3, 3, 3, 3, 3, 3 ], 
          [ 1, 1, 3, -2, 1, 1, 3, 3, 3, 3, 1, 3, 1, 1, 1, 1 ], 
          [ 1, 3, 1, 1, -2, 1, 3, 3, 3, 3, 3, 3, 3, 3, 1, 1 ], 
          [ 1, 3, 3, 1, 1, -2, 3, 3, 1, 1, 1, 3, 3, 3, 1, 1 ], 
          [ 3, 3, 1, 3, 3, 3, -2, 3, 1, 3, 3, 3, 3, 3, 1, 3 ], 
          [ 3, 3, 3, 3, 3, 3, 3, -2, 3, 3, 1, 1, 1, 1, 3, 1 ], 
          [ 1, 1, 1, 3, 3, 1, 1, 3, -2, 1, 1, 1, 3, 3, 3, 3 ], 
          [ 1, 1, 3, 3, 3, 1, 3, 3, 1, -2, 1, 1, 1, 3, 3, 3 ], 
          [ 1, 1, 3, 1, 3, 1, 3, 1, 1, 1, -2, 1, 1, 1, 3, 1 ], 
          [ 1, 1, 3, 3, 3, 3, 3, 1, 1, 1, 1, -2, 1, 1, 3, 3 ], 
          [ 3, 1, 3, 1, 3, 3, 3, 1, 3, 1, 1, 1, -2, 1, 3, 3 ], 
          [ 3, 1, 3, 1, 3, 3, 3, 1, 3, 3, 1, 1, 1, -2, 3, 1 ], 
          [ 1, 3, 3, 1, 1, 1, 1, 3, 3, 3, 3, 3, 3, 3, -2, 1 ], 
          [ 1, 3, 3, 1, 1, 1, 3, 1, 3, 3, 1, 3, 3, 1, 1, -2 ] ] ], 
  [ 356, 
      [ [ -2, 1, 3, 1, 1, 1, 3, 3, 1, 1, 1, 1, 3, 3, 1, 1 ], 
          [ 1, -2, 1, 1, 3, 3, 3, 3, 1, 1, 1, 1, 1, 1, 3, 3 ], 
          [ 3, 1, -2, 3, 1, 3, 1, 3, 1, 3, 3, 3, 3, 3, 3, 3 ], 
          [ 1, 1, 3, -2, 1, 1, 3, 3, 3, 3, 1, 3, 1, 1, 1, 1 ], 
          [ 1, 3, 1, 1, -2, 1, 3, 3, 3, 3, 3, 3, 3, 3, 1, 1 ], 
          [ 1, 3, 3, 1, 1, -2, 3, 3, 1, 1, 1, 3, 3, 3, 1, 1 ], 
          [ 3, 3, 1, 3, 3, 3, -2, 3, 1, 3, 3, 3, 3, 3, 1, 3 ], 
          [ 3, 3, 3, 3, 3, 3, 3, -2, 3, 3, 1, 1, 1, 1, 3, 1 ], 
          [ 1, 1, 1, 3, 3, 1, 1, 3, -2, 1, 1, 1, 3, 3, 3, 3 ], 
          [ 1, 1, 3, 3, 3, 1, 3, 3, 1, -2, 1, 1, 1, 3, 3, 3 ], 
          [ 1, 1, 3, 1, 3, 1, 3, 1, 1, 1, -2, 1, 1, 1, 3, 1 ], 
          [ 1, 1, 3, 3, 3, 3, 3, 1, 1, 1, 1, -2, 1, 1, 3, 3 ], 
          [ 3, 1, 3, 1, 3, 3, 3, 1, 3, 1, 1, 1, -2, 1, 3, 3 ], 
          [ 3, 1, 3, 1, 3, 3, 3, 1, 3, 3, 1, 1, 1, -2, 3, 1 ], 
          [ 1, 3, 3, 1, 1, 1, 1, 3, 3, 3, 3, 3, 3, 3, -2, 1 ], 
          [ 1, 3, 3, 1, 1, 1, 3, 1, 3, 3, 1, 3, 3, 1, 1, -2 ] ] ], 
  [ 375, 
      [ [ -2, 1, 3, 1, 1, 1, 3, 3, 1, 1, 1, 1, 3, 1, 1, 3 ], 
          [ 1, -2, 1, 1, 3, 3, 3, 3, 1, 1, 1, 1, 1, 1, 3, 3 ], 
          [ 3, 1, -2, 3, 1, 3, 1, 3, 1, 3, 3, 3, 3, 3, 3, 3 ], 
          [ 1, 1, 3, -2, 1, 1, 3, 3, 3, 3, 1, 3, 1, 1, 1, 3 ], 
          [ 1, 3, 1, 1, -2, 1, 3, 3, 3, 3, 3, 3, 3, 3, 1, 3 ], 
          [ 1, 3, 3, 1, 1, -2, 3, 3, 1, 1, 1, 3, 3, 1, 1, 3 ], 
          [ 3, 3, 1, 3, 3, 3, -2, 3, 1, 3, 3, 3, 3, 3, 3, 1 ], 
          [ 3, 3, 3, 3, 3, 3, 3, -2, 3, 3, 1, 1, 1, 3, 1, 1 ], 
          [ 1, 1, 1, 3, 3, 1, 1, 3, -2, 1, 1, 1, 3, 1, 3, 3 ], 
          [ 1, 1, 3, 3, 3, 1, 3, 3, 1, -2, 1, 1, 1, 1, 3, 1 ], 
          [ 1, 1, 3, 1, 3, 1, 3, 1, 1, 1, -2, 1, 1, 1, 1, 1 ], 
          [ 1, 1, 3, 3, 3, 3, 3, 1, 1, 1, 1, -2, 1, 1, 3, 1 ], 
          [ 3, 1, 3, 1, 3, 3, 3, 1, 3, 1, 1, 1, -2, 1, 3, 1 ], 
          [ 1, 1, 3, 1, 3, 1, 3, 3, 1, 1, 1, 1, 1, -2, 3, 3 ], 
          [ 1, 3, 3, 1, 1, 1, 3, 1, 3, 3, 1, 3, 3, 3, -2, 3 ], 
          [ 3, 3, 3, 3, 3, 3, 1, 1, 3, 1, 1, 1, 1, 3, 3, -2 ] ] ], 
  [ 591, 
      [ [ -2, 1, 3, 1, 1, 1, 3, 3, 1, 1, 1, 1, 3, 1, 3, 1 ], 
          [ 1, -2, 1, 1, 3, 3, 3, 3, 1, 1, 1, 1, 3, 1, 3, 1 ], 
          [ 3, 1, -2, 3, 1, 3, 1, 3, 1, 3, 3, 3, 3, 1, 1, 1 ], 
          [ 1, 1, 3, -2, 1, 1, 3, 3, 3, 3, 1, 3, 3, 1, 1, 3 ], 
          [ 1, 3, 1, 1, -2, 1, 3, 3, 3, 3, 3, 3, 3, 1, 1, 3 ], 
          [ 1, 3, 3, 1, 1, -2, 3, 3, 1, 1, 1, 3, 3, 3, 1, 3 ], 
          [ 3, 3, 1, 3, 3, 3, -2, 3, 1, 3, 3, 3, 1, 1, 1, 1 ], 
          [ 3, 3, 3, 3, 3, 3, 3, -2, 3, 3, 1, 1, 1, 3, 3, 3 ], 
          [ 1, 1, 1, 3, 3, 1, 1, 3, -2, 1, 1, 1, 3, 3, 1, 1 ], 
          [ 1, 1, 3, 3, 3, 1, 3, 3, 1, -2, 1, 1, 3, 3, 3, 1 ], 
          [ 1, 1, 3, 1, 3, 1, 3, 1, 1, 1, -2, 1, 3, 3, 1, 3 ], 
          [ 1, 1, 3, 3, 3, 3, 3, 1, 1, 1, 1, -2, 1, 3, 3, 3 ], 
          [ 3, 3, 3, 3, 3, 3, 1, 1, 3, 3, 3, 1, -2, 1, 3, 3 ], 
          [ 1, 1, 1, 1, 1, 3, 1, 3, 3, 3, 3, 3, 1, -2, 3, 1 ], 
          [ 3, 3, 1, 1, 1, 1, 1, 3, 1, 3, 1, 3, 3, 3, -2, 3 ], 
          [ 1, 1, 1, 3, 3, 3, 1, 3, 1, 1, 3, 3, 3, 1, 3, -2 ] ] ], 
  [ 591, 
      [ [ -2, 1, 3, 1, 1, 1, 3, 3, 1, 1, 1, 1, 3, 1, 3, 1 ], 
          [ 1, -2, 1, 1, 3, 3, 3, 3, 1, 1, 1, 1, 3, 1, 3, 1 ], 
          [ 3, 1, -2, 3, 1, 3, 1, 3, 1, 3, 3, 3, 3, 1, 1, 1 ], 
          [ 1, 1, 3, -2, 1, 1, 3, 3, 3, 3, 1, 3, 3, 1, 1, 3 ], 
          [ 1, 3, 1, 1, -2, 1, 3, 3, 3, 3, 3, 3, 3, 1, 1, 3 ], 
          [ 1, 3, 3, 1, 1, -2, 3, 3, 1, 1, 1, 3, 3, 3, 1, 3 ], 
          [ 3, 3, 1, 3, 3, 3, -2, 3, 1, 3, 3, 3, 1, 1, 1, 1 ], 
          [ 3, 3, 3, 3, 3, 3, 3, -2, 3, 3, 1, 1, 1, 3, 3, 3 ], 
          [ 1, 1, 1, 3, 3, 1, 1, 3, -2, 1, 1, 1, 3, 3, 1, 1 ], 
          [ 1, 1, 3, 3, 3, 1, 3, 3, 1, -2, 1, 1, 3, 3, 3, 1 ], 
          [ 1, 1, 3, 1, 3, 1, 3, 1, 1, 1, -2, 1, 3, 3, 1, 3 ], 
          [ 1, 1, 3, 3, 3, 3, 3, 1, 1, 1, 1, -2, 1, 3, 3, 3 ], 
          [ 3, 3, 3, 3, 3, 3, 1, 1, 3, 3, 3, 1, -2, 1, 3, 3 ], 
          [ 1, 1, 1, 1, 1, 3, 1, 3, 3, 3, 3, 3, 1, -2, 3, 1 ], 
          [ 3, 3, 1, 1, 1, 1, 1, 3, 1, 3, 1, 3, 3, 3, -2, 3 ], 
          [ 1, 1, 1, 3, 3, 3, 1, 3, 1, 1, 3, 3, 3, 1, 3, -2 ] ] ], 
  [ 349, 
      [ [ -2, 1, 3, 1, 1, 1, 3, 3, 1, 1, 1, 1, 3, 3, 3, 1 ], 
          [ 1, -2, 1, 1, 3, 3, 3, 3, 1, 1, 1, 1, 3, 1, 1, 3 ], 
          [ 3, 1, -2, 3, 1, 3, 1, 3, 1, 3, 3, 3, 3, 1, 1, 3 ], 
          [ 1, 1, 3, -2, 1, 1, 3, 3, 3, 3, 1, 3, 3, 3, 3, 1 ], 
          [ 1, 3, 1, 1, -2, 1, 3, 3, 3, 3, 3, 3, 3, 3, 3, 1 ], 
          [ 1, 3, 3, 1, 1, -2, 3, 3, 1, 1, 1, 3, 3, 3, 3, 1 ], 
          [ 3, 3, 1, 3, 3, 3, -2, 3, 1, 3, 3, 3, 1, 1, 3, 3 ], 
          [ 3, 3, 3, 3, 3, 3, 3, -2, 3, 3, 1, 1, 1, 3, 1, 1 ], 
          [ 1, 1, 1, 3, 3, 1, 1, 3, -2, 1, 1, 1, 3, 1, 1, 3 ], 
          [ 1, 1, 3, 3, 3, 1, 3, 3, 1, -2, 1, 1, 3, 1, 1, 3 ], 
          [ 1, 1, 3, 1, 3, 1, 3, 1, 1, 1, -2, 1, 3, 3, 1, 3 ], 
          [ 1, 1, 3, 3, 3, 3, 3, 1, 1, 1, 1, -2, 1, 3, 1, 3 ], 
          [ 3, 3, 3, 3, 3, 3, 1, 1, 3, 3, 3, 1, -2, 3, 3, 1 ], 
          [ 3, 1, 1, 3, 3, 3, 1, 3, 1, 1, 3, 3, 3, -2, 1, 3 ], 
          [ 3, 1, 1, 3, 3, 3, 3, 1, 1, 1, 1, 1, 3, 1, -2, 3 ], 
          [ 1, 3, 3, 1, 1, 1, 3, 1, 3, 3, 3, 3, 1, 3, 3, -2 ] ] ], 
  [ 407, 
      [ [ -2, 1, 3, 1, 1, 1, 3, 3, 1, 1, 1, 1, 3, 3, 3, 1, 1 ], 
          [ 1, -2, 1, 1, 3, 3, 3, 3, 1, 1, 1, 1, 3, 1, 1, 3, 3 ], 
          [ 3, 1, -2, 3, 1, 3, 1, 3, 1, 3, 3, 3, 3, 1, 1, 3, 3 ], 
          [ 1, 1, 3, -2, 1, 1, 3, 3, 3, 3, 1, 3, 3, 3, 3, 1, 1 ], 
          [ 1, 3, 1, 1, -2, 1, 3, 3, 3, 3, 3, 3, 3, 3, 3, 1, 1 ], 
          [ 1, 3, 3, 1, 1, -2, 3, 3, 1, 1, 1, 3, 3, 3, 3, 1, 1 ], 
          [ 3, 3, 1, 3, 3, 3, -2, 3, 1, 3, 3, 3, 1, 1, 3, 3, 3 ], 
          [ 3, 3, 3, 3, 3, 3, 3, -2, 3, 3, 1, 1, 1, 3, 1, 1, 1 ], 
          [ 1, 1, 1, 3, 3, 1, 1, 3, -2, 1, 1, 1, 3, 1, 1, 3, 3 ], 
          [ 1, 1, 3, 3, 3, 1, 3, 3, 1, -2, 1, 1, 3, 1, 1, 3, 3 ], 
          [ 1, 1, 3, 1, 3, 1, 3, 1, 1, 1, -2, 1, 3, 3, 1, 3, 1 ], 
          [ 1, 1, 3, 3, 3, 3, 3, 1, 1, 1, 1, -2, 1, 3, 1, 3, 3 ], 
          [ 3, 3, 3, 3, 3, 3, 1, 1, 3, 3, 3, 1, -2, 3, 3, 1, 3 ], 
          [ 3, 1, 1, 3, 3, 3, 1, 3, 1, 1, 3, 3, 3, -2, 1, 3, 3 ], 
          [ 3, 1, 1, 3, 3, 3, 3, 1, 1, 1, 1, 1, 3, 1, -2, 3, 3 ], 
          [ 1, 3, 3, 1, 1, 1, 3, 1, 3, 3, 3, 3, 1, 3, 3, -2, 1 ], 
          [ 1, 3, 3, 1, 1, 1, 3, 1, 3, 3, 1, 3, 3, 3, 3, 1, -2 ] ] ], 
  [ 684, 
      [ [ -2, 1, 3, 1, 1, 1, 3, 3, 1, 1, 1, 1, 3, 3, 3, 1, 1 ], 
          [ 1, -2, 1, 1, 3, 3, 3, 3, 1, 1, 1, 1, 3, 1, 1, 3, 1 ], 
          [ 3, 1, -2, 3, 1, 3, 1, 3, 1, 3, 3, 3, 3, 1, 1, 3, 3 ], 
          [ 1, 1, 3, -2, 1, 1, 3, 3, 3, 3, 1, 3, 3, 3, 3, 1, 1 ], 
          [ 1, 3, 1, 1, -2, 1, 3, 3, 3, 3, 3, 3, 3, 3, 3, 1, 3 ], 
          [ 1, 3, 3, 1, 1, -2, 3, 3, 1, 1, 1, 3, 3, 3, 3, 1, 1 ], 
          [ 3, 3, 1, 3, 3, 3, -2, 3, 1, 3, 3, 3, 1, 1, 3, 3, 3 ], 
          [ 3, 3, 3, 3, 3, 3, 3, -2, 3, 3, 1, 1, 1, 3, 1, 1, 3 ], 
          [ 1, 1, 1, 3, 3, 1, 1, 3, -2, 1, 1, 1, 3, 1, 1, 3, 1 ], 
          [ 1, 1, 3, 3, 3, 1, 3, 3, 1, -2, 1, 1, 3, 1, 1, 3, 1 ], 
          [ 1, 1, 3, 1, 3, 1, 3, 1, 1, 1, -2, 1, 3, 3, 1, 3, 1 ], 
          [ 1, 1, 3, 3, 3, 3, 3, 1, 1, 1, 1, -2, 1, 3, 1, 3, 1 ], 
          [ 3, 3, 3, 3, 3, 3, 1, 1, 3, 3, 3, 1, -2, 3, 3, 1, 3 ], 
          [ 3, 1, 1, 3, 3, 3, 1, 3, 1, 1, 3, 3, 3, -2, 1, 3, 3 ], 
          [ 3, 1, 1, 3, 3, 3, 3, 1, 1, 1, 1, 1, 3, 1, -2, 3, 1 ], 
          [ 1, 3, 3, 1, 1, 1, 3, 1, 3, 3, 3, 3, 1, 3, 3, -2, 3 ], 
          [ 1, 1, 3, 1, 3, 1, 3, 3, 1, 1, 1, 1, 3, 3, 1, 3, -2 ] ] ], 
  [ 314, 
      [ [ -2, 1, 3, 1, 1, 1, 3, 3, 1, 1, 1, 1, 3, 3, 3, 3, 3 ], 
          [ 1, -2, 1, 1, 3, 3, 3, 3, 1, 1, 1, 1, 3, 1, 1, 1, 1 ], 
          [ 3, 1, -2, 3, 1, 3, 1, 3, 1, 3, 3, 3, 3, 1, 1, 1, 1 ], 
          [ 1, 1, 3, -2, 1, 1, 3, 3, 3, 3, 1, 3, 3, 3, 3, 1, 3 ], 
          [ 1, 3, 1, 1, -2, 1, 3, 3, 3, 3, 3, 3, 3, 3, 3, 1, 3 ], 
          [ 1, 3, 3, 1, 1, -2, 3, 3, 1, 1, 1, 3, 3, 3, 3, 3, 3 ], 
          [ 3, 3, 1, 3, 3, 3, -2, 3, 1, 3, 3, 3, 1, 1, 3, 3, 1 ], 
          [ 3, 3, 3, 3, 3, 3, 3, -2, 3, 3, 1, 1, 1, 3, 1, 1, 3 ], 
          [ 1, 1, 1, 3, 3, 1, 1, 3, -2, 1, 1, 1, 3, 1, 1, 3, 1 ], 
          [ 1, 1, 3, 3, 3, 1, 3, 3, 1, -2, 1, 1, 3, 1, 1, 3, 1 ], 
          [ 1, 1, 3, 1, 3, 1, 3, 1, 1, 1, -2, 1, 3, 3, 1, 1, 3 ], 
          [ 1, 1, 3, 3, 3, 3, 3, 1, 1, 1, 1, -2, 1, 3, 1, 3, 1 ], 
          [ 3, 3, 3, 3, 3, 3, 1, 1, 3, 3, 3, 1, -2, 3, 3, 3, 1 ], 
          [ 3, 1, 1, 3, 3, 3, 1, 3, 1, 1, 3, 3, 3, -2, 1, 1, 1 ], 
          [ 3, 1, 1, 3, 3, 3, 3, 1, 1, 1, 1, 1, 3, 1, -2, 1, 1 ], 
          [ 3, 1, 1, 1, 1, 3, 3, 1, 3, 3, 1, 3, 3, 1, 1, -2, 3 ], 
          [ 3, 1, 1, 3, 3, 3, 1, 3, 1, 1, 3, 1, 1, 1, 1, 3, -2 ] ] ], 
  [ 314, 
      [ [ -2, 1, 3, 1, 1, 1, 3, 3, 1, 1, 1, 1, 3, 3, 3, 3, 1 ], 
          [ 1, -2, 1, 1, 3, 3, 3, 3, 1, 1, 1, 1, 3, 1, 1, 1, 3 ], 
          [ 3, 1, -2, 3, 1, 3, 1, 3, 1, 3, 3, 3, 3, 1, 1, 1, 3 ], 
          [ 1, 1, 3, -2, 1, 1, 3, 3, 3, 3, 1, 3, 3, 3, 3, 1, 1 ], 
          [ 1, 3, 1, 1, -2, 1, 3, 3, 3, 3, 3, 3, 3, 3, 3, 1, 1 ], 
          [ 1, 3, 3, 1, 1, -2, 3, 3, 1, 1, 1, 3, 3, 3, 3, 3, 1 ], 
          [ 3, 3, 1, 3, 3, 3, -2, 3, 1, 3, 3, 3, 1, 1, 3, 3, 3 ], 
          [ 3, 3, 3, 3, 3, 3, 3, -2, 3, 3, 1, 1, 1, 3, 1, 1, 1 ], 
          [ 1, 1, 1, 3, 3, 1, 1, 3, -2, 1, 1, 1, 3, 1, 1, 3, 3 ], 
          [ 1, 1, 3, 3, 3, 1, 3, 3, 1, -2, 1, 1, 3, 1, 1, 3, 3 ], 
          [ 1, 1, 3, 1, 3, 1, 3, 1, 1, 1, -2, 1, 3, 3, 1, 1, 1 ], 
          [ 1, 1, 3, 3, 3, 3, 3, 1, 1, 1, 1, -2, 1, 3, 1, 3, 3 ], 
          [ 3, 3, 3, 3, 3, 3, 1, 1, 3, 3, 3, 1, -2, 3, 3, 3, 3 ], 
          [ 3, 1, 1, 3, 3, 3, 1, 3, 1, 1, 3, 3, 3, -2, 1, 1, 3 ], 
          [ 3, 1, 1, 3, 3, 3, 3, 1, 1, 1, 1, 1, 3, 1, -2, 1, 3 ], 
          [ 3, 1, 1, 1, 1, 3, 3, 1, 3, 3, 1, 3, 3, 1, 1, -2, 1 ], 
          [ 1, 3, 3, 1, 1, 1, 3, 1, 3, 3, 1, 3, 3, 3, 3, 1, -2 ] ] ], 
  [ 566, 
      [ [ -2, 1, 3, 1, 1, 1, 3, 3, 1, 1, 1, 1, 3, 3, 3, 1, 3 ], 
          [ 1, -2, 1, 1, 3, 3, 3, 3, 1, 1, 1, 1, 3, 1, 1, 3, 1 ], 
          [ 3, 1, -2, 3, 1, 3, 1, 3, 1, 3, 3, 3, 3, 1, 1, 3, 1 ], 
          [ 1, 1, 3, -2, 1, 1, 3, 3, 3, 3, 1, 3, 3, 3, 3, 1, 1 ], 
          [ 1, 3, 1, 1, -2, 1, 3, 3, 3, 3, 3, 3, 3, 3, 3, 1, 1 ], 
          [ 1, 3, 3, 1, 1, -2, 3, 3, 1, 1, 1, 3, 3, 3, 3, 1, 3 ], 
          [ 3, 3, 1, 3, 3, 3, -2, 3, 1, 3, 3, 3, 1, 1, 3, 3, 3 ], 
          [ 3, 3, 3, 3, 3, 3, 3, -2, 3, 3, 1, 1, 1, 3, 1, 1, 1 ], 
          [ 1, 1, 1, 3, 3, 1, 1, 3, -2, 1, 1, 1, 3, 1, 1, 3, 3 ], 
          [ 1, 1, 3, 3, 3, 1, 3, 3, 1, -2, 1, 1, 3, 1, 1, 3, 3 ], 
          [ 1, 1, 3, 1, 3, 1, 3, 1, 1, 1, -2, 1, 3, 3, 1, 1, 1 ], 
          [ 1, 1, 3, 3, 3, 3, 3, 1, 1, 1, 1, -2, 1, 3, 1, 3, 3 ], 
          [ 3, 3, 3, 3, 3, 3, 1, 1, 3, 3, 3, 1, -2, 3, 3, 1, 3 ], 
          [ 3, 1, 1, 3, 3, 3, 1, 3, 1, 1, 3, 3, 3, -2, 1, 3, 1 ], 
          [ 3, 1, 1, 3, 3, 3, 3, 1, 1, 1, 1, 1, 3, 1, -2, 3, 1 ], 
          [ 1, 3, 3, 1, 1, 1, 3, 1, 3, 3, 1, 3, 1, 3, 3, -2, 1 ], 
          [ 3, 1, 1, 1, 1, 3, 3, 1, 3, 3, 1, 3, 3, 1, 1, 1, -2 ] ] ], 
  [ 566, 
      [ [ -2, 1, 3, 1, 1, 1, 3, 3, 1, 1, 1, 1, 3, 3, 3, 1, 1 ], 
          [ 1, -2, 1, 1, 3, 3, 3, 3, 1, 1, 1, 1, 3, 1, 1, 3, 3 ], 
          [ 3, 1, -2, 3, 1, 3, 1, 3, 1, 3, 3, 3, 3, 1, 1, 3, 3 ], 
          [ 1, 1, 3, -2, 1, 1, 3, 3, 3, 3, 1, 3, 3, 3, 3, 1, 3 ], 
          [ 1, 3, 1, 1, -2, 1, 3, 3, 3, 3, 3, 3, 3, 3, 3, 1, 3 ], 
          [ 1, 3, 3, 1, 1, -2, 3, 3, 1, 1, 1, 3, 3, 3, 3, 1, 1 ], 
          [ 3, 3, 1, 3, 3, 3, -2, 3, 1, 3, 3, 3, 1, 1, 3, 3, 1 ], 
          [ 3, 3, 3, 3, 3, 3, 3, -2, 3, 3, 1, 1, 1, 3, 1, 1, 3 ], 
          [ 1, 1, 1, 3, 3, 1, 1, 3, -2, 1, 1, 1, 3, 1, 1, 3, 1 ], 
          [ 1, 1, 3, 3, 3, 1, 3, 3, 1, -2, 1, 1, 3, 1, 1, 3, 1 ], 
          [ 1, 1, 3, 1, 3, 1, 3, 1, 1, 1, -2, 1, 3, 3, 1, 1, 3 ], 
          [ 1, 1, 3, 3, 3, 3, 3, 1, 1, 1, 1, -2, 1, 3, 1, 3, 1 ], 
          [ 3, 3, 3, 3, 3, 3, 1, 1, 3, 3, 3, 1, -2, 3, 3, 1, 1 ], 
          [ 3, 1, 1, 3, 3, 3, 1, 3, 1, 1, 3, 3, 3, -2, 1, 3, 3 ], 
          [ 3, 1, 1, 3, 3, 3, 3, 1, 1, 1, 1, 1, 3, 1, -2, 3, 3 ], 
          [ 1, 3, 3, 1, 1, 1, 3, 1, 3, 3, 1, 3, 1, 3, 3, -2, 3 ], 
          [ 1, 3, 3, 3, 3, 1, 1, 3, 1, 1, 3, 1, 1, 3, 3, 3, -2 ] ] ], 
  [ 481, 
      [ [ -2, 1, 3, 1, 1, 1, 3, 3, 1, 1, 1, 1, 3, 3, 3, 3, 1 ], 
          [ 1, -2, 1, 1, 3, 3, 3, 3, 1, 1, 1, 1, 3, 1, 1, 3, 1 ], 
          [ 3, 1, -2, 3, 1, 3, 1, 3, 1, 3, 3, 3, 3, 1, 1, 1, 3 ], 
          [ 1, 1, 3, -2, 1, 1, 3, 3, 3, 3, 1, 3, 3, 3, 3, 3, 1 ], 
          [ 1, 3, 1, 1, -2, 1, 3, 3, 3, 3, 3, 3, 3, 3, 3, 1, 3 ], 
          [ 1, 3, 3, 1, 1, -2, 3, 3, 1, 1, 1, 3, 3, 3, 3, 3, 1 ], 
          [ 3, 3, 1, 3, 3, 3, -2, 3, 1, 3, 3, 3, 1, 1, 3, 1, 1 ], 
          [ 3, 3, 3, 3, 3, 3, 3, -2, 3, 3, 1, 1, 1, 3, 1, 1, 3 ], 
          [ 1, 1, 1, 3, 3, 1, 1, 3, -2, 1, 1, 1, 3, 1, 1, 3, 1 ], 
          [ 1, 1, 3, 3, 3, 1, 3, 3, 1, -2, 1, 1, 3, 1, 1, 3, 1 ], 
          [ 1, 1, 3, 1, 3, 1, 3, 1, 1, 1, -2, 1, 3, 3, 1, 3, 1 ], 
          [ 1, 1, 3, 3, 3, 3, 3, 1, 1, 1, 1, -2, 1, 3, 1, 3, 3 ], 
          [ 3, 3, 3, 3, 3, 3, 1, 1, 3, 3, 3, 1, -2, 3, 3, 1, 3 ], 
          [ 3, 1, 1, 3, 3, 3, 1, 3, 1, 1, 3, 3, 3, -2, 1, 1, 1 ], 
          [ 3, 1, 1, 3, 3, 3, 3, 1, 1, 1, 1, 1, 3, 1, -2, 3, 3 ], 
          [ 3, 3, 1, 3, 1, 3, 1, 1, 3, 3, 3, 3, 1, 1, 3, -2, 3 ], 
          [ 1, 1, 3, 1, 3, 1, 1, 3, 1, 1, 1, 3, 3, 1, 3, 3, -2 ] ] ], 
  [ 684, 
      [ [ -2, 1, 3, 1, 1, 1, 3, 3, 1, 1, 1, 1, 3, 3, 3, 3, 3 ], 
          [ 1, -2, 1, 1, 3, 3, 3, 3, 1, 1, 1, 1, 3, 1, 1, 3, 1 ], 
          [ 3, 1, -2, 3, 1, 3, 1, 3, 1, 3, 3, 3, 3, 1, 1, 1, 1 ], 
          [ 1, 1, 3, -2, 1, 1, 3, 3, 3, 3, 1, 3, 3, 3, 3, 3, 3 ], 
          [ 1, 3, 1, 1, -2, 1, 3, 3, 3, 3, 3, 3, 3, 3, 3, 1, 3 ], 
          [ 1, 3, 3, 1, 1, -2, 3, 3, 1, 1, 1, 3, 3, 3, 3, 3, 3 ], 
          [ 3, 3, 1, 3, 3, 3, -2, 3, 1, 3, 3, 3, 1, 1, 3, 1, 1 ], 
          [ 3, 3, 3, 3, 3, 3, 3, -2, 3, 3, 1, 1, 1, 3, 1, 1, 3 ], 
          [ 1, 1, 1, 3, 3, 1, 1, 3, -2, 1, 1, 1, 3, 1, 1, 3, 1 ], 
          [ 1, 1, 3, 3, 3, 1, 3, 3, 1, -2, 1, 1, 3, 1, 1, 3, 1 ], 
          [ 1, 1, 3, 1, 3, 1, 3, 1, 1, 1, -2, 1, 3, 3, 1, 3, 1 ], 
          [ 1, 1, 3, 3, 3, 3, 3, 1, 1, 1, 1, -2, 1, 3, 1, 3, 1 ], 
          [ 3, 3, 3, 3, 3, 3, 1, 1, 3, 3, 3, 1, -2, 3, 3, 1, 3 ], 
          [ 3, 1, 1, 3, 3, 3, 1, 3, 1, 1, 3, 3, 3, -2, 1, 1, 1 ], 
          [ 3, 1, 1, 3, 3, 3, 3, 1, 1, 1, 1, 1, 3, 1, -2, 3, 1 ], 
          [ 3, 3, 1, 3, 1, 3, 1, 1, 3, 3, 3, 3, 1, 1, 3, -2, 3 ], 
          [ 3, 1, 1, 3, 3, 3, 1, 3, 1, 1, 1, 1, 3, 1, 1, 3, -2 ] ] ], 
  [ 684, 
      [ [ -2, 1, 3, 1, 1, 1, 3, 3, 1, 1, 1, 1, 3, 3, 3, 3, 1 ], 
          [ 1, -2, 1, 1, 3, 3, 3, 3, 1, 1, 1, 1, 3, 1, 1, 3, 3 ], 
          [ 3, 1, -2, 3, 1, 3, 1, 3, 1, 3, 3, 3, 3, 1, 1, 1, 3 ], 
          [ 1, 1, 3, -2, 1, 1, 3, 3, 3, 3, 1, 3, 3, 3, 3, 3, 1 ], 
          [ 1, 3, 1, 1, -2, 1, 3, 3, 3, 3, 3, 3, 3, 3, 3, 1, 1 ], 
          [ 1, 3, 3, 1, 1, -2, 3, 3, 1, 1, 1, 3, 3, 3, 3, 3, 1 ], 
          [ 3, 3, 1, 3, 3, 3, -2, 3, 1, 3, 3, 3, 1, 1, 3, 1, 3 ], 
          [ 3, 3, 3, 3, 3, 3, 3, -2, 3, 3, 1, 1, 1, 3, 1, 1, 1 ], 
          [ 1, 1, 1, 3, 3, 1, 1, 3, -2, 1, 1, 1, 3, 1, 1, 3, 3 ], 
          [ 1, 1, 3, 3, 3, 1, 3, 3, 1, -2, 1, 1, 3, 1, 1, 3, 3 ], 
          [ 1, 1, 3, 1, 3, 1, 3, 1, 1, 1, -2, 1, 3, 3, 1, 3, 3 ], 
          [ 1, 1, 3, 3, 3, 3, 3, 1, 1, 1, 1, -2, 1, 3, 1, 3, 3 ], 
          [ 3, 3, 3, 3, 3, 3, 1, 1, 3, 3, 3, 1, -2, 3, 3, 1, 1 ], 
          [ 3, 1, 1, 3, 3, 3, 1, 3, 1, 1, 3, 3, 3, -2, 1, 1, 3 ], 
          [ 3, 1, 1, 3, 3, 3, 3, 1, 1, 1, 1, 1, 3, 1, -2, 3, 3 ], 
          [ 3, 3, 1, 3, 1, 3, 1, 1, 3, 3, 3, 3, 1, 1, 3, -2, 1 ], 
          [ 1, 3, 3, 1, 1, 1, 3, 1, 3, 3, 3, 3, 1, 3, 3, 1, -2 ] ] ], 
  [ 684, 
      [ [ -2, 1, 3, 1, 1, 1, 3, 3, 1, 1, 1, 1, 3, 3, 3, 3, 3 ], 
          [ 1, -2, 1, 1, 3, 3, 3, 3, 1, 1, 1, 1, 3, 1, 1, 3, 1 ], 
          [ 3, 1, -2, 3, 1, 3, 1, 3, 1, 3, 3, 3, 3, 1, 1, 1, 1 ], 
          [ 1, 1, 3, -2, 1, 1, 3, 3, 3, 3, 1, 3, 3, 3, 3, 3, 3 ], 
          [ 1, 3, 1, 1, -2, 1, 3, 3, 3, 3, 3, 3, 3, 3, 3, 1, 3 ], 
          [ 1, 3, 3, 1, 1, -2, 3, 3, 1, 1, 1, 3, 3, 3, 3, 3, 3 ], 
          [ 3, 3, 1, 3, 3, 3, -2, 3, 1, 3, 3, 3, 1, 1, 3, 1, 1 ], 
          [ 3, 3, 3, 3, 3, 3, 3, -2, 3, 3, 1, 1, 1, 3, 1, 1, 3 ], 
          [ 1, 1, 1, 3, 3, 1, 1, 3, -2, 1, 1, 1, 3, 1, 1, 3, 1 ], 
          [ 1, 1, 3, 3, 3, 1, 3, 3, 1, -2, 1, 1, 3, 1, 1, 3, 1 ], 
          [ 1, 1, 3, 1, 3, 1, 3, 1, 1, 1, -2, 1, 3, 3, 1, 3, 1 ], 
          [ 1, 1, 3, 3, 3, 3, 3, 1, 1, 1, 1, -2, 1, 3, 1, 3, 1 ], 
          [ 3, 3, 3, 3, 3, 3, 1, 1, 3, 3, 3, 1, -2, 3, 3, 1, 3 ], 
          [ 3, 1, 1, 3, 3, 3, 1, 3, 1, 1, 3, 3, 3, -2, 1, 1, 1 ], 
          [ 3, 1, 1, 3, 3, 3, 3, 1, 1, 1, 1, 1, 3, 1, -2, 3, 1 ], 
          [ 3, 3, 1, 3, 1, 3, 1, 1, 3, 3, 3, 3, 1, 1, 3, -2, 3 ], 
          [ 3, 1, 1, 3, 3, 3, 1, 3, 1, 1, 1, 1, 3, 1, 1, 3, -2 ] ] ], 
  [ 684, 
      [ [ -2, 1, 3, 1, 1, 1, 3, 3, 1, 1, 1, 1, 3, 3, 3, 3, 1 ], 
          [ 1, -2, 1, 1, 3, 3, 3, 3, 1, 1, 1, 1, 3, 1, 1, 3, 3 ], 
          [ 3, 1, -2, 3, 1, 3, 1, 3, 1, 3, 3, 3, 3, 1, 1, 1, 3 ], 
          [ 1, 1, 3, -2, 1, 1, 3, 3, 3, 3, 1, 3, 3, 3, 3, 3, 1 ], 
          [ 1, 3, 1, 1, -2, 1, 3, 3, 3, 3, 3, 3, 3, 3, 3, 1, 1 ], 
          [ 1, 3, 3, 1, 1, -2, 3, 3, 1, 1, 1, 3, 3, 3, 3, 3, 1 ], 
          [ 3, 3, 1, 3, 3, 3, -2, 3, 1, 3, 3, 3, 1, 1, 3, 1, 3 ], 
          [ 3, 3, 3, 3, 3, 3, 3, -2, 3, 3, 1, 1, 1, 3, 1, 1, 1 ], 
          [ 1, 1, 1, 3, 3, 1, 1, 3, -2, 1, 1, 1, 3, 1, 1, 3, 3 ], 
          [ 1, 1, 3, 3, 3, 1, 3, 3, 1, -2, 1, 1, 3, 1, 1, 3, 3 ], 
          [ 1, 1, 3, 1, 3, 1, 3, 1, 1, 1, -2, 1, 3, 3, 1, 3, 3 ], 
          [ 1, 1, 3, 3, 3, 3, 3, 1, 1, 1, 1, -2, 1, 3, 1, 3, 3 ], 
          [ 3, 3, 3, 3, 3, 3, 1, 1, 3, 3, 3, 1, -2, 3, 3, 1, 1 ], 
          [ 3, 1, 1, 3, 3, 3, 1, 3, 1, 1, 3, 3, 3, -2, 1, 1, 3 ], 
          [ 3, 1, 1, 3, 3, 3, 3, 1, 1, 1, 1, 1, 3, 1, -2, 3, 3 ], 
          [ 3, 3, 1, 3, 1, 3, 1, 1, 3, 3, 3, 3, 1, 1, 3, -2, 1 ], 
          [ 1, 3, 3, 1, 1, 1, 3, 1, 3, 3, 3, 3, 1, 3, 3, 1, -2 ] ] ], 
  [ 481, 
      [ [ -2, 1, 3, 1, 1, 1, 3, 3, 1, 1, 1, 1, 3, 3, 3, 3, 1 ], 
          [ 1, -2, 1, 1, 3, 3, 3, 3, 1, 1, 1, 1, 3, 1, 1, 3, 1 ], 
          [ 3, 1, -2, 3, 1, 3, 1, 3, 1, 3, 3, 3, 3, 1, 1, 1, 3 ], 
          [ 1, 1, 3, -2, 1, 1, 3, 3, 3, 3, 1, 3, 3, 3, 3, 3, 1 ], 
          [ 1, 3, 1, 1, -2, 1, 3, 3, 3, 3, 3, 3, 3, 3, 3, 1, 3 ], 
          [ 1, 3, 3, 1, 1, -2, 3, 3, 1, 1, 1, 3, 3, 3, 3, 3, 1 ], 
          [ 3, 3, 1, 3, 3, 3, -2, 3, 1, 3, 3, 3, 1, 1, 3, 1, 1 ], 
          [ 3, 3, 3, 3, 3, 3, 3, -2, 3, 3, 1, 1, 1, 3, 1, 1, 3 ], 
          [ 1, 1, 1, 3, 3, 1, 1, 3, -2, 1, 1, 1, 3, 1, 1, 3, 1 ], 
          [ 1, 1, 3, 3, 3, 1, 3, 3, 1, -2, 1, 1, 3, 1, 1, 3, 1 ], 
          [ 1, 1, 3, 1, 3, 1, 3, 1, 1, 1, -2, 1, 3, 3, 1, 3, 1 ], 
          [ 1, 1, 3, 3, 3, 3, 3, 1, 1, 1, 1, -2, 1, 3, 1, 3, 3 ], 
          [ 3, 3, 3, 3, 3, 3, 1, 1, 3, 3, 3, 1, -2, 3, 3, 1, 3 ], 
          [ 3, 1, 1, 3, 3, 3, 1, 3, 1, 1, 3, 3, 3, -2, 1, 1, 1 ], 
          [ 3, 1, 1, 3, 3, 3, 3, 1, 1, 1, 1, 1, 3, 1, -2, 3, 3 ], 
          [ 3, 3, 1, 3, 1, 3, 1, 1, 3, 3, 3, 3, 1, 1, 3, -2, 3 ], 
          [ 1, 1, 3, 1, 3, 1, 1, 3, 1, 1, 1, 3, 3, 1, 3, 3, -2 ] ] ], 
  [ 684, 
      [ [ -2, 1, 3, 1, 1, 1, 3, 3, 1, 1, 1, 1, 3, 3, 3, 3, 1 ], 
          [ 1, -2, 1, 1, 3, 3, 3, 3, 1, 1, 1, 1, 3, 1, 1, 3, 3 ], 
          [ 3, 1, -2, 3, 1, 3, 1, 3, 1, 3, 3, 3, 3, 1, 1, 1, 3 ], 
          [ 1, 1, 3, -2, 1, 1, 3, 3, 3, 3, 1, 3, 3, 3, 3, 3, 1 ], 
          [ 1, 3, 1, 1, -2, 1, 3, 3, 3, 3, 3, 3, 3, 3, 3, 1, 1 ], 
          [ 1, 3, 3, 1, 1, -2, 3, 3, 1, 1, 1, 3, 3, 3, 3, 3, 1 ], 
          [ 3, 3, 1, 3, 3, 3, -2, 3, 1, 3, 3, 3, 1, 1, 3, 1, 3 ], 
          [ 3, 3, 3, 3, 3, 3, 3, -2, 3, 3, 1, 1, 1, 3, 1, 1, 1 ], 
          [ 1, 1, 1, 3, 3, 1, 1, 3, -2, 1, 1, 1, 3, 1, 1, 3, 3 ], 
          [ 1, 1, 3, 3, 3, 1, 3, 3, 1, -2, 1, 1, 3, 1, 1, 3, 3 ], 
          [ 1, 1, 3, 1, 3, 1, 3, 1, 1, 1, -2, 1, 3, 3, 1, 3, 3 ], 
          [ 1, 1, 3, 3, 3, 3, 3, 1, 1, 1, 1, -2, 1, 3, 1, 3, 3 ], 
          [ 3, 3, 3, 3, 3, 3, 1, 1, 3, 3, 3, 1, -2, 3, 3, 1, 1 ], 
          [ 3, 1, 1, 3, 3, 3, 1, 3, 1, 1, 3, 3, 3, -2, 1, 1, 3 ], 
          [ 3, 1, 1, 3, 3, 3, 3, 1, 1, 1, 1, 1, 3, 1, -2, 3, 3 ], 
          [ 3, 3, 1, 3, 1, 3, 1, 1, 3, 3, 3, 3, 1, 1, 3, -2, 1 ], 
          [ 1, 3, 3, 1, 1, 1, 3, 1, 3, 3, 3, 3, 1, 3, 3, 1, -2 ] ] ], 
  [ 481, 
      [ [ -2, 1, 3, 1, 1, 1, 3, 3, 1, 1, 1, 1, 3, 3, 3, 3, 1 ], 
          [ 1, -2, 1, 1, 3, 3, 3, 3, 1, 1, 1, 1, 3, 1, 1, 3, 1 ], 
          [ 3, 1, -2, 3, 1, 3, 1, 3, 1, 3, 3, 3, 3, 1, 1, 1, 3 ], 
          [ 1, 1, 3, -2, 1, 1, 3, 3, 3, 3, 1, 3, 3, 3, 3, 3, 1 ], 
          [ 1, 3, 1, 1, -2, 1, 3, 3, 3, 3, 3, 3, 3, 3, 3, 1, 3 ], 
          [ 1, 3, 3, 1, 1, -2, 3, 3, 1, 1, 1, 3, 3, 3, 3, 3, 1 ], 
          [ 3, 3, 1, 3, 3, 3, -2, 3, 1, 3, 3, 3, 1, 1, 3, 1, 1 ], 
          [ 3, 3, 3, 3, 3, 3, 3, -2, 3, 3, 1, 1, 1, 3, 1, 1, 3 ], 
          [ 1, 1, 1, 3, 3, 1, 1, 3, -2, 1, 1, 1, 3, 1, 1, 3, 1 ], 
          [ 1, 1, 3, 3, 3, 1, 3, 3, 1, -2, 1, 1, 3, 1, 1, 3, 1 ], 
          [ 1, 1, 3, 1, 3, 1, 3, 1, 1, 1, -2, 1, 3, 3, 1, 3, 1 ], 
          [ 1, 1, 3, 3, 3, 3, 3, 1, 1, 1, 1, -2, 1, 3, 1, 3, 3 ], 
          [ 3, 3, 3, 3, 3, 3, 1, 1, 3, 3, 3, 1, -2, 3, 3, 1, 3 ], 
          [ 3, 1, 1, 3, 3, 3, 1, 3, 1, 1, 3, 3, 3, -2, 1, 1, 1 ], 
          [ 3, 1, 1, 3, 3, 3, 3, 1, 1, 1, 1, 1, 3, 1, -2, 3, 3 ], 
          [ 3, 3, 1, 3, 1, 3, 1, 1, 3, 3, 3, 3, 1, 1, 3, -2, 3 ], 
          [ 1, 1, 3, 1, 3, 1, 1, 3, 1, 1, 1, 3, 3, 1, 3, 3, -2 ] ] ], 
  [ 314, 
      [ [ -2, 1, 3, 1, 1, 1, 3, 3, 1, 1, 1, 1, 3, 3, 3, 1, 3 ], 
          [ 1, -2, 1, 1, 3, 3, 3, 3, 1, 1, 1, 1, 3, 1, 1, 3, 1 ], 
          [ 3, 1, -2, 3, 1, 3, 1, 3, 1, 3, 3, 3, 3, 1, 1, 3, 1 ], 
          [ 1, 1, 3, -2, 1, 1, 3, 3, 3, 3, 1, 3, 3, 3, 3, 3, 3 ], 
          [ 1, 3, 1, 1, -2, 1, 3, 3, 3, 3, 3, 3, 3, 3, 3, 3, 3 ], 
          [ 1, 3, 3, 1, 1, -2, 3, 3, 1, 1, 1, 3, 3, 3, 3, 1, 3 ], 
          [ 3, 3, 1, 3, 3, 3, -2, 3, 1, 3, 3, 3, 1, 1, 3, 1, 1 ], 
          [ 3, 3, 3, 3, 3, 3, 3, -2, 3, 3, 1, 1, 1, 3, 1, 3, 3 ], 
          [ 1, 1, 1, 3, 3, 1, 1, 3, -2, 1, 1, 1, 3, 1, 1, 1, 1 ], 
          [ 1, 1, 3, 3, 3, 1, 3, 3, 1, -2, 1, 1, 3, 1, 1, 1, 1 ], 
          [ 1, 1, 3, 1, 3, 1, 3, 1, 1, 1, -2, 1, 3, 3, 1, 3, 3 ], 
          [ 1, 1, 3, 3, 3, 3, 3, 1, 1, 1, 1, -2, 1, 3, 1, 1, 1 ], 
          [ 3, 3, 3, 3, 3, 3, 1, 1, 3, 3, 3, 1, -2, 3, 3, 1, 1 ], 
          [ 3, 1, 1, 3, 3, 3, 1, 3, 1, 1, 3, 3, 3, -2, 1, 3, 1 ], 
          [ 3, 1, 1, 3, 3, 3, 3, 1, 1, 1, 1, 1, 3, 1, -2, 3, 1 ], 
          [ 1, 3, 3, 3, 3, 1, 1, 3, 1, 1, 3, 1, 1, 3, 3, -2, 1 ], 
          [ 3, 1, 1, 3, 3, 3, 1, 3, 1, 1, 3, 1, 1, 1, 1, 1, -2 ] ] ], 
  [ 314, 
      [ [ -2, 1, 3, 1, 1, 1, 3, 3, 1, 1, 1, 1, 3, 3, 3, 1, 3 ], 
          [ 1, -2, 1, 1, 3, 3, 3, 3, 1, 1, 1, 1, 3, 1, 1, 3, 1 ], 
          [ 3, 1, -2, 3, 1, 3, 1, 3, 1, 3, 3, 3, 3, 1, 1, 3, 1 ], 
          [ 1, 1, 3, -2, 1, 1, 3, 3, 3, 3, 1, 3, 3, 3, 3, 3, 3 ], 
          [ 1, 3, 1, 1, -2, 1, 3, 3, 3, 3, 3, 3, 3, 3, 3, 3, 3 ], 
          [ 1, 3, 3, 1, 1, -2, 3, 3, 1, 1, 1, 3, 3, 3, 3, 1, 3 ], 
          [ 3, 3, 1, 3, 3, 3, -2, 3, 1, 3, 3, 3, 1, 1, 3, 1, 1 ], 
          [ 3, 3, 3, 3, 3, 3, 3, -2, 3, 3, 1, 1, 1, 3, 1, 3, 3 ], 
          [ 1, 1, 1, 3, 3, 1, 1, 3, -2, 1, 1, 1, 3, 1, 1, 1, 1 ], 
          [ 1, 1, 3, 3, 3, 1, 3, 3, 1, -2, 1, 1, 3, 1, 1, 1, 1 ], 
          [ 1, 1, 3, 1, 3, 1, 3, 1, 1, 1, -2, 1, 3, 3, 1, 3, 3 ], 
          [ 1, 1, 3, 3, 3, 3, 3, 1, 1, 1, 1, -2, 1, 3, 1, 1, 1 ], 
          [ 3, 3, 3, 3, 3, 3, 1, 1, 3, 3, 3, 1, -2, 3, 3, 1, 1 ], 
          [ 3, 1, 1, 3, 3, 3, 1, 3, 1, 1, 3, 3, 3, -2, 1, 3, 1 ], 
          [ 3, 1, 1, 3, 3, 3, 3, 1, 1, 1, 1, 1, 3, 1, -2, 3, 1 ], 
          [ 1, 3, 3, 3, 3, 1, 1, 3, 1, 1, 3, 1, 1, 3, 3, -2, 1 ], 
          [ 3, 1, 1, 3, 3, 3, 1, 3, 1, 1, 3, 1, 1, 1, 1, 1, -2 ] ] ], 
  [ 566, 
      [ [ -2, 1, 3, 1, 1, 1, 3, 3, 1, 1, 1, 1, 3, 3, 3, 1, 3 ], 
          [ 1, -2, 1, 1, 3, 3, 3, 3, 1, 1, 1, 1, 3, 1, 1, 3, 1 ], 
          [ 3, 1, -2, 3, 1, 3, 1, 3, 1, 3, 3, 3, 3, 1, 1, 3, 1 ], 
          [ 1, 1, 3, -2, 1, 1, 3, 3, 3, 3, 1, 3, 3, 3, 3, 3, 3 ], 
          [ 1, 3, 1, 1, -2, 1, 3, 3, 3, 3, 3, 3, 3, 3, 3, 3, 3 ], 
          [ 1, 3, 3, 1, 1, -2, 3, 3, 1, 1, 1, 3, 3, 3, 3, 1, 3 ], 
          [ 3, 3, 1, 3, 3, 3, -2, 3, 1, 3, 3, 3, 1, 1, 3, 1, 1 ], 
          [ 3, 3, 3, 3, 3, 3, 3, -2, 3, 3, 1, 1, 1, 3, 1, 3, 3 ], 
          [ 1, 1, 1, 3, 3, 1, 1, 3, -2, 1, 1, 1, 3, 1, 1, 1, 1 ], 
          [ 1, 1, 3, 3, 3, 1, 3, 3, 1, -2, 1, 1, 3, 1, 1, 1, 1 ], 
          [ 1, 1, 3, 1, 3, 1, 3, 1, 1, 1, -2, 1, 3, 3, 1, 3, 3 ], 
          [ 1, 1, 3, 3, 3, 3, 3, 1, 1, 1, 1, -2, 1, 3, 1, 1, 1 ], 
          [ 3, 3, 3, 3, 3, 3, 1, 1, 3, 3, 3, 1, -2, 3, 3, 1, 3 ], 
          [ 3, 1, 1, 3, 3, 3, 1, 3, 1, 1, 3, 3, 3, -2, 1, 3, 1 ], 
          [ 3, 1, 1, 3, 3, 3, 3, 1, 1, 1, 1, 1, 3, 1, -2, 3, 1 ], 
          [ 1, 3, 3, 3, 3, 1, 1, 3, 1, 1, 3, 1, 1, 3, 3, -2, 1 ], 
          [ 3, 1, 1, 3, 3, 3, 1, 3, 1, 1, 3, 1, 3, 1, 1, 1, -2 ] ] ], 
  [ 337, 
      [ [ -2, 1, 3, 1, 1, 1, 3, 3, 1, 1, 1, 1, 3, 3, 3 ], 
          [ 1, -2, 1, 1, 3, 3, 3, 3, 1, 1, 1, 1, 3, 1, 3 ], 
          [ 3, 1, -2, 3, 1, 3, 1, 3, 1, 3, 3, 3, 3, 1, 1 ], 
          [ 1, 1, 3, -2, 1, 1, 3, 3, 3, 3, 1, 3, 3, 3, 3 ], 
          [ 1, 3, 1, 1, -2, 1, 3, 3, 3, 3, 3, 3, 3, 3, 1 ], 
          [ 1, 3, 3, 1, 1, -2, 3, 3, 1, 1, 1, 3, 3, 3, 1 ], 
          [ 3, 3, 1, 3, 3, 3, -2, 3, 1, 3, 3, 3, 1, 1, 1 ], 
          [ 3, 3, 3, 3, 3, 3, 3, -2, 3, 3, 1, 1, 1, 3, 3 ], 
          [ 1, 1, 1, 3, 3, 1, 1, 3, -2, 1, 1, 1, 3, 1, 1 ], 
          [ 1, 1, 3, 3, 3, 1, 3, 3, 1, -2, 1, 1, 3, 1, 3 ], 
          [ 1, 1, 3, 1, 3, 1, 3, 1, 1, 1, -2, 1, 3, 3, 3 ], 
          [ 1, 1, 3, 3, 3, 3, 3, 1, 1, 1, 1, -2, 1, 3, 3 ], 
          [ 3, 3, 3, 3, 3, 3, 1, 1, 3, 3, 3, 1, -2, 3, 1 ], 
          [ 3, 1, 1, 3, 3, 3, 1, 3, 1, 1, 3, 3, 3, -2, 1 ], 
          [ 3, 3, 1, 3, 1, 1, 1, 3, 1, 3, 3, 3, 1, 1, -2 ] ] ], 
  [ 451, 
      [ [ -2, 1, 3, 1, 1, 1, 3, 3, 1, 1, 1, 1, 3, 3, 3, 1 ], 
          [ 1, -2, 1, 1, 3, 3, 3, 3, 1, 1, 1, 1, 3, 1, 3, 1 ], 
          [ 3, 1, -2, 3, 1, 3, 1, 3, 1, 3, 3, 3, 3, 1, 1, 3 ], 
          [ 1, 1, 3, -2, 1, 1, 3, 3, 3, 3, 1, 3, 3, 3, 3, 1 ], 
          [ 1, 3, 1, 1, -2, 1, 3, 3, 3, 3, 3, 3, 3, 3, 1, 3 ], 
          [ 1, 3, 3, 1, 1, -2, 3, 3, 1, 1, 1, 3, 3, 3, 1, 3 ], 
          [ 3, 3, 1, 3, 3, 3, -2, 3, 1, 3, 3, 3, 1, 1, 1, 3 ], 
          [ 3, 3, 3, 3, 3, 3, 3, -2, 3, 3, 1, 1, 1, 3, 3, 1 ], 
          [ 1, 1, 1, 3, 3, 1, 1, 3, -2, 1, 1, 1, 3, 1, 1, 3 ], 
          [ 1, 1, 3, 3, 3, 1, 3, 3, 1, -2, 1, 1, 3, 1, 3, 3 ], 
          [ 1, 1, 3, 1, 3, 1, 3, 1, 1, 1, -2, 1, 3, 3, 3, 1 ], 
          [ 1, 1, 3, 3, 3, 3, 3, 1, 1, 1, 1, -2, 1, 3, 3, 1 ], 
          [ 3, 3, 3, 3, 3, 3, 1, 1, 3, 3, 3, 1, -2, 3, 1, 1 ], 
          [ 3, 1, 1, 3, 3, 3, 1, 3, 1, 1, 3, 3, 3, -2, 1, 3 ], 
          [ 3, 3, 1, 3, 1, 1, 1, 3, 1, 3, 3, 3, 1, 1, -2, 3 ], 
          [ 1, 1, 3, 1, 3, 3, 3, 1, 3, 3, 1, 1, 1, 3, 3, -2 ] ] ], 
  [ 642, 
      [ [ -2, 1, 3, 1, 1, 1, 3, 3, 1, 1, 1, 1, 3, 3, 3, 1, 3 ], 
          [ 1, -2, 1, 1, 3, 3, 3, 3, 1, 1, 1, 1, 3, 1, 3, 1, 3 ], 
          [ 3, 1, -2, 3, 1, 3, 1, 3, 1, 3, 3, 3, 3, 1, 1, 3, 1 ], 
          [ 1, 1, 3, -2, 1, 1, 3, 3, 3, 3, 1, 3, 3, 3, 3, 1, 3 ], 
          [ 1, 3, 1, 1, -2, 1, 3, 3, 3, 3, 3, 3, 3, 3, 1, 3, 1 ], 
          [ 1, 3, 3, 1, 1, -2, 3, 3, 1, 1, 1, 3, 3, 3, 1, 3, 3 ], 
          [ 3, 3, 1, 3, 3, 3, -2, 3, 1, 3, 3, 3, 1, 1, 1, 3, 1 ], 
          [ 3, 3, 3, 3, 3, 3, 3, -2, 3, 3, 1, 1, 1, 3, 3, 1, 1 ], 
          [ 1, 1, 1, 3, 3, 1, 1, 3, -2, 1, 1, 1, 3, 1, 1, 3, 3 ], 
          [ 1, 1, 3, 3, 3, 1, 3, 3, 1, -2, 1, 1, 3, 1, 3, 3, 3 ], 
          [ 1, 1, 3, 1, 3, 1, 3, 1, 1, 1, -2, 1, 3, 3, 3, 1, 3 ], 
          [ 1, 1, 3, 3, 3, 3, 3, 1, 1, 1, 1, -2, 1, 3, 3, 1, 3 ], 
          [ 3, 3, 3, 3, 3, 3, 1, 1, 3, 3, 3, 1, -2, 3, 1, 1, 1 ], 
          [ 3, 1, 1, 3, 3, 3, 1, 3, 1, 1, 3, 3, 3, -2, 1, 3, 1 ], 
          [ 3, 3, 1, 3, 1, 1, 1, 3, 1, 3, 3, 3, 1, 1, -2, 3, 1 ], 
          [ 1, 1, 3, 1, 3, 3, 3, 1, 3, 3, 1, 1, 1, 3, 3, -2, 3 ], 
          [ 3, 3, 1, 3, 1, 3, 1, 1, 3, 3, 3, 3, 1, 1, 1, 3, -2 ] ] ], 
  [ 432, 
      [ [ -2, 1, 3, 1, 1, 1, 3, 3, 1, 1, 1, 1, 3, 3, 1, 3, 3 ], 
          [ 1, -2, 1, 1, 3, 3, 3, 3, 1, 1, 1, 1, 3, 1, 1, 3, 1 ], 
          [ 3, 1, -2, 3, 1, 3, 1, 3, 1, 3, 3, 3, 3, 1, 3, 1, 1 ], 
          [ 1, 1, 3, -2, 1, 1, 3, 3, 3, 3, 1, 3, 3, 3, 1, 3, 3 ], 
          [ 1, 3, 1, 1, -2, 1, 3, 3, 3, 3, 3, 3, 3, 3, 3, 1, 3 ], 
          [ 1, 3, 3, 1, 1, -2, 3, 3, 1, 1, 1, 3, 3, 3, 3, 3, 3 ], 
          [ 3, 3, 1, 3, 3, 3, -2, 3, 1, 3, 3, 3, 1, 1, 3, 1, 1 ], 
          [ 3, 3, 3, 3, 3, 3, 3, -2, 3, 3, 1, 1, 1, 3, 1, 1, 3 ], 
          [ 1, 1, 1, 3, 3, 1, 1, 3, -2, 1, 1, 1, 3, 1, 3, 3, 1 ], 
          [ 1, 1, 3, 3, 3, 1, 3, 3, 1, -2, 1, 1, 3, 1, 3, 3, 1 ], 
          [ 1, 1, 3, 1, 3, 1, 3, 1, 1, 1, -2, 1, 3, 3, 1, 3, 3 ], 
          [ 1, 1, 3, 3, 3, 3, 3, 1, 1, 1, 1, -2, 1, 3, 1, 3, 1 ], 
          [ 3, 3, 3, 3, 3, 3, 1, 1, 3, 3, 3, 1, -2, 3, 1, 1, 1 ], 
          [ 3, 1, 1, 3, 3, 3, 1, 3, 1, 1, 3, 3, 3, -2, 3, 1, 1 ], 
          [ 1, 1, 3, 1, 3, 3, 3, 1, 3, 3, 1, 1, 1, 3, -2, 3, 3 ], 
          [ 3, 3, 1, 3, 1, 3, 1, 1, 3, 3, 3, 3, 1, 1, 3, -2, 1 ], 
          [ 3, 1, 1, 3, 3, 3, 1, 3, 1, 1, 3, 1, 1, 1, 3, 1, -2 ] ] ], 
  [ 432, 
      [ [ -2, 1, 3, 1, 1, 1, 3, 3, 1, 1, 1, 1, 3, 3, 1, 3, 1 ], 
          [ 1, -2, 1, 1, 3, 3, 3, 3, 1, 1, 1, 1, 3, 1, 1, 3, 3 ], 
          [ 3, 1, -2, 3, 1, 3, 1, 3, 1, 3, 3, 3, 3, 1, 3, 1, 3 ], 
          [ 1, 1, 3, -2, 1, 1, 3, 3, 3, 3, 1, 3, 3, 3, 1, 3, 1 ], 
          [ 1, 3, 1, 1, -2, 1, 3, 3, 3, 3, 3, 3, 3, 3, 3, 1, 1 ], 
          [ 1, 3, 3, 1, 1, -2, 3, 3, 1, 1, 1, 3, 3, 3, 3, 3, 1 ], 
          [ 3, 3, 1, 3, 3, 3, -2, 3, 1, 3, 3, 3, 1, 1, 3, 1, 3 ], 
          [ 3, 3, 3, 3, 3, 3, 3, -2, 3, 3, 1, 1, 1, 3, 1, 1, 1 ], 
          [ 1, 1, 1, 3, 3, 1, 1, 3, -2, 1, 1, 1, 3, 1, 3, 3, 3 ], 
          [ 1, 1, 3, 3, 3, 1, 3, 3, 1, -2, 1, 1, 3, 1, 3, 3, 3 ], 
          [ 1, 1, 3, 1, 3, 1, 3, 1, 1, 1, -2, 1, 3, 3, 1, 3, 1 ], 
          [ 1, 1, 3, 3, 3, 3, 3, 1, 1, 1, 1, -2, 1, 3, 1, 3, 3 ], 
          [ 3, 3, 3, 3, 3, 3, 1, 1, 3, 3, 3, 1, -2, 3, 1, 1, 3 ], 
          [ 3, 1, 1, 3, 3, 3, 1, 3, 1, 1, 3, 3, 3, -2, 3, 1, 3 ], 
          [ 1, 1, 3, 1, 3, 3, 3, 1, 3, 3, 1, 1, 1, 3, -2, 3, 1 ], 
          [ 3, 3, 1, 3, 1, 3, 1, 1, 3, 3, 3, 3, 1, 1, 3, -2, 3 ], 
          [ 1, 3, 3, 1, 1, 1, 3, 1, 3, 3, 1, 3, 3, 3, 1, 3, -2 ] ] ], 
  [ 630, 
      [ [ -2, 1, 3, 1, 1, 1, 3, 3, 1, 1, 1, 1, 3, 3, 1, 3, 1 ], 
          [ 1, -2, 1, 1, 3, 3, 3, 3, 1, 1, 1, 1, 3, 1, 1, 1, 1 ], 
          [ 3, 1, -2, 3, 1, 3, 1, 3, 1, 3, 3, 3, 3, 1, 3, 1, 3 ], 
          [ 1, 1, 3, -2, 1, 1, 3, 3, 3, 3, 1, 3, 3, 3, 1, 3, 1 ], 
          [ 1, 3, 1, 1, -2, 1, 3, 3, 3, 3, 3, 3, 3, 3, 3, 3, 3 ], 
          [ 1, 3, 3, 1, 1, -2, 3, 3, 1, 1, 1, 3, 3, 3, 3, 3, 1 ], 
          [ 3, 3, 1, 3, 3, 3, -2, 3, 1, 3, 3, 3, 1, 1, 3, 3, 1 ], 
          [ 3, 3, 3, 3, 3, 3, 3, -2, 3, 3, 1, 1, 1, 3, 1, 1, 3 ], 
          [ 1, 1, 1, 3, 3, 1, 1, 3, -2, 1, 1, 1, 3, 1, 3, 1, 1 ], 
          [ 1, 1, 3, 3, 3, 1, 3, 3, 1, -2, 1, 1, 3, 1, 3, 1, 1 ], 
          [ 1, 1, 3, 1, 3, 1, 3, 1, 1, 1, -2, 1, 3, 3, 1, 1, 1 ], 
          [ 1, 1, 3, 3, 3, 3, 3, 1, 1, 1, 1, -2, 1, 3, 1, 1, 3 ], 
          [ 3, 3, 3, 3, 3, 3, 1, 1, 3, 3, 3, 1, -2, 3, 1, 3, 3 ], 
          [ 3, 1, 1, 3, 3, 3, 1, 3, 1, 1, 3, 3, 3, -2, 3, 1, 1 ], 
          [ 1, 1, 3, 1, 3, 3, 3, 1, 3, 3, 1, 1, 1, 3, -2, 3, 3 ], 
          [ 3, 1, 1, 3, 3, 3, 3, 1, 1, 1, 1, 1, 3, 1, 3, -2, 3 ], 
          [ 1, 1, 3, 1, 3, 1, 1, 3, 1, 1, 1, 3, 3, 1, 3, 3, -2 ] ] ], 
  [ 642, 
      [ [ -2, 1, 3, 1, 1, 1, 3, 3, 1, 1, 1, 1, 3, 3, 1, 3, 1 ], 
          [ 1, -2, 1, 1, 3, 3, 3, 3, 1, 1, 1, 1, 3, 1, 1, 3, 1 ], 
          [ 3, 1, -2, 3, 1, 3, 1, 3, 1, 3, 3, 3, 3, 1, 3, 1, 3 ], 
          [ 1, 1, 3, -2, 1, 1, 3, 3, 3, 3, 1, 3, 3, 3, 1, 3, 1 ], 
          [ 1, 3, 1, 1, -2, 1, 3, 3, 3, 3, 3, 3, 3, 3, 3, 1, 3 ], 
          [ 1, 3, 3, 1, 1, -2, 3, 3, 1, 1, 1, 3, 3, 3, 3, 3, 3 ], 
          [ 3, 3, 1, 3, 3, 3, -2, 3, 1, 3, 3, 3, 1, 1, 3, 1, 3 ], 
          [ 3, 3, 3, 3, 3, 3, 3, -2, 3, 3, 1, 1, 1, 3, 1, 1, 1 ], 
          [ 1, 1, 1, 3, 3, 1, 1, 3, -2, 1, 1, 1, 3, 1, 3, 3, 3 ], 
          [ 1, 1, 3, 3, 3, 1, 3, 3, 1, -2, 1, 1, 3, 1, 3, 3, 1 ], 
          [ 1, 1, 3, 1, 3, 1, 3, 1, 1, 1, -2, 1, 3, 3, 1, 3, 1 ], 
          [ 1, 1, 3, 3, 3, 3, 3, 1, 1, 1, 1, -2, 1, 3, 1, 3, 1 ], 
          [ 3, 3, 3, 3, 3, 3, 1, 1, 3, 3, 3, 1, -2, 3, 1, 1, 3 ], 
          [ 3, 1, 1, 3, 3, 3, 1, 3, 1, 1, 3, 3, 3, -2, 3, 1, 3 ], 
          [ 1, 1, 3, 1, 3, 3, 3, 1, 3, 3, 1, 1, 1, 3, -2, 3, 1 ], 
          [ 3, 3, 1, 3, 1, 3, 1, 1, 3, 3, 3, 3, 1, 1, 3, -2, 3 ], 
          [ 1, 1, 3, 1, 3, 3, 3, 1, 3, 1, 1, 1, 3, 3, 1, 3, -2 ] ] ], 
  [ 432, 
      [ [ -2, 1, 3, 1, 1, 1, 3, 3, 1, 1, 1, 1, 3, 3, 1, 3, 1 ], 
          [ 1, -2, 1, 1, 3, 3, 3, 3, 1, 1, 1, 1, 3, 1, 1, 3, 3 ], 
          [ 3, 1, -2, 3, 1, 3, 1, 3, 1, 3, 3, 3, 3, 1, 3, 1, 3 ], 
          [ 1, 1, 3, -2, 1, 1, 3, 3, 3, 3, 1, 3, 3, 3, 1, 3, 1 ], 
          [ 1, 3, 1, 1, -2, 1, 3, 3, 3, 3, 3, 3, 3, 3, 3, 1, 1 ], 
          [ 1, 3, 3, 1, 1, -2, 3, 3, 1, 1, 1, 3, 3, 3, 3, 3, 1 ], 
          [ 3, 3, 1, 3, 3, 3, -2, 3, 1, 3, 3, 3, 1, 1, 3, 1, 3 ], 
          [ 3, 3, 3, 3, 3, 3, 3, -2, 3, 3, 1, 1, 1, 3, 1, 1, 1 ], 
          [ 1, 1, 1, 3, 3, 1, 1, 3, -2, 1, 1, 1, 3, 1, 3, 3, 3 ], 
          [ 1, 1, 3, 3, 3, 1, 3, 3, 1, -2, 1, 1, 3, 1, 3, 3, 3 ], 
          [ 1, 1, 3, 1, 3, 1, 3, 1, 1, 1, -2, 1, 3, 3, 1, 3, 1 ], 
          [ 1, 1, 3, 3, 3, 3, 3, 1, 1, 1, 1, -2, 1, 3, 1, 3, 3 ], 
          [ 3, 3, 3, 3, 3, 3, 1, 1, 3, 3, 3, 1, -2, 3, 1, 1, 3 ], 
          [ 3, 1, 1, 3, 3, 3, 1, 3, 1, 1, 3, 3, 3, -2, 3, 1, 3 ], 
          [ 1, 1, 3, 1, 3, 3, 3, 1, 3, 3, 1, 1, 1, 3, -2, 3, 1 ], 
          [ 3, 3, 1, 3, 1, 3, 1, 1, 3, 3, 3, 3, 1, 1, 3, -2, 3 ], 
          [ 1, 3, 3, 1, 1, 1, 3, 1, 3, 3, 1, 3, 3, 3, 1, 3, -2 ] ] ], 
  [ 432, 
      [ [ -2, 1, 3, 1, 1, 1, 3, 3, 1, 1, 1, 1, 3, 3, 1, 3, 1 ], 
          [ 1, -2, 1, 1, 3, 3, 3, 3, 1, 1, 1, 1, 3, 1, 1, 3, 3 ], 
          [ 3, 1, -2, 3, 1, 3, 1, 3, 1, 3, 3, 3, 3, 1, 3, 1, 3 ], 
          [ 1, 1, 3, -2, 1, 1, 3, 3, 3, 3, 1, 3, 3, 3, 1, 3, 1 ], 
          [ 1, 3, 1, 1, -2, 1, 3, 3, 3, 3, 3, 3, 3, 3, 3, 1, 1 ], 
          [ 1, 3, 3, 1, 1, -2, 3, 3, 1, 1, 1, 3, 3, 3, 3, 3, 1 ], 
          [ 3, 3, 1, 3, 3, 3, -2, 3, 1, 3, 3, 3, 1, 1, 3, 1, 3 ], 
          [ 3, 3, 3, 3, 3, 3, 3, -2, 3, 3, 1, 1, 1, 3, 1, 1, 1 ], 
          [ 1, 1, 1, 3, 3, 1, 1, 3, -2, 1, 1, 1, 3, 1, 3, 3, 3 ], 
          [ 1, 1, 3, 3, 3, 1, 3, 3, 1, -2, 1, 1, 3, 1, 3, 3, 3 ], 
          [ 1, 1, 3, 1, 3, 1, 3, 1, 1, 1, -2, 1, 3, 3, 1, 3, 1 ], 
          [ 1, 1, 3, 3, 3, 3, 3, 1, 1, 1, 1, -2, 1, 3, 1, 3, 3 ], 
          [ 3, 3, 3, 3, 3, 3, 1, 1, 3, 3, 3, 1, -2, 3, 1, 1, 3 ], 
          [ 3, 1, 1, 3, 3, 3, 1, 3, 1, 1, 3, 3, 3, -2, 3, 1, 3 ], 
          [ 1, 1, 3, 1, 3, 3, 3, 1, 3, 3, 1, 1, 1, 3, -2, 3, 1 ], 
          [ 3, 3, 1, 3, 1, 3, 1, 1, 3, 3, 3, 3, 1, 1, 3, -2, 3 ], 
          [ 1, 3, 3, 1, 1, 1, 3, 1, 3, 3, 1, 3, 3, 3, 1, 3, -2 ] ] ], 
  [ 432, 
      [ [ -2, 1, 3, 1, 1, 1, 3, 3, 1, 1, 1, 1, 3, 3, 1, 3, 3 ], 
          [ 1, -2, 1, 1, 3, 3, 3, 3, 1, 1, 1, 1, 3, 1, 1, 3, 1 ], 
          [ 3, 1, -2, 3, 1, 3, 1, 3, 1, 3, 3, 3, 3, 1, 3, 1, 1 ], 
          [ 1, 1, 3, -2, 1, 1, 3, 3, 3, 3, 1, 3, 3, 3, 1, 3, 3 ], 
          [ 1, 3, 1, 1, -2, 1, 3, 3, 3, 3, 3, 3, 3, 3, 3, 1, 3 ], 
          [ 1, 3, 3, 1, 1, -2, 3, 3, 1, 1, 1, 3, 3, 3, 3, 3, 3 ], 
          [ 3, 3, 1, 3, 3, 3, -2, 3, 1, 3, 3, 3, 1, 1, 3, 1, 1 ], 
          [ 3, 3, 3, 3, 3, 3, 3, -2, 3, 3, 1, 1, 1, 3, 1, 1, 3 ], 
          [ 1, 1, 1, 3, 3, 1, 1, 3, -2, 1, 1, 1, 3, 1, 3, 3, 1 ], 
          [ 1, 1, 3, 3, 3, 1, 3, 3, 1, -2, 1, 1, 3, 1, 3, 3, 1 ], 
          [ 1, 1, 3, 1, 3, 1, 3, 1, 1, 1, -2, 1, 3, 3, 1, 3, 3 ], 
          [ 1, 1, 3, 3, 3, 3, 3, 1, 1, 1, 1, -2, 1, 3, 1, 3, 1 ], 
          [ 3, 3, 3, 3, 3, 3, 1, 1, 3, 3, 3, 1, -2, 3, 1, 1, 1 ], 
          [ 3, 1, 1, 3, 3, 3, 1, 3, 1, 1, 3, 3, 3, -2, 3, 1, 1 ], 
          [ 1, 1, 3, 1, 3, 3, 3, 1, 3, 3, 1, 1, 1, 3, -2, 3, 3 ], 
          [ 3, 3, 1, 3, 1, 3, 1, 1, 3, 3, 3, 3, 1, 1, 3, -2, 1 ], 
          [ 3, 1, 1, 3, 3, 3, 1, 3, 1, 1, 3, 1, 1, 1, 3, 1, -2 ] ] ], 
  [ 432, 
      [ [ -2, 1, 3, 1, 1, 1, 3, 3, 1, 1, 1, 1, 3, 3, 1, 3, 3 ], 
          [ 1, -2, 1, 1, 3, 3, 3, 3, 1, 1, 1, 1, 3, 1, 1, 3, 1 ], 
          [ 3, 1, -2, 3, 1, 3, 1, 3, 1, 3, 3, 3, 3, 1, 3, 1, 1 ], 
          [ 1, 1, 3, -2, 1, 1, 3, 3, 3, 3, 1, 3, 3, 3, 1, 3, 3 ], 
          [ 1, 3, 1, 1, -2, 1, 3, 3, 3, 3, 3, 3, 3, 3, 3, 1, 3 ], 
          [ 1, 3, 3, 1, 1, -2, 3, 3, 1, 1, 1, 3, 3, 3, 3, 3, 3 ], 
          [ 3, 3, 1, 3, 3, 3, -2, 3, 1, 3, 3, 3, 1, 1, 3, 1, 1 ], 
          [ 3, 3, 3, 3, 3, 3, 3, -2, 3, 3, 1, 1, 1, 3, 1, 1, 3 ], 
          [ 1, 1, 1, 3, 3, 1, 1, 3, -2, 1, 1, 1, 3, 1, 3, 3, 1 ], 
          [ 1, 1, 3, 3, 3, 1, 3, 3, 1, -2, 1, 1, 3, 1, 3, 3, 1 ], 
          [ 1, 1, 3, 1, 3, 1, 3, 1, 1, 1, -2, 1, 3, 3, 1, 3, 3 ], 
          [ 1, 1, 3, 3, 3, 3, 3, 1, 1, 1, 1, -2, 1, 3, 1, 3, 1 ], 
          [ 3, 3, 3, 3, 3, 3, 1, 1, 3, 3, 3, 1, -2, 3, 1, 1, 1 ], 
          [ 3, 1, 1, 3, 3, 3, 1, 3, 1, 1, 3, 3, 3, -2, 3, 1, 1 ], 
          [ 1, 1, 3, 1, 3, 3, 3, 1, 3, 3, 1, 1, 1, 3, -2, 3, 3 ], 
          [ 3, 3, 1, 3, 1, 3, 1, 1, 3, 3, 3, 3, 1, 1, 3, -2, 1 ], 
          [ 3, 1, 1, 3, 3, 3, 1, 3, 1, 1, 3, 1, 1, 1, 3, 1, -2 ] ] ], 
  [ 364, 
      [ [ -2, 1, 3, 1, 1, 1, 3, 3, 1, 1, 1, 1, 3, 3, 1, 1 ], 
          [ 1, -2, 1, 1, 3, 3, 3, 3, 1, 1, 1, 1, 3, 1, 1, 1 ], 
          [ 3, 1, -2, 3, 1, 3, 1, 3, 1, 3, 3, 3, 3, 1, 3, 3 ], 
          [ 1, 1, 3, -2, 1, 1, 3, 3, 3, 3, 1, 3, 3, 3, 1, 1 ], 
          [ 1, 3, 1, 1, -2, 1, 3, 3, 3, 3, 3, 3, 3, 3, 3, 3 ], 
          [ 1, 3, 3, 1, 1, -2, 3, 3, 1, 1, 1, 3, 3, 3, 3, 1 ], 
          [ 3, 3, 1, 3, 3, 3, -2, 3, 1, 3, 3, 3, 1, 1, 3, 3 ], 
          [ 3, 3, 3, 3, 3, 3, 3, -2, 3, 3, 1, 1, 1, 3, 1, 3 ], 
          [ 1, 1, 1, 3, 3, 1, 1, 3, -2, 1, 1, 1, 3, 1, 3, 1 ], 
          [ 1, 1, 3, 3, 3, 1, 3, 3, 1, -2, 1, 1, 3, 1, 3, 1 ], 
          [ 1, 1, 3, 1, 3, 1, 3, 1, 1, 1, -2, 1, 3, 3, 1, 1 ], 
          [ 1, 1, 3, 3, 3, 3, 3, 1, 1, 1, 1, -2, 1, 3, 1, 1 ], 
          [ 3, 3, 3, 3, 3, 3, 1, 1, 3, 3, 3, 1, -2, 3, 1, 1 ], 
          [ 3, 1, 1, 3, 3, 3, 1, 3, 1, 1, 3, 3, 3, -2, 3, 3 ], 
          [ 1, 1, 3, 1, 3, 3, 3, 1, 3, 3, 1, 1, 1, 3, -2, 1 ], 
          [ 1, 1, 3, 1, 3, 1, 3, 3, 1, 1, 1, 1, 1, 3, 1, -2 ] ] ], 
  [ 411, 
      [ [ -2, 1, 3, 1, 1, 1, 3, 3, 1, 1, 1, 1, 3, 3, 1, 1, 1 ], 
          [ 1, -2, 1, 1, 3, 3, 3, 3, 1, 1, 1, 1, 3, 1, 1, 3, 1 ], 
          [ 3, 1, -2, 3, 1, 3, 1, 3, 1, 3, 3, 3, 3, 1, 3, 3, 3 ], 
          [ 1, 1, 3, -2, 1, 1, 3, 3, 3, 3, 1, 3, 3, 3, 1, 1, 1 ], 
          [ 1, 3, 1, 1, -2, 1, 3, 3, 3, 3, 3, 3, 3, 3, 3, 1, 3 ], 
          [ 1, 3, 3, 1, 1, -2, 3, 3, 1, 1, 1, 3, 3, 3, 3, 1, 1 ], 
          [ 3, 3, 1, 3, 3, 3, -2, 3, 1, 3, 3, 3, 1, 1, 3, 3, 3 ], 
          [ 3, 3, 3, 3, 3, 3, 3, -2, 3, 3, 1, 1, 1, 3, 1, 1, 3 ], 
          [ 1, 1, 1, 3, 3, 1, 1, 3, -2, 1, 1, 1, 3, 1, 3, 3, 1 ], 
          [ 1, 1, 3, 3, 3, 1, 3, 3, 1, -2, 1, 1, 3, 1, 3, 3, 1 ], 
          [ 1, 1, 3, 1, 3, 1, 3, 1, 1, 1, -2, 1, 3, 3, 1, 1, 1 ], 
          [ 1, 1, 3, 3, 3, 3, 3, 1, 1, 1, 1, -2, 1, 3, 1, 3, 1 ], 
          [ 3, 3, 3, 3, 3, 3, 1, 1, 3, 3, 3, 1, -2, 3, 1, 3, 1 ], 
          [ 3, 1, 1, 3, 3, 3, 1, 3, 1, 1, 3, 3, 3, -2, 3, 3, 3 ], 
          [ 1, 1, 3, 1, 3, 3, 3, 1, 3, 3, 1, 1, 1, 3, -2, 1, 1 ], 
          [ 1, 3, 3, 1, 1, 1, 3, 1, 3, 3, 1, 3, 3, 3, 1, -2, 3 ], 
          [ 1, 1, 3, 1, 3, 1, 3, 3, 1, 1, 1, 1, 1, 3, 1, 3, -2 ] ] ], 
  [ 407, 
      [ [ -2, 1, 3, 1, 1, 1, 3, 3, 1, 1, 1, 1, 3, 3, 3, 3, 3 ], 
          [ 1, -2, 1, 1, 3, 3, 3, 3, 1, 1, 1, 1, 3, 1, 1, 1, 1 ], 
          [ 3, 1, -2, 3, 1, 3, 1, 3, 1, 3, 3, 3, 3, 1, 1, 1, 1 ], 
          [ 1, 1, 3, -2, 1, 1, 3, 3, 3, 3, 1, 3, 3, 3, 3, 3, 3 ], 
          [ 1, 3, 1, 1, -2, 1, 3, 3, 3, 3, 3, 3, 3, 3, 3, 3, 3 ], 
          [ 1, 3, 3, 1, 1, -2, 3, 3, 1, 1, 1, 3, 3, 3, 3, 3, 3 ], 
          [ 3, 3, 1, 3, 3, 3, -2, 3, 1, 3, 3, 3, 1, 1, 3, 1, 1 ], 
          [ 3, 3, 3, 3, 3, 3, 3, -2, 3, 3, 1, 1, 1, 3, 1, 3, 3 ], 
          [ 1, 1, 1, 3, 3, 1, 1, 3, -2, 1, 1, 1, 3, 1, 1, 1, 1 ], 
          [ 1, 1, 3, 3, 3, 1, 3, 3, 1, -2, 1, 1, 3, 1, 1, 1, 1 ], 
          [ 1, 1, 3, 1, 3, 1, 3, 1, 1, 1, -2, 1, 3, 3, 1, 3, 1 ], 
          [ 1, 1, 3, 3, 3, 3, 3, 1, 1, 1, 1, -2, 1, 3, 1, 1, 1 ], 
          [ 3, 3, 3, 3, 3, 3, 1, 1, 3, 3, 3, 1, -2, 3, 3, 1, 3 ], 
          [ 3, 1, 1, 3, 3, 3, 1, 3, 1, 1, 3, 3, 3, -2, 1, 1, 1 ], 
          [ 3, 1, 1, 3, 3, 3, 3, 1, 1, 1, 1, 1, 3, 1, -2, 1, 1 ], 
          [ 3, 1, 1, 3, 3, 3, 1, 3, 1, 1, 3, 1, 1, 1, 1, -2, 1 ], 
          [ 3, 1, 1, 3, 3, 3, 1, 3, 1, 1, 1, 1, 3, 1, 1, 1, -2 ] ] ], 
  [ 407, 
      [ [ -2, 1, 3, 1, 1, 1, 3, 3, 1, 1, 1, 1, 3, 3, 3, 3, 3 ], 
          [ 1, -2, 1, 1, 3, 3, 3, 3, 1, 1, 1, 1, 3, 1, 1, 1, 1 ], 
          [ 3, 1, -2, 3, 1, 3, 1, 3, 1, 3, 3, 3, 3, 1, 1, 1, 1 ], 
          [ 1, 1, 3, -2, 1, 1, 3, 3, 3, 3, 1, 3, 3, 3, 3, 3, 3 ], 
          [ 1, 3, 1, 1, -2, 1, 3, 3, 3, 3, 3, 3, 3, 3, 3, 3, 3 ], 
          [ 1, 3, 3, 1, 1, -2, 3, 3, 1, 1, 1, 3, 3, 3, 3, 3, 3 ], 
          [ 3, 3, 1, 3, 3, 3, -2, 3, 1, 3, 3, 3, 1, 1, 3, 1, 1 ], 
          [ 3, 3, 3, 3, 3, 3, 3, -2, 3, 3, 1, 1, 1, 3, 1, 3, 3 ], 
          [ 1, 1, 1, 3, 3, 1, 1, 3, -2, 1, 1, 1, 3, 1, 1, 1, 1 ], 
          [ 1, 1, 3, 3, 3, 1, 3, 3, 1, -2, 1, 1, 3, 1, 1, 1, 1 ], 
          [ 1, 1, 3, 1, 3, 1, 3, 1, 1, 1, -2, 1, 3, 3, 1, 3, 1 ], 
          [ 1, 1, 3, 3, 3, 3, 3, 1, 1, 1, 1, -2, 1, 3, 1, 1, 1 ], 
          [ 3, 3, 3, 3, 3, 3, 1, 1, 3, 3, 3, 1, -2, 3, 3, 1, 3 ], 
          [ 3, 1, 1, 3, 3, 3, 1, 3, 1, 1, 3, 3, 3, -2, 1, 1, 1 ], 
          [ 3, 1, 1, 3, 3, 3, 3, 1, 1, 1, 1, 1, 3, 1, -2, 1, 1 ], 
          [ 3, 1, 1, 3, 3, 3, 1, 3, 1, 1, 3, 1, 1, 1, 1, -2, 1 ], 
          [ 3, 1, 1, 3, 3, 3, 1, 3, 1, 1, 1, 1, 3, 1, 1, 1, -2 ] ] ], 
  [ 314, 
      [ [ -2, 1, 3, 1, 1, 1, 3, 3, 1, 1, 1, 1, 3, 3, 3, 3, 1 ], 
          [ 1, -2, 1, 1, 3, 3, 3, 3, 1, 1, 1, 1, 3, 1, 1, 1, 3 ], 
          [ 3, 1, -2, 3, 1, 3, 1, 3, 1, 3, 3, 3, 3, 1, 1, 1, 3 ], 
          [ 1, 1, 3, -2, 1, 1, 3, 3, 3, 3, 1, 3, 3, 3, 3, 3, 3 ], 
          [ 1, 3, 1, 1, -2, 1, 3, 3, 3, 3, 3, 3, 3, 3, 3, 3, 3 ], 
          [ 1, 3, 3, 1, 1, -2, 3, 3, 1, 1, 1, 3, 3, 3, 3, 3, 1 ], 
          [ 3, 3, 1, 3, 3, 3, -2, 3, 1, 3, 3, 3, 1, 1, 3, 1, 1 ], 
          [ 3, 3, 3, 3, 3, 3, 3, -2, 3, 3, 1, 1, 1, 3, 1, 3, 3 ], 
          [ 1, 1, 1, 3, 3, 1, 1, 3, -2, 1, 1, 1, 3, 1, 1, 1, 1 ], 
          [ 1, 1, 3, 3, 3, 1, 3, 3, 1, -2, 1, 1, 3, 1, 1, 1, 1 ], 
          [ 1, 1, 3, 1, 3, 1, 3, 1, 1, 1, -2, 1, 3, 3, 1, 3, 3 ], 
          [ 1, 1, 3, 3, 3, 3, 3, 1, 1, 1, 1, -2, 1, 3, 1, 1, 1 ], 
          [ 3, 3, 3, 3, 3, 3, 1, 1, 3, 3, 3, 1, -2, 3, 3, 1, 1 ], 
          [ 3, 1, 1, 3, 3, 3, 1, 3, 1, 1, 3, 3, 3, -2, 1, 1, 3 ], 
          [ 3, 1, 1, 3, 3, 3, 3, 1, 1, 1, 1, 1, 3, 1, -2, 1, 3 ], 
          [ 3, 1, 1, 3, 3, 3, 1, 3, 1, 1, 3, 1, 1, 1, 1, -2, 1 ], 
          [ 1, 3, 3, 3, 3, 1, 1, 3, 1, 1, 3, 1, 1, 3, 3, 1, -2 ] ] ], 
  [ 344, 
      [ [ -2, 1, 3, 1, 1, 1, 3, 3, 1, 1, 1, 1, 3, 1, 3 ], 
          [ 1, -2, 1, 1, 3, 3, 3, 3, 1, 1, 1, 1, 3, 1, 1 ], 
          [ 3, 1, -2, 3, 1, 3, 1, 3, 1, 3, 3, 3, 3, 1, 1 ], 
          [ 1, 1, 3, -2, 1, 1, 3, 3, 3, 3, 1, 3, 3, 3, 1 ], 
          [ 1, 3, 1, 1, -2, 1, 3, 3, 3, 3, 3, 3, 3, 1, 3 ], 
          [ 1, 3, 3, 1, 1, -2, 3, 3, 1, 1, 1, 3, 3, 1, 3 ], 
          [ 3, 3, 1, 3, 3, 3, -2, 3, 1, 3, 3, 3, 1, 3, 1 ], 
          [ 3, 3, 3, 3, 3, 3, 3, -2, 3, 3, 1, 1, 1, 3, 3 ], 
          [ 1, 1, 1, 3, 3, 1, 1, 3, -2, 1, 1, 1, 3, 1, 1 ], 
          [ 1, 1, 3, 3, 3, 1, 3, 3, 1, -2, 1, 1, 3, 1, 3 ], 
          [ 1, 1, 3, 1, 3, 1, 3, 1, 1, 1, -2, 1, 3, 3, 3 ], 
          [ 1, 1, 3, 3, 3, 3, 3, 1, 1, 1, 1, -2, 1, 1, 3 ], 
          [ 3, 3, 3, 3, 3, 3, 1, 1, 3, 3, 3, 1, -2, 3, 3 ], 
          [ 1, 1, 1, 3, 1, 1, 3, 3, 1, 1, 3, 1, 3, -2, 3 ], 
          [ 3, 1, 1, 1, 3, 3, 1, 3, 1, 3, 3, 3, 3, 3, -2 ] ] ], 
  [ 681, 
      [ [ -2, 1, 3, 1, 1, 1, 3, 3, 1, 1, 1, 1, 3, 1, 3, 3 ], 
          [ 1, -2, 1, 1, 3, 3, 3, 3, 1, 1, 1, 1, 3, 1, 1, 3 ], 
          [ 3, 1, -2, 3, 1, 3, 1, 3, 1, 3, 3, 3, 3, 1, 1, 1 ], 
          [ 1, 1, 3, -2, 1, 1, 3, 3, 3, 3, 1, 3, 3, 3, 1, 1 ], 
          [ 1, 3, 1, 1, -2, 1, 3, 3, 3, 3, 3, 3, 3, 1, 3, 1 ], 
          [ 1, 3, 3, 1, 1, -2, 3, 3, 1, 1, 1, 3, 3, 1, 3, 1 ], 
          [ 3, 3, 1, 3, 3, 3, -2, 3, 1, 3, 3, 3, 1, 3, 1, 1 ], 
          [ 3, 3, 3, 3, 3, 3, 3, -2, 3, 3, 1, 1, 1, 3, 3, 3 ], 
          [ 1, 1, 1, 3, 3, 1, 1, 3, -2, 1, 1, 1, 3, 1, 1, 1 ], 
          [ 1, 1, 3, 3, 3, 1, 3, 3, 1, -2, 1, 1, 3, 1, 3, 3 ], 
          [ 1, 1, 3, 1, 3, 1, 3, 1, 1, 1, -2, 1, 3, 3, 3, 1 ], 
          [ 1, 1, 3, 3, 3, 3, 3, 1, 1, 1, 1, -2, 1, 1, 3, 3 ], 
          [ 3, 3, 3, 3, 3, 3, 1, 1, 3, 3, 3, 1, -2, 3, 3, 3 ], 
          [ 1, 1, 1, 3, 1, 1, 3, 3, 1, 1, 3, 1, 3, -2, 3, 3 ], 
          [ 3, 1, 1, 1, 3, 3, 1, 3, 1, 3, 3, 3, 3, 3, -2, 1 ], 
          [ 3, 3, 1, 1, 1, 1, 1, 3, 1, 3, 1, 3, 3, 3, 1, -2 ] ] ], 
  [ 572, 
      [ [ -2, 1, 3, 1, 1, 1, 3, 3, 1, 1, 1, 1, 3, 1, 3, 3 ], 
          [ 1, -2, 1, 1, 3, 3, 3, 3, 1, 1, 1, 1, 3, 1, 1, 3 ], 
          [ 3, 1, -2, 3, 1, 3, 1, 3, 1, 3, 3, 3, 3, 1, 1, 1 ], 
          [ 1, 1, 3, -2, 1, 1, 3, 3, 3, 3, 1, 3, 3, 3, 1, 3 ], 
          [ 1, 3, 1, 1, -2, 1, 3, 3, 3, 3, 3, 3, 3, 1, 3, 1 ], 
          [ 1, 3, 3, 1, 1, -2, 3, 3, 1, 1, 1, 3, 3, 1, 3, 3 ], 
          [ 3, 3, 1, 3, 3, 3, -2, 3, 1, 3, 3, 3, 1, 3, 1, 1 ], 
          [ 3, 3, 3, 3, 3, 3, 3, -2, 3, 3, 1, 1, 1, 3, 3, 1 ], 
          [ 1, 1, 1, 3, 3, 1, 1, 3, -2, 1, 1, 1, 3, 1, 1, 3 ], 
          [ 1, 1, 3, 3, 3, 1, 3, 3, 1, -2, 1, 1, 3, 1, 3, 3 ], 
          [ 1, 1, 3, 1, 3, 1, 3, 1, 1, 1, -2, 1, 3, 3, 3, 3 ], 
          [ 1, 1, 3, 3, 3, 3, 3, 1, 1, 1, 1, -2, 1, 1, 3, 3 ], 
          [ 3, 3, 3, 3, 3, 3, 1, 1, 3, 3, 3, 1, -2, 3, 3, 1 ], 
          [ 1, 1, 1, 3, 1, 1, 3, 3, 1, 1, 3, 1, 3, -2, 3, 3 ], 
          [ 3, 1, 1, 1, 3, 3, 1, 3, 1, 3, 3, 3, 3, 3, -2, 3 ], 
          [ 3, 3, 1, 3, 1, 3, 1, 1, 3, 3, 3, 3, 1, 3, 3, -2 ] ] ], 
  [ 681, 
      [ [ -2, 1, 3, 1, 1, 1, 3, 3, 1, 1, 1, 1, 3, 1, 3, 3 ], 
          [ 1, -2, 1, 1, 3, 3, 3, 3, 1, 1, 1, 1, 3, 1, 1, 3 ], 
          [ 3, 1, -2, 3, 1, 3, 1, 3, 1, 3, 3, 3, 3, 1, 1, 1 ], 
          [ 1, 1, 3, -2, 1, 1, 3, 3, 3, 3, 1, 3, 3, 3, 1, 1 ], 
          [ 1, 3, 1, 1, -2, 1, 3, 3, 3, 3, 3, 3, 3, 1, 3, 1 ], 
          [ 1, 3, 3, 1, 1, -2, 3, 3, 1, 1, 1, 3, 3, 1, 3, 1 ], 
          [ 3, 3, 1, 3, 3, 3, -2, 3, 1, 3, 3, 3, 1, 3, 1, 1 ], 
          [ 3, 3, 3, 3, 3, 3, 3, -2, 3, 3, 1, 1, 1, 3, 3, 3 ], 
          [ 1, 1, 1, 3, 3, 1, 1, 3, -2, 1, 1, 1, 3, 1, 1, 1 ], 
          [ 1, 1, 3, 3, 3, 1, 3, 3, 1, -2, 1, 1, 3, 1, 3, 3 ], 
          [ 1, 1, 3, 1, 3, 1, 3, 1, 1, 1, -2, 1, 3, 3, 3, 1 ], 
          [ 1, 1, 3, 3, 3, 3, 3, 1, 1, 1, 1, -2, 1, 1, 3, 3 ], 
          [ 3, 3, 3, 3, 3, 3, 1, 1, 3, 3, 3, 1, -2, 3, 3, 3 ], 
          [ 1, 1, 1, 3, 1, 1, 3, 3, 1, 1, 3, 1, 3, -2, 3, 3 ], 
          [ 3, 1, 1, 1, 3, 3, 1, 3, 1, 3, 3, 3, 3, 3, -2, 1 ], 
          [ 3, 3, 1, 1, 1, 1, 1, 3, 1, 3, 1, 3, 3, 3, 1, -2 ] ] ], 
  [ 684, 
      [ [ -2, 1, 3, 1, 1, 1, 3, 3, 1, 1, 1, 1, 3, 1, 1, 3 ], 
          [ 1, -2, 1, 1, 3, 3, 3, 3, 1, 1, 1, 1, 3, 1, 1, 1 ], 
          [ 3, 1, -2, 3, 1, 3, 1, 3, 1, 3, 3, 3, 3, 1, 1, 1 ], 
          [ 1, 1, 3, -2, 1, 1, 3, 3, 3, 3, 1, 3, 3, 3, 1, 3 ], 
          [ 1, 3, 1, 1, -2, 1, 3, 3, 3, 3, 3, 3, 3, 1, 1, 3 ], 
          [ 1, 3, 3, 1, 1, -2, 3, 3, 1, 1, 1, 3, 3, 1, 1, 3 ], 
          [ 3, 3, 1, 3, 3, 3, -2, 3, 1, 3, 3, 3, 1, 3, 3, 1 ], 
          [ 3, 3, 3, 3, 3, 3, 3, -2, 3, 3, 1, 1, 1, 3, 3, 3 ], 
          [ 1, 1, 1, 3, 3, 1, 1, 3, -2, 1, 1, 1, 3, 1, 1, 1 ], 
          [ 1, 1, 3, 3, 3, 1, 3, 3, 1, -2, 1, 1, 3, 1, 3, 1 ], 
          [ 1, 1, 3, 1, 3, 1, 3, 1, 1, 1, -2, 1, 3, 3, 3, 1 ], 
          [ 1, 1, 3, 3, 3, 3, 3, 1, 1, 1, 1, -2, 1, 1, 3, 1 ], 
          [ 3, 3, 3, 3, 3, 3, 1, 1, 3, 3, 3, 1, -2, 3, 3, 1 ], 
          [ 1, 1, 1, 3, 1, 1, 3, 3, 1, 1, 3, 1, 3, -2, 1, 3 ], 
          [ 1, 1, 1, 1, 1, 1, 3, 3, 1, 3, 3, 3, 3, 1, -2, 3 ], 
          [ 3, 1, 1, 3, 3, 3, 1, 3, 1, 1, 1, 1, 1, 3, 3, -2 ] ] ], 
  [ 457, 
      [ [ -2, 1, 3, 1, 1, 1, 3, 3, 1, 1, 1, 1, 3, 1, 1, 3 ], 
          [ 1, -2, 1, 1, 3, 3, 3, 3, 1, 1, 1, 1, 3, 1, 1, 1 ], 
          [ 3, 1, -2, 3, 1, 3, 1, 3, 1, 3, 3, 3, 3, 1, 1, 1 ], 
          [ 1, 1, 3, -2, 1, 1, 3, 3, 3, 3, 1, 3, 3, 3, 1, 3 ], 
          [ 1, 3, 1, 1, -2, 1, 3, 3, 3, 3, 3, 3, 3, 1, 1, 3 ], 
          [ 1, 3, 3, 1, 1, -2, 3, 3, 1, 1, 1, 3, 3, 1, 1, 3 ], 
          [ 3, 3, 1, 3, 3, 3, -2, 3, 1, 3, 3, 3, 1, 3, 3, 1 ], 
          [ 3, 3, 3, 3, 3, 3, 3, -2, 3, 3, 1, 1, 1, 3, 3, 3 ], 
          [ 1, 1, 1, 3, 3, 1, 1, 3, -2, 1, 1, 1, 3, 1, 1, 1 ], 
          [ 1, 1, 3, 3, 3, 1, 3, 3, 1, -2, 1, 1, 3, 1, 3, 1 ], 
          [ 1, 1, 3, 1, 3, 1, 3, 1, 1, 1, -2, 1, 3, 3, 3, 3 ], 
          [ 1, 1, 3, 3, 3, 3, 3, 1, 1, 1, 1, -2, 1, 1, 3, 1 ], 
          [ 3, 3, 3, 3, 3, 3, 1, 1, 3, 3, 3, 1, -2, 3, 3, 1 ], 
          [ 1, 1, 1, 3, 1, 1, 3, 3, 1, 1, 3, 1, 3, -2, 1, 1 ], 
          [ 1, 1, 1, 1, 1, 1, 3, 3, 1, 3, 3, 3, 3, 1, -2, 3 ], 
          [ 3, 1, 1, 3, 3, 3, 1, 3, 1, 1, 3, 1, 1, 1, 3, -2 ] ] ], 
  [ 469, 
      [ [ -2, 1, 3, 1, 1, 1, 3, 3, 1, 1, 1, 1, 3, 1, 1, 3 ], 
          [ 1, -2, 1, 1, 3, 3, 3, 3, 1, 1, 1, 1, 3, 1, 1, 3 ], 
          [ 3, 1, -2, 3, 1, 3, 1, 3, 1, 3, 3, 3, 3, 1, 1, 3 ], 
          [ 1, 1, 3, -2, 1, 1, 3, 3, 3, 3, 1, 3, 3, 3, 1, 3 ], 
          [ 1, 3, 1, 1, -2, 1, 3, 3, 3, 3, 3, 3, 3, 1, 1, 3 ], 
          [ 1, 3, 3, 1, 1, -2, 3, 3, 1, 1, 1, 3, 3, 1, 1, 1 ], 
          [ 3, 3, 1, 3, 3, 3, -2, 3, 1, 3, 3, 3, 1, 3, 3, 1 ], 
          [ 3, 3, 3, 3, 3, 3, 3, -2, 3, 3, 1, 1, 1, 3, 3, 3 ], 
          [ 1, 1, 1, 3, 3, 1, 1, 3, -2, 1, 1, 1, 3, 1, 1, 1 ], 
          [ 1, 1, 3, 3, 3, 1, 3, 3, 1, -2, 1, 1, 3, 1, 3, 1 ], 
          [ 1, 1, 3, 1, 3, 1, 3, 1, 1, 1, -2, 1, 3, 3, 3, 3 ], 
          [ 1, 1, 3, 3, 3, 3, 3, 1, 1, 1, 1, -2, 1, 1, 3, 1 ], 
          [ 3, 3, 3, 3, 3, 3, 1, 1, 3, 3, 3, 1, -2, 3, 3, 1 ], 
          [ 1, 1, 1, 3, 1, 1, 3, 3, 1, 1, 3, 1, 3, -2, 1, 1 ], 
          [ 1, 1, 1, 1, 1, 1, 3, 3, 1, 3, 3, 3, 3, 1, -2, 3 ], 
          [ 3, 3, 3, 3, 3, 1, 1, 3, 1, 1, 3, 1, 1, 1, 3, -2 ] ] ], 
  [ 397, 
      [ [ -2, 1, 3, 1, 1, 1, 3, 3, 1, 1, 1, 1, 3, 1, 3, 1 ], 
          [ 1, -2, 1, 1, 3, 3, 3, 3, 1, 1, 1, 1, 3, 1, 1, 1 ], 
          [ 3, 1, -2, 3, 1, 3, 1, 3, 1, 3, 3, 3, 3, 1, 1, 3 ], 
          [ 1, 1, 3, -2, 1, 1, 3, 3, 3, 3, 1, 3, 3, 3, 1, 1 ], 
          [ 1, 3, 1, 1, -2, 1, 3, 3, 3, 3, 3, 3, 3, 1, 1, 3 ], 
          [ 1, 3, 3, 1, 1, -2, 3, 3, 1, 1, 1, 3, 3, 1, 3, 1 ], 
          [ 3, 3, 1, 3, 3, 3, -2, 3, 1, 3, 3, 3, 1, 3, 3, 3 ], 
          [ 3, 3, 3, 3, 3, 3, 3, -2, 3, 3, 1, 1, 1, 3, 1, 3 ], 
          [ 1, 1, 1, 3, 3, 1, 1, 3, -2, 1, 1, 1, 3, 1, 3, 1 ], 
          [ 1, 1, 3, 3, 3, 1, 3, 3, 1, -2, 1, 1, 3, 1, 3, 1 ], 
          [ 1, 1, 3, 1, 3, 1, 3, 1, 1, 1, -2, 1, 3, 3, 1, 1 ], 
          [ 1, 1, 3, 3, 3, 3, 3, 1, 1, 1, 1, -2, 1, 1, 3, 1 ], 
          [ 3, 3, 3, 3, 3, 3, 1, 1, 3, 3, 3, 1, -2, 3, 3, 3 ], 
          [ 1, 1, 1, 3, 1, 1, 3, 3, 1, 1, 3, 1, 3, -2, 3, 1 ], 
          [ 3, 1, 1, 1, 1, 3, 3, 1, 3, 3, 1, 3, 3, 3, -2, 3 ], 
          [ 1, 1, 3, 1, 3, 1, 3, 3, 1, 1, 1, 1, 3, 1, 3, -2 ] ] ], 
  [ 701, 
      [ [ -2, 1, 3, 1, 1, 1, 3, 3, 1, 1, 1, 1, 3, 1, 3, 1, 3 ], 
          [ 1, -2, 1, 1, 3, 3, 3, 3, 1, 1, 1, 1, 3, 1, 1, 1, 1 ], 
          [ 3, 1, -2, 3, 1, 3, 1, 3, 1, 3, 3, 3, 3, 1, 1, 3, 3 ], 
          [ 1, 1, 3, -2, 1, 1, 3, 3, 3, 3, 1, 3, 3, 3, 1, 1, 1 ], 
          [ 1, 3, 1, 1, -2, 1, 3, 3, 3, 3, 3, 3, 3, 1, 1, 3, 3 ], 
          [ 1, 3, 3, 1, 1, -2, 3, 3, 1, 1, 1, 3, 3, 1, 3, 1, 3 ], 
          [ 3, 3, 1, 3, 3, 3, -2, 3, 1, 3, 3, 3, 1, 3, 3, 3, 3 ], 
          [ 3, 3, 3, 3, 3, 3, 3, -2, 3, 3, 1, 1, 1, 3, 1, 3, 1 ], 
          [ 1, 1, 1, 3, 3, 1, 1, 3, -2, 1, 1, 1, 3, 1, 3, 1, 3 ], 
          [ 1, 1, 3, 3, 3, 1, 3, 3, 1, -2, 1, 1, 3, 1, 3, 1, 3 ], 
          [ 1, 1, 3, 1, 3, 1, 3, 1, 1, 1, -2, 1, 3, 3, 1, 1, 1 ], 
          [ 1, 1, 3, 3, 3, 3, 3, 1, 1, 1, 1, -2, 1, 1, 3, 1, 1 ], 
          [ 3, 3, 3, 3, 3, 3, 1, 1, 3, 3, 3, 1, -2, 3, 3, 3, 1 ], 
          [ 1, 1, 1, 3, 1, 1, 3, 3, 1, 1, 3, 1, 3, -2, 3, 1, 3 ], 
          [ 3, 1, 1, 1, 1, 3, 3, 1, 3, 3, 1, 3, 3, 3, -2, 3, 1 ], 
          [ 1, 1, 3, 1, 3, 1, 3, 3, 1, 1, 1, 1, 3, 1, 3, -2, 1 ], 
          [ 3, 1, 3, 1, 3, 3, 3, 1, 3, 3, 1, 1, 1, 3, 1, 1, -2 ] ] ], 
  [ 701, 
      [ [ -2, 1, 3, 1, 1, 1, 3, 3, 1, 1, 1, 1, 3, 1, 3, 1, 1 ], 
          [ 1, -2, 1, 1, 3, 3, 3, 3, 1, 1, 1, 1, 3, 1, 1, 1, 3 ], 
          [ 3, 1, -2, 3, 1, 3, 1, 3, 1, 3, 3, 3, 3, 1, 1, 3, 1 ], 
          [ 1, 1, 3, -2, 1, 1, 3, 3, 3, 3, 1, 3, 3, 3, 1, 1, 3 ], 
          [ 1, 3, 1, 1, -2, 1, 3, 3, 3, 3, 3, 3, 3, 1, 1, 3, 1 ], 
          [ 1, 3, 3, 1, 1, -2, 3, 3, 1, 1, 1, 3, 3, 1, 3, 1, 1 ], 
          [ 3, 3, 1, 3, 3, 3, -2, 3, 1, 3, 3, 3, 1, 3, 3, 3, 1 ], 
          [ 3, 3, 3, 3, 3, 3, 3, -2, 3, 3, 1, 1, 1, 3, 1, 3, 3 ], 
          [ 1, 1, 1, 3, 3, 1, 1, 3, -2, 1, 1, 1, 3, 1, 3, 1, 1 ], 
          [ 1, 1, 3, 3, 3, 1, 3, 3, 1, -2, 1, 1, 3, 1, 3, 1, 1 ], 
          [ 1, 1, 3, 1, 3, 1, 3, 1, 1, 1, -2, 1, 3, 3, 1, 1, 3 ], 
          [ 1, 1, 3, 3, 3, 3, 3, 1, 1, 1, 1, -2, 1, 1, 3, 1, 3 ], 
          [ 3, 3, 3, 3, 3, 3, 1, 1, 3, 3, 3, 1, -2, 3, 3, 3, 3 ], 
          [ 1, 1, 1, 3, 1, 1, 3, 3, 1, 1, 3, 1, 3, -2, 3, 1, 1 ], 
          [ 3, 1, 1, 1, 1, 3, 3, 1, 3, 3, 1, 3, 3, 3, -2, 3, 3 ], 
          [ 1, 1, 3, 1, 3, 1, 3, 3, 1, 1, 1, 1, 3, 1, 3, -2, 3 ], 
          [ 1, 3, 1, 3, 1, 1, 1, 3, 1, 1, 3, 3, 3, 1, 3, 3, -2 ] ] ], 
  [ 397, 
      [ [ -2, 1, 3, 1, 1, 1, 3, 3, 1, 1, 1, 1, 3, 1, 3, 1 ], 
          [ 1, -2, 1, 1, 3, 3, 3, 3, 1, 1, 1, 1, 3, 1, 1, 1 ], 
          [ 3, 1, -2, 3, 1, 3, 1, 3, 1, 3, 3, 3, 3, 1, 1, 3 ], 
          [ 1, 1, 3, -2, 1, 1, 3, 3, 3, 3, 1, 3, 3, 3, 1, 1 ], 
          [ 1, 3, 1, 1, -2, 1, 3, 3, 3, 3, 3, 3, 3, 1, 1, 3 ], 
          [ 1, 3, 3, 1, 1, -2, 3, 3, 1, 1, 1, 3, 3, 1, 3, 1 ], 
          [ 3, 3, 1, 3, 3, 3, -2, 3, 1, 3, 3, 3, 1, 3, 3, 3 ], 
          [ 3, 3, 3, 3, 3, 3, 3, -2, 3, 3, 1, 1, 1, 3, 1, 3 ], 
          [ 1, 1, 1, 3, 3, 1, 1, 3, -2, 1, 1, 1, 3, 1, 3, 1 ], 
          [ 1, 1, 3, 3, 3, 1, 3, 3, 1, -2, 1, 1, 3, 1, 3, 1 ], 
          [ 1, 1, 3, 1, 3, 1, 3, 1, 1, 1, -2, 1, 3, 3, 1, 1 ], 
          [ 1, 1, 3, 3, 3, 3, 3, 1, 1, 1, 1, -2, 1, 1, 3, 1 ], 
          [ 3, 3, 3, 3, 3, 3, 1, 1, 3, 3, 3, 1, -2, 3, 3, 3 ], 
          [ 1, 1, 1, 3, 1, 1, 3, 3, 1, 1, 3, 1, 3, -2, 3, 1 ], 
          [ 3, 1, 1, 1, 1, 3, 3, 1, 3, 3, 1, 3, 3, 3, -2, 3 ], 
          [ 1, 1, 3, 1, 3, 1, 3, 3, 1, 1, 1, 1, 3, 1, 3, -2 ] ] ], 
  [ 701, 
      [ [ -2, 1, 3, 1, 1, 1, 3, 3, 1, 1, 1, 1, 3, 1, 3, 1, 1 ], 
          [ 1, -2, 1, 1, 3, 3, 3, 3, 1, 1, 1, 1, 3, 1, 1, 1, 3 ], 
          [ 3, 1, -2, 3, 1, 3, 1, 3, 1, 3, 3, 3, 3, 1, 1, 3, 1 ], 
          [ 1, 1, 3, -2, 1, 1, 3, 3, 3, 3, 1, 3, 3, 3, 1, 1, 3 ], 
          [ 1, 3, 1, 1, -2, 1, 3, 3, 3, 3, 3, 3, 3, 1, 1, 3, 1 ], 
          [ 1, 3, 3, 1, 1, -2, 3, 3, 1, 1, 1, 3, 3, 1, 3, 1, 1 ], 
          [ 3, 3, 1, 3, 3, 3, -2, 3, 1, 3, 3, 3, 1, 3, 3, 3, 1 ], 
          [ 3, 3, 3, 3, 3, 3, 3, -2, 3, 3, 1, 1, 1, 3, 1, 3, 3 ], 
          [ 1, 1, 1, 3, 3, 1, 1, 3, -2, 1, 1, 1, 3, 1, 3, 1, 1 ], 
          [ 1, 1, 3, 3, 3, 1, 3, 3, 1, -2, 1, 1, 3, 1, 3, 1, 1 ], 
          [ 1, 1, 3, 1, 3, 1, 3, 1, 1, 1, -2, 1, 3, 3, 1, 1, 3 ], 
          [ 1, 1, 3, 3, 3, 3, 3, 1, 1, 1, 1, -2, 1, 1, 3, 1, 3 ], 
          [ 3, 3, 3, 3, 3, 3, 1, 1, 3, 3, 3, 1, -2, 3, 3, 3, 3 ], 
          [ 1, 1, 1, 3, 1, 1, 3, 3, 1, 1, 3, 1, 3, -2, 3, 1, 1 ], 
          [ 3, 1, 1, 1, 1, 3, 3, 1, 3, 3, 1, 3, 3, 3, -2, 3, 3 ], 
          [ 1, 1, 3, 1, 3, 1, 3, 3, 1, 1, 1, 1, 3, 1, 3, -2, 3 ], 
          [ 1, 3, 1, 3, 1, 1, 1, 3, 1, 1, 3, 3, 3, 1, 3, 3, -2 ] ] ], 
  [ 643, 
      [ [ -2, 1, 3, 1, 1, 1, 3, 3, 1, 1, 1, 1, 3, 1, 3, 1 ], 
          [ 1, -2, 1, 1, 3, 3, 3, 3, 1, 1, 1, 1, 3, 3, 3, 1 ], 
          [ 3, 1, -2, 3, 1, 3, 1, 3, 1, 3, 3, 3, 1, 3, 3, 1 ], 
          [ 1, 1, 3, -2, 1, 1, 3, 3, 3, 3, 1, 3, 3, 1, 3, 1 ], 
          [ 1, 3, 1, 1, -2, 1, 3, 3, 3, 3, 3, 3, 3, 1, 3, 1 ], 
          [ 1, 3, 3, 1, 1, -2, 3, 3, 1, 1, 1, 3, 1, 1, 1, 3 ], 
          [ 3, 3, 1, 3, 3, 3, -2, 3, 1, 3, 3, 3, 1, 3, 3, 3 ], 
          [ 3, 3, 3, 3, 3, 3, 3, -2, 3, 3, 1, 1, 1, 1, 1, 3 ], 
          [ 1, 1, 1, 3, 3, 1, 1, 3, -2, 1, 1, 1, 1, 3, 1, 3 ], 
          [ 1, 1, 3, 3, 3, 1, 3, 3, 1, -2, 1, 1, 3, 3, 1, 3 ], 
          [ 1, 1, 3, 1, 3, 1, 3, 1, 1, 1, -2, 1, 1, 1, 1, 3 ], 
          [ 1, 1, 3, 3, 3, 3, 3, 1, 1, 1, 1, -2, 3, 3, 1, 3 ], 
          [ 3, 3, 1, 3, 3, 1, 1, 1, 1, 3, 1, 3, -2, 1, 1, 3 ], 
          [ 1, 3, 3, 1, 1, 1, 3, 1, 3, 3, 1, 3, 1, -2, 1, 1 ], 
          [ 3, 3, 3, 3, 3, 1, 3, 1, 1, 1, 1, 1, 1, 1, -2, 3 ], 
          [ 1, 1, 1, 1, 1, 3, 3, 3, 3, 3, 3, 3, 3, 1, 3, -2 ] ] ], 
  [ 316, 
      [ [ -2, 1, 3, 1, 1, 1, 3, 3, 1, 1, 1, 3, 1, 1, 3 ], 
          [ 1, -2, 1, 1, 3, 3, 3, 3, 1, 1, 1, 1, 1, 1, 3 ], 
          [ 3, 1, -2, 3, 1, 3, 1, 3, 1, 3, 3, 1, 1, 1, 3 ], 
          [ 1, 1, 3, -2, 1, 1, 3, 3, 3, 3, 1, 3, 3, 1, 3 ], 
          [ 1, 3, 1, 1, -2, 1, 3, 3, 3, 3, 3, 3, 1, 1, 3 ], 
          [ 1, 3, 3, 1, 1, -2, 3, 3, 1, 1, 1, 3, 1, 1, 3 ], 
          [ 3, 3, 1, 3, 3, 3, -2, 3, 1, 3, 3, 1, 3, 3, 1 ], 
          [ 3, 3, 3, 3, 3, 3, 3, -2, 3, 3, 1, 3, 3, 3, 1 ], 
          [ 1, 1, 1, 3, 3, 1, 1, 3, -2, 1, 1, 1, 1, 1, 3 ], 
          [ 1, 1, 3, 3, 3, 1, 3, 3, 1, -2, 1, 1, 1, 3, 3 ], 
          [ 1, 1, 3, 1, 3, 1, 3, 1, 1, 1, -2, 1, 3, 3, 3 ], 
          [ 3, 1, 1, 3, 3, 3, 1, 3, 1, 1, 1, -2, 3, 3, 1 ], 
          [ 1, 1, 1, 3, 1, 1, 3, 3, 1, 1, 3, 3, -2, 1, 3 ], 
          [ 1, 1, 1, 1, 1, 1, 3, 3, 1, 3, 3, 3, 1, -2, 3 ], 
          [ 3, 3, 3, 3, 3, 3, 1, 1, 3, 3, 3, 1, 3, 3, -2 ] ] ], 
  [ 684, 
      [ [ -2, 1, 3, 1, 1, 1, 3, 3, 1, 1, 1, 3, 1, 1, 3, 3 ], 
          [ 1, -2, 1, 1, 3, 3, 3, 3, 1, 1, 1, 1, 1, 1, 3, 3 ], 
          [ 3, 1, -2, 3, 1, 3, 1, 3, 1, 3, 3, 1, 1, 1, 3, 1 ], 
          [ 1, 1, 3, -2, 1, 1, 3, 3, 3, 3, 1, 3, 3, 1, 3, 1 ], 
          [ 1, 3, 1, 1, -2, 1, 3, 3, 3, 3, 3, 3, 1, 1, 3, 1 ], 
          [ 1, 3, 3, 1, 1, -2, 3, 3, 1, 1, 1, 3, 1, 1, 3, 1 ], 
          [ 3, 3, 1, 3, 3, 3, -2, 3, 1, 3, 3, 1, 3, 3, 1, 1 ], 
          [ 3, 3, 3, 3, 3, 3, 3, -2, 3, 3, 1, 3, 3, 3, 1, 3 ], 
          [ 1, 1, 1, 3, 3, 1, 1, 3, -2, 1, 1, 1, 1, 1, 3, 3 ], 
          [ 1, 1, 3, 3, 3, 1, 3, 3, 1, -2, 1, 1, 1, 3, 3, 3 ], 
          [ 1, 1, 3, 1, 3, 1, 3, 1, 1, 1, -2, 1, 3, 3, 3, 3 ], 
          [ 3, 1, 1, 3, 3, 3, 1, 3, 1, 1, 1, -2, 3, 3, 1, 3 ], 
          [ 1, 1, 1, 3, 1, 1, 3, 3, 1, 1, 3, 3, -2, 1, 3, 3 ], 
          [ 1, 1, 1, 1, 1, 1, 3, 3, 1, 3, 3, 3, 1, -2, 3, 1 ], 
          [ 3, 3, 3, 3, 3, 3, 1, 1, 3, 3, 3, 1, 3, 3, -2, 3 ], 
          [ 3, 3, 1, 1, 1, 1, 1, 3, 3, 3, 3, 3, 3, 1, 3, -2 ] ] ], 
  [ 348, 
      [ [ -2, 1, 3, 1, 1, 1, 3, 3, 1, 1, 1, 3, 1, 1, 3 ], 
          [ 1, -2, 1, 1, 3, 3, 3, 3, 1, 1, 1, 1, 1, 1, 3 ], 
          [ 3, 1, -2, 3, 1, 3, 1, 3, 1, 3, 3, 1, 1, 1, 1 ], 
          [ 1, 1, 3, -2, 1, 1, 3, 3, 3, 3, 1, 3, 3, 1, 3 ], 
          [ 1, 3, 1, 1, -2, 1, 3, 3, 3, 3, 3, 3, 1, 1, 1 ], 
          [ 1, 3, 3, 1, 1, -2, 3, 3, 1, 1, 1, 3, 1, 3, 1 ], 
          [ 3, 3, 1, 3, 3, 3, -2, 3, 1, 3, 3, 1, 3, 1, 1 ], 
          [ 3, 3, 3, 3, 3, 3, 3, -2, 3, 3, 1, 3, 3, 3, 3 ], 
          [ 1, 1, 1, 3, 3, 1, 1, 3, -2, 1, 1, 1, 1, 3, 1 ], 
          [ 1, 1, 3, 3, 3, 1, 3, 3, 1, -2, 1, 1, 1, 3, 3 ], 
          [ 1, 1, 3, 1, 3, 1, 3, 1, 1, 1, -2, 1, 3, 3, 3 ], 
          [ 3, 1, 1, 3, 3, 3, 1, 3, 1, 1, 1, -2, 3, 3, 1 ], 
          [ 1, 1, 1, 3, 1, 1, 3, 3, 1, 1, 3, 3, -2, 1, 1 ], 
          [ 1, 1, 1, 1, 1, 3, 1, 3, 3, 3, 3, 3, 1, -2, 3 ], 
          [ 3, 3, 1, 3, 1, 1, 1, 3, 1, 3, 3, 1, 1, 3, -2 ] ] ], 
  [ 760, 
      [ [ -2, 1, 3, 1, 1, 1, 3, 3, 1, 1, 1, 1, 1, 3, 1, 1 ], 
          [ 1, -2, 1, 1, 3, 3, 3, 3, 1, 1, 1, 1, 1, 1, 1, 1 ], 
          [ 3, 1, -2, 3, 1, 3, 1, 3, 1, 3, 3, 1, 1, 1, 1, 3 ], 
          [ 1, 1, 3, -2, 1, 1, 3, 3, 3, 3, 1, 1, 3, 3, 1, 3 ], 
          [ 1, 3, 1, 1, -2, 1, 3, 3, 3, 3, 3, 1, 3, 3, 1, 3 ], 
          [ 1, 3, 3, 1, 1, -2, 3, 3, 1, 1, 1, 3, 3, 3, 1, 3 ], 
          [ 3, 3, 1, 3, 3, 3, -2, 3, 1, 3, 3, 3, 1, 1, 3, 3 ], 
          [ 3, 3, 3, 3, 3, 3, 3, -2, 3, 3, 1, 3, 3, 3, 3, 1 ], 
          [ 1, 1, 1, 3, 3, 1, 1, 3, -2, 1, 1, 3, 1, 1, 1, 1 ], 
          [ 1, 1, 3, 3, 3, 1, 3, 3, 1, -2, 1, 3, 1, 1, 1, 1 ], 
          [ 1, 1, 3, 1, 3, 1, 3, 1, 1, 1, -2, 3, 1, 3, 1, 1 ], 
          [ 1, 1, 1, 1, 1, 3, 3, 3, 3, 3, 3, -2, 1, 3, 1, 3 ], 
          [ 1, 1, 1, 3, 3, 3, 1, 3, 1, 1, 1, 1, -2, 1, 1, 1 ], 
          [ 3, 1, 1, 3, 3, 3, 1, 3, 1, 1, 3, 3, 1, -2, 1, 1 ], 
          [ 1, 1, 1, 1, 1, 1, 3, 3, 1, 1, 1, 1, 1, 1, -2, 3 ], 
          [ 1, 1, 3, 3, 3, 3, 3, 1, 1, 1, 1, 3, 1, 1, 3, -2 ] ] ], 
  [ 760, 
      [ [ -2, 1, 3, 1, 1, 1, 3, 3, 1, 1, 1, 1, 1, 3, 1, 1 ], 
          [ 1, -2, 1, 1, 3, 3, 3, 3, 1, 1, 1, 1, 1, 1, 1, 1 ], 
          [ 3, 1, -2, 3, 1, 3, 1, 3, 1, 3, 3, 1, 1, 1, 1, 3 ], 
          [ 1, 1, 3, -2, 1, 1, 3, 3, 3, 3, 1, 1, 3, 3, 1, 3 ], 
          [ 1, 3, 1, 1, -2, 1, 3, 3, 3, 3, 3, 1, 3, 3, 1, 3 ], 
          [ 1, 3, 3, 1, 1, -2, 3, 3, 1, 1, 1, 3, 3, 3, 1, 3 ], 
          [ 3, 3, 1, 3, 3, 3, -2, 3, 1, 3, 3, 3, 1, 1, 3, 3 ], 
          [ 3, 3, 3, 3, 3, 3, 3, -2, 3, 3, 1, 3, 3, 3, 3, 1 ], 
          [ 1, 1, 1, 3, 3, 1, 1, 3, -2, 1, 1, 3, 1, 1, 1, 1 ], 
          [ 1, 1, 3, 3, 3, 1, 3, 3, 1, -2, 1, 3, 1, 1, 1, 1 ], 
          [ 1, 1, 3, 1, 3, 1, 3, 1, 1, 1, -2, 3, 1, 3, 1, 1 ], 
          [ 1, 1, 1, 1, 1, 3, 3, 3, 3, 3, 3, -2, 1, 3, 1, 3 ], 
          [ 1, 1, 1, 3, 3, 3, 1, 3, 1, 1, 1, 1, -2, 1, 1, 1 ], 
          [ 3, 1, 1, 3, 3, 3, 1, 3, 1, 1, 3, 3, 1, -2, 1, 1 ], 
          [ 1, 1, 1, 1, 1, 1, 3, 3, 1, 1, 1, 1, 1, 1, -2, 3 ], 
          [ 1, 1, 3, 3, 3, 3, 3, 1, 1, 1, 1, 3, 1, 1, 3, -2 ] ] ], 
  [ 650, 
      [ [ -2, 1, 3, 1, 1, 1, 3, 3, 1, 1, 1, 1, 1, 3, 1, 3 ], 
          [ 1, -2, 1, 1, 3, 3, 3, 3, 1, 1, 1, 1, 1, 1, 1, 3 ], 
          [ 3, 1, -2, 3, 1, 3, 1, 3, 1, 3, 3, 1, 1, 1, 1, 3 ], 
          [ 1, 1, 3, -2, 1, 1, 3, 3, 3, 3, 1, 1, 3, 3, 1, 3 ], 
          [ 1, 3, 1, 1, -2, 1, 3, 3, 3, 3, 3, 1, 3, 3, 1, 3 ], 
          [ 1, 3, 3, 1, 1, -2, 3, 3, 1, 1, 1, 3, 3, 3, 1, 1 ], 
          [ 3, 3, 1, 3, 3, 3, -2, 3, 1, 3, 3, 3, 1, 1, 3, 3 ], 
          [ 3, 3, 3, 3, 3, 3, 3, -2, 3, 3, 1, 3, 3, 3, 3, 1 ], 
          [ 1, 1, 1, 3, 3, 1, 1, 3, -2, 1, 1, 3, 1, 1, 1, 1 ], 
          [ 1, 1, 3, 3, 3, 1, 3, 3, 1, -2, 1, 3, 1, 1, 1, 1 ], 
          [ 1, 1, 3, 1, 3, 1, 3, 1, 1, 1, -2, 3, 1, 3, 1, 1 ], 
          [ 1, 1, 1, 1, 1, 3, 3, 3, 3, 3, 3, -2, 1, 3, 1, 3 ], 
          [ 1, 1, 1, 3, 3, 3, 1, 3, 1, 1, 1, 1, -2, 1, 1, 3 ], 
          [ 3, 1, 1, 3, 3, 3, 1, 3, 1, 1, 3, 3, 1, -2, 1, 3 ], 
          [ 1, 1, 1, 1, 1, 1, 3, 3, 1, 1, 1, 1, 1, 1, -2, 3 ], 
          [ 3, 3, 3, 3, 3, 1, 3, 1, 1, 1, 1, 3, 3, 3, 3, -2 ] ] ], 
  [ 650, 
      [ [ -2, 1, 3, 1, 1, 1, 3, 3, 1, 1, 1, 1, 1, 3, 1, 1 ], 
          [ 1, -2, 1, 1, 3, 3, 3, 3, 1, 1, 1, 1, 1, 1, 1, 1 ], 
          [ 3, 1, -2, 3, 1, 3, 1, 3, 1, 3, 3, 1, 1, 1, 1, 1 ], 
          [ 1, 1, 3, -2, 1, 1, 3, 3, 3, 3, 1, 1, 3, 3, 1, 1 ], 
          [ 1, 3, 1, 1, -2, 1, 3, 3, 3, 3, 3, 1, 3, 3, 1, 1 ], 
          [ 1, 3, 3, 1, 1, -2, 3, 3, 1, 1, 1, 3, 3, 3, 1, 3 ], 
          [ 3, 3, 1, 3, 3, 3, -2, 3, 1, 3, 3, 3, 1, 1, 3, 1 ], 
          [ 3, 3, 3, 3, 3, 3, 3, -2, 3, 3, 1, 3, 3, 3, 3, 3 ], 
          [ 1, 1, 1, 3, 3, 1, 1, 3, -2, 1, 1, 3, 1, 1, 1, 3 ], 
          [ 1, 1, 3, 3, 3, 1, 3, 3, 1, -2, 1, 3, 1, 1, 1, 3 ], 
          [ 1, 1, 3, 1, 3, 1, 3, 1, 1, 1, -2, 3, 1, 3, 1, 3 ], 
          [ 1, 1, 1, 1, 1, 3, 3, 3, 3, 3, 3, -2, 1, 3, 1, 1 ], 
          [ 1, 1, 1, 3, 3, 3, 1, 3, 1, 1, 1, 1, -2, 1, 1, 1 ], 
          [ 3, 1, 1, 3, 3, 3, 1, 3, 1, 1, 3, 3, 1, -2, 1, 1 ], 
          [ 1, 1, 1, 1, 1, 1, 3, 3, 1, 1, 1, 1, 1, 1, -2, 1 ], 
          [ 1, 1, 1, 1, 1, 3, 1, 3, 3, 3, 3, 1, 1, 1, 1, -2 ] ] ], 
  [ 1845, 
      [ [ -2, 1, 3, 1, 1, 1, 3, 3, 1, 1, 1, 1, 1, 3, 1, 1, 3 ], 
          [ 1, -2, 1, 1, 3, 3, 3, 3, 1, 1, 1, 1, 1, 1, 1, 1, 3 ], 
          [ 3, 1, -2, 3, 1, 3, 1, 3, 1, 3, 3, 1, 1, 1, 1, 1, 1 ], 
          [ 1, 1, 3, -2, 1, 1, 3, 3, 3, 3, 1, 1, 3, 3, 1, 1, 1 ], 
          [ 1, 3, 1, 1, -2, 1, 3, 3, 3, 3, 3, 1, 3, 3, 1, 1, 1 ], 
          [ 1, 3, 3, 1, 1, -2, 3, 3, 1, 1, 1, 3, 3, 3, 1, 3, 1 ], 
          [ 3, 3, 1, 3, 3, 3, -2, 3, 1, 3, 3, 3, 1, 1, 3, 1, 1 ], 
          [ 3, 3, 3, 3, 3, 3, 3, -2, 3, 3, 1, 3, 3, 3, 3, 3, 3 ], 
          [ 1, 1, 1, 3, 3, 1, 1, 3, -2, 1, 1, 3, 1, 1, 1, 3, 3 ], 
          [ 1, 1, 3, 3, 3, 1, 3, 3, 1, -2, 1, 3, 1, 1, 1, 3, 3 ], 
          [ 1, 1, 3, 1, 3, 1, 3, 1, 1, 1, -2, 3, 1, 3, 1, 3, 3 ], 
          [ 1, 1, 1, 1, 1, 3, 3, 3, 3, 3, 3, -2, 1, 3, 1, 1, 1 ], 
          [ 1, 1, 1, 3, 3, 3, 1, 3, 1, 1, 1, 1, -2, 1, 1, 1, 3 ], 
          [ 3, 1, 1, 3, 3, 3, 1, 3, 1, 1, 3, 3, 1, -2, 1, 1, 3 ], 
          [ 1, 1, 1, 1, 1, 1, 3, 3, 1, 1, 1, 1, 1, 1, -2, 1, 1 ], 
          [ 1, 1, 1, 1, 1, 3, 1, 3, 3, 3, 3, 1, 1, 1, 1, -2, 1 ], 
          [ 3, 3, 1, 1, 1, 1, 1, 3, 3, 3, 3, 1, 3, 3, 1, 1, -2 ] ] ], 
  [ 1845, 
      [ [ -2, 1, 3, 1, 1, 1, 3, 3, 1, 1, 1, 1, 1, 3, 1, 1, 1 ], 
          [ 1, -2, 1, 1, 3, 3, 3, 3, 1, 1, 1, 1, 1, 1, 1, 1, 1 ], 
          [ 3, 1, -2, 3, 1, 3, 1, 3, 1, 3, 3, 1, 1, 1, 1, 1, 3 ], 
          [ 1, 1, 3, -2, 1, 1, 3, 3, 3, 3, 1, 1, 3, 3, 1, 1, 3 ], 
          [ 1, 3, 1, 1, -2, 1, 3, 3, 3, 3, 3, 1, 3, 3, 1, 1, 3 ], 
          [ 1, 3, 3, 1, 1, -2, 3, 3, 1, 1, 1, 3, 3, 3, 1, 3, 3 ], 
          [ 3, 3, 1, 3, 3, 3, -2, 3, 1, 3, 3, 3, 1, 1, 3, 1, 3 ], 
          [ 3, 3, 3, 3, 3, 3, 3, -2, 3, 3, 1, 3, 3, 3, 3, 3, 1 ], 
          [ 1, 1, 1, 3, 3, 1, 1, 3, -2, 1, 1, 3, 1, 1, 1, 3, 1 ], 
          [ 1, 1, 3, 3, 3, 1, 3, 3, 1, -2, 1, 3, 1, 1, 1, 3, 1 ], 
          [ 1, 1, 3, 1, 3, 1, 3, 1, 1, 1, -2, 3, 1, 3, 1, 3, 1 ], 
          [ 1, 1, 1, 1, 1, 3, 3, 3, 3, 3, 3, -2, 1, 3, 1, 1, 3 ], 
          [ 1, 1, 1, 3, 3, 3, 1, 3, 1, 1, 1, 1, -2, 1, 1, 1, 1 ], 
          [ 3, 1, 1, 3, 3, 3, 1, 3, 1, 1, 3, 3, 1, -2, 1, 1, 1 ], 
          [ 1, 1, 1, 1, 1, 1, 3, 3, 1, 1, 1, 1, 1, 1, -2, 1, 3 ], 
          [ 1, 1, 1, 1, 1, 3, 1, 3, 3, 3, 3, 1, 1, 1, 1, -2, 3 ], 
          [ 1, 1, 3, 3, 3, 3, 3, 1, 1, 1, 1, 3, 1, 1, 3, 3, -2 ] ] ] ];
