random2Pro20261002182853:=[ [ rec(
          nopss := [ 0, 194 ],
          scons := [ [ [ 1, 3, 2, 2, 2, 3, 2, 2, 3, 4, 1, 1, 2, 1, 3, 3, -13, -12 ], [ 1, 1, 2, 2, 2, 1, 2, 2, 1, 0, 3, 3, 2, 3, 1, 1, -9, -8 ] ], 
              [ [ 1, 1, 2, 2, 3, 3, 3, 0, 2, 3, 2, 2, 3, 0, 2, 2, -11, -10 ], [ 1, 3, 2, 2, 1, 1, 1, 4, 2, 1, 2, 2, 1, 4, 2, 2, -11, -10 ] ], 
              [ [ 1, 2, 3, 3, 2, 2, 2, 0, 1, 3, 3, 3, 2, 0, 3, 1, -11, -11 ], [ 1, 2, 1, 1, 2, 2, 2, 4, 3, 1, 1, 1, 2, 4, 1, 3, -11, -9 ] ], 
              [ [ 1, 1, 1, 3, 3, 3, 1, 1, 1, 1, 3, 3, 1, -2, 3, 1, -10, -9 ], [ 1, 3, 3, 1, 1, 1, 3, 3, 3, 3, 1, 1, 3, 6, 1, 3, -12, -11 ] ], 
              [ [ 1, 2, 3, 2, 2, 2, 2, 1, 1, 3, 1, 3, 2, 0, 4, 3, -11, -12 ], [ 1, 2, 1, 2, 2, 2, 2, 3, 3, 1, 3, 1, 2, 4, 0, 1, -11, -8 ] ], 
              [ [ 1, 2, 2, 3, 2, 3, 3, 0, 2, 2, 2, 2, 2, 0, 3, 2, -12, -9 ], [ 1, 2, 2, 1, 2, 1, 1, 4, 2, 2, 2, 2, 2, 4, 1, 2, -10, -11 ] ], 
              [ [ 1, 2, 1, 2, 2, 2, 2, 3, 3, 4, 3, 1, 2, 1, 2, 1, -12, -11 ], [ 1, 2, 3, 2, 2, 2, 2, 1, 1, 0, 1, 3, 2, 3, 2, 3, -10, -9 ] ], 
              [ [ 1, 3, 3, 1, 1, 1, 3, 3, 3, 6, 1, 1, 3, 3, 3, 3, -13, -14 ], [ 1, 1, 1, 3, 3, 3, 1, 1, 1, -2, 3, 3, 1, 1, 1, 1, -9, -6 ] ], 
              [ [ 1, 2, 1, 1, 2, 2, 2, 4, 3, 4, 1, 1, 2, 1, 3, 3, -12, -12 ], [ 1, 2, 3, 3, 2, 2, 2, 0, 1, 0, 3, 3, 2, 3, 1, 1, -10, -8 ] ], 
              [ [ 1, 3, 2, 2, 1, 1, 1, 4, 2, 4, 2, 2, 1, 1, 4, 2, -12, -13 ], [ 1, 1, 2, 2, 3, 3, 3, 0, 2, 0, 2, 2, 3, 3, 0, 2, -10, -7 ] ], 
              [ [ 1, 1, 2, 2, 2, 1, 2, 2, 1, 3, 3, 3, 2, 0, 3, 1, -10, -11 ], [ 1, 3, 2, 2, 2, 3, 2, 2, 3, 1, 1, 1, 2, 4, 1, 3, -12, -9 ] ], 
              [ [ 1, 2, 2, 2, 2, 2, 2, 2, 2, 4, 2, 1, 3, 2, 3, 1, -11, -12 ], [ 1, 2, 2, 2, 2, 2, 2, 2, 2, 0, 2, 3, 1, 2, 1, 3, -11, -8 ] ], 
              [ [ 1, 2, 2, 2, 2, 2, 2, 2, 2, 4, 3, 1, 2, 2, 3, 2, -11, -13 ], [ 1, 2, 2, 2, 2, 2, 2, 2, 2, 0, 1, 3, 2, 2, 1, 2, -11, -7 ] ], 
              [ [ 1, 2, 3, 1, 2, 2, 2, 3, 3, 4, 1, 1, 2, 2, 4, 3, -12, -14 ], [ 1, 2, 1, 3, 2, 2, 2, 1, 1, 0, 3, 3, 2, 2, 0, 1, -10, -6 ] ], 
              [ [ 1, 1, 2, 3, 2, 2, 0, 2, 1, 3, 3, 3, 2, 1, 4, 1, -10, -13 ], [ 1, 3, 2, 1, 2, 2, 4, 2, 3, 1, 1, 1, 2, 3, 0, 3, -12, -7 ] ], 
              [ [ 1, 2, 3, 2, 1, 1, 4, 1, 2, 4, 2, 2, 3, 2, 3, 2, -12, -11 ], [ 1, 2, 1, 2, 3, 3, 0, 3, 2, 0, 2, 2, 1, 2, 1, 2, -10, -9 ] ], 
              [ [ 1, 3, 1, 2, 1, 2, 2, 4, 3, 3, 1, 1, 1, 1, 4, 3, -13, -11 ], [ 1, 1, 3, 2, 3, 2, 2, 0, 1, 1, 3, 3, 3, 3, 0, 1, -9, -9 ] ], 
              [ [ 1, 2, 3, 1, 2, 2, 2, 3, 3, 4, 1, 2, 3, 2, 4, 3, -13, -14 ], [ 1, 2, 1, 3, 2, 2, 2, 1, 1, 0, 3, 2, 1, 2, 0, 1, -9, -6 ] ], 
              [ [ 1, 1, 1, 2, 2, 2, 3, 2, 2, 2, 2, 2, 2, 0, 3, 2, -11, -9 ], [ 1, 3, 3, 2, 2, 2, 1, 2, 2, 2, 2, 2, 2, 4, 1, 2, -11, -11 ] ], 
              [ [ 1, 2, 2, 1, 2, 2, 2, 2, 2, 3, 2, 2, 2, 1, 4, 2, -11, -12 ], [ 1, 2, 2, 3, 2, 2, 2, 2, 2, 1, 2, 2, 2, 3, 0, 2, -11, -8 ] ], 
              [ [ 1, 3, 3, 1, 1, 1, 1, 3, 1, 3, 1, 3, 1, 1, 6, 3, -11, -14 ], [ 1, 1, 1, 3, 3, 3, 3, 1, 3, 1, 3, 1, 3, 3, -2, 1, -11, -6 ] ], 
              [ [ 1, 2, 1, 1, 1, 3, 1, 3, 2, 2, 4, 2, 3, 2, 2, 2, -12, -10 ], [ 1, 2, 3, 3, 3, 1, 3, 1, 2, 2, 0, 2, 1, 2, 2, 2, -10, -10 ] ], 
              [ [ 1, 2, 2, 2, 2, 2, 2, 2, 2, 3, 4, 3, 4, 2, 1, 2, -13, -11 ], [ 1, 2, 2, 2, 2, 2, 2, 2, 2, 1, 0, 1, 0, 2, 3, 2, -9, -9 ] ], 
              [ [ 1, 1, 1, 3, 3, 3, 1, 1, 1, 1, 6, 3, 3, 1, 1, 1, -11, -10 ], [ 1, 3, 3, 1, 1, 1, 3, 3, 3, 3, -2, 1, 1, 3, 3, 3, -11, -10 ] ], 
              [ [ 1, 1, 2, 2, 3, 3, 1, 2, 2, 1, 4, 3, 3, 1, 2, 2, -12, -11 ], [ 1, 3, 2, 2, 1, 1, 3, 2, 2, 3, 0, 1, 1, 3, 2, 2, -10, -9 ] ], 
              [ [ 1, 3, 2, 2, 2, 2, 2, 2, 1, 2, 4, 2, 3, 2, 2, 2, -12, -11 ], [ 1, 1, 2, 2, 2, 2, 2, 2, 3, 2, 0, 2, 1, 2, 2, 2, -10, -9 ] ], 
              [ [ 1, 2, 2, 1, 3, 3, 3, 2, 3, 2, 4, 2, 4, 2, 1, 3, -14, -11 ], [ 1, 2, 2, 3, 1, 1, 1, 2, 1, 2, 0, 2, 0, 2, 3, 1, -8, -9 ] ], 
              [ [ 1, 2, 3, 2, 2, 2, 2, 1, 1, 3, 4, 3, 4, 3, 2, 3, -12, -13 ], [ 1, 2, 1, 2, 2, 2, 2, 3, 3, 1, 0, 1, 0, 1, 2, 1, -10, -7 ] ], 
              [ [ 1, 1, 1, 2, 3, 3, 1, 2, 1, 1, 4, 3, 3, 1, 2, 3, -11, -11 ], [ 1, 3, 3, 2, 1, 1, 3, 2, 3, 3, 0, 1, 1, 3, 2, 1, -11, -9 ] ], 
              [ [ 1, 2, 1, 2, 2, 3, 3, 2, 3, 2, 3, 2, 4, 2, 1, 3, -14, -9 ], [ 1, 2, 3, 2, 2, 1, 1, 2, 1, 2, 1, 2, 0, 2, 3, 1, -8, -11 ] ], 
              [ [ 1, 1, 3, 1, 3, 3, 3, 1, 3, 3, 3, 3, 6, 3, 1, 3, -14, -12 ], [ 1, 3, 1, 3, 1, 1, 1, 3, 1, 1, 1, 1, -2, 1, 3, 1, -8, -8 ] ], 
              [ [ 1, 1, 2, 2, 3, 3, 1, 2, 2, 1, 4, 4, 4, 1, 2, 2, -13, -11 ], [ 1, 3, 2, 2, 1, 1, 3, 2, 2, 3, 0, 0, 0, 3, 2, 2, -9, -9 ] ], 
              [ [ 1, 3, 2, 1, 2, 2, 2, 2, 1, 1, 4, 3, 2, 1, 3, 3, -12, -11 ], [ 1, 1, 2, 3, 2, 2, 2, 2, 3, 3, 0, 1, 2, 3, 1, 1, -10, -9 ] ], 
              [ [ 1, 2, 3, 1, 2, 2, 2, 1, 1, 2, 3, 4, 4, 2, 3, 3, -12, -12 ], [ 1, 2, 1, 3, 2, 2, 2, 3, 3, 2, 1, 0, 0, 2, 1, 1, -10, -8 ] ], 
              [ [ 1, 2, 1, 3, 2, 2, 2, 3, 3, 2, 3, 0, 3, 2, 1, 3, -12, -10 ], [ 1, 2, 3, 1, 2, 2, 2, 1, 1, 2, 1, 4, 1, 2, 3, 1, -10, -10 ] ], 
              [ [ 1, 1, 2, 3, 2, 2, 2, 2, 3, 3, 3, 1, 4, 3, 1, 4, -12, -12 ], [ 1, 3, 2, 1, 2, 2, 2, 2, 1, 1, 1, 3, 0, 1, 3, 0, -10, -8 ] ], 
              [ [ 1, 3, 2, 2, 1, 1, 3, 2, 2, 3, 2, 0, 3, 3, 2, 4, -11, -11 ], [ 1, 1, 2, 2, 3, 3, 1, 2, 2, 1, 2, 4, 1, 1, 2, 0, -11, -9 ] ], 
              [ [ 1, 3, 1, 3, 1, 1, 1, 3, 1, 1, 3, 1, 1, 1, 3, 3, -10, -10 ], [ 1, 1, 3, 1, 3, 3, 3, 1, 3, 3, 1, 3, 3, 3, 1, 1, -12, -10 ] ], 
              [ [ 1, 2, 3, 2, 2, 1, 1, 2, 1, 2, 3, 2, 3, 2, 3, 3, -10, -13 ], [ 1, 2, 1, 2, 2, 3, 3, 2, 3, 2, 1, 2, 1, 2, 1, 1, -12, -7 ] ], 
              [ [ 1, 3, 3, 2, 1, 1, 3, 2, 3, 3, 3, 1, 3, 3, 2, 4, -13, -12 ], [ 1, 1, 1, 2, 3, 3, 1, 2, 1, 1, 1, 3, 1, 1, 2, 0, -9, -8 ] ], 
              [ [ 1, 2, 1, 2, 2, 2, 2, 3, 3, 1, 3, 1, 2, 1, 2, 4, -12, -10 ], [ 1, 2, 3, 2, 2, 2, 2, 1, 1, 3, 1, 3, 2, 3, 2, 0, -10, -10 ] ], 
              [ [ 1, 2, 2, 3, 1, 1, 1, 2, 1, 2, 3, 2, 2, 2, 3, 4, -10, -12 ], [ 1, 2, 2, 1, 3, 3, 3, 2, 3, 2, 1, 2, 2, 2, 1, 0, -12, -8 ] ], 
              [ [ 1, 1, 2, 2, 2, 2, 2, 2, 3, 2, 2, 2, 4, 2, 2, 4, -12, -11 ], [ 1, 3, 2, 2, 2, 2, 2, 2, 1, 2, 2, 2, 0, 2, 2, 0, -10, -9 ] ], 
              [ [ 1, 3, 2, 2, 1, 1, 3, 2, 2, 3, 2, 1, 4, 3, 2, 4, -12, -11 ], [ 1, 1, 2, 2, 3, 3, 1, 2, 2, 1, 2, 3, 0, 1, 2, 0, -10, -9 ] ], 
              [ [ 1, 3, 3, 1, 1, 1, 3, 3, 3, 3, 1, 1, 3, 3, 3, 6, -13, -13 ], [ 1, 1, 1, 3, 3, 3, 1, 1, 1, 1, 3, 3, 1, 1, 1, -2, -9, -7 ] ], 
              [ [ 1, 2, 2, 2, 2, 2, 2, 2, 2, 1, 2, 1, 3, 2, 3, 4, -11, -11 ], [ 1, 2, 2, 2, 2, 2, 2, 2, 2, 3, 2, 3, 1, 2, 1, 0, -11, -9 ] ], 
              [ [ 1, 2, 3, 3, 3, 1, 3, 1, 2, 2, 2, 2, 4, 2, 2, 4, -12, -12 ], [ 1, 2, 1, 1, 1, 3, 1, 3, 2, 2, 2, 2, 0, 2, 2, 0, -10, -8 ] ], 
              [ [ 1, 1, 1, 1, 3, 6, 1, 1, 3, 1, 3, 3, 3, 1, 1, 1, -13, -8 ], [ 1, 3, 3, 3, 1, -2, 3, 3, 1, 3, 1, 1, 1, 3, 3, 3, -9, -12 ] ], 
              [ [ 1, 1, 1, 2, 2, 4, 2, 1, 2, 1, 2, 1, 2, 1, 1, 2, -10, -7 ], [ 1, 3, 3, 2, 2, 0, 2, 3, 2, 3, 2, 3, 2, 3, 3, 2, -12, -13 ] ], 
              [ [ 1, 2, 2, 1, 1, 3, 3, 1, 3, 2, 2, 2, 2, 1, 1, 2, -12, -7 ], [ 1, 2, 2, 3, 3, 1, 1, 3, 1, 2, 2, 2, 2, 3, 3, 2, -10, -13 ] ], 
              [ [ 1, 2, 2, 1, 2, 4, 1, 1, 2, 2, 2, 1, 2, 2, 2, 2, -10, -10 ], [ 1, 2, 2, 3, 2, 0, 3, 3, 2, 2, 2, 3, 2, 2, 2, 2, -12, -10 ] ], 
              [ [ 1, 3, 2, 1, 1, 3, 3, 1, 2, 1, 2, 1, 1, 1, 2, 2, -11, -7 ], [ 1, 1, 2, 3, 3, 1, 1, 3, 2, 3, 2, 3, 3, 3, 2, 2, -11, -13 ] ], 
              [ [ 1, 2, 2, 2, 1, 4, 1, 1, 3, 2, 2, 2, 2, 2, 2, 2, -12, -9 ], [ 1, 2, 2, 2, 3, 0, 3, 3, 1, 2, 2, 2, 2, 2, 2, 2, -10, -11 ] ], 
              [ [ 1, 2, 3, 1, 1, 3, 3, 0, 2, 2, 1, 2, 3, 2, 2, 2, -11, -8 ], [ 1, 2, 1, 3, 3, 1, 1, 4, 2, 2, 3, 2, 1, 2, 2, 2, -11, -12 ] ], 
              [ [ 1, 2, 3, 1, 1, 3, 3, 0, 2, 2, 2, 2, 2, 2, 2, 3, -11, -9 ], [ 1, 2, 1, 3, 3, 1, 1, 4, 2, 2, 2, 2, 2, 2, 2, 1, -11, -11 ] ], 
              [ [ 1, 3, 0, 2, 1, 4, 1, 2, 2, 1, 2, 1, 1, 1, 2, 2, -11, -7 ], [ 1, 1, 4, 2, 3, 0, 3, 2, 2, 3, 2, 3, 3, 3, 2, 2, -11, -13 ] ], 
              [ [ 1, 2, 4, 1, 0, 3, 2, 1, 1, 2, 1, 2, 2, 2, 3, 3, -10, -10 ], [ 1, 2, 0, 3, 4, 1, 2, 3, 3, 2, 3, 2, 2, 2, 1, 1, -12, -10 ] ], 
              [ [ 1, 2, 0, 1, 1, 4, 2, 3, 3, 2, 3, 2, 2, 2, 1, 1, -13, -7 ], [ 1, 2, 4, 3, 3, 0, 2, 1, 1, 2, 1, 2, 2, 2, 3, 3, -9, -13 ] ], 
              [ [ 1, 1, 2, 0, 2, 4, 2, 2, 3, 3, 3, 3, 4, 3, 1, 1, -13, -10 ], [ 1, 3, 2, 4, 2, 0, 2, 2, 1, 1, 1, 1, 0, 1, 3, 3, -9, -10 ] ], 
              [ [ 1, 2, 2, 0, 1, 3, 1, 2, 1, 2, 3, 4, 2, 2, 3, 1, -11, -10 ], [ 1, 2, 2, 4, 3, 1, 3, 2, 3, 2, 1, 0, 2, 2, 1, 3, -11, -10 ] ], 
              [ [ 1, 3, 3, -2, 1, 3, 3, 3, 3, 3, 1, 3, 3, 3, 3, 3, -14, -11 ], [ 1, 1, 1, 6, 3, 1, 1, 1, 1, 1, 3, 1, 1, 1, 1, 1, -8, -9 ] ], 
              [ [ 1, 3, 1, 1, 0, 2, 2, 3, 2, 3, 2, 0, 1, 3, 2, 2, -10, -9 ], [ 1, 1, 3, 3, 4, 2, 2, 1, 2, 1, 2, 4, 3, 1, 2, 2, -12, -11 ] ], 
              [ [ 1, 1, 1, 1, 1, 3, 1, 3, 3, 2, 2, 2, 2, 2, 2, 2, -11, -9 ], [ 1, 3, 3, 3, 3, 1, 3, 1, 1, 2, 2, 2, 2, 2, 2, 2, -11, -11 ] ], 
              [ [ 1, 3, 1, 1, 0, 2, 2, 3, 2, 3, 2, 1, 2, 3, 2, 2, -11, -9 ], [ 1, 1, 3, 3, 4, 2, 2, 1, 2, 1, 2, 3, 2, 1, 2, 2, -11, -11 ] ], 
              [ [ 1, 3, 2, 0, 0, 2, 2, 4, 3, 3, 0, 1, 2, 3, 3, 3, -12, -10 ], [ 1, 1, 2, 4, 4, 2, 2, 0, 1, 1, 4, 3, 2, 1, 1, 1, -10, -10 ] ], 
              [ [ 1, 3, 2, 0, 0, 2, 2, 4, 3, 3, 1, 1, 1, 3, 3, 4, -12, -11 ], [ 1, 1, 2, 4, 4, 2, 2, 0, 1, 1, 3, 3, 3, 1, 1, 0, -10, -9 ] ], 
              [ [ 1, 2, 1, 1, 1, 3, 1, 3, 2, 1, 2, 1, 1, 2, 3, 2, -10, -9 ], [ 1, 2, 3, 3, 3, 1, 3, 1, 2, 3, 2, 3, 3, 2, 1, 2, -12, -11 ] ], 
              [ [ 1, 1, 4, 0, 0, 3, 3, 2, 2, 3, 2, 3, 3, 3, 2, 2, -12, -10 ], [ 1, 3, 0, 4, 4, 1, 1, 2, 2, 1, 2, 1, 1, 1, 2, 2, -10, -10 ] ], 
              [ [ 1, 2, 2, 0, 0, 3, 3, 3, 1, 2, 2, 2, 2, 2, 2, 2, -11, -8 ], [ 1, 2, 2, 4, 4, 1, 1, 1, 3, 2, 2, 2, 2, 2, 2, 2, -11, -12 ] ], 
              [ [ 1, 3, 3, 1, -2, 1, 3, 3, 1, 3, 1, 1, 1, 3, 3, 3, -10, -9 ], [ 1, 1, 1, 3, 6, 3, 1, 1, 3, 1, 3, 3, 3, 1, 1, 1, -12, -11 ] ], 
              [ [ 1, 1, 3, 0, 0, 2, 2, 3, 1, 2, 1, 2, 2, 2, 3, 3, -9, -10 ], [ 1, 3, 1, 4, 4, 2, 2, 1, 3, 2, 3, 2, 2, 2, 1, 1, -13, -10 ] ], 
              [ [ 1, 1, 2, 3, 3, 3, 3, 0, 2, 2, 2, 2, 3, 1, 0, 2, -11, -8 ], [ 1, 3, 2, 1, 1, 1, 1, 4, 2, 2, 2, 2, 1, 3, 4, 2, -11, -12 ] ], 
              [ [ 1, 2, 3, 2, 3, 3, 2, 0, 2, 3, 2, 2, 3, 2, 1, 2, -11, -11 ], [ 1, 2, 1, 2, 1, 1, 2, 4, 2, 1, 2, 2, 1, 2, 3, 2, -11, -9 ] ], 
              [ [ 1, 2, 2, 3, 3, 3, 0, 1, 1, 1, 3, 3, 1, 0, 2, 1, -10, -10 ], [ 1, 2, 2, 1, 1, 1, 4, 3, 3, 3, 1, 1, 3, 4, 2, 3, -12, -10 ] ], 
              [ [ 1, 3, 3, 2, 2, 2, 4, 0, 2, 2, 2, 2, 2, 1, 1, 2, -12, -8 ], [ 1, 1, 1, 2, 2, 2, 0, 4, 2, 2, 2, 2, 2, 3, 3, 2, -10, -12 ] ], 
              [ [ 1, 3, 1, 3, 2, 3, 2, 1, 2, 2, 2, 2, 2, 1, 1, 2, -12, -8 ], [ 1, 1, 3, 1, 2, 1, 2, 3, 2, 2, 2, 2, 2, 3, 3, 2, -10, -12 ] ], 
              [ [ 1, 3, 3, 3, 2, 3, 2, 0, 2, 2, 2, 2, 2, 2, 2, 2, -12, -10 ], [ 1, 1, 1, 1, 2, 1, 2, 4, 2, 2, 2, 2, 2, 2, 2, 2, -10, -10 ] ], 
              [ [ 1, 1, 3, 3, 3, 3, 3, -2, 1, 1, 3, 3, 3, 1, 1, 1, -10, -8 ], [ 1, 3, 1, 1, 1, 1, 1, 6, 3, 3, 1, 1, 1, 3, 3, 3, -12, -12 ] ], 
              [ [ 1, 2, 1, 3, 3, 4, 1, 1, 2, 0, 2, 2, 1, 0, 2, 2, -11, -8 ], [ 1, 2, 3, 1, 1, 0, 3, 3, 2, 4, 2, 2, 3, 4, 2, 2, -11, -12 ] ], 
              [ [ 1, 1, 3, 2, 4, 4, 1, 0, 2, 1, 2, 3, 3, 1, 2, 2, -11, -11 ], [ 1, 3, 1, 2, 0, 0, 3, 4, 2, 3, 2, 1, 1, 3, 2, 2, -11, -9 ] ], 
              [ [ 1, 4, 2, 0, 3, 3, 3, 2, 4, 3, 2, 3, 3, 3, 2, 2, -16, -11 ], [ 1, 0, 2, 4, 1, 1, 1, 2, 0, 1, 2, 1, 1, 1, 2, 2, -6, -9 ] ], 
              [ [ 1, 2, 0, 2, 4, 3, 1, 2, 3, 2, 3, 1, 2, 2, 1, 1, -11, -10 ], [ 1, 2, 4, 2, 0, 1, 3, 2, 1, 2, 1, 3, 2, 2, 3, 3, -11, -10 ] ], 
              [ [ 1, 3, 0, 2, 3, 2, 3, 2, 3, 1, 3, 1, 1, 1, 1, 1, -12, -7 ], [ 1, 1, 4, 2, 1, 2, 1, 2, 1, 3, 1, 3, 3, 3, 3, 3, -10, -13 ] ], 
              [ [ 1, 3, 1, 2, 3, 2, 0, 3, 2, 2, 2, 2, 1, 2, 3, 2, -11, -12 ], [ 1, 1, 3, 2, 1, 2, 4, 1, 2, 2, 2, 2, 3, 2, 1, 2, -11, -8 ] ], 
              [ [ 1, 2, 0, 3, 3, 3, 1, 2, 4, 2, 3, 2, 2, 2, 1, 1, -13, -9 ], [ 1, 2, 4, 1, 1, 1, 3, 2, 0, 2, 1, 2, 2, 2, 3, 3, -9, -11 ] ], 
              [ [ 1, 4, 0, 3, 2, 2, 2, 2, 3, 3, 3, 1, 2, 3, 1, 1, -13, -9 ], [ 1, 0, 4, 1, 2, 2, 2, 2, 1, 1, 1, 3, 2, 1, 3, 3, -9, -11 ] ], 
              [ [ 1, 4, 1, 2, 2, 2, 2, 3, 4, 3, 1, 1, 2, 3, 2, 2, -14, -10 ], [ 1, 0, 3, 2, 2, 2, 2, 1, 0, 1, 3, 3, 2, 1, 2, 2, -8, -10 ] ], 
              [ [ 1, 4, 1, 2, 2, 2, 2, 3, 4, 3, 2, 1, 1, 3, 2, 3, -14, -11 ], [ 1, 0, 3, 2, 2, 2, 2, 1, 0, 1, 2, 3, 3, 1, 2, 1, -8, -9 ] ], 
              [ [ 1, 2, 1, 2, 3, 2, 3, 1, 3, 2, 2, 2, 3, 2, 1, 1, -12, -8 ], [ 1, 2, 3, 2, 1, 2, 1, 3, 1, 2, 2, 2, 1, 2, 3, 3, -10, -12 ] ], 
              [ [ 1, 2, 1, 2, 3, 2, 3, 1, 3, 2, 3, 2, 2, 2, 1, 2, -12, -9 ], [ 1, 2, 3, 2, 1, 2, 1, 3, 1, 2, 1, 2, 2, 2, 3, 2, -10, -11 ] ], 
              [ [ 1, 4, 2, 1, 2, 1, 4, 2, 3, 3, 1, 1, 2, 3, 2, 3, -13, -10 ], [ 1, 0, 2, 3, 2, 3, 0, 2, 1, 1, 3, 3, 2, 1, 2, 1, -9, -10 ] ], 
              [ [ 1, 3, -2, 3, 3, 3, 1, 3, 3, 1, 3, 1, 1, 1, 1, 1, -12, -7 ], [ 1, 1, 6, 1, 1, 1, 3, 1, 1, 3, 1, 3, 3, 3, 3, 3, -10, -13 ] ], 
              [ [ 1, 2, 0, 2, 4, 3, 1, 2, 3, 2, 3, 2, 3, 2, 1, 1, -12, -10 ], [ 1, 2, 4, 2, 0, 1, 3, 2, 1, 2, 1, 2, 1, 2, 3, 3, -10, -10 ] ], 
              [ [ 1, 2, 1, 1, 4, 3, 1, 3, 4, 2, 1, 2, 3, 2, 2, 2, -13, -11 ], [ 1, 2, 3, 3, 0, 1, 3, 1, 0, 2, 3, 2, 1, 2, 2, 2, -9, -9 ] ], 
              [ [ 1, 2, 1, 1, 4, 3, 1, 3, 4, 2, 2, 2, 2, 2, 2, 3, -13, -12 ], [ 1, 2, 3, 3, 0, 1, 3, 1, 0, 2, 2, 2, 2, 2, 2, 1, -9, -8 ] ], 
              [ [ 1, 3, 1, 1, 3, 3, 3, 3, 6, 3, 1, 1, 3, 3, 1, 3, -16, -10 ], [ 1, 1, 3, 3, 1, 1, 1, 1, -2, 1, 3, 3, 1, 1, 3, 1, -6, -10 ] ], 
              [ [ 1, 4, 0, 2, 2, 2, 2, 3, 3, 3, 1, 1, 2, 3, 2, 3, -13, -10 ], [ 1, 0, 4, 2, 2, 2, 2, 1, 1, 1, 3, 3, 2, 1, 2, 1, -9, -10 ] ], 
              [ [ 1, 2, 2, 1, 3, 2, 3, 2, 4, 2, 1, 3, 3, 2, 2, 3, -14, -10 ], [ 1, 2, 2, 3, 1, 2, 1, 2, 0, 2, 3, 1, 1, 2, 2, 1, -8, -10 ] ], 
              [ [ 1, 3, 0, 3, 3, 3, 1, 2, 3, 1, 3, 1, 1, 2, 2, 1, -12, -9 ], [ 1, 1, 4, 1, 1, 1, 3, 2, 1, 3, 1, 3, 3, 2, 2, 3, -10, -11 ] ], 
              [ [ 1, 3, 0, 2, 3, 2, 0, 2, 1, 1, 3, 3, 1, 1, 3, 1, -10, -10 ], [ 1, 1, 4, 2, 1, 2, 4, 2, 3, 3, 1, 1, 3, 3, 1, 3, -12, -10 ] ], 
              [ [ 1, 4, 0, 2, 2, 2, 2, 2, 3, 2, 2, 2, 2, 2, 2, 1, -13, -8 ], [ 1, 0, 4, 2, 2, 2, 2, 2, 1, 2, 2, 2, 2, 2, 2, 3, -9, -12 ] ], 
              [ [ 1, 4, 0, 2, 2, 2, 2, 2, 3, 2, 3, 2, 1, 2, 2, 2, -13, -9 ], [ 1, 0, 4, 2, 2, 2, 2, 2, 1, 2, 1, 2, 3, 2, 2, 2, -9, -11 ] ], 
              [ [ 1, 4, 1, 1, 2, 2, 2, 3, 4, 2, 1, 2, 1, 2, 3, 3, -14, -10 ], [ 1, 0, 3, 3, 2, 2, 2, 1, 0, 2, 3, 2, 3, 2, 1, 1, -8, -10 ] ], 
              [ [ 1, 3, 3, 0, 3, 2, 2, 2, 4, 3, 1, 3, 3, 3, 3, 3, -14, -13 ], [ 1, 1, 1, 4, 1, 2, 2, 2, 0, 1, 3, 1, 1, 1, 1, 1, -8, -7 ] ], 
              [ [ 1, 6, 1, 1, 1, 1, 3, 3, 3, 3, 1, 1, 1, 3, 3, 3, -14, -10 ], [ 1, -2, 3, 3, 3, 3, 1, 1, 1, 1, 3, 3, 3, 1, 1, 1, -8, -10 ] ], 
              [ [ 1, 4, 1, 1, 2, 1, 4, 1, 2, 2, 2, 2, 2, 2, 2, 2, -12, -8 ], [ 1, 0, 3, 3, 2, 3, 0, 3, 2, 2, 2, 2, 2, 2, 2, 2, -10, -12 ] ], 
              [ [ 1, 4, 1, 0, 3, 2, 2, 3, 3, 2, 1, 2, 2, 2, 3, 3, -13, -11 ], [ 1, 0, 3, 4, 1, 2, 2, 1, 1, 2, 3, 2, 2, 2, 1, 1, -9, -9 ] ], 
              [ [ 1, 4, 1, 1, 2, 2, 2, 3, 4, 2, 1, 3, 2, 2, 3, 3, -15, -10 ], [ 1, 0, 3, 3, 2, 2, 2, 1, 0, 2, 3, 1, 2, 2, 1, 1, -7, -10 ] ], 
              [ [ 1, 4, 1, 2, 2, 2, 2, 1, 2, 2, 2, 2, 2, 3, 3, 2, -12, -10 ], [ 1, 0, 3, 2, 2, 2, 2, 3, 2, 2, 2, 2, 2, 1, 1, 2, -10, -10 ] ], 
              [ [ 1, 0, 3, 1, 4, 4, 2, 1, 3, 2, 3, 4, 4, 2, 1, 1, -13, -11 ], [ 1, 4, 1, 3, 0, 0, 2, 3, 1, 2, 1, 0, 0, 2, 3, 3, -9, -9 ] ], 
              [ [ 1, 3, 1, 2, 2, 3, 3, 2, 2, 2, 3, 2, 2, 2, 1, 1, -13, -8 ], [ 1, 1, 3, 2, 2, 1, 1, 2, 2, 2, 1, 2, 2, 2, 3, 3, -9, -12 ] ], 
              [ [ 1, 2, 3, 1, 3, 3, 3, 1, 2, 3, 3, 3, 4, 3, 1, 1, -13, -11 ], [ 1, 2, 1, 3, 1, 1, 1, 3, 2, 1, 1, 1, 0, 1, 3, 3, -9, -9 ] ], 
              [ [ 1, 1, 1, 1, 4, 4, 2, 2, 2, 1, 3, 3, 3, 1, 1, 1, -12, -9 ], [ 1, 3, 3, 3, 0, 0, 2, 2, 2, 3, 1, 1, 1, 3, 3, 3, -10, -11 ] ], 
              [ [ 1, 1, 1, 2, 3, 4, 2, 2, 3, 1, 3, 4, 3, 1, 1, 1, -14, -8 ], [ 1, 3, 3, 2, 1, 0, 2, 2, 1, 3, 1, 0, 1, 3, 3, 3, -8, -12 ] ], 
              [ [ 1, 3, 3, 1, 2, 2, 2, 1, 0, 2, 3, 4, 2, 2, 3, 1, -11, -11 ], [ 1, 1, 1, 3, 2, 2, 2, 3, 4, 2, 1, 0, 2, 2, 1, 3, -11, -9 ] ], 
              [ [ 1, 2, 2, 1, 3, 4, 1, 2, 3, 2, 3, 4, 3, 2, 2, 1, -14, -11 ], [ 1, 2, 2, 3, 1, 0, 3, 2, 1, 2, 1, 0, 1, 2, 2, 3, -8, -9 ] ], 
              [ [ 1, 2, 3, 0, 3, 3, 3, 1, 2, 2, 2, 4, 4, 2, 2, 1, -13, -10 ], [ 1, 2, 1, 4, 1, 1, 1, 3, 2, 2, 2, 0, 0, 2, 2, 3, -9, -10 ] ], 
              [ [ 1, 2, 3, 0, 3, 3, 3, 1, 2, 2, 3, 4, 3, 2, 2, 2, -13, -11 ], [ 1, 2, 1, 4, 1, 1, 1, 3, 2, 2, 1, 0, 1, 2, 2, 2, -9, -9 ] ], 
              [ [ 1, 1, 3, 1, 3, 3, 1, 1, 1, 1, 3, 6, 3, 1, 3, 1, -12, -11 ], [ 1, 3, 1, 3, 1, 1, 3, 3, 3, 3, 1, -2, 1, 3, 1, 3, -10, -9 ] ], 
              [ [ 1, 2, 1, 3, 2, 2, 2, 3, 3, 3, 3, 1, 2, 2, 0, 1, -12, -9 ], [ 1, 2, 3, 1, 2, 2, 2, 1, 1, 1, 1, 3, 2, 2, 4, 3, -10, -11 ] ], 
              [ [ 1, 2, 1, 2, 2, 2, 2, 4, 3, 3, 1, 1, 2, 2, 1, 3, -12, -10 ], [ 1, 2, 3, 2, 2, 2, 2, 0, 1, 1, 3, 3, 2, 2, 3, 1, -10, -10 ] ], 
              [ [ 1, 1, 2, 2, 3, 3, 3, 2, 4, 3, 2, 0, 3, 3, 0, 2, -12, -10 ], [ 1, 3, 2, 2, 1, 1, 1, 2, 0, 1, 2, 4, 1, 1, 4, 2, -10, -10 ] ], 
              [ [ 1, 1, 1, 3, 3, 3, 1, 3, 3, 1, 3, 1, 1, 1, 1, 1, -11, -9 ], [ 1, 3, 3, 1, 1, 1, 3, 1, 1, 3, 1, 3, 3, 3, 3, 3, -11, -11 ] ], 
              [ [ 1, 0, 1, 4, 3, 3, 1, 1, 2, 2, 4, 2, 3, 2, 0, 0, -10, -9 ], [ 1, 4, 3, 0, 1, 1, 3, 3, 2, 2, 0, 2, 1, 2, 4, 4, -12, -11 ] ], 
              [ [ 1, 0, 2, 3, 3, 3, 1, 2, 3, 2, 2, 2, 3, 2, 1, 1, -11, -10 ], [ 1, 4, 2, 1, 1, 1, 3, 2, 1, 2, 2, 2, 1, 2, 3, 3, -11, -10 ] ], 
              [ [ 1, 2, 2, 3, 2, 2, 2, 2, 2, 3, 2, 1, 3, 3, 1, 1, -11, -10 ], [ 1, 2, 2, 1, 2, 2, 2, 2, 2, 1, 2, 3, 1, 1, 3, 3, -11, -10 ] ], 
              [ [ 1, 0, 2, 3, 3, 3, 1, 2, 3, 2, 3, 2, 2, 2, 1, 2, -11, -11 ], [ 1, 4, 2, 1, 1, 1, 3, 2, 1, 2, 1, 2, 2, 2, 3, 2, -11, -9 ] ], 
              [ [ 1, 2, 2, 3, 2, 2, 2, 2, 2, 3, 3, 1, 2, 3, 1, 2, -11, -11 ], [ 1, 2, 2, 1, 2, 2, 2, 2, 2, 1, 1, 3, 2, 1, 3, 2, -11, -9 ] ], 
              [ [ 1, 2, 3, 2, 2, 2, 2, 3, 3, 3, 1, 1, 2, 3, 2, 3, -12, -12 ], [ 1, 2, 1, 2, 2, 2, 2, 1, 1, 1, 3, 3, 2, 1, 2, 1, -10, -8 ] ], 
              [ [ 1, 0, 3, 2, 3, 2, 3, 1, 2, 2, 2, 2, 3, 2, 1, 2, -10, -10 ], [ 1, 4, 1, 2, 1, 2, 1, 3, 2, 2, 2, 2, 1, 2, 3, 2, -12, -10 ] ], 
              [ [ 1, 1, 0, 3, 3, 3, 1, 3, 2, 1, 2, 1, 2, 1, 1, 1, -10, -8 ], [ 1, 3, 4, 1, 1, 1, 3, 1, 2, 3, 2, 3, 2, 3, 3, 3, -12, -12 ] ], 
              [ [ 1, 1, 0, 3, 3, 3, 1, 3, 2, 1, 3, 1, 1, 1, 1, 2, -10, -9 ], [ 1, 3, 4, 1, 1, 1, 3, 1, 2, 3, 1, 3, 3, 3, 3, 2, -12, -11 ] ], 
              [ [ 1, 2, 0, 3, 2, 3, 3, 3, 4, 2, 2, 0, 2, 2, 0, 2, -13, -7 ], [ 1, 2, 4, 1, 2, 1, 1, 1, 0, 2, 2, 4, 2, 2, 4, 2, -9, -13 ] ], 
              [ [ 1, 1, 2, 2, 3, 3, 3, 2, 4, 3, 2, 1, 4, 3, 0, 2, -13, -10 ], [ 1, 3, 2, 2, 1, 1, 1, 2, 0, 1, 2, 3, 0, 1, 4, 2, -9, -10 ] ], 
              [ [ 1, 0, 1, 3, 3, 3, 1, 2, 2, 2, 2, 2, 3, 2, 1, 2, -10, -10 ], [ 1, 4, 3, 1, 1, 1, 3, 2, 2, 2, 2, 2, 1, 2, 3, 2, -12, -10 ] ], 
              [ [ 1, 1, 1, 3, 2, 2, 3, 2, 2, 1, 2, 2, 2, 1, 1, 2, -11, -7 ], [ 1, 3, 3, 1, 2, 2, 1, 2, 2, 3, 2, 2, 2, 3, 3, 2, -11, -13 ] ], 
              [ [ 1, 3, 2, 2, 1, 1, 3, 2, 2, 4, 2, 1, 2, 3, 1, 2, -11, -10 ], [ 1, 1, 2, 2, 3, 3, 1, 2, 2, 0, 2, 3, 2, 1, 3, 2, -11, -10 ] ], 
              [ [ 1, 3, 2, 1, 2, 2, 1, 4, 3, 4, 1, 1, 2, 3, 2, 3, -12, -13 ], [ 1, 1, 2, 3, 2, 2, 3, 0, 1, 0, 3, 3, 2, 1, 2, 1, -10, -7 ] ], 
              [ [ 1, 1, 2, 1, 3, 2, 2, 2, 2, 3, 2, 2, 3, 2, 1, 2, -10, -11 ], [ 1, 3, 2, 3, 1, 2, 2, 2, 2, 1, 2, 2, 1, 2, 3, 2, -12, -9 ] ], 
              [ [ 1, 3, 1, 3, 1, 1, 1, 3, 1, 2, 3, 2, 0, 1, 2, 1, -10, -9 ], [ 1, 1, 3, 1, 3, 3, 3, 1, 3, 2, 1, 2, 4, 3, 2, 3, -12, -11 ] ], 
              [ [ 1, 2, 3, 2, 2, 1, 1, 2, 1, 3, 3, 3, 2, 2, 2, 1, -10, -12 ], [ 1, 2, 1, 2, 2, 3, 3, 2, 3, 1, 1, 1, 2, 2, 2, 3, -12, -8 ] ], 
              [ [ 1, 1, 1, 2, 3, 2, 0, 3, 1, 1, 3, 3, 1, 0, 2, 1, -9, -10 ], [ 1, 3, 3, 2, 1, 2, 4, 1, 3, 3, 1, 1, 3, 4, 2, 3, -13, -10 ] ], 
              [ [ 1, 2, 1, 2, 2, 2, 2, 3, 3, 2, 2, 2, 2, 1, 1, 1, -12, -8 ], [ 1, 2, 3, 2, 2, 2, 2, 1, 1, 2, 2, 2, 2, 3, 3, 3, -10, -12 ] ], 
              [ [ 1, 2, 1, 2, 2, 2, 2, 3, 3, 2, 3, 2, 1, 1, 1, 2, -12, -9 ], [ 1, 2, 3, 2, 2, 2, 2, 1, 1, 2, 1, 2, 3, 3, 3, 2, -10, -11 ] ], 
              [ [ 1, 4, 2, 1, 1, 1, 3, 4, 3, 3, 1, 1, 1, 2, 2, 3, -13, -10 ], [ 1, 0, 2, 3, 3, 3, 1, 0, 1, 1, 3, 3, 3, 2, 2, 1, -9, -10 ] ], 
              [ [ 1, 2, 2, 1, 2, 1, 4, 2, 2, 2, 2, 2, 2, 1, 1, 2, -11, -8 ], [ 1, 2, 2, 3, 2, 3, 0, 2, 2, 2, 2, 2, 2, 3, 3, 2, -11, -12 ] ], 
              [ [ 1, 2, 3, 1, 2, 1, 1, 3, 1, 3, 1, 3, 2, 2, 3, 3, -10, -13 ], [ 1, 2, 1, 3, 2, 3, 3, 1, 3, 1, 3, 1, 2, 2, 1, 1, -12, -7 ] ], 
              [ [ 1, 1, 2, 2, 2, 2, 2, 2, 3, 3, 2, 3, 3, 2, 1, 2, -12, -10 ], [ 1, 3, 2, 2, 2, 2, 2, 2, 1, 1, 2, 1, 1, 2, 3, 2, -10, -10 ] ], 
              [ [ 1, 3, 2, 2, 1, 1, 3, 2, 2, 4, 2, 2, 3, 3, 1, 2, -12, -10 ], [ 1, 1, 2, 2, 3, 3, 1, 2, 2, 0, 2, 2, 1, 1, 3, 2, -10, -10 ] ], 
              [ [ 1, 3, 3, 1, 1, 1, 3, 3, 3, 4, 0, 2, 3, 3, 2, 3, -13, -11 ], [ 1, 1, 1, 3, 3, 3, 1, 1, 1, 0, 4, 2, 1, 1, 2, 1, -9, -9 ] ], 
              [ [ 1, 3, 3, 1, 1, 1, 3, 3, 3, 4, 1, 2, 2, 3, 2, 4, -13, -12 ], [ 1, 1, 1, 3, 3, 3, 1, 1, 1, 0, 3, 2, 2, 1, 2, 0, -9, -8 ] ], 
              [ [ 1, 2, 0, 2, 2, 2, 2, 3, 2, 2, 2, 2, 2, 1, 1, 2, -11, -8 ], [ 1, 2, 4, 2, 2, 2, 2, 1, 2, 2, 2, 2, 2, 3, 3, 2, -11, -12 ] ], 
              [ [ 1, 2, 1, 3, 2, 2, 2, 1, 1, 2, 3, 1, 2, 2, 1, 0, -9, -8 ], [ 1, 2, 3, 1, 2, 2, 2, 3, 3, 2, 1, 3, 2, 2, 3, 4, -13, -12 ] ], 
              [ [ 1, 2, 1, 3, 2, 2, 2, 1, 1, 2, 4, 1, 1, 2, 1, 1, -9, -9 ], [ 1, 2, 3, 1, 2, 2, 2, 3, 3, 2, 0, 3, 3, 2, 3, 3, -13, -11 ] ], 
              [ [ 1, 2, 2, 2, 2, 2, 2, 2, 2, 2, 2, 1, 1, 2, 2, 2, -10, -10 ], [ 1, 2, 2, 2, 2, 2, 2, 2, 2, 2, 2, 3, 3, 2, 2, 2, -12, -10 ] ], 
              [ [ 1, 1, 4, 1, 3, 2, 2, 1, 2, 3, 2, 2, 3, 3, 2, 2, -10, -13 ], [ 1, 3, 0, 3, 1, 2, 2, 3, 2, 1, 2, 2, 1, 1, 2, 2, -12, -7 ] ], 
              [ [ 1, 4, 2, 2, 1, 1, 3, 2, 1, 3, 2, 0, 1, 3, 2, 2, -10, -10 ], [ 1, 0, 2, 2, 3, 3, 1, 2, 3, 1, 2, 4, 3, 1, 2, 2, -12, -10 ] ], 
              [ [ 1, 2, 1, 2, 3, 3, 0, 3, 2, 2, 2, 1, 2, 2, 2, 1, -10, -11 ], [ 1, 2, 3, 2, 1, 1, 4, 1, 2, 2, 2, 3, 2, 2, 2, 3, -12, -9 ] ], 
              [ [ 1, 2, 1, 2, 3, 3, 0, 3, 2, 2, 3, 1, 1, 2, 2, 2, -10, -12 ], [ 1, 2, 3, 2, 1, 1, 4, 1, 2, 2, 1, 3, 3, 2, 2, 2, -12, -8 ] ], 
              [ [ 1, 2, 2, 1, 3, 2, 2, 2, 1, 2, 2, 1, 2, 2, 2, 2, -9, -11 ], [ 1, 2, 2, 3, 1, 2, 2, 2, 3, 2, 2, 3, 2, 2, 2, 2, -13, -9 ] ], 
              [ [ 1, 3, 1, 2, 2, 3, 2, 3, 4, 3, 2, 0, 2, 3, 1, 2, -13, -10 ], [ 1, 1, 3, 2, 2, 1, 2, 1, 0, 1, 2, 4, 2, 1, 3, 2, -9, -10 ] ], 
              [ [ 1, 1, 1, 2, 3, 3, 3, 1, 3, 2, 3, 1, 3, 2, 0, 1, -11, -8 ], [ 1, 3, 3, 2, 1, 1, 1, 3, 1, 2, 1, 3, 1, 2, 4, 3, -11, -12 ] ], 
              [ [ 1, 3, 2, 1, 2, 2, 4, 2, 3, 3, 1, 0, 3, 3, 1, 2, -12, -9 ], [ 1, 1, 2, 3, 2, 2, 0, 2, 1, 1, 3, 4, 1, 1, 3, 2, -10, -11 ] ], 
              [ [ 1, 3, 2, 1, 2, 2, 4, 2, 3, 3, 2, 0, 2, 3, 1, 3, -12, -10 ], [ 1, 1, 2, 3, 2, 2, 0, 2, 1, 1, 2, 4, 2, 1, 3, 1, -10, -10 ] ], 
              [ [ 1, 1, 2, 2, 3, 3, 0, 2, 2, 3, 2, 2, 3, 3, 2, 2, -10, -13 ], [ 1, 3, 2, 2, 1, 1, 4, 2, 2, 1, 2, 2, 1, 1, 2, 2, -12, -7 ] ], 
              [ [ 1, 2, 3, 1, 2, 2, 4, 1, 3, 4, 1, 1, 4, 4, 1, 3, -12, -11 ], [ 1, 2, 1, 3, 2, 2, 0, 3, 1, 0, 3, 3, 0, 0, 3, 1, -10, -9 ] ], 
              [ [ 1, 1, 3, 2, 3, 2, 0, 2, 1, 1, 3, 3, 1, 1, 3, 1, -9, -12 ], [ 1, 3, 1, 2, 1, 2, 4, 2, 3, 3, 1, 1, 3, 3, 1, 3, -13, -8 ] ], 
              [ [ 1, 2, 2, 3, 2, 2, 2, 1, 2, 2, 4, 2, 2, 2, 1, 0, -11, -9 ], [ 1, 2, 2, 1, 2, 2, 2, 3, 2, 2, 0, 2, 2, 2, 3, 4, -11, -11 ] ], 
              [ [ 1, 2, 3, 2, 2, 2, 2, 2, 3, 2, 2, 2, 2, 2, 2, 1, -12, -10 ], [ 1, 2, 1, 2, 2, 2, 2, 2, 1, 2, 2, 2, 2, 2, 2, 3, -10, -10 ] ], 
              [ [ 1, 2, 3, 2, 2, 2, 2, 2, 3, 2, 3, 2, 1, 2, 2, 2, -12, -11 ], [ 1, 2, 1, 2, 2, 2, 2, 2, 1, 2, 1, 2, 3, 2, 2, 2, -10, -9 ] ], 
              [ [ 1, 2, 4, 1, 2, 1, 4, 1, 2, 2, 2, 2, 2, 2, 2, 2, -11, -10 ], [ 1, 2, 0, 3, 2, 3, 0, 3, 2, 2, 2, 2, 2, 2, 2, 2, -11, -10 ] ], 
              [ [ 1, 1, 0, 3, 3, 3, 1, 2, 2, 0, 4, 2, 1, 0, 1, 0, -10, -7 ], [ 1, 3, 4, 1, 1, 1, 3, 2, 2, 4, 0, 2, 3, 4, 3, 4, -12, -13 ] ], 
              [ [ 1, 3, 1, 2, 2, 2, 2, 3, 2, 1, 2, 1, 1, 1, 2, 1, -11, -8 ], [ 1, 1, 3, 2, 2, 2, 2, 1, 2, 3, 2, 3, 3, 3, 2, 3, -11, -12 ] ], 
              [ [ 1, 3, 1, 2, 2, 2, 2, 3, 2, 1, 3, 1, 0, 1, 2, 2, -11, -9 ], [ 1, 1, 3, 2, 2, 2, 2, 1, 2, 3, 1, 3, 4, 3, 2, 2, -11, -11 ] ], 
              [ [ 1, 1, 1, 4, 2, 2, 0, 1, 0, 1, 4, 3, 1, 1, 2, 0, -8, -9 ], [ 1, 3, 3, 0, 2, 2, 4, 3, 4, 3, 0, 1, 3, 3, 2, 4, -14, -11 ] ], 
              [ [ 1, 3, 2, 3, 1, 1, 1, 2, 0, 2, 2, 2, 1, 2, 3, 1, -9, -10 ], [ 1, 1, 2, 1, 3, 3, 3, 2, 4, 2, 2, 2, 3, 2, 1, 3, -13, -10 ] ], 
              [ [ 1, 3, 2, 3, 1, 1, 1, 2, 0, 2, 3, 2, 0, 2, 3, 2, -9, -11 ], [ 1, 1, 2, 1, 3, 3, 3, 2, 4, 2, 1, 2, 4, 2, 1, 2, -13, -9 ] ], 
              [ [ 1, 1, 1, 3, 3, 3, -2, 3, 1, 1, 3, 3, 1, 1, 3, 1, -9, -12 ], [ 1, 3, 3, 1, 1, 1, 6, 1, 3, 3, 1, 1, 3, 3, 1, 3, -13, -8 ] ], 
              [ [ 1, 1, 2, 2, 3, 2, 0, 2, 0, 1, 2, 3, 2, 1, 3, 1, -8, -11 ], [ 1, 3, 2, 2, 1, 2, 4, 2, 4, 3, 2, 1, 2, 3, 1, 3, -14, -9 ] ], 
              [ [ 1, 1, 2, 2, 3, 2, 0, 2, 0, 1, 3, 3, 1, 1, 3, 2, -8, -12 ], [ 1, 3, 2, 2, 1, 2, 4, 2, 4, 3, 1, 1, 3, 3, 1, 2, -14, -8 ] ], 
              [ [ 1, 1, 4, 2, 2, 2, 2, 1, 3, 3, 2, 3, 3, 3, 2, 2, -12, -12 ], [ 1, 3, 0, 2, 2, 2, 2, 3, 1, 1, 2, 1, 1, 1, 2, 2, -10, -8 ] ], 
              [ [ 1, 4, 2, 3, 0, 1, 3, 2, 2, 3, 2, 1, 1, 3, 2, 2, -12, -9 ], [ 1, 0, 2, 1, 4, 3, 1, 2, 2, 1, 2, 3, 3, 1, 2, 2, -10, -11 ] ], 
              [ [ 1, 3, 4, 2, 1, 1, 3, 1, 2, 4, 2, 2, 3, 4, 2, 2, -12, -12 ], [ 1, 1, 0, 2, 3, 3, 1, 3, 2, 0, 2, 2, 1, 0, 2, 2, -10, -8 ] ], 
              [ [ 1, 2, 2, 3, 1, 1, 4, 0, 1, 2, 3, 2, 2, 2, 1, 1, -10, -7 ], [ 1, 2, 2, 1, 3, 3, 0, 4, 3, 2, 1, 2, 2, 2, 3, 3, -12, -13 ] ], 
              [ [ 1, 2, 1, 3, 2, 3, 0, 3, 3, 2, 2, 2, 2, 2, 2, 1, -12, -10 ], [ 1, 2, 3, 1, 2, 1, 4, 1, 1, 2, 2, 2, 2, 2, 2, 3, -10, -10 ] ], 
              [ [ 1, 2, 1, 3, 2, 3, 0, 3, 3, 2, 3, 2, 1, 2, 2, 2, -12, -11 ], [ 1, 2, 3, 1, 2, 1, 4, 1, 1, 2, 1, 2, 3, 2, 2, 2, -10, -9 ] ], 
              [ [ 1, 4, 2, 2, 1, 2, 1, 4, 3, 3, 1, 1, 1, 3, 3, 3, -13, -12 ], [ 1, 0, 2, 2, 3, 2, 3, 0, 1, 1, 3, 3, 3, 1, 1, 1, -9, -8 ] ], 
              [ [ 1, 0, 1, 3, 3, 3, 1, 1, 2, 1, 3, 3, 3, 1, 1, 0, -10, -8 ], [ 1, 4, 3, 1, 1, 1, 3, 3, 2, 3, 1, 1, 1, 3, 3, 4, -12, -12 ] ], 
              [ [ 1, 2, 1, 3, 2, 2, 2, 1, 1, 2, 3, 2, 3, 2, 1, 0, -10, -8 ], [ 1, 2, 3, 1, 2, 2, 2, 3, 3, 2, 1, 2, 1, 2, 3, 4, -12, -12 ] ], 
              [ [ 1, 2, 2, 2, 2, 2, 2, 2, 2, 2, 1, 2, 3, 2, 2, 1, -11, -9 ], [ 1, 2, 2, 2, 2, 2, 2, 2, 2, 2, 3, 2, 1, 2, 2, 3, -11, -11 ] ], 
              [ [ 1, 0, 1, 3, 3, 3, 1, 1, 2, 1, 4, 3, 2, 1, 1, 1, -10, -9 ], [ 1, 4, 3, 1, 1, 1, 3, 3, 2, 3, 0, 1, 2, 3, 3, 3, -12, -11 ] ], 
              [ [ 1, 0, 2, 2, 3, 3, 1, 2, 3, 1, 2, 3, 2, 1, 2, 2, -11, -10 ], [ 1, 4, 2, 2, 1, 1, 3, 2, 1, 3, 2, 1, 2, 3, 2, 2, -11, -10 ] ], 
              [ [ 1, 2, 1, 3, 2, 2, 2, 1, 1, 2, 4, 2, 2, 2, 1, 1, -10, -9 ], [ 1, 2, 3, 1, 2, 2, 2, 3, 3, 2, 0, 2, 2, 2, 3, 3, -12, -11 ] ], 
              [ [ 1, 3, 0, 3, 1, 2, 2, 3, 2, 1, 2, 1, 0, 1, 2, 2, -11, -7 ], [ 1, 1, 4, 1, 3, 2, 2, 1, 2, 3, 2, 3, 4, 3, 2, 2, -11, -13 ] ] ],
          slins := [  ] ), 
      [ [ [ -195611932, -126963327, -179003651, -96009749, -207694629, -102704295, -5341607, -169976465, -118426015, -207329187, -157100539, -98808861, 
                  -65895909, -61020797, -198760765, -132693787, -164728100, -223906200 ], 
              [ -126963327, -82406626, -116183761, -62315935, -134805857, -66661102, -3467070, -110324629, -76865417, -134568668, -101967380, -64132735, 
                  -42770293, -39606029, -129007274, -86125968, -106918165, -145328100 ], 
              [ -179003651, -116183761, -163805646, -87858231, -190060653, -93984402, -4888134, -155544927, -108371295, -189726240, -143762188, -90419697, 
                  -60301143, -55839921, -181885314, -121427640, -150742185, -204895800 ], 
              [ -96009749, -62315935, -87858231, -47123346, -101940273, -50409162, -2621796, -83427549, -58125669, -101760910, -77107794, -48497209, 
                  -32342919, -29950105, -97555380, -65128510, -80851575, -109897200 ], 
              [ -207694629, -134805857, -190060653, -101940273, -220523854, -109048354, -5671606, -180475891, -125741197, -220135840, -166804600, 
                  -104912293, -69966295, -64790027, -211038158, -140890240, -174903355, -237736800 ], 
              [ -102704295, -66661102, -93984402, -50409162, -109048354, -53924094, -2804615, -89244782, -62178658, -108856485, -82484361, -51878824, 
                  -34598126, -32038462, -104357713, -69669785, -86489195, -117560100 ], 
              [ -5341607, -3467070, -4888134, -2621796, -5671606, -2804615, -145890, -4641640, -3233940, -5661629, -4290021, -2698240, -1799460, -1666318, 
                  -5427651, -3623529, -4498335, -6114300 ], [ -169976465, -110324629, -155544927, -83427549, -180475891, -89244782, -4641640, -147700806, 
                  -102906147, -180158344, -136512264, -85859845, -57260163, -53023911, -172712838, -115304044, -143140275, -194562900 ], 
              [ -118426015, -76865417, -108371295, -58125669, -125741197, -62178658, -3233940, -102906147, -71696814, -125519958, -95110858, -59820305, 
                  -39894321, -36942827, -120332526, -80334658, -99728745, -135555900 ], 
              [ -207329187, -134568668, -189726240, -101760910, -220135840, -108856485, -5661629, -180158344, -125519958, -219748510, -166511107, 
                  -104727702, -69843190, -64676028, -210666835, -140642343, -174595615, -237318500 ], 
              [ -157100539, -101967380, -143762188, -77107794, -166804600, -82484361, -4290021, -136512264, -95110858, -166511107, -126171274, -79355838, 
                  -52922624, -49007280, -159629607, -106569607, -132297195, -179824500 ], 
              [ -98808861, -64132735, -90419697, -48497209, -104912293, -51878824, -2698240, -85859845, -59820305, -104727702, -79355838, -49911130, 
                  -33285865, -30823285, -100399562, -67027302, -83208775, -113101200 ], 
              [ -65895909, -42770293, -60301143, -32342919, -69966295, -34598126, -1799460, -57260163, -39894321, -69843190, -52922624, -33285865, 
                  -22198434, -20556133, -66956742, -44700690, -55492155, -75427500 ], [ -61020797, -39606029, -55839921, -29950105, -64790027, -32038462, 
                  -1666318, -53023911, -36942827, -64676028, -49007280, -30823285, -20556133, -19035346, -62003124, -41393628, -51386695, -69847200 ], 
              [ -198760765, -129007274, -181885314, -97555380, -211038158, -104357713, -5427651, -172712838, -120332526, -210666835, -159629607, 
                  -100399562, -66956742, -62003124, -201960486, -134829935, -167380005, -227510700 ], 
              [ -132693787, -86125968, -121427640, -65128510, -140890240, -69669785, -3623529, -115304044, -80334658, -140642343, -106569607, -67027302, 
                  -44700690, -41393628, -134829935, -90013210, -111743815, -151887400 ], 
              [ -164728100, -106918165, -150742185, -80851575, -174903355, -86489195, -4498335, -143140275, -99728745, -174595615, -132297195, -83208775, 
                  -55492155, -51386695, -167380005, -111743815, -138720570, -188555400 ], 
              [ -223906200, -145328100, -204895800, -109897200, -237736800, -117560100, -6114300, -194562900, -135555900, -237318500, -179824500, 
                  -113101200, -75427500, -69847200, -227510700, -151887400, -188555400, -256293300 ] ], 
          [ 1, 2, 2, 2, 2, 2, 2, 2, 2, 2, 2, 2, 2, 2, 2, 2, -11, -10 ] ] ], [ rec(
          nopss := [ 0, 257 ],
          scons := [ [ [ 1, 2, 2, 3, 2, 0, 2, 3, 2, 2, 2, 2, 1, -1, 1, 2, 2, -14 ], [ 1, 2, 2, 1, 2, 4, 2, 1, 2, 2, 2, 2, 3, -1, 3, 2, 2, -16 ] ], 
              [ [ 1, 2, 3, 2, 2, 2, 2, 2, 2, 2, 3, 2, 0, 0, 3, 2, 2, -16 ], [ 1, 2, 1, 2, 2, 2, 2, 2, 2, 2, 1, 2, 4, -2, 1, 2, 2, -14 ] ], 
              [ [ 1, 2, 2, 2, 2, 2, 2, 3, 2, 2, 2, 2, 1, -1, 2, 2, 1, -14 ], [ 1, 2, 2, 2, 2, 2, 2, 1, 2, 2, 2, 2, 3, -1, 2, 2, 3, -16 ] ], 
              [ [ 1, 3, 1, 3, 1, 1, 1, 3, 1, 3, 1, 3, 3, -3, 1, 3, 1, -13 ], [ 1, 1, 3, 1, 3, 3, 3, 1, 3, 1, 3, 1, 1, 1, 3, 1, 3, -17 ] ], 
              [ [ 1, 3, 2, 2, 2, 2, 1, 2, 2, 2, 2, 4, 1, -1, 2, 3, 2, -16 ], [ 1, 1, 2, 2, 2, 2, 3, 2, 2, 2, 2, 0, 3, -1, 2, 1, 2, -14 ] ], 
              [ [ 1, 3, 2, 2, 1, 2, 2, 1, 1, 4, 3, 2, 1, -1, 1, 2, 1, -13 ], [ 1, 1, 2, 2, 3, 2, 2, 3, 3, 0, 1, 2, 3, -1, 3, 2, 3, -17 ] ], 
              [ [ 1, 3, 2, 2, 2, 2, 2, 2, 2, 2, 1, 2, 1, -1, 2, 2, 1, -14 ], [ 1, 1, 2, 2, 2, 2, 2, 2, 2, 2, 3, 2, 3, -1, 2, 2, 3, -16 ] ], 
              [ [ 1, 2, 3, 1, 2, 3, 1, 2, 2, 0, 2, 3, 0, 0, 2, 1, 2, -14 ], [ 1, 2, 1, 3, 2, 1, 3, 2, 2, 4, 2, 1, 4, -2, 2, 3, 2, -16 ] ], 
              [ [ 1, 2, 1, 3, 3, 3, 2, 1, 3, 3, 3, 0, 0, 0, 3, 2, 1, -16 ], [ 1, 2, 3, 1, 1, 1, 2, 3, 1, 1, 1, 4, 4, -2, 1, 2, 3, -14 ] ], 
              [ [ 1, 1, 1, 2, 3, 4, 1, 2, 3, 1, 3, 1, 0, 0, 2, 1, 1, -14 ], [ 1, 3, 3, 2, 1, 0, 3, 2, 1, 3, 1, 3, 4, -2, 2, 3, 3, -16 ] ], 
              [ [ 1, 3, 3, 2, 1, 0, 3, 2, 1, 3, 1, 3, 1, -1, 2, 3, 3, -15 ], [ 1, 1, 1, 2, 3, 4, 1, 2, 3, 1, 3, 1, 3, -1, 2, 1, 1, -15 ] ], 
              [ [ 1, 2, 3, 1, 1, 1, 2, 3, 1, 1, 1, 4, 1, -1, 1, 2, 3, -13 ], [ 1, 2, 1, 3, 3, 3, 2, 1, 3, 3, 3, 0, 3, -1, 3, 2, 1, -17 ] ], 
              [ [ 1, 2, 1, 3, 2, 1, 3, 2, 2, 4, 2, 1, 1, -1, 2, 3, 2, -15 ], [ 1, 2, 3, 1, 2, 3, 1, 2, 2, 0, 2, 3, 3, -1, 2, 1, 2, -15 ] ], 
              [ [ 1, 1, 2, 2, 2, 2, 2, 2, 2, 2, 3, 2, 0, 0, 2, 2, 3, -15 ], [ 1, 3, 2, 2, 2, 2, 2, 2, 2, 2, 1, 2, 4, -2, 2, 2, 1, -15 ] ], 
              [ [ 1, 1, 2, 2, 3, 2, 2, 3, 3, 0, 1, 2, 0, 0, 3, 2, 3, -16 ], [ 1, 3, 2, 2, 1, 2, 2, 1, 1, 4, 3, 2, 4, -2, 1, 2, 1, -14 ] ], 
              [ [ 1, 1, 2, 2, 2, 2, 3, 2, 2, 2, 2, 0, 0, 0, 2, 1, 2, -13 ], [ 1, 3, 2, 2, 2, 2, 1, 2, 2, 2, 2, 4, 4, -2, 2, 3, 2, -17 ] ], 
              [ [ 1, 1, 3, 1, 3, 3, 3, 1, 3, 1, 3, 1, -2, 2, 3, 1, 3, -16 ], [ 1, 3, 1, 3, 1, 1, 1, 3, 1, 3, 1, 3, 6, -4, 1, 3, 1, -14 ] ], 
              [ [ 1, 2, 2, 2, 2, 2, 2, 1, 2, 2, 2, 2, 0, 0, 2, 2, 3, -15 ], [ 1, 2, 2, 2, 2, 2, 2, 3, 2, 2, 2, 2, 4, -2, 2, 2, 1, -15 ] ], 
              [ [ 1, 2, 1, 2, 2, 2, 2, 2, 2, 2, 1, 2, 1, -1, 1, 2, 2, -13 ], [ 1, 2, 3, 2, 2, 2, 2, 2, 2, 2, 3, 2, 3, -1, 3, 2, 2, -17 ] ], 
              [ [ 1, 2, 2, 1, 2, 4, 2, 1, 2, 2, 2, 2, 0, 0, 3, 2, 2, -15 ], [ 1, 2, 2, 3, 2, 0, 2, 3, 2, 2, 2, 2, 4, -2, 1, 2, 2, -15 ] ], 
              [ [ 1, 2, 1, 4, 2, 1, 1, 3, 2, 3, 2, 1, 2, -1, 4, 1, 2, -17 ], [ 1, 2, 3, 0, 2, 3, 3, 1, 2, 1, 2, 3, 2, -1, 0, 3, 2, -13 ] ], 
              [ [ 1, 2, 1, 4, 1, 1, 1, 2, 0, 4, 2, 2, 3, -2, 2, 2, 1, -14 ], [ 1, 2, 3, 0, 3, 3, 3, 2, 4, 0, 2, 2, 1, 0, 2, 2, 3, -16 ] ], 
              [ [ 1, 2, 2, 4, 2, 1, 1, 2, 1, 2, 1, 2, 2, -1, 4, 2, 2, -17 ], [ 1, 2, 2, 0, 2, 3, 3, 2, 3, 2, 3, 2, 2, -1, 0, 2, 2, -13 ] ], 
              [ [ 1, 1, 2, 3, 2, 2, 0, 3, 1, 0, 1, 3, 2, -1, 3, 1, 2, -15 ], [ 1, 3, 2, 1, 2, 2, 4, 1, 3, 4, 3, 1, 2, -1, 1, 3, 2, -15 ] ], 
              [ [ 1, 1, 1, 6, 3, 1, 1, 1, 1, 3, 1, 1, 3, -2, 3, 3, 1, -17 ], [ 1, 3, 3, -2, 1, 3, 3, 3, 3, 1, 3, 3, 1, 0, 1, 1, 3, -13 ] ], 
              [ [ 1, 0, 3, 3, 2, 2, 1, 2, 2, 1, 1, 2, 1, 0, 4, 2, 2, -16 ], [ 1, 4, 1, 1, 2, 2, 3, 2, 2, 3, 3, 2, 3, -2, 0, 2, 2, -14 ] ], 
              [ [ 1, 0, 3, 4, 3, 1, 2, 1, 1, 1, 1, 2, 1, 0, 3, 2, 3, -17 ], [ 1, 4, 1, 0, 1, 3, 2, 3, 3, 3, 3, 2, 3, -2, 1, 2, 1, -13 ] ], 
              [ [ 1, 1, 1, 4, 2, 1, 1, 2, 1, 2, 1, 2, 2, -1, 3, 2, 3, -16 ], [ 1, 3, 3, 0, 2, 3, 3, 2, 3, 2, 3, 2, 2, -1, 1, 2, 1, -14 ] ], 
              [ [ 1, 1, 2, 4, 1, 2, 1, 2, 1, 4, 1, 1, 3, -2, 3, 3, 1, -15 ], [ 1, 3, 2, 0, 3, 2, 3, 2, 3, 0, 3, 3, 1, 0, 1, 1, 3, -15 ] ], 
              [ [ 1, 0, 3, 3, 2, 3, 0, 3, 2, 0, 0, 2, 2, -1, 4, 2, 2, -16 ], [ 1, 4, 1, 1, 2, 1, 4, 1, 2, 4, 4, 2, 2, -1, 0, 2, 2, -14 ] ], 
              [ [ 1, 2, 3, 3, 1, 1, 2, 2, 0, 3, 1, 2, 2, -1, 3, 2, 3, -16 ], [ 1, 2, 1, 1, 3, 3, 2, 2, 4, 1, 3, 2, 2, -1, 1, 2, 1, -14 ] ], 
              [ [ 1, 0, 4, 2, 1, 2, 2, 2, 1, 2, 1, 2, 1, 0, 3, 2, 3, -15 ], [ 1, 4, 0, 2, 3, 2, 2, 2, 3, 2, 3, 2, 3, -2, 1, 2, 1, -15 ] ], 
              [ [ 1, 1, 1, 3, 3, 3, -2, 3, 1, 1, 1, 3, 3, -2, 3, 1, 1, -15 ], [ 1, 3, 3, 1, 1, 1, 6, 1, 3, 3, 3, 1, 1, 0, 1, 3, 3, -15 ] ], 
              [ [ 1, 1, 2, 3, 2, 1, 0, 3, 0, 2, 1, 4, 3, -2, 2, 3, 2, -15 ], [ 1, 3, 2, 1, 2, 3, 4, 1, 4, 2, 3, 0, 1, 0, 2, 1, 2, -15 ] ], 
              [ [ 1, 1, 2, 3, 1, 3, 0, 2, 1, 2, 0, 2, 3, -2, 2, 2, 1, -13 ], [ 1, 3, 2, 1, 3, 1, 4, 2, 3, 2, 4, 2, 1, 0, 2, 2, 3, -17 ] ], 
              [ [ 1, 2, 2, 2, 1, 2, 1, 3, 1, 2, 1, 3, 2, -1, 4, 1, 3, -16 ], [ 1, 2, 2, 2, 3, 2, 3, 1, 3, 2, 3, 1, 2, -1, 0, 3, 1, -14 ] ], 
              [ [ 1, 1, 0, 3, 2, 3, 1, 3, 2, 3, 2, 1, 2, -1, 4, 1, 2, -16 ], [ 1, 3, 4, 1, 2, 1, 3, 1, 2, 1, 2, 3, 2, -1, 0, 3, 2, -14 ] ], 
              [ [ 1, 1, 1, 3, 3, 3, 1, 3, 3, 1, 1, 1, 1, 0, 6, 1, 3, -19 ], [ 1, 3, 3, 1, 1, 1, 3, 1, 1, 3, 3, 3, 3, -2, -2, 3, 1, -11 ] ], 
              [ [ 1, 1, 3, 3, 0, 1, 1, 2, 0, 3, 0, 3, 3, -2, 2, 3, 3, -14 ], [ 1, 3, 1, 1, 4, 3, 3, 2, 4, 1, 4, 1, 1, 0, 2, 1, 1, -16 ] ], 
              [ [ 1, 1, 3, 3, 2, 1, 1, 2, 0, 2, 1, 2, 2, -1, 3, 2, 2, -15 ], [ 1, 3, 1, 1, 2, 3, 3, 2, 4, 2, 3, 2, 2, -1, 1, 2, 2, -15 ] ], 
              [ [ 1, 1, 2, 2, 2, 2, 0, 2, 0, 3, 2, 3, 2, -1, 2, 1, 2, -14 ], [ 1, 3, 2, 2, 2, 2, 4, 2, 4, 1, 2, 1, 2, -1, 2, 3, 2, -16 ] ], 
              [ [ 1, 1, 2, 3, 2, 1, 0, 3, 0, 2, 0, 2, 3, -2, 3, 1, 2, -14 ], [ 1, 3, 2, 1, 2, 3, 4, 1, 4, 2, 4, 2, 1, 0, 1, 3, 2, -16 ] ], 
              [ [ 1, 1, 2, 2, 0, 2, 1, 3, 1, 3, 1, 2, 2, -1, 3, 2, 3, -14 ], [ 1, 3, 2, 2, 4, 2, 3, 1, 3, 1, 3, 2, 2, -1, 1, 2, 1, -16 ] ], 
              [ [ 1, 1, 2, 2, 2, 2, 1, 3, 1, 2, 2, 1, 1, 0, 4, 1, 2, -15 ], [ 1, 3, 2, 2, 2, 2, 3, 1, 3, 2, 2, 3, 3, -2, 0, 3, 2, -15 ] ], 
              [ [ 1, 1, 3, 2, 3, 2, 0, 2, 1, 1, 1, 3, 1, 0, 4, 1, 3, -17 ], [ 1, 3, 1, 2, 1, 2, 4, 2, 3, 3, 3, 1, 3, -2, 0, 3, 1, -13 ] ], 
              [ [ 1, 1, 1, 4, 1, 2, 2, 2, 0, 3, 1, 1, 3, -2, 3, 3, 1, -14 ], [ 1, 3, 3, 0, 3, 2, 2, 2, 4, 1, 3, 3, 1, 0, 1, 1, 3, -16 ] ], 
              [ [ 1, 1, 2, 4, 2, 2, 1, 1, 0, 2, 0, 3, 3, -2, 3, 3, 2, -16 ], [ 1, 3, 2, 0, 2, 2, 3, 3, 4, 2, 4, 1, 1, 0, 1, 1, 2, -14 ] ], 
              [ [ 1, 1, 2, 3, 2, 3, 2, 1, 1, 2, 2, 2, 1, 0, 4, 3, 2, -17 ], [ 1, 3, 2, 1, 2, 1, 2, 3, 3, 2, 2, 2, 3, -2, 0, 1, 2, -13 ] ], 
              [ [ 1, 1, 1, 3, 2, 3, 1, 2, 1, 2, 1, 2, 2, -1, 4, 2, 2, -16 ], [ 1, 3, 3, 1, 2, 1, 3, 2, 3, 2, 3, 2, 2, -1, 0, 2, 2, -14 ] ], 
              [ [ 1, 1, 3, 3, 1, 1, 1, 1, -2, 3, 1, 3, 3, -2, 1, 3, 1, -12 ], [ 1, 3, 1, 1, 3, 3, 3, 3, 6, 1, 3, 1, 1, 0, 3, 1, 3, -18 ] ], 
              [ [ 1, 1, 2, 3, 2, 1, 1, 3, 0, 2, 0, 2, 3, -2, 2, 2, 1, -13 ], [ 1, 3, 2, 1, 2, 3, 3, 1, 4, 2, 4, 2, 1, 0, 2, 2, 3, -17 ] ], 
              [ [ 1, 1, 3, 2, 1, 2, 1, 2, 1, 2, 0, 4, 2, -1, 2, 3, 3, -15 ], [ 1, 3, 1, 2, 3, 2, 3, 2, 3, 2, 4, 0, 2, -1, 2, 1, 1, -15 ] ], 
              [ [ 1, 1, 3, 3, 1, 1, 1, 3, 1, 1, -2, 3, 3, -2, 3, 3, 3, -15 ], [ 1, 3, 1, 1, 3, 3, 3, 1, 3, 3, 6, 1, 1, 0, 1, 1, 1, -15 ] ], 
              [ [ 1, 1, 3, 2, 3, 2, 1, 2, 1, 1, 1, 3, 1, 0, 3, 2, 2, -16 ], [ 1, 3, 1, 2, 1, 2, 3, 2, 3, 3, 3, 1, 3, -2, 1, 2, 2, -14 ] ], 
              [ [ 1, 1, 2, 2, 3, 2, 0, 3, 1, 1, 0, 3, 2, -1, 3, 1, 2, -15 ], [ 1, 3, 2, 2, 1, 2, 4, 1, 3, 3, 4, 1, 2, -1, 1, 3, 2, -15 ] ], 
              [ [ 1, 2, 3, 2, 1, 2, 1, 2, 0, 1, 0, 3, 2, -1, 2, 1, 3, -14 ], [ 1, 2, 1, 2, 3, 2, 3, 2, 4, 3, 4, 1, 2, -1, 2, 3, 1, -16 ] ], 
              [ [ 1, 0, 1, 4, 3, 2, 1, 2, 1, 3, 2, 0, 2, -1, 3, 2, 1, -15 ], [ 1, 4, 3, 0, 1, 2, 3, 2, 3, 1, 2, 4, 2, -1, 1, 2, 3, -15 ] ], 
              [ [ 1, 0, 2, 4, 4, 2, 0, 1, 1, 2, 1, 2, 2, -1, 3, 2, 2, -17 ], [ 1, 4, 2, 0, 0, 2, 4, 3, 3, 2, 3, 2, 2, -1, 1, 2, 2, -13 ] ], 
              [ [ 1, 0, 2, 4, 2, 2, 1, 2, 2, 2, 0, 1, 2, -1, 4, 3, 3, -17 ], [ 1, 4, 2, 0, 2, 2, 3, 2, 2, 2, 4, 3, 2, -1, 0, 1, 1, -13 ] ], 
              [ [ 1, 0, 1, 3, 4, 3, 0, 2, 2, 2, 2, 1, 1, 0, 4, 1, 2, -17 ], [ 1, 4, 3, 1, 0, 1, 4, 2, 2, 2, 2, 3, 3, -2, 0, 3, 2, -13 ] ], 
              [ [ 1, 0, 2, 4, 3, 2, 1, 1, 0, 2, 1, 1, 2, -1, 3, 3, 1, -15 ], [ 1, 4, 2, 0, 1, 2, 3, 3, 4, 2, 3, 3, 2, -1, 1, 1, 3, -15 ] ], 
              [ [ 1, 1, 2, 3, 2, 3, 1, 1, 1, 2, 2, 1, 1, 0, 3, 1, 3, -16 ], [ 1, 3, 2, 1, 2, 1, 3, 3, 3, 2, 2, 3, 3, -2, 1, 3, 1, -14 ] ], 
              [ [ 1, 1, 4, 2, 1, 2, 2, 1, 1, 2, 0, 2, 1, 0, 3, 2, 3, -15 ], [ 1, 3, 0, 2, 3, 2, 2, 3, 3, 2, 4, 2, 3, -2, 1, 2, 1, -15 ] ], 
              [ [ 1, -2, 3, 3, 3, 3, 1, 1, 1, 1, 1, 1, 1, 0, 3, 3, 1, -14 ], [ 1, 6, 1, 1, 1, 1, 3, 3, 3, 3, 3, 3, 3, -2, 1, 1, 3, -16 ] ], 
              [ [ 1, 0, 2, 3, 2, 3, 2, 1, 2, 3, 1, 0, 1, 0, 3, 2, 2, -15 ], [ 1, 4, 2, 1, 2, 1, 2, 3, 2, 1, 3, 4, 3, -2, 1, 2, 2, -15 ] ], 
              [ [ 1, 0, 1, 3, 3, 3, 0, 2, 1, 1, 1, 2, 2, -1, 4, 2, 1, -15 ], [ 1, 4, 3, 1, 1, 1, 4, 2, 3, 3, 3, 2, 2, -1, 0, 2, 3, -15 ] ], 
              [ [ 1, 2, 0, 3, 2, 3, 1, 2, 2, 3, 1, 1, 2, -1, 4, 1, 2, -16 ], [ 1, 2, 4, 1, 2, 1, 3, 2, 2, 1, 3, 3, 2, -1, 0, 3, 2, -14 ] ], 
              [ [ 1, 0, 2, 2, 2, 3, 1, 2, 0, 2, 1, 2, 2, -1, 3, 2, 2, -14 ], [ 1, 4, 2, 2, 2, 1, 3, 2, 4, 2, 3, 2, 2, -1, 1, 2, 2, -16 ] ], 
              [ [ 1, 2, 3, 3, 2, 0, 2, 3, 2, 2, 3, 2, 2, -1, 2, 2, 2, -16 ], [ 1, 2, 1, 1, 2, 4, 2, 1, 2, 2, 1, 2, 2, -1, 2, 2, 2, -14 ] ], 
              [ [ 1, 2, 4, 2, 1, 1, 3, 2, 3, 2, 2, 2, 1, 0, 2, 2, 3, -16 ], [ 1, 2, 0, 2, 3, 3, 1, 2, 1, 2, 2, 2, 3, -2, 2, 2, 1, -14 ] ], 
              [ [ 1, 3, 2, 3, 2, 0, 1, 3, 2, 2, 2, 4, 3, -2, 1, 3, 2, -16 ], [ 1, 1, 2, 1, 2, 4, 3, 1, 2, 2, 2, 0, 1, 0, 3, 1, 2, -14 ] ], 
              [ [ 1, 4, 2, 2, 1, 1, 2, 3, 3, 2, 2, 3, 2, -1, 3, 1, 3, -17 ], [ 1, 0, 2, 2, 3, 3, 2, 1, 1, 2, 2, 1, 2, -1, 1, 3, 1, -13 ] ], 
              [ [ 1, 1, 1, 3, 3, 2, 1, 3, 3, 1, 3, 2, 2, -1, 3, 2, 1, -16 ], [ 1, 3, 3, 1, 1, 2, 3, 1, 1, 3, 1, 2, 2, -1, 1, 2, 3, -14 ] ], 
              [ [ 1, 3, 1, 4, 2, 1, 2, 2, 3, 3, 2, 2, 3, -2, 2, 2, 2, -17 ], [ 1, 1, 3, 0, 2, 3, 2, 2, 1, 1, 2, 2, 1, 0, 2, 2, 2, -13 ] ], 
              [ [ 1, 3, 0, 3, 2, 2, 2, 3, 4, 3, 3, 1, 2, -1, 3, 1, 2, -17 ], [ 1, 1, 4, 1, 2, 2, 2, 1, 0, 1, 1, 3, 2, -1, 1, 3, 2, -13 ] ], 
              [ [ 1, 3, 2, 3, 1, 0, 2, 2, 1, 4, 3, 2, 3, -2, 0, 2, 1, -13 ], [ 1, 1, 2, 1, 3, 4, 2, 2, 3, 0, 1, 2, 1, 0, 4, 2, 3, -17 ] ], 
              [ [ 1, 3, 3, 3, 0, 0, 2, 2, 2, 3, 1, 3, 3, -2, 1, 3, 3, -15 ], [ 1, 1, 1, 1, 4, 4, 2, 2, 2, 1, 3, 1, 1, 0, 3, 1, 1, -15 ] ], 
              [ [ 1, 3, 3, 3, 2, 0, 2, 2, 2, 2, 2, 2, 2, -1, 2, 2, 2, -16 ], [ 1, 1, 1, 1, 2, 4, 2, 2, 2, 2, 2, 2, 2, -1, 2, 2, 2, -14 ] ], 
              [ [ 1, 3, 2, 2, 2, 1, 1, 2, 2, 3, 3, 3, 2, -1, 1, 1, 2, -15 ], [ 1, 1, 2, 2, 2, 3, 3, 2, 2, 1, 1, 1, 2, -1, 3, 3, 2, -15 ] ], 
              [ [ 1, 3, 2, 3, 2, 0, 1, 3, 2, 2, 1, 2, 3, -2, 2, 1, 2, -15 ], [ 1, 1, 2, 1, 2, 4, 3, 1, 2, 2, 3, 2, 1, 0, 2, 3, 2, -15 ] ], 
              [ [ 1, 3, 1, 4, 3, 1, 2, 1, 1, 3, 3, 2, 3, -2, 1, 2, 0, -15 ], [ 1, 1, 3, 0, 1, 3, 2, 3, 3, 1, 1, 2, 1, 0, 3, 2, 4, -15 ] ], 
              [ [ 1, 3, 1, 4, 1, 1, 3, 2, 2, 3, 2, 1, 3, -2, 2, 3, 1, -15 ], [ 1, 1, 3, 0, 3, 3, 1, 2, 2, 1, 2, 3, 1, 0, 2, 1, 3, -15 ] ], 
              [ [ 1, 3, 2, 4, 2, 1, 2, 1, 2, 2, 1, 3, 3, -2, 2, 3, 2, -17 ], [ 1, 1, 2, 0, 2, 3, 2, 3, 2, 2, 3, 1, 1, 0, 2, 1, 2, -13 ] ], 
              [ [ 1, 3, 3, 3, 1, 0, 2, 1, 0, 3, 2, 3, 3, -2, 0, 3, 1, -13 ], [ 1, 1, 1, 1, 3, 4, 2, 3, 4, 1, 2, 1, 1, 0, 4, 1, 3, -17 ] ], 
              [ [ 1, 2, 2, 3, 1, 2, 2, 2, 2, 1, 3, 2, 2, -1, 2, 2, 2, -15 ], [ 1, 2, 2, 1, 3, 2, 2, 2, 2, 3, 1, 2, 2, -1, 2, 2, 2, -15 ] ], 
              [ [ 1, 3, 2, 3, 2, 0, 2, 3, 2, 2, 1, 2, 3, -2, 1, 2, 1, -14 ], [ 1, 1, 2, 1, 2, 4, 2, 1, 2, 2, 3, 2, 1, 0, 3, 2, 3, -16 ] ], 
              [ [ 1, 2, 3, 2, 2, 1, 1, 3, 2, 0, 2, 3, 2, -1, 1, 1, 2, -14 ], [ 1, 2, 1, 2, 2, 3, 3, 1, 2, 4, 2, 1, 2, -1, 3, 3, 2, -16 ] ], 
              [ [ 1, 2, 1, 4, 3, 1, 2, 2, 3, 3, 3, 0, 2, -1, 2, 2, 1, -16 ], [ 1, 2, 3, 0, 1, 3, 2, 2, 1, 1, 1, 4, 2, -1, 2, 2, 3, -14 ] ], 
              [ [ 1, 2, 2, 4, 4, 1, 1, 1, 3, 2, 2, 2, 2, -1, 2, 2, 2, -18 ], [ 1, 2, 2, 0, 0, 3, 3, 3, 1, 2, 2, 2, 2, -1, 2, 2, 2, -12 ] ], 
              [ [ 1, 3, 3, 3, 1, -2, 3, 3, 1, 3, 1, 3, 3, -2, 1, 3, 3, -15 ], [ 1, 1, 1, 1, 3, 6, 1, 1, 3, 1, 3, 1, 1, 0, 3, 1, 1, -15 ] ], 
              [ [ 1, 4, 2, 3, 2, 0, 3, 2, 2, 2, 2, 3, 2, -1, 2, 1, 4, -18 ], [ 1, 0, 2, 1, 2, 4, 1, 2, 2, 2, 2, 1, 2, -1, 2, 3, 0, -12 ] ], 
              [ [ 1, 1, 2, 3, 1, 2, 3, 2, 3, 2, 2, 1, 2, -1, 2, 3, 1, -14 ], [ 1, 3, 2, 1, 3, 2, 1, 2, 1, 2, 2, 3, 2, -1, 2, 1, 3, -16 ] ], 
              [ [ 1, 1, 4, 2, 1, 1, 2, 1, 1, 2, 2, 3, 2, -1, 0, 3, 1, -12 ], [ 1, 3, 0, 2, 3, 3, 2, 3, 3, 2, 2, 1, 2, -1, 4, 1, 3, -18 ] ], 
              [ [ 1, 0, 3, 3, 3, 2, 2, 1, 3, 1, 2, 1, 1, 0, 2, 3, 1, -15 ], [ 1, 4, 1, 1, 1, 2, 2, 3, 1, 3, 2, 3, 3, -2, 2, 1, 3, -15 ] ], 
              [ [ 1, 2, 3, 2, 1, 1, 4, 2, 2, 1, 2, 2, 1, 0, 2, 2, 3, -15 ], [ 1, 2, 1, 2, 3, 3, 0, 2, 2, 3, 2, 2, 3, -2, 2, 2, 1, -15 ] ], 
              [ [ 1, 1, 3, 2, 3, 1, 3, 2, 3, 1, 3, 1, 0, 1, 2, 1, 3, -16 ], [ 1, 3, 1, 2, 1, 3, 1, 2, 1, 3, 1, 3, 4, -3, 2, 3, 1, -14 ] ], 
              [ [ 1, 2, 0, 3, 2, 2, 1, 2, 2, 3, 3, 2, 3, -2, 1, 2, 0, -13 ], [ 1, 2, 4, 1, 2, 2, 3, 2, 2, 1, 1, 2, 1, 0, 3, 2, 4, -17 ] ], 
              [ [ 1, 2, 1, 3, 3, 2, 1, 2, 3, 1, 2, 2, 2, -1, 3, 2, 1, -16 ], [ 1, 2, 3, 1, 1, 2, 3, 2, 1, 3, 2, 2, 2, -1, 1, 2, 3, -14 ] ], 
              [ [ 1, 2, 2, 3, 2, 0, 3, 2, 2, 2, 2, 3, 2, -1, 2, 4, 2, -16 ], [ 1, 2, 2, 1, 2, 4, 1, 2, 2, 2, 2, 1, 2, -1, 2, 0, 2, -14 ] ], 
              [ [ 1, 2, 1, 3, 2, 0, 2, 3, 2, 2, 1, 3, 3, -2, 2, 3, 2, -15 ], [ 1, 2, 3, 1, 2, 4, 2, 1, 2, 2, 3, 1, 1, 0, 2, 1, 2, -15 ] ], 
              [ [ 1, 3, 1, 2, 1, 1, 2, 3, 3, 2, 2, 3, 2, -1, 2, 1, 4, -16 ], [ 1, 1, 3, 2, 3, 3, 2, 1, 1, 2, 2, 1, 2, -1, 2, 3, 0, -14 ] ], 
              [ [ 1, 3, 1, 2, 3, 1, 2, 3, 3, 1, 3, 2, 1, 0, 3, 0, 3, -17 ], [ 1, 1, 3, 2, 1, 3, 2, 1, 1, 3, 1, 2, 3, -2, 1, 4, 1, -13 ] ], 
              [ [ 1, 3, 2, 3, 0, 0, 3, 2, 1, 2, 1, 3, 3, -2, 1, 3, 3, -14 ], [ 1, 1, 2, 1, 4, 4, 1, 2, 3, 2, 3, 1, 1, 0, 3, 1, 1, -16 ] ], 
              [ [ 1, 3, 1, 2, 2, 1, 2, 2, 1, 2, 3, 3, 2, -1, 1, 1, 2, -14 ], [ 1, 1, 3, 2, 2, 3, 2, 2, 3, 2, 1, 1, 2, -1, 3, 3, 2, -16 ] ], 
              [ [ 1, 2, 2, 3, 2, 0, 2, 2, 2, 2, 2, 2, 2, -1, 1, 2, 3, -15 ], [ 1, 2, 2, 1, 2, 4, 2, 2, 2, 2, 2, 2, 2, -1, 3, 2, 1, -15 ] ], 
              [ [ 1, 2, 1, 4, 4, 1, 2, 1, 2, 1, 2, 2, 2, -1, 2, 2, 2, -17 ], [ 1, 2, 3, 0, 0, 3, 2, 3, 2, 3, 2, 2, 2, -1, 2, 2, 2, -13 ] ], 
              [ [ 1, 2, 2, 2, 2, 1, 3, 1, 2, 3, 3, 2, 1, 0, 2, 2, 2, -15 ], [ 1, 2, 2, 2, 2, 3, 1, 3, 2, 1, 1, 2, 3, -2, 2, 2, 2, -15 ] ], 
              [ [ 1, 3, 2, 3, 1, 1, 1, 3, 1, 3, 2, 3, 4, -3, 2, 3, 1, -15 ], [ 1, 1, 2, 1, 3, 3, 3, 1, 3, 1, 2, 1, 0, 1, 2, 1, 3, -15 ] ], 
              [ [ 1, 3, 2, 2, 2, 2, 1, 3, 2, 2, 2, 4, 3, -2, 2, 3, 1, -16 ], [ 1, 1, 2, 2, 2, 2, 3, 1, 2, 2, 2, 0, 1, 0, 2, 1, 3, -14 ] ], 
              [ [ 1, 4, 2, 2, 1, 2, 1, 4, 3, 1, 1, 3, 3, -2, 3, 1, 3, -17 ], [ 1, 0, 2, 2, 3, 2, 3, 0, 1, 3, 3, 1, 1, 0, 1, 3, 1, -13 ] ], 
              [ [ 1, 3, 2, 2, 2, 2, 0, 3, 2, 2, 2, 3, 3, -2, 1, 1, 2, -15 ], [ 1, 1, 2, 2, 2, 2, 4, 1, 2, 2, 2, 1, 1, 0, 3, 3, 2, -15 ] ], 
              [ [ 1, 3, 2, 2, 1, 2, 2, 2, 1, 4, 3, 2, 3, -2, 1, 2, 0, -13 ], [ 1, 1, 2, 2, 3, 2, 2, 2, 3, 0, 1, 2, 1, 0, 3, 2, 4, -17 ] ], 
              [ [ 1, 3, 3, 2, 0, 2, 2, 2, 2, 3, 1, 3, 3, -2, 2, 3, 2, -15 ], [ 1, 1, 1, 2, 4, 2, 2, 2, 2, 1, 3, 1, 1, 0, 2, 1, 2, -15 ] ], 
              [ [ 1, 3, 3, 2, 2, 2, 2, 2, 2, 2, 2, 2, 2, -1, 3, 2, 1, -16 ], [ 1, 1, 1, 2, 2, 2, 2, 2, 2, 2, 2, 2, 2, -1, 1, 2, 3, -14 ] ], 
              [ [ 1, 2, 3, 1, 2, 3, 1, 3, 2, 0, 2, 3, 2, -1, 2, 1, 1, -14 ], [ 1, 2, 1, 3, 2, 1, 3, 1, 2, 4, 2, 1, 2, -1, 2, 3, 3, -16 ] ], 
              [ [ 1, 2, 3, 2, 2, 2, 1, 2, 3, 3, 2, 2, 2, -1, 2, 2, 2, -16 ], [ 1, 2, 1, 2, 2, 2, 3, 2, 1, 1, 2, 2, 2, -1, 2, 2, 2, -14 ] ], 
              [ [ 1, 2, 2, 4, 3, 2, 2, 1, 2, 3, 2, 1, 3, -2, 2, 3, 0, -16 ], [ 1, 2, 2, 0, 1, 2, 2, 3, 2, 1, 2, 3, 1, 0, 2, 1, 4, -14 ] ], 
              [ [ 1, 2, 1, 3, 3, 3, 2, 2, 3, 3, 3, 0, 2, -1, 3, 2, 0, -16 ], [ 1, 2, 3, 1, 1, 1, 2, 2, 1, 1, 1, 4, 2, -1, 1, 2, 4, -14 ] ], 
              [ [ 1, 2, 2, 3, 4, 3, 1, 1, 3, 2, 2, 2, 2, -1, 3, 2, 1, -18 ], [ 1, 2, 2, 1, 0, 1, 3, 3, 1, 2, 2, 2, 2, -1, 1, 2, 3, -12 ] ], 
              [ [ 1, 2, 4, 3, 1, 1, 2, 1, 1, 3, 1, 2, 3, -2, 1, 4, 1, -14 ], [ 1, 2, 0, 1, 3, 3, 2, 3, 3, 1, 3, 2, 1, 0, 3, 0, 3, -16 ] ], 
              [ [ 1, 2, 3, 2, 3, 2, 1, 1, 1, 3, 3, 2, 2, -1, 1, 2, 0, -14 ], [ 1, 2, 1, 2, 1, 2, 3, 3, 3, 1, 1, 2, 2, -1, 3, 2, 4, -16 ] ], 
              [ [ 1, 1, 2, 2, 3, 4, 1, 2, 3, 1, 4, 1, 1, 0, 3, 1, 1, -16 ], [ 1, 3, 2, 2, 1, 0, 3, 2, 1, 3, 0, 3, 3, -2, 1, 3, 3, -14 ] ], 
              [ [ 1, 3, 3, 2, 2, 2, 1, 2, 2, 2, 2, 1, 2, -1, 2, 0, 2, -15 ], [ 1, 1, 1, 2, 2, 2, 3, 2, 2, 2, 2, 3, 2, -1, 2, 4, 2, -15 ] ], 
              [ [ 1, 3, 3, 3, 2, 3, 2, 0, 2, 2, 2, 2, 2, -1, 2, 2, 2, -17 ], [ 1, 1, 1, 1, 2, 1, 2, 4, 2, 2, 2, 2, 2, -1, 2, 2, 2, -13 ] ], 
              [ [ 1, 1, 4, 2, 1, 2, 1, 2, 1, 1, 1, 3, 3, -2, 0, 3, 1, -12 ], [ 1, 3, 0, 2, 3, 2, 3, 2, 3, 3, 3, 1, 1, 0, 4, 1, 3, -18 ] ], 
              [ [ 1, 3, 3, 2, 1, 0, 3, 3, 1, 3, 1, 3, 3, -2, 2, 3, 2, -15 ], [ 1, 1, 1, 2, 3, 4, 1, 1, 3, 1, 3, 1, 1, 0, 2, 1, 2, -15 ] ], 
              [ [ 1, 2, 4, 1, 1, 1, 2, 3, 1, 1, 2, 4, 2, -1, 2, 2, 3, -15 ], [ 1, 2, 0, 3, 3, 3, 2, 1, 3, 3, 2, 0, 2, -1, 2, 2, 1, -15 ] ], 
              [ [ 1, 4, 3, 1, 0, 1, 3, 3, 2, 3, 2, 3, 2, -1, 2, 1, 4, -16 ], [ 1, 0, 1, 3, 4, 3, 1, 1, 2, 1, 2, 1, 2, -1, 2, 3, 0, -14 ] ], 
              [ [ 1, 2, 2, 3, 2, 1, 3, 2, 2, 4, 3, 1, 2, -1, 3, 3, 2, -17 ], [ 1, 2, 2, 1, 2, 3, 1, 2, 2, 0, 1, 3, 2, -1, 1, 1, 2, -13 ] ], 
              [ [ 1, 2, 3, 2, 3, 0, 2, 3, 2, 3, 2, 2, 2, -1, 2, 2, 2, -16 ], [ 1, 2, 1, 2, 1, 4, 2, 1, 2, 1, 2, 2, 2, -1, 2, 2, 2, -14 ] ], 
              [ [ 1, 2, 3, 3, 3, 1, 3, 1, 2, 3, 2, 3, 2, -1, 2, 4, 2, -18 ], [ 1, 2, 1, 1, 1, 3, 1, 3, 2, 1, 2, 1, 2, -1, 2, 0, 2, -12 ] ], 
              [ [ 1, 1, 2, 2, 2, 2, 2, 3, 2, 2, 3, 2, 2, -1, 2, 2, 2, -15 ], [ 1, 3, 2, 2, 2, 2, 2, 1, 2, 2, 1, 2, 2, -1, 2, 2, 2, -15 ] ], 
              [ [ 1, 1, 3, 2, 3, 2, 2, 3, 3, 0, 2, 2, 1, 0, 4, 2, 3, -18 ], [ 1, 3, 1, 2, 1, 2, 2, 1, 1, 4, 2, 2, 3, -2, 0, 2, 1, -12 ] ], 
              [ [ 1, 3, 3, 3, 2, 1, 3, 2, 3, 2, 1, 2, 2, -1, 3, 2, 4, -19 ], [ 1, 1, 1, 1, 2, 3, 1, 2, 1, 2, 3, 2, 2, -1, 1, 2, 0, -11 ] ], 
              [ [ 1, 3, 2, 2, 4, 2, 2, 2, 3, 2, 3, 2, 1, 0, 3, 0, 3, -19 ], [ 1, 1, 2, 2, 0, 2, 2, 2, 1, 2, 1, 2, 3, -2, 1, 4, 1, -11 ] ], 
              [ [ 1, 3, 2, 2, 2, 2, 3, 3, 4, 2, 2, 1, 1, 0, 4, 1, 4, -19 ], [ 1, 1, 2, 2, 2, 2, 1, 1, 0, 2, 2, 3, 3, -2, 0, 3, 0, -11 ] ], 
              [ [ 1, 3, 4, 2, 1, 0, 3, 2, 1, 3, 2, 2, 2, -1, 1, 2, 3, -15 ], [ 1, 1, 0, 2, 3, 4, 1, 2, 3, 1, 2, 2, 2, -1, 3, 2, 1, -15 ] ], 
              [ [ 1, 3, 3, 2, 1, 0, 2, 3, 1, 3, 1, 2, 3, -2, 1, 1, 3, -14 ], [ 1, 1, 1, 2, 3, 4, 2, 1, 3, 1, 3, 2, 1, 0, 3, 3, 1, -16 ] ], 
              [ [ 1, 3, 4, 1, 2, 1, 2, 2, 2, 2, 2, 3, 1, 0, 2, 1, 4, -17 ], [ 1, 1, 0, 3, 2, 3, 2, 2, 2, 2, 2, 1, 3, -2, 2, 3, 0, -13 ] ], 
              [ [ 1, 3, 3, 3, 1, 1, 3, 1, 1, 3, 1, 3, 3, -2, 1, 3, 3, -16 ], [ 1, 1, 1, 1, 3, 3, 1, 3, 3, 1, 3, 1, 1, 0, 3, 1, 1, -14 ] ], 
              [ [ 1, 3, 3, 3, 3, 1, 3, 1, 1, 2, 2, 2, 2, -1, 2, 2, 2, -17 ], [ 1, 1, 1, 1, 1, 3, 1, 3, 3, 2, 2, 2, 2, -1, 2, 2, 2, -13 ] ], 
              [ [ 1, 2, 3, 3, 3, 1, 2, 1, 2, 3, 2, 2, 2, -1, 1, 2, 3, -17 ], [ 1, 2, 1, 1, 1, 3, 2, 3, 2, 1, 2, 2, 2, -1, 3, 2, 1, -13 ] ], 
              [ [ 1, 1, 3, 2, 2, 2, 3, 2, 2, 2, 3, 0, 1, 0, 3, 1, 2, -15 ], [ 1, 3, 1, 2, 2, 2, 1, 2, 2, 2, 1, 4, 3, -2, 1, 3, 2, -15 ] ], 
              [ [ 1, 1, 4, 2, 3, 2, 3, 1, 2, 1, 2, 2, 1, 0, 2, 2, 2, -16 ], [ 1, 3, 0, 2, 1, 2, 1, 3, 2, 3, 2, 2, 3, -2, 2, 2, 2, -14 ] ], 
              [ [ 1, 1, 4, 2, 1, 2, 4, 2, 3, 1, 1, 1, 1, 0, 3, 3, 3, -16 ], [ 1, 3, 0, 2, 3, 2, 0, 2, 1, 3, 3, 3, 3, -2, 1, 1, 1, -14 ] ], 
              [ [ 1, 1, 3, 1, 3, 3, 3, 2, 3, 1, 3, 1, 0, 1, 3, 1, 2, -16 ], [ 1, 3, 1, 3, 1, 1, 1, 2, 1, 3, 1, 3, 4, -3, 1, 3, 2, -14 ] ], 
              [ [ 1, 1, 6, 1, 1, 1, 3, 1, 1, 1, 1, 3, 1, 0, 1, 3, 3, -14 ], [ 1, 3, -2, 3, 3, 3, 1, 3, 3, 3, 3, 1, 3, -2, 3, 1, 1, -16 ] ], 
              [ [ 1, 0, 4, 2, 2, 2, 3, 1, 2, 2, 2, 1, 1, 0, 1, 3, 2, -14 ], [ 1, 4, 0, 2, 2, 2, 1, 3, 2, 2, 2, 3, 3, -2, 3, 1, 2, -16 ] ], 
              [ [ 1, 3, 2, 2, 1, 2, 0, 3, 1, 1, 1, 4, 4, -3, 1, 2, 1, -13 ], [ 1, 1, 2, 2, 3, 2, 4, 1, 3, 3, 3, 0, 0, 1, 3, 2, 3, -17 ] ], 
              [ [ 1, 3, 1, 1, 1, 3, 0, 4, 2, 1, 2, 3, 3, -2, 2, 1, 1, -13 ], [ 1, 1, 3, 3, 3, 1, 4, 0, 2, 3, 2, 1, 1, 0, 2, 3, 3, -17 ] ], 
              [ [ 1, 3, 0, 4, 2, 2, 1, 2, 2, 4, 2, 1, 4, -3, 2, 3, 0, -15 ], [ 1, 1, 4, 0, 2, 2, 3, 2, 2, 0, 2, 3, 0, 1, 2, 1, 4, -15 ] ], 
              [ [ 1, 2, 1, 3, 2, 3, 0, 2, 2, 2, 3, 2, 3, -2, 2, 2, 1, -15 ], [ 1, 2, 3, 1, 2, 1, 4, 2, 2, 2, 1, 2, 1, 0, 2, 2, 3, -15 ] ], 
              [ [ 1, 2, 0, 3, 2, 3, 0, 3, 2, 2, 2, 2, 4, -3, 1, 2, 0, -13 ], [ 1, 2, 4, 1, 2, 1, 4, 1, 2, 2, 2, 2, 0, 1, 3, 2, 4, -17 ] ], 
              [ [ 1, 2, 1, 2, 3, 4, 0, 2, 3, 1, 3, 3, 2, -1, 2, 2, 1, -16 ], [ 1, 2, 3, 2, 1, 0, 4, 2, 1, 3, 1, 1, 2, -1, 2, 2, 3, -14 ] ], 
              [ [ 1, 2, 1, 3, 3, 3, 0, 3, 3, 0, 1, 2, 3, -2, 3, 2, 1, -16 ], [ 1, 2, 3, 1, 1, 1, 4, 1, 1, 4, 3, 2, 1, 0, 1, 2, 3, -14 ] ], 
              [ [ 1, 3, 0, 2, 2, 2, 1, 4, 2, 2, 3, 3, 3, -2, 3, 1, 2, -16 ], [ 1, 1, 4, 2, 2, 2, 3, 0, 2, 2, 1, 1, 1, 0, 1, 3, 2, -14 ] ], 
              [ [ 1, 3, 2, 1, 0, 1, 1, 4, 1, 2, 2, 4, 3, -2, 2, 2, 3, -14 ], [ 1, 1, 2, 3, 4, 3, 3, 0, 3, 2, 2, 0, 1, 0, 2, 2, 1, -16 ] ], 
              [ [ 1, 3, 1, 1, 1, 1, 1, 6, 3, 1, 1, 3, 3, -2, 3, 1, 3, -15 ], [ 1, 1, 3, 3, 3, 3, 3, -2, 1, 3, 3, 1, 1, 0, 1, 3, 1, -15 ] ], 
              [ [ 1, 3, 1, 2, 1, 2, 2, 4, 3, 1, 1, 4, 3, -2, 3, 3, 3, -17 ], [ 1, 1, 3, 2, 3, 2, 2, 0, 1, 3, 3, 0, 1, 0, 1, 1, 1, -13 ] ], 
              [ [ 1, 3, 2, 1, 0, 1, 2, 4, 1, 2, 2, 4, 3, -2, 1, 3, 2, -13 ], [ 1, 1, 2, 3, 4, 3, 2, 0, 3, 2, 2, 0, 1, 0, 3, 1, 2, -17 ] ], 
              [ [ 1, 3, 3, 1, 1, 1, 1, 3, 1, 1, 1, 6, 3, -2, 1, 3, 3, -15 ], [ 1, 1, 1, 3, 3, 3, 3, 1, 3, 3, 3, -2, 1, 0, 3, 1, 1, -15 ] ], 
              [ [ 1, 3, 1, 3, 2, 1, 2, 2, 2, 4, 2, 3, 3, -2, 2, 4, 2, -17 ], [ 1, 1, 3, 1, 2, 3, 2, 2, 2, 0, 2, 1, 1, 0, 2, 0, 2, -13 ] ], 
              [ [ 1, 2, 1, 3, 1, 1, 1, 3, 1, 3, 2, 3, 4, -3, 1, 3, 2, -14 ], [ 1, 2, 3, 1, 3, 3, 3, 1, 3, 1, 2, 1, 0, 1, 3, 1, 2, -16 ] ], 
              [ [ 1, 2, 1, 3, 3, 1, 1, 3, 1, 2, 3, 2, 3, -2, 2, 2, 1, -15 ], [ 1, 2, 3, 1, 1, 3, 3, 1, 3, 2, 1, 2, 1, 0, 2, 2, 3, -15 ] ], 
              [ [ 1, 2, 2, 2, 2, 2, 1, 2, 2, 2, 3, 4, 2, -1, 2, 3, 3, -17 ], [ 1, 2, 2, 2, 2, 2, 3, 2, 2, 2, 1, 0, 2, -1, 2, 1, 1, -13 ] ], 
              [ [ 1, 2, 2, 3, 2, 1, 1, 3, 2, 1, 1, 3, 3, -2, 3, 3, 3, -17 ], [ 1, 2, 2, 1, 2, 3, 3, 1, 2, 3, 3, 1, 1, 0, 1, 1, 1, -13 ] ], 
              [ [ 1, 2, 1, 2, 4, 2, 0, 3, 2, 1, 3, 3, 2, -1, 3, 1, 2, -17 ], [ 1, 2, 3, 2, 0, 2, 4, 1, 2, 3, 1, 1, 2, -1, 1, 3, 2, -13 ] ], 
              [ [ 1, 4, 0, 3, 2, 1, 2, 3, 2, 4, 3, 1, 3, -2, 2, 1, 2, -16 ], [ 1, 0, 4, 1, 2, 3, 2, 1, 2, 0, 1, 3, 1, 0, 2, 3, 2, -14 ] ], 
              [ [ 1, 4, 1, 3, 3, 1, 1, 2, 2, 3, 2, 3, 3, -2, 2, 1, 3, -18 ], [ 1, 0, 3, 1, 1, 3, 3, 2, 2, 1, 2, 1, 1, 0, 2, 3, 1, -12 ] ], 
              [ [ 1, 4, 1, 3, 1, 1, 2, 3, 3, 3, 1, 2, 3, -2, 3, 2, 4, -18 ], [ 1, 0, 3, 1, 3, 3, 2, 1, 1, 1, 3, 2, 1, 0, 1, 2, 0, -12 ] ], 
              [ [ 1, 4, 0, 2, 3, 2, 1, 3, 3, 3, 3, 2, 2, -1, 3, 0, 3, -18 ], [ 1, 0, 4, 2, 1, 2, 3, 1, 1, 1, 1, 2, 2, -1, 1, 4, 1, -12 ] ], 
              [ [ 1, 4, 1, 3, 2, 1, 2, 2, 1, 3, 2, 2, 3, -2, 2, 2, 2, -16 ], [ 1, 0, 3, 1, 2, 3, 2, 2, 3, 1, 2, 2, 1, 0, 2, 2, 2, -14 ] ], 
              [ [ 1, 3, 2, 2, 2, 2, 1, 2, 1, 1, 3, 3, 2, -1, 2, 1, 3, -16 ], [ 1, 1, 2, 2, 2, 2, 3, 2, 3, 3, 1, 1, 2, -1, 2, 3, 1, -14 ] ], 
              [ [ 1, 2, 1, 2, 3, 2, 1, 4, 4, 1, 2, 3, 2, -1, 3, 2, 3, -18 ], [ 1, 2, 3, 2, 1, 2, 3, 0, 0, 3, 2, 1, 2, -1, 1, 2, 1, -12 ] ], 
              [ [ 1, 2, 2, 3, 2, 1, 2, 3, 2, 1, 1, 3, 3, -2, 2, 4, 2, -16 ], [ 1, 2, 2, 1, 2, 3, 2, 1, 2, 3, 3, 1, 1, 0, 2, 0, 2, -14 ] ], 
              [ [ 1, 2, 1, 2, 2, 2, 1, 3, 2, 2, 2, 4, 3, -2, 1, 3, 2, -15 ], [ 1, 2, 3, 2, 2, 2, 3, 1, 2, 2, 2, 0, 1, 0, 3, 1, 2, -15 ] ], 
              [ [ 1, 2, 1, 3, 2, 1, 1, 4, 2, 1, 0, 3, 4, -3, 2, 3, 2, -15 ], [ 1, 2, 3, 1, 2, 3, 3, 0, 2, 3, 4, 1, 0, 1, 2, 1, 2, -15 ] ], 
              [ [ 1, 2, 1, 2, 4, 2, 1, 3, 2, 1, 3, 3, 2, -1, 2, 2, 1, -16 ], [ 1, 2, 3, 2, 0, 2, 3, 1, 2, 3, 1, 1, 2, -1, 2, 2, 3, -14 ] ], 
              [ [ 1, 2, 2, 2, 3, 2, 1, 3, 3, 0, 1, 4, 2, -1, 3, 3, 3, -18 ], [ 1, 2, 2, 2, 1, 2, 3, 1, 1, 4, 3, 0, 2, -1, 1, 1, 1, -12 ] ], 
              [ [ 1, 3, 1, 2, 1, 2, 1, 4, 3, 1, 1, 3, 3, -2, 2, 1, 4, -16 ], [ 1, 1, 3, 2, 3, 2, 3, 0, 1, 3, 3, 1, 1, 0, 2, 3, 0, -14 ] ], 
              [ [ 1, 3, 1, 2, 3, 2, 1, 4, 3, 0, 2, 2, 2, -1, 3, 0, 3, -17 ], [ 1, 1, 3, 2, 1, 2, 3, 0, 1, 4, 2, 2, 2, -1, 1, 4, 1, -13 ] ], 
              [ [ 1, 3, 1, 2, 2, 2, 1, 3, 1, 1, 2, 3, 3, -2, 1, 1, 2, -14 ], [ 1, 1, 3, 2, 2, 2, 3, 1, 3, 3, 2, 1, 1, 0, 3, 3, 2, -16 ] ], 
              [ [ 1, 2, 2, 1, 1, 3, 1, 3, 3, 2, 2, 2, 2, -1, 3, 2, 1, -14 ], [ 1, 2, 2, 3, 3, 1, 3, 1, 1, 2, 2, 2, 2, -1, 1, 2, 3, -16 ] ], 
              [ [ 1, 1, 1, 3, 2, 3, 1, 2, 3, 3, 2, 1, 3, -2, 2, 3, 0, -14 ], [ 1, 3, 3, 1, 2, 1, 3, 2, 1, 1, 2, 3, 1, 0, 2, 1, 4, -16 ] ], 
              [ [ 1, 1, 1, 3, 3, 3, 1, 1, 1, 3, 3, 1, 3, -2, 1, 3, -2, -12 ], [ 1, 3, 3, 1, 1, 1, 3, 3, 3, 1, 1, 3, 1, 0, 3, 1, 6, -18 ] ], 
              [ [ 1, 1, 2, 3, 2, 3, 1, 1, 2, 2, 1, 2, 3, -2, 2, 4, 0, -14 ], [ 1, 3, 2, 1, 2, 1, 3, 3, 2, 2, 3, 2, 1, 0, 2, 0, 4, -16 ] ], 
              [ [ 1, 2, 1, 2, 2, 4, 1, 1, 2, 3, 4, 1, 2, -1, 1, 1, 0, -13 ], [ 1, 2, 3, 2, 2, 0, 3, 3, 2, 1, 0, 3, 2, -1, 3, 3, 4, -17 ] ], 
              [ [ 1, 2, 1, 3, 2, 3, 1, 2, 2, 2, 2, 0, 3, -2, 2, 1, 0, -13 ], [ 1, 2, 3, 1, 2, 1, 3, 2, 2, 2, 2, 4, 1, 0, 2, 3, 4, -17 ] ], 
              [ [ 1, 2, 2, 2, 1, 4, 1, 1, 3, 2, 2, 2, 2, -1, 2, 2, 2, -15 ], [ 1, 2, 2, 2, 3, 0, 3, 3, 1, 2, 2, 2, 2, -1, 2, 2, 2, -15 ] ], 
              [ [ 1, 2, 2, 2, 3, 4, 1, 1, 3, 1, 3, 1, 1, 0, 3, 1, 1, -16 ], [ 1, 2, 2, 2, 1, 0, 3, 3, 1, 3, 1, 3, 3, -2, 1, 3, 3, -14 ] ], 
              [ [ 1, 2, 1, 2, 3, 4, 0, 2, 3, 1, 2, 1, 2, -1, 3, 0, 1, -15 ], [ 1, 2, 3, 2, 1, 0, 4, 2, 1, 3, 2, 3, 2, -1, 1, 4, 3, -15 ] ], 
              [ [ 1, 2, 2, 2, 2, 4, 1, 0, 1, 2, 3, 2, 2, -1, 1, 2, 0, -13 ], [ 1, 2, 2, 2, 2, 0, 3, 4, 3, 2, 1, 2, 2, -1, 3, 2, 4, -17 ] ], 
              [ [ 1, 2, 1, 2, 3, 4, 1, 2, 3, 1, 2, 1, 2, -1, 2, 1, 0, -14 ], [ 1, 2, 3, 2, 1, 0, 3, 2, 1, 3, 2, 3, 2, -1, 2, 3, 4, -16 ] ], 
              [ [ 1, 2, 3, 1, 0, 1, 3, 3, 2, 3, 2, 3, 2, -1, 2, 4, 2, -14 ], [ 1, 2, 1, 3, 4, 3, 1, 1, 2, 1, 2, 1, 2, -1, 2, 0, 2, -16 ] ], 
              [ [ 1, 2, 2, 1, 0, 1, 2, 4, 2, 3, 1, 3, 3, -2, 2, 3, 2, -13 ], [ 1, 2, 2, 3, 4, 3, 2, 0, 2, 1, 3, 1, 1, 0, 2, 1, 2, -17 ] ], 
              [ [ 1, 2, 2, 1, 2, 1, 2, 4, 2, 2, 2, 2, 2, -1, 3, 2, 1, -14 ], [ 1, 2, 2, 3, 2, 3, 2, 0, 2, 2, 2, 2, 2, -1, 1, 2, 3, -16 ] ], 
              [ [ 1, 2, 2, 2, 2, 2, 3, 2, 2, 2, 2, 3, 2, -1, 3, 4, 1, -16 ], [ 1, 2, 2, 2, 2, 2, 1, 2, 2, 2, 2, 1, 2, -1, 1, 0, 3, -14 ] ], 
              [ [ 1, 3, 2, 0, 1, 2, 2, 4, 3, 2, 3, 2, 1, 0, 3, 0, 3, -15 ], [ 1, 1, 2, 4, 3, 2, 2, 0, 1, 2, 1, 2, 3, -2, 1, 4, 1, -15 ] ], 
              [ [ 1, 3, 1, 2, 0, 2, 3, 3, 2, 3, 2, 2, 3, -2, 2, 2, 2, -14 ], [ 1, 1, 3, 2, 4, 2, 1, 1, 2, 1, 2, 2, 1, 0, 2, 2, 2, -16 ] ], 
              [ [ 1, 3, 2, 1, 1, 3, 3, 2, 3, 2, 3, 3, 1, 0, 3, 2, 3, -17 ], [ 1, 1, 2, 3, 3, 1, 1, 2, 1, 2, 1, 1, 3, -2, 1, 2, 1, -13 ] ], 
              [ [ 1, 3, 2, 2, 1, 2, 3, 3, 3, 1, 1, 2, 2, -1, 4, 2, 3, -17 ], [ 1, 1, 2, 2, 3, 2, 1, 1, 1, 3, 3, 2, 2, -1, 0, 2, 1, -13 ] ], 
              [ [ 1, 3, 1, 1, 1, 3, 2, 3, 3, 2, 2, 3, 2, -1, 3, 1, 3, -16 ], [ 1, 1, 3, 3, 3, 1, 2, 1, 1, 2, 2, 1, 2, -1, 1, 3, 1, -14 ] ], 
              [ [ 1, 3, 1, 1, 3, 3, 2, 3, 3, 1, 3, 2, 1, 0, 4, 0, 2, -17 ], [ 1, 1, 3, 3, 1, 1, 2, 1, 1, 3, 1, 2, 3, -2, 0, 4, 2, -13 ] ], 
              [ [ 1, 3, 3, 1, 0, 1, 2, 2, 0, 3, 2, 4, 3, -2, 0, 2, 2, -12 ], [ 1, 1, 1, 3, 4, 3, 2, 2, 4, 1, 2, 0, 1, 0, 4, 2, 2, -18 ] ], 
              [ [ 1, 3, 3, 1, -2, 1, 3, 3, 1, 3, 1, 3, 3, -2, 1, 3, 3, -12 ], [ 1, 1, 1, 3, 6, 3, 1, 1, 3, 1, 3, 1, 1, 0, 3, 1, 1, -18 ] ], 
              [ [ 1, 3, 3, 1, 0, 1, 3, 3, 1, 2, 2, 2, 2, -1, 2, 2, 2, -13 ], [ 1, 1, 1, 3, 4, 3, 1, 1, 3, 2, 2, 2, 2, -1, 2, 2, 2, -17 ] ], 
              [ [ 1, 3, 2, 0, 0, 2, 2, 3, 1, 3, 3, 3, 2, -1, 1, 1, 2, -12 ], [ 1, 1, 2, 4, 4, 2, 2, 1, 3, 1, 1, 1, 2, -1, 3, 3, 2, -18 ] ], 
              [ [ 1, 3, 2, 1, 0, 1, 2, 4, 1, 2, 1, 2, 3, -2, 2, 1, 2, -12 ], [ 1, 1, 2, 3, 4, 3, 2, 0, 3, 2, 3, 2, 1, 0, 2, 3, 2, -18 ] ], 
              [ [ 1, 3, 4, 1, 1, 1, 2, 2, 1, 1, 1, 4, 2, -1, 2, 2, 3, -15 ], [ 1, 1, 0, 3, 3, 3, 2, 2, 3, 3, 3, 0, 2, -1, 2, 2, 1, -15 ] ], 
              [ [ 1, 3, 3, 0, 1, 2, 2, 3, 2, 1, 2, 3, 1, 0, 3, 1, 3, -15 ], [ 1, 1, 1, 4, 3, 2, 2, 1, 2, 3, 2, 1, 3, -2, 1, 3, 1, -15 ] ], 
              [ [ 1, 3, 2, 2, 0, 2, 3, 2, 1, 2, 1, 3, 3, -2, 2, 3, 2, -14 ], [ 1, 1, 2, 2, 4, 2, 1, 2, 3, 2, 3, 1, 1, 0, 2, 1, 2, -16 ] ], 
              [ [ 1, 3, 3, 1, 1, 1, 2, 3, 1, 1, 0, 4, 3, -2, 1, 2, 2, -13 ], [ 1, 1, 1, 3, 3, 3, 2, 1, 3, 3, 4, 0, 1, 0, 3, 2, 2, -17 ] ], 
              [ [ 1, 1, 2, 3, 2, 1, 2, 1, 0, 4, 3, 2, 3, -2, 1, 4, 0, -13 ], [ 1, 3, 2, 1, 2, 3, 2, 3, 4, 0, 1, 2, 1, 0, 3, 0, 4, -17 ] ], 
              [ [ 1, 3, 1, 3, 1, 1, 3, 1, 1, 6, 3, 1, 3, -2, 1, 3, 1, -14 ], [ 1, 1, 3, 1, 3, 3, 1, 3, 3, -2, 1, 3, 1, 0, 3, 1, 3, -16 ] ], 
              [ [ 1, 3, 2, 3, 2, 1, 3, 1, 2, 4, 2, 1, 2, -1, 3, 3, 2, -17 ], [ 1, 1, 2, 1, 2, 3, 1, 3, 2, 0, 2, 3, 2, -1, 1, 1, 2, -13 ] ], 
              [ [ 1, 2, 2, 2, 1, 2, 2, 1, 1, 4, 4, 2, 2, -1, 1, 2, 2, -14 ], [ 1, 2, 2, 2, 3, 2, 2, 3, 3, 0, 0, 2, 2, -1, 3, 2, 2, -16 ] ], 
              [ [ 1, 2, 2, 3, 1, 1, 2, 2, 1, 3, 2, 1, 3, -2, 2, 2, 2, -14 ], [ 1, 2, 2, 1, 3, 3, 2, 2, 3, 1, 2, 3, 1, 0, 2, 2, 2, -16 ] ], 
              [ [ 1, 2, 1, 2, 3, 2, 1, 2, 1, 3, 4, 1, 2, -1, 2, 0, 1, -14 ], [ 1, 2, 3, 2, 1, 2, 3, 2, 3, 1, 0, 3, 2, -1, 2, 4, 3, -16 ] ], 
              [ [ 1, 2, 1, 2, 1, 2, 2, 3, 2, 3, 3, 0, 2, -1, 3, 1, 2, -14 ], [ 1, 2, 3, 2, 3, 2, 2, 1, 2, 1, 1, 4, 2, -1, 1, 3, 2, -16 ] ], 
              [ [ 1, 2, 3, 2, 2, 2, 2, 1, 2, 2, 3, 2, 1, 0, 3, 2, 3, -17 ], [ 1, 2, 1, 2, 2, 2, 2, 3, 2, 2, 1, 2, 3, -2, 1, 2, 1, -13 ] ], 
              [ [ 1, 2, 2, 2, 2, 2, 1, 2, 2, 2, 2, 2, 2, -1, 3, 1, 3, -16 ], [ 1, 2, 2, 2, 2, 2, 3, 2, 2, 2, 2, 2, 2, -1, 1, 3, 1, -14 ] ], 
              [ [ 1, 2, 1, 3, 3, 3, 2, 0, 1, 3, 4, 2, 2, -1, 2, 2, 1, -16 ], [ 1, 2, 3, 1, 1, 1, 2, 4, 3, 1, 0, 2, 2, -1, 2, 2, 3, -14 ] ], 
              [ [ 1, 2, 1, 3, 1, 3, 3, 1, 2, 3, 3, 1, 2, -1, 3, 3, 2, -16 ], [ 1, 2, 3, 1, 3, 1, 1, 3, 2, 1, 1, 3, 2, -1, 1, 1, 2, -14 ] ], 
              [ [ 1, 2, 3, 2, 1, 2, 2, 0, 0, 3, 3, 3, 2, -1, 1, 3, 2, -14 ], [ 1, 2, 1, 2, 3, 2, 2, 4, 4, 1, 1, 1, 2, -1, 3, 1, 2, -16 ] ], 
              [ [ 1, 1, 1, 3, 3, 1, 2, 3, 2, 3, 2, 1, 3, -2, 2, 3, 0, -14 ], [ 1, 3, 3, 1, 1, 3, 2, 1, 2, 1, 2, 3, 1, 0, 2, 1, 4, -16 ] ], 
              [ [ 1, 1, 2, 2, 2, 2, 2, 2, 3, 3, 2, 3, 2, -1, 2, 4, 2, -16 ], [ 1, 3, 2, 2, 2, 2, 2, 2, 1, 1, 2, 1, 2, -1, 2, 0, 2, -14 ] ], 
              [ [ 1, 1, 2, 3, 2, 1, 2, 3, 3, 2, 0, 2, 3, -2, 3, 4, 2, -16 ], [ 1, 3, 2, 1, 2, 3, 2, 1, 1, 2, 4, 2, 1, 0, 1, 0, 2, -14 ] ], 
              [ [ 1, 1, 2, 2, 4, 2, 2, 2, 3, 2, 3, 2, 1, 0, 3, 3, 1, -17 ], [ 1, 3, 2, 2, 0, 2, 2, 2, 1, 2, 1, 2, 3, -2, 1, 1, 3, -13 ] ], 
              [ [ 1, 1, 1, 2, 4, 2, 1, 3, 3, 2, 2, 2, 2, -1, 3, 2, 1, -16 ], [ 1, 3, 3, 2, 0, 2, 3, 1, 1, 2, 2, 2, 2, -1, 1, 2, 3, -14 ] ], 
              [ [ 1, 1, 3, 2, 1, 0, 2, 3, 1, 3, 1, 2, 3, -2, 1, 4, 1, -12 ], [ 1, 3, 1, 2, 3, 4, 2, 1, 3, 1, 3, 2, 1, 0, 3, 0, 3, -18 ] ], 
              [ [ 1, 1, 3, 3, 1, 1, 3, 1, 1, 3, 1, 3, 3, -2, 1, 6, 1, -14 ], [ 1, 3, 1, 1, 3, 3, 1, 3, 3, 1, 3, 1, 1, 0, 3, -2, 3, -16 ] ], 
              [ [ 1, 1, 2, 2, 3, 2, 2, 1, 1, 3, 3, 3, 2, -1, 1, 4, 0, -14 ], [ 1, 3, 2, 2, 1, 2, 2, 3, 3, 1, 1, 1, 2, -1, 3, 0, 4, -16 ] ], 
              [ [ 1, 1, 2, 3, 3, 1, 2, 2, 1, 2, 1, 2, 3, -2, 2, 4, 0, -14 ], [ 1, 3, 2, 1, 1, 3, 2, 2, 3, 2, 3, 2, 1, 0, 2, 0, 4, -16 ] ], 
              [ [ 1, 3, 1, 3, 2, 1, 3, 2, 2, 4, 1, 1, 3, -2, 2, 3, 1, -15 ], [ 1, 1, 3, 1, 2, 3, 1, 2, 2, 0, 3, 3, 1, 0, 2, 1, 3, -15 ] ], 
              [ [ 1, 2, 1, 2, 2, 2, 2, 3, 3, 3, 3, 1, 2, -1, 2, 1, 2, -15 ], [ 1, 2, 3, 2, 2, 2, 2, 1, 1, 1, 1, 3, 2, -1, 2, 3, 2, -15 ] ], 
              [ [ 1, 2, 2, 2, 1, 2, 2, 3, 4, 2, 1, 2, 2, -1, 3, 2, 4, -17 ], [ 1, 2, 2, 2, 3, 2, 2, 1, 0, 2, 3, 2, 2, -1, 1, 2, 0, -13 ] ], 
              [ [ 1, 2, 2, 2, 3, 2, 2, 3, 4, 1, 2, 1, 1, 0, 4, 1, 3, -18 ], [ 1, 2, 2, 2, 1, 2, 2, 1, 0, 3, 2, 3, 3, -2, 0, 3, 1, -12 ] ], 
              [ [ 1, 2, 1, 1, 3, 3, 1, 3, 4, 2, 3, 2, 1, 0, 3, 0, 3, -17 ], [ 1, 2, 3, 3, 1, 1, 3, 1, 0, 2, 1, 2, 3, -2, 1, 4, 1, -13 ] ], 
              [ [ 1, 2, 1, 2, 3, 2, 1, 4, 4, 1, 1, 1, 2, -1, 4, 0, 3, -17 ], [ 1, 2, 3, 2, 1, 2, 3, 0, 0, 3, 3, 3, 2, -1, 0, 4, 1, -13 ] ], 
              [ [ 1, 2, 3, 1, 0, 1, 2, 3, 2, 3, 2, 2, 2, -1, 1, 2, 3, -13 ], [ 1, 2, 1, 3, 4, 3, 2, 1, 2, 1, 2, 2, 2, -1, 3, 2, 1, -17 ] ], 
              [ [ 1, 2, 2, 1, 2, 1, 1, 4, 2, 2, 2, 1, 2, -1, 2, 0, 2, -13 ], [ 1, 2, 2, 3, 2, 3, 3, 0, 2, 2, 2, 3, 2, -1, 2, 4, 2, -17 ] ], 
              [ [ 1, 0, 3, 2, 3, 2, 1, 2, 1, 0, 2, 3, 2, -1, 2, 3, 1, -14 ], [ 1, 4, 1, 2, 1, 2, 3, 2, 3, 4, 2, 1, 2, -1, 2, 1, 3, -16 ] ], 
              [ [ 1, 2, 0, 3, 4, 3, 2, 2, 3, 2, 3, 1, 2, -1, 3, 1, 1, -17 ], [ 1, 2, 4, 1, 0, 1, 2, 2, 1, 2, 1, 3, 2, -1, 1, 3, 3, -13 ] ], 
              [ [ 1, 2, 0, 3, 2, 3, 3, 3, 4, 2, 2, 0, 2, -1, 4, 2, 2, -17 ], [ 1, 2, 4, 1, 2, 1, 1, 1, 0, 2, 2, 4, 2, -1, 0, 2, 2, -13 ] ], 
              [ [ 1, 2, 2, 3, 1, 1, 3, 2, 1, 3, 2, 1, 3, -2, 1, 3, 1, -13 ], [ 1, 2, 2, 1, 3, 3, 1, 2, 3, 1, 2, 3, 1, 0, 3, 1, 3, -17 ] ], 
              [ [ 1, 2, 1, 2, 1, 2, 2, 2, 1, 4, 3, 2, 3, -2, 0, 2, 1, -12 ], [ 1, 2, 3, 2, 3, 2, 2, 2, 3, 0, 1, 2, 1, 0, 4, 2, 3, -18 ] ], 
              [ [ 1, 2, 1, 3, 1, 1, 2, 3, 1, 3, 1, 1, 4, -3, 1, 2, 1, -12 ], [ 1, 2, 3, 1, 3, 3, 2, 1, 3, 1, 3, 3, 0, 1, 3, 2, 3, -18 ] ], 
              [ [ 1, 2, 1, 2, 3, 2, 2, 2, 1, 3, 4, 1, 2, -1, 1, 1, 0, -13 ], [ 1, 2, 3, 2, 1, 2, 2, 2, 3, 1, 0, 3, 2, -1, 3, 3, 4, -17 ] ], 
              [ [ 1, 2, 1, 2, 1, 2, 3, 3, 2, 3, 3, 0, 2, -1, 2, 2, 1, -13 ], [ 1, 2, 3, 2, 3, 2, 1, 1, 2, 1, 1, 4, 2, -1, 2, 2, 3, -17 ] ], 
              [ [ 1, 2, 1, 3, 3, 3, 2, 2, 4, 1, 1, 2, 2, -1, 4, 2, 3, -19 ], [ 1, 2, 3, 1, 1, 1, 2, 2, 0, 3, 3, 2, 2, -1, 0, 2, 1, -11 ] ], 
              [ [ 1, 2, 3, 3, 2, 1, 2, 1, 1, 2, 1, 3, 3, -2, 1, 3, 2, -15 ], [ 1, 2, 1, 1, 2, 3, 2, 3, 3, 2, 3, 1, 1, 0, 3, 1, 2, -15 ] ], 
              [ [ 1, 2, 3, 2, 0, 2, 3, 1, 2, 3, 2, 3, 2, -1, 1, 4, 3, -15 ], [ 1, 2, 1, 2, 4, 2, 1, 3, 2, 1, 2, 1, 2, -1, 3, 0, 1, -15 ] ], 
              [ [ 1, 2, 3, 3, 0, 1, 3, 2, 2, 2, 0, 2, 3, -2, 2, 4, 3, -15 ], [ 1, 2, 1, 1, 4, 3, 1, 2, 2, 2, 4, 2, 1, 0, 2, 0, 1, -15 ] ], 
              [ [ 1, 2, 2, 2, 0, 2, 2, 2, 2, 3, 1, 3, 3, -2, 1, 3, 3, -14 ], [ 1, 2, 2, 2, 4, 2, 2, 2, 2, 1, 3, 1, 1, 0, 3, 1, 1, -16 ] ], 
              [ [ 1, 2, 3, 2, 2, 2, 3, 1, 2, 2, 3, 2, 1, 0, 2, 3, 2, -16 ], [ 1, 2, 1, 2, 2, 2, 1, 3, 2, 2, 1, 2, 3, -2, 2, 1, 2, -14 ] ], 
              [ [ 1, 2, 2, 2, 4, 2, 1, 1, 1, 2, 3, 3, 2, -1, 1, 1, 1, -15 ], [ 1, 2, 2, 2, 0, 2, 3, 3, 3, 2, 1, 1, 2, -1, 3, 3, 3, -15 ] ], 
              [ [ 1, 2, 2, 1, 2, 3, 2, 1, 2, 3, 4, 3, 1, 0, 1, 2, 2, -15 ], [ 1, 2, 2, 3, 2, 1, 2, 3, 2, 1, 0, 1, 3, -2, 3, 2, 2, -15 ] ] ],
          slins := [  ] ), 
      [ [ [ -13902552, -27439651, -24846883, -46110957, -41614065, -26040331, -8386033, -15904543, -13823983, -16029535, -11532643, -20977351, -26155523, 
                  -32152200, -30093687, -11461575, -36065853, -46314372 ], [ -27439651, -54158614, -49041187, -91010847, -82135161, -51396751, -16551823, 
                  -31391391, -27284873, -31638071, -22762385, -41403743, -51624085, -63459947, -59396959, -22622117, -71184451, -91412308 ], 
              [ -24846883, -49041187, -44407306, -82411269, -74374243, -46540293, -14987849, -28425231, -24706737, -28648603, -20611577, -37491521, 
                  -46746145, -57463639, -53784565, -20484561, -64458261, -82774796 ], 
              [ -46110957, -91010847, -82411269, -152939190, -138024041, -86369677, -27814515, -52751667, -45850869, -53166201, -38251053, -69576927, 
                  -86751699, -106641273, -99813627, -38015337, -119621919, -153613824 ], 
              [ -41614065, -82135161, -74374243, -138024041, -124563470, -77946613, -25101949, -47607145, -41379337, -47981253, -34520681, -62791549, 
                  -78291379, -96241253, -90079465, -34307953, -107955985, -138632884 ], 
              [ -26040331, -51396751, -46540293, -86369677, -77946613, -48775734, -15707751, -29790563, -25893459, -30024663, -21601599, -39292327, 
                  -48991473, -60223755, -56367963, -21468483, -67554343, -86750664 ], [ -8386033, -16551823, -14987849, -27814515, -25101949, -15707751, 
                  -5058530, -9593761, -8338737, -9669151, -6956585, -12653713, -15777227, -19394473, -18152755, -6913715, -21755219, -27937208 ], 
              [ -15904543, -31391391, -28425231, -52751667, -47607145, -29790563, -9593761, -18195066, -15814845, -18338045, -13193523, -23998419, 
                  -29922329, -36782627, -34427637, -13112221, -41259899, -52984360 ], [ -13823983, -27284873, -24706737, -45850869, -41379337, -25893459, 
                  -8338737, -15814845, -13746002, -15939123, -11467591, -20859027, -26007989, -31970843, -29923931, -11396923, -35862417, -46053124 ], 
              [ -16029535, -31638071, -28648603, -53166201, -47981253, -30024663, -9669151, -18338045, -15939123, -18482150, -13297201, -24187005, 
                  -30157465, -37071671, -34698179, -13215259, -41584129, -53400724 ], [ -11532643, -22762385, -20611577, -38251053, -34520681, -21601599, 
                  -6956585, -13193523, -11467591, -13297201, -9566830, -17401627, -21697145, -26671651, -24964017, -9507875, -29918195, -38419784 ], 
              [ -20977351, -41403743, -37491521, -69576927, -62791549, -39292327, -12653713, -23998419, -20859027, -24187005, -17401627, -31652770, 
                  -39466121, -48514523, -45408411, -17294391, -54419835, -69883840 ], [ -26155523, -51624085, -46746145, -86751699, -78291379, -48991473, 
                  -15777227, -29922329, -26007989, -30157465, -21697145, -39466121, -49208170, -60490135, -56617285, -21563441, -67853143, -87134372 ], 
              [ -32152200, -63459947, -57463639, -106641273, -96241253, -60223755, -19394473, -36782627, -31970843, -37071671, -26671651, -48514523, 
                  -60490135, -74358722, -69597935, -26507295, -83409841, -107111680 ], [ -30093687, -59396959, -53784565, -99813627, -90079465, -56367963, 
                  -18152755, -34427637, -29923931, -34698179, -24964017, -45408411, -56617285, -69597935, -65141974, -24810179, -78069577, -100253920 ], 
              [ -11461575, -22622117, -20484561, -38015337, -34307953, -21468483, -6913715, -13112221, -11396923, -13215259, -9507875, -17294391, 
                  -21563441, -26507295, -24810179, -9449286, -29733829, -38183028 ], [ -36065853, -71184451, -64458261, -119621919, -107955985, -67554343, 
                  -21755219, -41259899, -35862417, -41584129, -29918195, -54419835, -67853143, -83409841, -78069577, -29733829, -93562702, -120149588 ], 
              [ -46314372, -91412308, -82774796, -153613824, -138632884, -86750664, -27937208, -52984360, -46053124, -53400724, -38419784, -69883840, 
                  -87134372, -107111680, -100253920, -38183028, -120149588, -154291436 ] ], [ 1, 2, 2, 2, 2, 2, 2, 2, 2, 2, 2, 2, 2, -1, 2, 2, 2, -15 ] ] 
     ] ];
