ttbasisrec:=rec(
  Gram := [ [ 1434, -19, -1962, -575 ], [ -19, 3, 21, 7 ], 
      [ -1962, 21, 2698, 789 ], [ -575, 7, 789, 231 ] ],
  basis := [ [ 0, -1, 0, 0 ], [ -1, -2, -1, 1 ], [ 1, -1, -1, 6 ], 
      [ 1, -8, -8, 30 ] ],
  basisnrms := [ 3, 3, 3, 2 ],
  fingerprints := [ 8, 3, 2, 2 ],
  maxnrm := 3,
  newGram := [ [ 3, 1, 1, 1 ], [ 1, 3, -1, 1 ], [ 1, -1, 3, -1 ], 
      [ 1, 1, -1, 2 ] ],
  nopss := [ 2, 8 ],
  nrmsset := [ 2, 3 ],
  vss := 
   [ 
      [ [ 1, -10, -10, 37 ], [ 2, -9, -9, 36 ], [ 1, -7, -8, 30 ], 
          [ 2, -6, -7, 29 ], [ 0, 2, 2, -7 ], [ 1, -1, -1, 6 ], 
          [ 1, 2, 1, -1 ], [ 0, 1, 0, 0 ] ], 
      [ [ 1, -10, -10, 37 ], [ 2, -9, -9, 36 ], [ 1, -7, -8, 30 ], 
          [ 2, -6, -7, 29 ], [ 0, -2, -2, 7 ], [ 1, -1, -1, 6 ], 
          [ -1, -2, -1, 1 ], [ 0, 1, 0, 0 ] ] ] );
