results2:=
[ 
  [ [ [ 2, 0, 0, 0, 0, 0, 0, 0, 0, 0, 0, 0, 0, 0, 0, 0, 0, 0, 0, 0 ], 
          [ 0, -4, 0, 0, 0, 0, 1, 0, 1, 0, 0, 0, -1, 0, 0, 0, 0, 0, 0, 0 ], 
          [ 0, 0, -4, -1, 0, 0, 0, 0, 0, 0, 0, 0, 0, 1, 0, 1, 0, 0, 0, 0 ], 
          [ 0, 0, -1, -4, 0, 0, 1, 0, 0, -1, 0, 0, 0, 1, 0, -1, -1, 1, 0, 0 ], 
          [ 0, 0, 0, 0, -4, 0, 0, 1, 0, 0, 0, 0, 0, 0, 0, 0, 0, 0, 0, 0 ], 
          [ 0, 0, 0, 0, 0, -4, 0, 0, 0, 0, 0, 1, 0, 1, 0, 1, 0, -1, 0, 0 ], 
          [ 0, 1, 0, 1, 0, 0, -4, -1, 0, 0, 0, 0, 1, 0, 0, 0, 0, 0, 0, -1 ], 
          [ 0, 0, 0, 0, 1, 0, -1, -4, 0, -1, -1, 0, 0, 0, 0, -1, -1, 1, 0, 0 ], 
          [ 0, 1, 0, 0, 0, 0, 0, 0, -4, 0, 0, 0, 0, 1, 0, 0, 0, 0, 1, 0 ], 
          [ 0, 0, 0, -1, 0, 0, 0, -1, 0, -4, 0, 0, 0, 0, 0, 1, -1, 0, 0, 0 ], 
          [ 0, 0, 0, 0, 0, 0, 0, -1, 0, 0, -4, 0, 0, 1, 0, -1, 1, 0, 0, 0 ], 
          [ 0, 0, 0, 0, 0, 1, 0, 0, 0, 0, 0, -4, 0, 0, 0, 0, 0, 0, 1, 0 ], 
          [ 0, -1, 0, 0, 0, 0, 1, 0, 0, 0, 0, 0, -4, 0, 0, -1, 0, 0, 0, 0 ], 
          [ 0, 0, 1, 1, 0, 1, 0, 0, 1, 0, 1, 0, 0, -4, 0, 0, 0, 0, -1, 0 ], 
          [ 0, 0, 0, 0, 0, 0, 0, 0, 0, 0, 0, 0, 0, 0, -4, 0, -1, 0, 0, 0 ], 
          [ 0, 0, 1, -1, 0, 1, 0, -1, 0, 1, -1, 0, -1, 0, 0, -4, 0, 0, 0, 0 ], 
          [ 0, 0, 0, -1, 0, 0, 0, -1, 0, -1, 1, 0, 0, 0, -1, 0, -4, 1, 0, 0 ], 
          [ 0, 0, 0, 1, 0, -1, 0, 1, 0, 0, 0, 0, 0, 0, 0, 0, 1, -4, 0, 0 ], 
          [ 0, 0, 0, 0, 0, 0, 0, 0, 1, 0, 0, 1, 0, -1, 0, 0, 0, 0, -4, -1 ], 
          [ 0, 0, 0, 0, 0, 0, -1, 0, 0, 0, 0, 0, 0, 0, 0, 0, 0, 0, -1, -4 ] ], 
      [ 1, 0, 0, 0, 0, 0, 0, 0, 0, 0, 0, 0, 0, 0, 0, 0, 0, 0, 0, 0 ], rec(
          nopss := [ 0, 19 ],
          scons := 
           [ [ [ 1, 0, 0, 0, 0, 0, 0, 0, 0, 0, 0, 0, 0, 0, -1, 0, 0, 0, 0, 0 ], 
                  [ 1, 0, 0, 0, 0, 0, 0, 0, 0, 0, 0, 0, 0, 0, 1, 0, 0, 0, 0, 0 ] ], 
              [ [ 1, 0, 0, 0, -1, 0, 0, 0, 0, 0, 0, 0, 0, 0, 0, 0, 0, 0, 0, 0 ], 
                  [ 1, 0, 0, 0, 1, 0, 0, 0, 0, 0, 0, 0, 0, 0, 0, 0, 0, 0, 0, 0 ] ], 
              [ [ 1, 0, 0, 0, 0, 0, 0, 0, 0, 0, 0, 0, 0, 0, 0, 0, 0, 0, 0, -1 ], 
                  [ 1, 0, 0, 0, 0, 0, 0, 0, 0, 0, 0, 0, 0, 0, 0, 0, 0, 0, 0, 1 ] ], 
              [ [ 1, 0, 0, 0, 0, 0, 0, 0, 0, 0, 0, -1, 0, 0, 0, 0, 0, 0, 0, 0 ], 
                  [ 1, 0, 0, 0, 0, 0, 0, 0, 0, 0, 0, 1, 0, 0, 0, 0, 0, 0, 0, 0 ] ], 
              [ [ 1, -1, 0, 0, 0, 0, 0, 0, 0, 0, 0, 0, 0, 0, 0, 0, 0, 0, 0, 0 ], 
                  [ 1, 1, 0, 0, 0, 0, 0, 0, 0, 0, 0, 0, 0, 0, 0, 0, 0, 0, 0, 0 ] ], 
              [ [ 1, 0, 0, 0, 0, 0, 0, 0, -1, 0, 0, 0, 0, 0, 0, 0, 0, 0, 0, 0 ], 
                  [ 1, 0, 0, 0, 0, 0, 0, 0, 1, 0, 0, 0, 0, 0, 0, 0, 0, 0, 0, 0 ] ], 
              [ [ 1, 0, 0, 0, 0, 0, 0, 0, 0, 0, 0, 0, 0, 0, 0, 0, 0, 0, -1, 0 ], 
                  [ 1, 0, 0, 0, 0, 0, 0, 0, 0, 0, 0, 0, 0, 0, 0, 0, 0, 0, 1, 0 ] ], 
              [ [ 1, 0, 0, 0, 0, 0, 0, 0, 0, 0, 0, 0, -1, 0, 0, 0, 0, 0, 0, 0 ], 
                  [ 1, 0, 0, 0, 0, 0, 0, 0, 0, 0, 0, 0, 1, 0, 0, 0, 0, 0, 0, 0 ] ], 
              [ [ 1, 0, 0, 0, 0, 0, 0, 0, 0, 0, -1, 0, 0, 0, 0, 0, 0, 0, 0, 0 ], 
                  [ 1, 0, 0, 0, 0, 0, 0, 0, 0, 0, 1, 0, 0, 0, 0, 0, 0, 0, 0, 0 ] ], 
              [ [ 1, 0, 0, 0, 0, 0, 0, 0, 0, 0, 0, 0, 0, 0, 0, 0, -1, 0, 0, 0 ], 
                  [ 1, 0, 0, 0, 0, 0, 0, 0, 0, 0, 0, 0, 0, 0, 0, 0, 1, 0, 0, 0 ] ], 
              [ [ 1, 0, 0, 0, 0, 0, -1, 0, 0, 0, 0, 0, 0, 0, 0, 0, 0, 0, 0, 0 ], 
                  [ 1, 0, 0, 0, 0, 0, 1, 0, 0, 0, 0, 0, 0, 0, 0, 0, 0, 0, 0, 0 ] ], 
              [ [ 1, 0, 0, 0, 0, 0, 0, 0, 0, 0, 0, 0, 0, -1, 0, 0, 0, 0, 0, 0 ], 
                  [ 1, 0, 0, 0, 0, 0, 0, 0, 0, 0, 0, 0, 0, 1, 0, 0, 0, 0, 0, 0 ] ], 
              [ [ 1, 0, -1, 0, 0, 0, 0, 0, 0, 0, 0, 0, 0, 0, 0, 0, 0, 0, 0, 0 ], 
                  [ 1, 0, 1, 0, 0, 0, 0, 0, 0, 0, 0, 0, 0, 0, 0, 0, 0, 0, 0, 0 ] ], 
              [ [ 1, 0, 0, 0, 0, -1, 0, 0, 0, 0, 0, 0, 0, 0, 0, 0, 0, 0, 0, 0 ], 
                  [ 1, 0, 0, 0, 0, 1, 0, 0, 0, 0, 0, 0, 0, 0, 0, 0, 0, 0, 0, 0 ] ], 
              [ [ 1, 0, 0, 0, 0, 0, 0, 0, 0, 0, 0, 0, 0, 0, 0, 0, 0, -1, 0, 0 ], 
                  [ 1, 0, 0, 0, 0, 0, 0, 0, 0, 0, 0, 0, 0, 0, 0, 0, 0, 1, 0, 0 ] ], 
              [ [ 1, 0, 0, 0, 0, 0, 0, 0, 0, -1, 0, 0, 0, 0, 0, 0, 0, 0, 0, 0 ], 
                  [ 1, 0, 0, 0, 0, 0, 0, 0, 0, 1, 0, 0, 0, 0, 0, 0, 0, 0, 0, 0 ] ], 
              [ [ 1, 0, 0, -1, 0, 0, 0, 0, 0, 0, 0, 0, 0, 0, 0, 0, 0, 0, 0, 0 ], 
                  [ 1, 0, 0, 1, 0, 0, 0, 0, 0, 0, 0, 0, 0, 0, 0, 0, 0, 0, 0, 0 ] ], 
              [ [ 1, 0, 0, 0, 0, 0, 0, 0, 0, 0, 0, 0, 0, 0, 0, -1, 0, 0, 0, 0 ], 
                  [ 1, 0, 0, 0, 0, 0, 0, 0, 0, 0, 0, 0, 0, 0, 0, 1, 0, 0, 0, 0 ] ], 
              [ [ 1, 0, 0, 0, 0, 0, 0, -1, 0, 0, 0, 0, 0, 0, 0, 0, 0, 0, 0, 0 ], 
                  [ 1, 0, 0, 0, 0, 0, 0, 1, 0, 0, 0, 0, 0, 0, 0, 0, 0, 0, 0, 0 ] ] ],
          slins := [  ] ), 
      [ [ 4, -1, 1, -1, -1, -1, 1, -1, 1, -1, 1, -1, 1, -1, -1, 1, -1, 1, 1 ], 
          [ -1, 4, 1, -1, -1, 1, 1, -1, -1, -1, -1, -1, -1, 1, 1, -1, -1, 1, 1 ], 
          [ 1, 1, 4, 1, -1, -1, -1, 1, 1, 1, 1, 1, 1, -1, -1, 1, -1, 1, 1 ], 
          [ -1, -1, 1, 4, -1, 1, -1, 1, -1, 1, -1, -1, 1, -1, 1, 1, 1, 1, -1 ], 
          [ -1, -1, -1, -1, 4, 1, 1, 1, -1, -1, 1, 1, 1, 1, -1, 1, -1, -1, 1 ], 
          [ -1, 1, -1, 1, 1, 4, 1, -1, 1, -1, -1, -1, -1, -1, -1, 1, -1, 1, 1 ], 
          [ 1, 1, -1, -1, 1, 1, 4, 1, -1, -1, 1, 1, 1, -1, 1, 1, 1, -1, -1 ], 
          [ -1, -1, 1, 1, 1, -1, 1, 4, -1, -1, 1, 1, 1, -1, -1, 1, 1, -1, 1 ], 
          [ 1, -1, 1, -1, -1, 1, -1, -1, 4, 1, 1, -1, -1, 1, 1, -1, 1, 1, -1 ], 
          [ -1, -1, 1, 1, -1, -1, -1, -1, 1, 4, -1, -1, -1, 1, -1, 1, -1, -1, -1 ], 
          [ 1, -1, 1, -1, 1, -1, 1, 1, 1, -1, 4, 1, 1, 1, 1, -1, -1, 1, -1 ], 
          [ -1, -1, 1, -1, 1, -1, 1, 1, -1, -1, 1, 4, -1, -1, 1, -1, 1, -1, -1 ], 
          [ 1, -1, 1, 1, 1, -1, 1, 1, -1, -1, 1, -1, 4, 1, 1, 1, -1, -1, -1 ], 
          [ -1, 1, -1, -1, 1, -1, -1, -1, 1, 1, 1, -1, 1, 4, -1, 1, -1, -1, 1 ], 
          [ -1, 1, -1, 1, -1, -1, 1, -1, 1, -1, 1, 1, 1, -1, 4, -1, 1, -1, 1 ], 
          [ 1, -1, 1, 1, 1, 1, 1, 1, -1, 1, -1, -1, 1, 1, -1, 4, 1, 1, -1 ], 
          [ -1, -1, -1, 1, -1, -1, 1, 1, 1, -1, -1, 1, -1, -1, 1, 1, 4, 1, -1 ], 
          [ 1, 1, 1, 1, -1, 1, -1, -1, 1, -1, 1, -1, -1, -1, -1, 1, 1, 4, 1 ], 
          [ 1, 1, 1, -1, 1, 1, -1, 1, -1, -1, -1, -1, -1, 1, 1, -1, -1, 1, 4 ] ] ], 
  [ [ [ 2, 0, 0, 0, 0, 0, 0, 0, 0, 0, 0, 0, 0, 0, 0, 0, 0, 0, 0, 0 ], 
          [ 0, -4, 0, 0, 0, 0, 1, 0, 1, 0, 0, 0, -1, 0, 0, 0, 0, 0, 0, 0 ], 
          [ 0, 0, -4, -1, 0, 0, 0, 0, 0, 0, 0, 0, 0, 1, 0, 1, 0, 0, 0, 0 ], 
          [ 0, 0, -1, -4, 0, 0, 1, 0, 0, -1, 0, 0, 0, 1, 0, -1, -1, 1, 0, 0 ], 
          [ 0, 0, 0, 0, -4, 0, 0, 1, 0, 0, 0, 0, 0, 0, 0, 0, 0, 0, 0, 0 ], 
          [ 0, 0, 0, 0, 0, -4, 0, 0, 0, 0, 0, 1, 0, 1, 0, 1, 0, -1, 0, 0 ], 
          [ 0, 1, 0, 1, 0, 0, -4, -1, 0, 0, 0, 0, 1, 0, 0, 0, 0, 0, 0, -1 ], 
          [ 0, 0, 0, 0, 1, 0, -1, -4, 0, -1, -1, 0, 0, 1, 0, -1, -1, 1, 0, 0 ], 
          [ 0, 1, 0, 0, 0, 0, 0, 0, -4, 0, 0, 0, 0, 1, 0, 0, 0, 0, 1, 0 ], 
          [ 0, 0, 0, -1, 0, 0, 0, -1, 0, -4, 0, 0, 0, 0, 0, 1, -1, 0, 0, 0 ], 
          [ 0, 0, 0, 0, 0, 0, 0, -1, 0, 0, -4, 0, 0, 1, 0, -1, 1, 0, 0, 0 ], 
          [ 0, 0, 0, 0, 0, 1, 0, 0, 0, 0, 0, -4, 0, 0, 0, 0, 0, 0, 1, 0 ], 
          [ 0, -1, 0, 0, 0, 0, 1, 0, 0, 0, 0, 0, -4, 0, 0, -1, 0, 0, 0, 0 ], 
          [ 0, 0, 1, 1, 0, 1, 0, 1, 1, 0, 1, 0, 0, -4, 0, 0, 0, 0, -1, 0 ], 
          [ 0, 0, 0, 0, 0, 0, 0, 0, 0, 0, 0, 0, 0, 0, -4, 0, -1, 0, 0, 0 ], 
          [ 0, 0, 1, -1, 0, 1, 0, -1, 0, 1, -1, 0, -1, 0, 0, -4, 0, 0, 0, 0 ], 
          [ 0, 0, 0, -1, 0, 0, 0, -1, 0, -1, 1, 0, 0, 0, -1, 0, -4, 1, 0, 0 ], 
          [ 0, 0, 0, 1, 0, -1, 0, 1, 0, 0, 0, 0, 0, 0, 0, 0, 1, -4, 0, 0 ], 
          [ 0, 0, 0, 0, 0, 0, 0, 0, 1, 0, 0, 1, 0, -1, 0, 0, 0, 0, -4, -1 ], 
          [ 0, 0, 0, 0, 0, 0, -1, 0, 0, 0, 0, 0, 0, 0, 0, 0, 0, 0, -1, -4 ] ], 
      [ 1, 0, 0, 0, 0, 0, 0, 0, 0, 0, 0, 0, 0, 0, 0, 0, 0, 0, 0, 0 ], rec(
          nopss := [ 0, 19 ],
          scons := 
           [ [ [ 1, 0, 0, 0, 0, 0, 0, 0, 0, 0, 0, 0, 0, 0, -1, 0, 0, 0, 0, 0 ], 
                  [ 1, 0, 0, 0, 0, 0, 0, 0, 0, 0, 0, 0, 0, 0, 1, 0, 0, 0, 0, 0 ] ], 
              [ [ 1, 0, 0, 0, -1, 0, 0, 0, 0, 0, 0, 0, 0, 0, 0, 0, 0, 0, 0, 0 ], 
                  [ 1, 0, 0, 0, 1, 0, 0, 0, 0, 0, 0, 0, 0, 0, 0, 0, 0, 0, 0, 0 ] ], 
              [ [ 1, 0, 0, 0, 0, 0, 0, 0, 0, 0, 0, 0, 0, 0, 0, 0, 0, 0, 0, -1 ], 
                  [ 1, 0, 0, 0, 0, 0, 0, 0, 0, 0, 0, 0, 0, 0, 0, 0, 0, 0, 0, 1 ] ], 
              [ [ 1, 0, 0, 0, 0, 0, 0, 0, 0, 0, 0, -1, 0, 0, 0, 0, 0, 0, 0, 0 ], 
                  [ 1, 0, 0, 0, 0, 0, 0, 0, 0, 0, 0, 1, 0, 0, 0, 0, 0, 0, 0, 0 ] ], 
              [ [ 1, -1, 0, 0, 0, 0, 0, 0, 0, 0, 0, 0, 0, 0, 0, 0, 0, 0, 0, 0 ], 
                  [ 1, 1, 0, 0, 0, 0, 0, 0, 0, 0, 0, 0, 0, 0, 0, 0, 0, 0, 0, 0 ] ], 
              [ [ 1, 0, 0, 0, 0, 0, 0, 0, -1, 0, 0, 0, 0, 0, 0, 0, 0, 0, 0, 0 ], 
                  [ 1, 0, 0, 0, 0, 0, 0, 0, 1, 0, 0, 0, 0, 0, 0, 0, 0, 0, 0, 0 ] ], 
              [ [ 1, 0, 0, 0, 0, 0, 0, 0, 0, 0, 0, 0, 0, 0, 0, 0, 0, 0, -1, 0 ], 
                  [ 1, 0, 0, 0, 0, 0, 0, 0, 0, 0, 0, 0, 0, 0, 0, 0, 0, 0, 1, 0 ] ], 
              [ [ 1, 0, 0, 0, 0, 0, 0, 0, 0, 0, -1, 0, 0, 0, 0, 0, 0, 0, 0, 0 ], 
                  [ 1, 0, 0, 0, 0, 0, 0, 0, 0, 0, 1, 0, 0, 0, 0, 0, 0, 0, 0, 0 ] ], 
              [ [ 1, 0, 0, 0, 0, 0, 0, 0, 0, 0, 0, 0, -1, 0, 0, 0, 0, 0, 0, 0 ], 
                  [ 1, 0, 0, 0, 0, 0, 0, 0, 0, 0, 0, 0, 1, 0, 0, 0, 0, 0, 0, 0 ] ], 
              [ [ 1, 0, 0, 0, 0, 0, -1, 0, 0, 0, 0, 0, 0, 0, 0, 0, 0, 0, 0, 0 ], 
                  [ 1, 0, 0, 0, 0, 0, 1, 0, 0, 0, 0, 0, 0, 0, 0, 0, 0, 0, 0, 0 ] ], 
              [ [ 1, 0, 0, 0, 0, 0, 0, 0, 0, 0, 0, 0, 0, 0, 0, 0, -1, 0, 0, 0 ], 
                  [ 1, 0, 0, 0, 0, 0, 0, 0, 0, 0, 0, 0, 0, 0, 0, 0, 1, 0, 0, 0 ] ], 
              [ [ 1, 0, -1, 0, 0, 0, 0, 0, 0, 0, 0, 0, 0, 0, 0, 0, 0, 0, 0, 0 ], 
                  [ 1, 0, 1, 0, 0, 0, 0, 0, 0, 0, 0, 0, 0, 0, 0, 0, 0, 0, 0, 0 ] ], 
              [ [ 1, 0, 0, 0, 0, -1, 0, 0, 0, 0, 0, 0, 0, 0, 0, 0, 0, 0, 0, 0 ], 
                  [ 1, 0, 0, 0, 0, 1, 0, 0, 0, 0, 0, 0, 0, 0, 0, 0, 0, 0, 0, 0 ] ], 
              [ [ 1, 0, 0, 0, 0, 0, 0, 0, 0, 0, 0, 0, 0, -1, 0, 0, 0, 0, 0, 0 ], 
                  [ 1, 0, 0, 0, 0, 0, 0, 0, 0, 0, 0, 0, 0, 1, 0, 0, 0, 0, 0, 0 ] ], 
              [ [ 1, 0, 0, 0, 0, 0, 0, 0, 0, 0, 0, 0, 0, 0, 0, 0, 0, -1, 0, 0 ], 
                  [ 1, 0, 0, 0, 0, 0, 0, 0, 0, 0, 0, 0, 0, 0, 0, 0, 0, 1, 0, 0 ] ], 
              [ [ 1, 0, 0, -1, 0, 0, 0, 0, 0, 0, 0, 0, 0, 0, 0, 0, 0, 0, 0, 0 ], 
                  [ 1, 0, 0, 1, 0, 0, 0, 0, 0, 0, 0, 0, 0, 0, 0, 0, 0, 0, 0, 0 ] ], 
              [ [ 1, 0, 0, 0, 0, 0, 0, 0, 0, 0, 0, 0, 0, 0, 0, -1, 0, 0, 0, 0 ], 
                  [ 1, 0, 0, 0, 0, 0, 0, 0, 0, 0, 0, 0, 0, 0, 0, 1, 0, 0, 0, 0 ] ], 
              [ [ 1, 0, 0, 0, 0, 0, 0, 0, 0, -1, 0, 0, 0, 0, 0, 0, 0, 0, 0, 0 ], 
                  [ 1, 0, 0, 0, 0, 0, 0, 0, 0, 1, 0, 0, 0, 0, 0, 0, 0, 0, 0, 0 ] ], 
              [ [ 1, 0, 0, 0, 0, 0, 0, -1, 0, 0, 0, 0, 0, 0, 0, 0, 0, 0, 0, 0 ], 
                  [ 1, 0, 0, 0, 0, 0, 0, 1, 0, 0, 0, 0, 0, 0, 0, 0, 0, 0, 0, 0 ] ] ],
          slins := [  ] ), 
      [ [ 4, -1, 1, -1, -1, -1, 1, -1, 1, -1, 1, -1, 1, -1, -1, 1, -1, 1, 1 ], 
          [ -1, 4, 1, -1, -1, 1, 1, -1, -1, -1, -1, -1, -1, 1, 1, -1, -1, 1, 1 ], 
          [ 1, 1, 4, 1, -1, -1, -1, 1, 1, 1, 1, 1, 1, -1, -1, 1, -1, 1, 1 ], 
          [ -1, -1, 1, 4, -1, 1, -1, 1, -1, 1, -1, -1, 1, -1, 1, 1, 1, 1, -1 ], 
          [ -1, -1, -1, -1, 4, 1, 1, 1, -1, -1, 1, 1, 1, 1, -1, 1, -1, -1, 1 ], 
          [ -1, 1, -1, 1, 1, 4, 1, -1, 1, -1, -1, -1, -1, -1, -1, 1, -1, 1, 1 ], 
          [ 1, 1, -1, -1, 1, 1, 4, 1, -1, -1, 1, 1, 1, -1, 1, 1, 1, -1, -1 ], 
          [ -1, -1, 1, 1, 1, -1, 1, 4, -1, -1, 1, 1, 1, -1, -1, 1, 1, -1, 1 ], 
          [ 1, -1, 1, -1, -1, 1, -1, -1, 4, 1, 1, -1, -1, 1, 1, -1, 1, 1, -1 ], 
          [ -1, -1, 1, 1, -1, -1, -1, -1, 1, 4, -1, -1, -1, 1, -1, 1, -1, -1, -1 ], 
          [ 1, -1, 1, -1, 1, -1, 1, 1, 1, -1, 4, 1, 1, 1, 1, -1, -1, 1, -1 ], 
          [ -1, -1, 1, -1, 1, -1, 1, 1, -1, -1, 1, 4, -1, -1, 1, -1, 1, -1, -1 ], 
          [ 1, -1, 1, 1, 1, -1, 1, 1, -1, -1, 1, -1, 4, 1, 1, 1, -1, -1, -1 ], 
          [ -1, 1, -1, -1, 1, -1, -1, -1, 1, 1, 1, -1, 1, 4, -1, 1, -1, -1, 1 ], 
          [ -1, 1, -1, 1, -1, -1, 1, -1, 1, -1, 1, 1, 1, -1, 4, -1, 1, -1, 1 ], 
          [ 1, -1, 1, 1, 1, 1, 1, 1, -1, 1, -1, -1, 1, 1, -1, 4, 1, 1, -1 ], 
          [ -1, -1, -1, 1, -1, -1, 1, 1, 1, -1, -1, 1, -1, -1, 1, 1, 4, 1, -1 ], 
          [ 1, 1, 1, 1, -1, 1, -1, -1, 1, -1, 1, -1, -1, -1, -1, 1, 1, 4, 1 ], 
          [ 1, 1, 1, -1, 1, 1, -1, 1, -1, -1, -1, -1, -1, 1, 1, -1, -1, 1, 4 ] ] ], 
  [ [ [ 2, 0, 0, 0, 0, 0, 0, 0, 0, 0, 0, 0, 0, 0, 0, 0, 0, 0, 0, 0 ], 
          [ 0, -4, 0, 0, 0, 0, 1, 0, 1, 0, 0, 0, -1, 0, 0, 0, 0, 0, 0, 0 ], 
          [ 0, 0, -4, -1, 0, 0, 0, 0, 0, 0, 0, 0, 0, 1, 0, 1, 0, 0, 0, 0 ], 
          [ 0, 0, -1, -4, 0, 0, 1, 0, 0, -1, 0, 0, 0, 1, 0, -1, 1, 1, 0, 0 ], 
          [ 0, 0, 0, 0, -4, 0, 0, 1, 0, 0, 0, 0, 0, 0, 0, 0, 0, 0, 0, 0 ], 
          [ 0, 0, 0, 0, 0, -4, 0, 0, 0, 0, 0, 1, 0, 1, 0, 1, 0, -1, 0, 0 ], 
          [ 0, 1, 0, 1, 0, 0, -4, -1, 0, 0, 0, 0, 1, 0, 0, 0, 0, 0, 0, -1 ], 
          [ 0, 0, 0, 0, 1, 0, -1, -4, 0, -1, -1, 0, 0, 1, 0, -1, -1, 1, 0, 0 ], 
          [ 0, 1, 0, 0, 0, 0, 0, 0, -4, 0, 0, 0, 0, 1, 0, 0, 0, 0, 1, 0 ], 
          [ 0, 0, 0, -1, 0, 0, 0, -1, 0, -4, 0, 0, 0, 0, 0, 1, -1, 0, 0, 0 ], 
          [ 0, 0, 0, 0, 0, 0, 0, -1, 0, 0, -4, 0, 0, 1, 0, -1, 1, 0, 0, 0 ], 
          [ 0, 0, 0, 0, 0, 1, 0, 0, 0, 0, 0, -4, 0, 0, 0, 0, 0, 0, 1, 0 ], 
          [ 0, -1, 0, 0, 0, 0, 1, 0, 0, 0, 0, 0, -4, 0, 0, -1, 0, 0, 0, 0 ], 
          [ 0, 0, 1, 1, 0, 1, 0, 1, 1, 0, 1, 0, 0, -4, 0, 0, 0, 0, -1, 0 ], 
          [ 0, 0, 0, 0, 0, 0, 0, 0, 0, 0, 0, 0, 0, 0, -4, 0, -1, 0, 0, 0 ], 
          [ 0, 0, 1, -1, 0, 1, 0, -1, 0, 1, -1, 0, -1, 0, 0, -4, 0, 0, 0, 0 ], 
          [ 0, 0, 0, 1, 0, 0, 0, -1, 0, -1, 1, 0, 0, 0, -1, 0, -4, 1, 0, 0 ], 
          [ 0, 0, 0, 1, 0, -1, 0, 1, 0, 0, 0, 0, 0, 0, 0, 0, 1, -4, 0, 0 ], 
          [ 0, 0, 0, 0, 0, 0, 0, 0, 1, 0, 0, 1, 0, -1, 0, 0, 0, 0, -4, -1 ], 
          [ 0, 0, 0, 0, 0, 0, -1, 0, 0, 0, 0, 0, 0, 0, 0, 0, 0, 0, -1, -4 ] ], 
      [ 1, 0, 0, 0, 0, 0, 0, 0, 0, 0, 0, 0, 0, 0, 0, 0, 0, 0, 0, 0 ], rec(
          nopss := [ 0, 19 ],
          scons := 
           [ [ [ 1, 0, 0, 0, -1, 0, 0, 0, 0, 0, 0, 0, 0, 0, 0, 0, 0, 0, 0, 0 ], 
                  [ 1, 0, 0, 0, 1, 0, 0, 0, 0, 0, 0, 0, 0, 0, 0, 0, 0, 0, 0, 0 ] ], 
              [ [ 1, 0, 0, 0, 0, 0, 0, 0, 0, 0, 0, 0, 0, 0, 0, 0, 0, 0, 0, -1 ], 
                  [ 1, 0, 0, 0, 0, 0, 0, 0, 0, 0, 0, 0, 0, 0, 0, 0, 0, 0, 0, 1 ] ], 
              [ [ 1, -1, 0, 0, 0, 0, 0, 0, 0, 0, 0, 0, 0, 0, 0, 0, 0, 0, 0, 0 ], 
                  [ 1, 1, 0, 0, 0, 0, 0, 0, 0, 0, 0, 0, 0, 0, 0, 0, 0, 0, 0, 0 ] ], 
              [ [ 1, 0, 0, 0, 0, 0, 0, 0, 0, 0, 0, -1, 0, 0, 0, 0, 0, 0, 0, 0 ], 
                  [ 1, 0, 0, 0, 0, 0, 0, 0, 0, 0, 0, 1, 0, 0, 0, 0, 0, 0, 0, 0 ] ], 
              [ [ 1, 0, 0, 0, 0, 0, 0, 0, -1, 0, 0, 0, 0, 0, 0, 0, 0, 0, 0, 0 ], 
                  [ 1, 0, 0, 0, 0, 0, 0, 0, 1, 0, 0, 0, 0, 0, 0, 0, 0, 0, 0, 0 ] ], 
              [ [ 1, 0, 0, 0, 0, 0, 0, 0, 0, 0, 0, 0, 0, 0, -1, 0, 0, 0, 0, 0 ], 
                  [ 1, 0, 0, 0, 0, 0, 0, 0, 0, 0, 0, 0, 0, 0, 1, 0, 0, 0, 0, 0 ] ], 
              [ [ 1, 0, 0, 0, 0, 0, 0, 0, 0, 0, 0, 0, 0, 0, 0, 0, 0, 0, -1, 0 ], 
                  [ 1, 0, 0, 0, 0, 0, 0, 0, 0, 0, 0, 0, 0, 0, 0, 0, 0, 0, 1, 0 ] ], 
              [ [ 1, 0, 0, 0, 0, 0, 0, 0, 0, 0, 0, 0, -1, 0, 0, 0, 0, 0, 0, 0 ], 
                  [ 1, 0, 0, 0, 0, 0, 0, 0, 0, 0, 0, 0, 1, 0, 0, 0, 0, 0, 0, 0 ] ], 
              [ [ 1, 0, 0, 0, 0, 0, -1, 0, 0, 0, 0, 0, 0, 0, 0, 0, 0, 0, 0, 0 ], 
                  [ 1, 0, 0, 0, 0, 0, 1, 0, 0, 0, 0, 0, 0, 0, 0, 0, 0, 0, 0, 0 ] ], 
              [ [ 1, 0, 0, 0, 0, 0, 0, 0, 0, 0, 0, 0, 0, 0, 0, -1, 0, 0, 0, 0 ], 
                  [ 1, 0, 0, 0, 0, 0, 0, 0, 0, 0, 0, 0, 0, 0, 0, 1, 0, 0, 0, 0 ] ], 
              [ [ 1, 0, 0, 0, 0, 0, 0, 0, 0, 1, 0, 0, 0, 0, 0, 0, 0, 0, 0, 0 ], 
                  [ 1, 0, 0, 0, 0, 0, 0, 0, 0, -1, 0, 0, 0, 0, 0, 0, 0, 0, 0, 0 ] ], 
              [ [ 1, 0, 0, 0, 0, 0, 0, 0, 0, 0, 0, 0, 0, -1, 0, 0, 0, 0, 0, 0 ], 
                  [ 1, 0, 0, 0, 0, 0, 0, 0, 0, 0, 0, 0, 0, 1, 0, 0, 0, 0, 0, 0 ] ], 
              [ [ 1, 0, 0, 0, 0, -1, 0, 0, 0, 0, 0, 0, 0, 0, 0, 0, 0, 0, 0, 0 ], 
                  [ 1, 0, 0, 0, 0, 1, 0, 0, 0, 0, 0, 0, 0, 0, 0, 0, 0, 0, 0, 0 ] ], 
              [ [ 1, 0, 0, -1, 0, 0, 0, 0, 0, 0, 0, 0, 0, 0, 0, 0, 0, 0, 0, 0 ], 
                  [ 1, 0, 0, 1, 0, 0, 0, 0, 0, 0, 0, 0, 0, 0, 0, 0, 0, 0, 0, 0 ] ], 
              [ [ 1, 0, 0, 0, 0, 0, 0, 0, 0, 0, 0, 0, 0, 0, 0, 0, 0, -1, 0, 0 ], 
                  [ 1, 0, 0, 0, 0, 0, 0, 0, 0, 0, 0, 0, 0, 0, 0, 0, 0, 1, 0, 0 ] ], 
              [ [ 1, 0, 0, 0, 0, 0, 0, 0, 0, 0, -1, 0, 0, 0, 0, 0, 0, 0, 0, 0 ], 
                  [ 1, 0, 0, 0, 0, 0, 0, 0, 0, 0, 1, 0, 0, 0, 0, 0, 0, 0, 0, 0 ] ], 
              [ [ 1, 0, 0, 0, 0, 0, 0, -1, 0, 0, 0, 0, 0, 0, 0, 0, 0, 0, 0, 0 ], 
                  [ 1, 0, 0, 0, 0, 0, 0, 1, 0, 0, 0, 0, 0, 0, 0, 0, 0, 0, 0, 0 ] ], 
              [ [ 1, 0, -1, 0, 0, 0, 0, 0, 0, 0, 0, 0, 0, 0, 0, 0, 0, 0, 0, 0 ], 
                  [ 1, 0, 1, 0, 0, 0, 0, 0, 0, 0, 0, 0, 0, 0, 0, 0, 0, 0, 0, 0 ] ], 
              [ [ 1, 0, 0, 0, 0, 0, 0, 0, 0, 0, 0, 0, 0, 0, 0, 0, -1, 0, 0, 0 ], 
                  [ 1, 0, 0, 0, 0, 0, 0, 0, 0, 0, 0, 0, 0, 0, 0, 0, 1, 0, 0, 0 ] ] ],
          slins := [  ] ), 
      [ [ 4, -1, 1, -1, -1, -1, 1, -1, 1, -1, 1, -1, 1, -1, -1, 1, -1, 1, 1 ], 
          [ -1, 4, 1, -1, -1, 1, 1, -1, -1, -1, -1, -1, -1, 1, 1, -1, -1, 1, 1 ], 
          [ 1, 1, 4, 1, -1, -1, -1, 1, 1, 1, 1, 1, 1, -1, -1, 1, -1, 1, 1 ], 
          [ -1, -1, 1, 4, -1, 1, -1, 1, -1, 1, -1, -1, 1, -1, 1, 1, 1, 1, -1 ], 
          [ -1, -1, -1, -1, 4, 1, 1, 1, -1, -1, 1, 1, 1, 1, -1, 1, -1, -1, 1 ], 
          [ -1, 1, -1, 1, 1, 4, 1, -1, 1, -1, -1, -1, -1, -1, -1, 1, -1, 1, 1 ], 
          [ 1, 1, -1, -1, 1, 1, 4, 1, -1, -1, 1, 1, 1, -1, 1, 1, 1, -1, -1 ], 
          [ -1, -1, 1, 1, 1, -1, 1, 4, -1, -1, 1, 1, 1, -1, -1, 1, 1, -1, 1 ], 
          [ 1, -1, 1, -1, -1, 1, -1, -1, 4, 1, 1, -1, -1, 1, 1, -1, 1, 1, -1 ], 
          [ -1, -1, 1, 1, -1, -1, -1, -1, 1, 4, -1, -1, -1, 1, -1, 1, -1, -1, -1 ], 
          [ 1, -1, 1, -1, 1, -1, 1, 1, 1, -1, 4, 1, 1, 1, 1, -1, -1, 1, -1 ], 
          [ -1, -1, 1, -1, 1, -1, 1, 1, -1, -1, 1, 4, -1, -1, 1, -1, 1, -1, -1 ], 
          [ 1, -1, 1, 1, 1, -1, 1, 1, -1, -1, 1, -1, 4, 1, 1, 1, -1, -1, -1 ], 
          [ -1, 1, -1, -1, 1, -1, -1, -1, 1, 1, 1, -1, 1, 4, -1, 1, -1, -1, 1 ], 
          [ -1, 1, -1, 1, -1, -1, 1, -1, 1, -1, 1, 1, 1, -1, 4, -1, 1, -1, 1 ], 
          [ 1, -1, 1, 1, 1, 1, 1, 1, -1, 1, -1, -1, 1, 1, -1, 4, 1, 1, -1 ], 
          [ -1, -1, -1, 1, -1, -1, 1, 1, 1, -1, -1, 1, -1, -1, 1, 1, 4, 1, -1 ], 
          [ 1, 1, 1, 1, -1, 1, -1, -1, 1, -1, 1, -1, -1, -1, -1, 1, 1, 4, 1 ], 
          [ 1, 1, 1, -1, 1, 1, -1, 1, -1, -1, -1, -1, -1, 1, 1, -1, -1, 1, 4 ] ] ], 
  [ [ [ 2, 0, 0, 0, 0, 0, 0, 0, 0, 0, 0, 0, 0, 0, 0, 0, 0, 0, 0, 0 ], 
          [ 0, -4, 0, 0, 0, 0, 1, 0, 1, 0, 0, 0, -1, 0, 0, 0, 0, 0, 0, 0 ], 
          [ 0, 0, -4, -1, 0, 0, 0, 0, 0, 0, 0, 0, 0, 1, 0, 1, 0, 0, 0, 0 ], 
          [ 0, 0, -1, -4, 0, 0, 1, 0, 0, -1, 0, 0, 0, 1, 0, -1, 1, 1, 0, 0 ], 
          [ 0, 0, 0, 0, -4, 0, 0, 1, 0, 0, 0, 0, 0, 0, 0, 0, 0, 0, 0, 0 ], 
          [ 0, 0, 0, 0, 0, -4, 0, 0, 0, 0, 0, 1, 0, 1, 0, 1, 0, -1, 0, 0 ], 
          [ 0, 1, 0, 1, 0, 0, -4, -1, 0, 0, 1, 0, 1, 0, 0, 0, 0, 0, 0, -1 ], 
          [ 0, 0, 0, 0, 1, 0, -1, -4, 0, -1, -1, 0, 0, 1, 0, -1, -1, 1, 0, 0 ], 
          [ 0, 1, 0, 0, 0, 0, 0, 0, -4, 0, 0, 0, 0, 1, 0, 0, 0, 0, 1, 0 ], 
          [ 0, 0, 0, -1, 0, 0, 0, -1, 0, -4, 0, 0, 0, 0, 0, 1, -1, 0, 0, 0 ], 
          [ 0, 0, 0, 0, 0, 0, 1, -1, 0, 0, -4, 0, 0, 1, 0, -1, 1, 0, 0, 0 ], 
          [ 0, 0, 0, 0, 0, 1, 0, 0, 0, 0, 0, -4, 0, 0, 0, 0, 0, 0, 1, 0 ], 
          [ 0, -1, 0, 0, 0, 0, 1, 0, 0, 0, 0, 0, -4, 0, 0, -1, 0, 0, 0, 0 ], 
          [ 0, 0, 1, 1, 0, 1, 0, 1, 1, 0, 1, 0, 0, -4, 0, 0, 0, 0, -1, 0 ], 
          [ 0, 0, 0, 0, 0, 0, 0, 0, 0, 0, 0, 0, 0, 0, -4, 0, -1, 0, 0, 0 ], 
          [ 0, 0, 1, -1, 0, 1, 0, -1, 0, 1, -1, 0, -1, 0, 0, -4, 0, 0, 0, 0 ], 
          [ 0, 0, 0, 1, 0, 0, 0, -1, 0, -1, 1, 0, 0, 0, -1, 0, -4, 1, 0, 0 ], 
          [ 0, 0, 0, 1, 0, -1, 0, 1, 0, 0, 0, 0, 0, 0, 0, 0, 1, -4, 0, 0 ], 
          [ 0, 0, 0, 0, 0, 0, 0, 0, 1, 0, 0, 1, 0, -1, 0, 0, 0, 0, -4, -1 ], 
          [ 0, 0, 0, 0, 0, 0, -1, 0, 0, 0, 0, 0, 0, 0, 0, 0, 0, 0, -1, -4 ] ], 
      [ 1, 0, 0, 0, 0, 0, 0, 0, 0, 0, 0, 0, 0, 0, 0, 0, 0, 0, 0, 0 ], rec(
          nopss := [ 0, 20 ],
          scons := 
           [ [ [ 1, 0, 0, 0, -1, 0, 0, 0, 0, 0, 0, 0, 0, 0, 0, 0, 0, 0, 0, 0 ], 
                  [ 1, 0, 0, 0, 1, 0, 0, 0, 0, 0, 0, 0, 0, 0, 0, 0, 0, 0, 0, 0 ] ], 
              [ [ 1, -1, 0, 0, 0, 0, 0, 0, 0, 0, 0, 0, 0, 0, 0, 0, 0, 0, 0, 0 ], 
                  [ 1, 1, 0, 0, 0, 0, 0, 0, 0, 0, 0, 0, 0, 0, 0, 0, 0, 0, 0, 0 ] ], 
              [ [ 1, 0, 0, 0, 0, 0, 0, 0, -1, 0, 0, 0, 0, 0, 0, 0, 0, 0, 0, 0 ], 
                  [ 1, 0, 0, 0, 0, 0, 0, 0, 1, 0, 0, 0, 0, 0, 0, 0, 0, 0, 0, 0 ] ], 
              [ [ 1, 0, 0, 0, 0, 0, 0, 0, 0, 0, 0, 0, 0, 0, 0, 0, 0, 0, -1, 0 ], 
                  [ 1, 0, 0, 0, 0, 0, 0, 0, 0, 0, 0, 0, 0, 0, 0, 0, 0, 0, 1, 0 ] ], 
              [ [ 1, 0, 0, 0, 0, 0, 0, 0, 0, 0, 0, -1, 0, 0, 0, 0, 0, 0, 0, 0 ], 
                  [ 1, 0, 0, 0, 0, 0, 0, 0, 0, 0, 0, 1, 0, 0, 0, 0, 0, 0, 0, 0 ] ], 
              [ [ 1, 0, 0, 0, 0, 0, 0, 0, 0, 0, 0, 0, 0, 0, 0, 0, 0, 0, 0, -1 ], 
                  [ 1, 0, 0, 0, 0, 0, 0, 0, 0, 0, 0, 0, 0, 0, 0, 0, 0, 0, 0, 1 ] ], 
              [ [ 1, 0, 0, 0, 0, 0, 0, 0, 0, 0, 0, 0, 0, 0, -1, 0, 0, 0, 0, 0 ], 
                  [ 1, 0, 0, 0, 0, 0, 0, 0, 0, 0, 0, 0, 0, 0, 1, 0, 0, 0, 0, 0 ] ], 
              [ [ 1, 0, 0, 0, 0, 0, 1, 0, 0, 0, 0, 0, 0, 0, 0, 0, 0, 0, 0, 0 ], 
                  [ 1, 0, 0, 0, 0, 0, -1, 0, 0, 0, 0, 0, 0, 0, 0, 0, 0, 0, 0, 0 ] ], 
              [ [ 1, 0, 0, 0, 0, 0, 0, 0, 0, 0, -1, 0, 0, 0, 0, 0, 0, 0, 0, 0 ], 
                  [ 1, 0, 0, 0, 0, 0, 0, 0, 0, 0, 1, 0, 0, 0, 0, 0, 0, 0, 0, 0 ] ], 
              [ [ 1, 0, 0, 0, 0, 0, 0, 0, 0, 0, 0, 0, -1, 0, 0, 0, 0, 0, 0, 0 ], 
                  [ 1, 0, 0, 0, 0, 0, 0, 0, 0, 0, 0, 0, 1, 0, 0, 0, 0, 0, 0, 0 ] ], 
              [ [ 1, 0, -1, 0, 0, 0, 0, 0, 0, 0, 0, 0, 0, 0, 0, 0, 0, 0, 0, 0 ], 
                  [ 1, 0, 1, 0, 0, 0, 0, 0, 0, 0, 0, 0, 0, 0, 0, 0, 0, 0, 0, 0 ] ], 
              [ [ 1, 0, 0, 0, 0, -1, 0, 0, 0, 0, 0, 0, 0, 0, 0, 0, 0, 0, 0, 0 ], 
                  [ 1, 0, 0, 0, 0, 1, 0, 0, 0, 0, 0, 0, 0, 0, 0, 0, 0, 0, 0, 0 ] ], 
              [ [ 1, 0, 0, 0, 0, 0, 0, 0, 0, 1, 0, 0, 0, 0, 0, 0, 0, 0, 0, 0 ], 
                  [ 1, 0, 0, 0, 0, 0, 0, 0, 0, -1, 0, 0, 0, 0, 0, 0, 0, 0, 0, 0 ] ], 
              [ [ 1, 0, 0, 0, 0, 0, 0, 1, 0, 0, 0, 0, 0, 0, 0, 0, 0, 0, 0, 0 ], 
                  [ 1, 0, 0, 0, 0, 0, 0, -1, 0, 0, 0, 0, 0, 0, 0, 0, 0, 0, 0, 0 ] ], 
              [ [ 1, 0, -1, 2, 0, -1, 1, 0, 0, -1, 1, 0, 1, 0, 0, -2, 1, 1, 0, 0 ], 
                  [ 1, 0, 1, -2, 0, 1, -1, 0, 0, 1, -1, 0, -1, 0, 0, 2, -1, -1, 0, 0 ] ], 
              [ [ 1, 0, 0, 0, 0, 0, 0, 0, 0, 0, 0, 0, 0, 0, 0, -1, 0, 0, 0, 0 ], 
                  [ 1, 0, 0, 0, 0, 0, 0, 0, 0, 0, 0, 0, 0, 0, 0, 1, 0, 0, 0, 0 ] ], 
              [ [ 1, 0, 0, 0, 0, 0, 0, 0, 0, 0, 0, 0, 0, 0, 0, 0, -1, 0, 0, 0 ], 
                  [ 1, 0, 0, 0, 0, 0, 0, 0, 0, 0, 0, 0, 0, 0, 0, 0, 1, 0, 0, 0 ] ], 
              [ [ 1, 0, 0, 1, 0, 0, 0, 0, 0, 0, 0, 0, 0, 0, 0, 0, 0, 0, 0, 0 ], 
                  [ 1, 0, 0, -1, 0, 0, 0, 0, 0, 0, 0, 0, 0, 0, 0, 0, 0, 0, 0, 0 ] ], 
              [ [ 1, 0, 0, 0, 0, 0, 0, 0, 0, 0, 0, 0, 0, 0, 0, 0, 0, -1, 0, 0 ], 
                  [ 1, 0, 0, 0, 0, 0, 0, 0, 0, 0, 0, 0, 0, 0, 0, 0, 0, 1, 0, 0 ] ], 
              [ [ 1, 0, 0, 0, 0, 0, 0, 0, 0, 0, 0, 0, 0, -1, 0, 0, 0, 0, 0, 0 ], 
                  [ 1, 0, 0, 0, 0, 0, 0, 0, 0, 0, 0, 0, 0, 1, 0, 0, 0, 0, 0, 0 ] ] ],
          slins := [  ] ), 
      [ [ 4, -1, 1, -1, -1, -1, 1, -1, 1, -1, 1, -1, 1, -1, -1, 1, -1, 1, 1 ], 
          [ -1, 4, 1, -1, -1, 1, 1, -1, -1, -1, -1, -1, -1, 1, 1, -1, -1, 1, 1 ], 
          [ 1, 1, 4, 1, -1, -1, -1, 1, 1, 1, 1, 1, 1, -1, -1, 1, -1, 1, 1 ], 
          [ -1, -1, 1, 4, -1, 1, -1, 1, -1, 1, -1, -1, 1, -1, 1, 1, 1, 1, -1 ], 
          [ -1, -1, -1, -1, 4, 1, 1, 1, -1, -1, 1, 1, 1, 1, -1, 1, -1, -1, 1 ], 
          [ -1, 1, -1, 1, 1, 4, 1, -1, 1, -1, -1, -1, -1, -1, -1, 1, -1, 1, 1 ], 
          [ 1, 1, -1, -1, 1, 1, 4, 1, -1, -1, 1, 1, 1, -1, 1, 1, 1, -1, -1 ], 
          [ -1, -1, 1, 1, 1, -1, 1, 4, -1, -1, 1, 1, 1, -1, -1, 1, 1, -1, 1 ], 
          [ 1, -1, 1, -1, -1, 1, -1, -1, 4, 1, 1, -1, -1, 1, 1, -1, 1, 1, -1 ], 
          [ -1, -1, 1, 1, -1, -1, -1, -1, 1, 4, -1, -1, -1, 1, -1, 1, -1, -1, -1 ], 
          [ 1, -1, 1, -1, 1, -1, 1, 1, 1, -1, 4, 1, 1, 1, 1, -1, -1, 1, -1 ], 
          [ -1, -1, 1, -1, 1, -1, 1, 1, -1, -1, 1, 4, -1, -1, 1, -1, 1, -1, -1 ], 
          [ 1, -1, 1, 1, 1, -1, 1, 1, -1, -1, 1, -1, 4, 1, 1, 1, -1, -1, -1 ], 
          [ -1, 1, -1, -1, 1, -1, -1, -1, 1, 1, 1, -1, 1, 4, -1, 1, -1, -1, 1 ], 
          [ -1, 1, -1, 1, -1, -1, 1, -1, 1, -1, 1, 1, 1, -1, 4, -1, 1, -1, 1 ], 
          [ 1, -1, 1, 1, 1, 1, 1, 1, -1, 1, -1, -1, 1, 1, -1, 4, 1, 1, -1 ], 
          [ -1, -1, -1, 1, -1, -1, 1, 1, 1, -1, -1, 1, -1, -1, 1, 1, 4, 1, -1 ], 
          [ 1, 1, 1, 1, -1, 1, -1, -1, 1, -1, 1, -1, -1, -1, -1, 1, 1, 4, 1 ], 
          [ 1, 1, 1, -1, 1, 1, -1, 1, -1, -1, -1, -1, -1, 1, 1, -1, -1, 1, 4 ] ] ], 
  [ [ [ 2, 0, 0, 0, 0, 0, 0, 0, 0, 0, 0, 0, 0, 0, 0, 0, 0, 0, 0, 0 ], 
          [ 0, -4, 0, 0, 0, 0, 1, 0, 1, 0, 0, 0, -1, 0, 0, 0, 0, 0, 0, 0 ], 
          [ 0, 0, -4, -1, 0, 0, 0, 0, 0, 0, 0, 0, 0, 1, 0, 1, 0, 0, 0, 0 ], 
          [ 0, 0, -1, -4, 0, 0, 1, 0, 0, -1, 0, 0, 0, 1, 0, -1, 1, 1, 0, 0 ], 
          [ 0, 0, 0, 0, -4, 0, 0, 1, 0, 0, 0, 0, 1, 0, 0, 0, 0, 0, 0, 0 ], 
          [ 0, 0, 0, 0, 0, -4, 0, 0, 0, 0, 0, 1, 0, 1, 0, 1, 0, -1, 0, 0 ], 
          [ 0, 1, 0, 1, 0, 0, -4, -1, 0, 0, 1, 0, 1, 0, 0, 0, 0, 0, 0, -1 ], 
          [ 0, 0, 0, 0, 1, 0, -1, -4, 0, -1, -1, 0, 0, 1, 0, -1, -1, 1, 0, 0 ], 
          [ 0, 1, 0, 0, 0, 0, 0, 0, -4, 0, 0, 0, 0, 1, 0, 0, 0, 0, 1, 0 ], 
          [ 0, 0, 0, -1, 0, 0, 0, -1, 0, -4, 0, 0, 0, 0, 0, 1, -1, 0, 0, 0 ], 
          [ 0, 0, 0, 0, 0, 0, 1, -1, 0, 0, -4, 0, 0, 1, 0, -1, 1, 0, 0, 0 ], 
          [ 0, 0, 0, 0, 0, 1, 0, 0, 0, 0, 0, -4, 0, 0, 0, 0, 0, 0, 1, 0 ], 
          [ 0, -1, 0, 0, 1, 0, 1, 0, 0, 0, 0, 0, -4, 0, 0, -1, 0, 0, 0, 0 ], 
          [ 0, 0, 1, 1, 0, 1, 0, 1, 1, 0, 1, 0, 0, -4, 0, 0, 0, 0, -1, 0 ], 
          [ 0, 0, 0, 0, 0, 0, 0, 0, 0, 0, 0, 0, 0, 0, -4, 0, -1, 0, 0, 0 ], 
          [ 0, 0, 1, -1, 0, 1, 0, -1, 0, 1, -1, 0, -1, 0, 0, -4, 0, 0, 0, 0 ], 
          [ 0, 0, 0, 1, 0, 0, 0, -1, 0, -1, 1, 0, 0, 0, -1, 0, -4, 1, 0, 0 ], 
          [ 0, 0, 0, 1, 0, -1, 0, 1, 0, 0, 0, 0, 0, 0, 0, 0, 1, -4, 0, 0 ], 
          [ 0, 0, 0, 0, 0, 0, 0, 0, 1, 0, 0, 1, 0, -1, 0, 0, 0, 0, -4, -1 ], 
          [ 0, 0, 0, 0, 0, 0, -1, 0, 0, 0, 0, 0, 0, 0, 0, 0, 0, 0, -1, -4 ] ], 
      [ 1, 0, 0, 0, 0, 0, 0, 0, 0, 0, 0, 0, 0, 0, 0, 0, 0, 0, 0, 0 ], rec(
          nopss := [ 0, 20 ],
          scons := 
           [ [ [ 1, -1, 0, 0, 0, 0, 0, 0, 0, 0, 0, 0, 0, 0, 0, 0, 0, 0, 0, 0 ], 
                  [ 1, 1, 0, 0, 0, 0, 0, 0, 0, 0, 0, 0, 0, 0, 0, 0, 0, 0, 0, 0 ] ], 
              [ [ 1, 0, 0, 0, 0, 0, 0, 0, 0, 0, 0, 0, 0, 0, 0, 0, 0, 0, -1, 0 ], 
                  [ 1, 0, 0, 0, 0, 0, 0, 0, 0, 0, 0, 0, 0, 0, 0, 0, 0, 0, 1, 0 ] ], 
              [ [ 1, 0, 0, 0, 0, 0, 0, 0, -1, 0, 0, 0, 0, 0, 0, 0, 0, 0, 0, 0 ], 
                  [ 1, 0, 0, 0, 0, 0, 0, 0, 1, 0, 0, 0, 0, 0, 0, 0, 0, 0, 0, 0 ] ], 
              [ [ 1, 0, 0, 0, 0, 0, 0, 0, 0, 0, 0, -1, 0, 0, 0, 0, 0, 0, 0, 0 ], 
                  [ 1, 0, 0, 0, 0, 0, 0, 0, 0, 0, 0, 1, 0, 0, 0, 0, 0, 0, 0, 0 ] ], 
              [ [ 1, 0, 0, 0, 0, 0, 0, 0, 0, 0, 0, 0, 0, 0, 0, 0, 0, 0, 0, -1 ], 
                  [ 1, 0, 0, 0, 0, 0, 0, 0, 0, 0, 0, 0, 0, 0, 0, 0, 0, 0, 0, 1 ] ], 
              [ [ 1, 0, 0, 0, 0, 0, 1, 0, 0, 0, 0, 0, 0, 0, 0, 0, 0, 0, 0, 0 ], 
                  [ 1, 0, 0, 0, 0, 0, -1, 0, 0, 0, 0, 0, 0, 0, 0, 0, 0, 0, 0, 0 ] ], 
              [ [ 1, 0, 0, 0, 0, 0, 0, 0, 0, 0, -1, 0, 0, 0, 0, 0, 0, 0, 0, 0 ], 
                  [ 1, 0, 0, 0, 0, 0, 0, 0, 0, 0, 1, 0, 0, 0, 0, 0, 0, 0, 0, 0 ] ], 
              [ [ 1, 0, 0, 0, 0, 0, 0, 0, 0, 0, 0, 0, -1, 0, 0, 0, 0, 0, 0, 0 ], 
                  [ 1, 0, 0, 0, 0, 0, 0, 0, 0, 0, 0, 0, 1, 0, 0, 0, 0, 0, 0, 0 ] ], 
              [ [ 1, 0, -1, 0, 0, 0, 0, 0, 0, 0, 0, 0, 0, 0, 0, 0, 0, 0, 0, 0 ], 
                  [ 1, 0, 1, 0, 0, 0, 0, 0, 0, 0, 0, 0, 0, 0, 0, 0, 0, 0, 0, 0 ] ], 
              [ [ 1, 0, 0, 0, -1, 0, 0, 0, 0, 0, 0, 0, 0, 0, 0, 0, 0, 0, 0, 0 ], 
                  [ 1, 0, 0, 0, 1, 0, 0, 0, 0, 0, 0, 0, 0, 0, 0, 0, 0, 0, 0, 0 ] ], 
              [ [ 1, 0, 0, 0, 0, 0, 0, 0, 0, 0, 0, 0, 0, 0, -1, 0, 0, 0, 0, 0 ], 
                  [ 1, 0, 0, 0, 0, 0, 0, 0, 0, 0, 0, 0, 0, 0, 1, 0, 0, 0, 0, 0 ] ], 
              [ [ 1, 0, 0, 0, 0, 0, 0, -1, 0, 0, 0, 0, 0, 0, 0, 0, 0, 0, 0, 0 ], 
                  [ 1, 0, 0, 0, 0, 0, 0, 1, 0, 0, 0, 0, 0, 0, 0, 0, 0, 0, 0, 0 ] ], 
              [ [ 1, 0, 0, 0, 0, -1, 0, 0, 0, 0, 0, 0, 0, 0, 0, 0, 0, 0, 0, 0 ], 
                  [ 1, 0, 0, 0, 0, 1, 0, 0, 0, 0, 0, 0, 0, 0, 0, 0, 0, 0, 0, 0 ] ], 
              [ [ 1, 0, 0, 0, 0, 0, 0, 0, 0, 1, 0, 0, 0, 0, 0, 0, 0, 0, 0, 0 ], 
                  [ 1, 0, 0, 0, 0, 0, 0, 0, 0, -1, 0, 0, 0, 0, 0, 0, 0, 0, 0, 0 ] ], 
              [ [ 1, 0, -1, 2, 0, -1, 1, 0, 0, -1, 1, 0, 1, 0, 0, -2, 1, 1, 0, 0 ], 
                  [ 1, 0, 1, -2, 0, 1, -1, 0, 0, 1, -1, 0, -1, 0, 0, 2, -1, -1, 0, 0 ] ], 
              [ [ 1, 0, 0, 0, 0, 0, 0, 0, 0, 0, 0, 0, 0, 0, 0, -1, 0, 0, 0, 0 ], 
                  [ 1, 0, 0, 0, 0, 0, 0, 0, 0, 0, 0, 0, 0, 0, 0, 1, 0, 0, 0, 0 ] ], 
              [ [ 1, 0, 0, 0, 0, 0, 0, 0, 0, 0, 0, 0, 0, 0, 0, 0, -1, 0, 0, 0 ], 
                  [ 1, 0, 0, 0, 0, 0, 0, 0, 0, 0, 0, 0, 0, 0, 0, 0, 1, 0, 0, 0 ] ], 
              [ [ 1, 0, 0, 1, 0, 0, 0, 0, 0, 0, 0, 0, 0, 0, 0, 0, 0, 0, 0, 0 ], 
                  [ 1, 0, 0, -1, 0, 0, 0, 0, 0, 0, 0, 0, 0, 0, 0, 0, 0, 0, 0, 0 ] ], 
              [ [ 1, 0, 0, 0, 0, 0, 0, 0, 0, 0, 0, 0, 0, -1, 0, 0, 0, 0, 0, 0 ], 
                  [ 1, 0, 0, 0, 0, 0, 0, 0, 0, 0, 0, 0, 0, 1, 0, 0, 0, 0, 0, 0 ] ], 
              [ [ 1, 0, 0, 0, 0, 0, 0, 0, 0, 0, 0, 0, 0, 0, 0, 0, 0, -1, 0, 0 ], 
                  [ 1, 0, 0, 0, 0, 0, 0, 0, 0, 0, 0, 0, 0, 0, 0, 0, 0, 1, 0, 0 ] ] ],
          slins := [  ] ), 
      [ [ 4, -1, 1, -1, -1, -1, 1, -1, 1, -1, 1, -1, 1, -1, -1, 1, -1, 1, 1 ], 
          [ -1, 4, 1, -1, -1, 1, 1, -1, -1, -1, -1, -1, -1, 1, 1, -1, -1, 1, 1 ], 
          [ 1, 1, 4, 1, -1, -1, -1, 1, 1, 1, 1, 1, 1, -1, -1, 1, -1, 1, 1 ], 
          [ -1, -1, 1, 4, -1, 1, -1, 1, -1, 1, -1, -1, 1, -1, 1, 1, 1, 1, -1 ], 
          [ -1, -1, -1, -1, 4, 1, 1, 1, -1, -1, 1, 1, 1, 1, -1, 1, -1, -1, 1 ], 
          [ -1, 1, -1, 1, 1, 4, 1, -1, 1, -1, -1, -1, -1, -1, -1, 1, -1, 1, 1 ], 
          [ 1, 1, -1, -1, 1, 1, 4, 1, -1, -1, 1, 1, 1, -1, 1, 1, 1, -1, -1 ], 
          [ -1, -1, 1, 1, 1, -1, 1, 4, -1, -1, 1, 1, 1, -1, -1, 1, 1, -1, 1 ], 
          [ 1, -1, 1, -1, -1, 1, -1, -1, 4, 1, 1, -1, -1, 1, 1, -1, 1, 1, -1 ], 
          [ -1, -1, 1, 1, -1, -1, -1, -1, 1, 4, -1, -1, -1, 1, -1, 1, -1, -1, -1 ], 
          [ 1, -1, 1, -1, 1, -1, 1, 1, 1, -1, 4, 1, 1, 1, 1, -1, -1, 1, -1 ], 
          [ -1, -1, 1, -1, 1, -1, 1, 1, -1, -1, 1, 4, -1, -1, 1, -1, 1, -1, -1 ], 
          [ 1, -1, 1, 1, 1, -1, 1, 1, -1, -1, 1, -1, 4, 1, 1, 1, -1, -1, -1 ], 
          [ -1, 1, -1, -1, 1, -1, -1, -1, 1, 1, 1, -1, 1, 4, -1, 1, -1, -1, 1 ], 
          [ -1, 1, -1, 1, -1, -1, 1, -1, 1, -1, 1, 1, 1, -1, 4, -1, 1, -1, 1 ], 
          [ 1, -1, 1, 1, 1, 1, 1, 1, -1, 1, -1, -1, 1, 1, -1, 4, 1, 1, -1 ], 
          [ -1, -1, -1, 1, -1, -1, 1, 1, 1, -1, -1, 1, -1, -1, 1, 1, 4, 1, -1 ], 
          [ 1, 1, 1, 1, -1, 1, -1, -1, 1, -1, 1, -1, -1, -1, -1, 1, 1, 4, 1 ], 
          [ 1, 1, 1, -1, 1, 1, -1, 1, -1, -1, -1, -1, -1, 1, 1, -1, -1, 1, 4 ] ] ], 
  [ [ [ 2, 0, 0, 0, 0, 0, 0, 0, 0, 0, 0, 0, 0, 0, 0, 0, 0, 0, 0, 0 ], 
          [ 0, -4, 0, 0, 0, 0, 1, 0, 1, 0, 0, 0, -1, 0, 0, 0, 0, 0, 0, 0 ], 
          [ 0, 0, -4, -1, 0, 0, 0, 0, 0, 0, 0, 0, 0, 1, 0, 1, 0, 0, 0, 0 ], 
          [ 0, 0, -1, -4, 0, 0, 1, 0, 0, -1, 0, 0, 0, 1, 0, -1, 1, 1, 0, 0 ], 
          [ 0, 0, 0, 0, -4, 0, 0, 1, 0, 0, 0, 0, 1, 0, 0, 0, 0, 0, 0, 0 ], 
          [ 0, 0, 0, 0, 0, -4, 0, 0, 0, 0, 0, 1, 0, 1, 0, 1, 0, -1, 0, 0 ], 
          [ 0, 1, 0, 1, 0, 0, -4, -1, 0, 0, 1, 0, 1, 0, 0, 0, 0, 0, 0, -1 ], 
          [ 0, 0, 0, 0, 1, 0, -1, -4, 0, -1, -1, 0, 0, 1, 0, -1, -1, 1, 0, 1 ], 
          [ 0, 1, 0, 0, 0, 0, 0, 0, -4, 0, 0, 0, 0, 1, 0, 0, 0, 0, 1, 0 ], 
          [ 0, 0, 0, -1, 0, 0, 0, -1, 0, -4, 0, 0, 0, 0, 0, 1, -1, 0, 0, 0 ], 
          [ 0, 0, 0, 0, 0, 0, 1, -1, 0, 0, -4, 0, 0, 1, 0, -1, 1, 0, 0, 0 ], 
          [ 0, 0, 0, 0, 0, 1, 0, 0, 0, 0, 0, -4, 0, 0, 0, 0, 0, 0, 1, 0 ], 
          [ 0, -1, 0, 0, 1, 0, 1, 0, 0, 0, 0, 0, -4, 0, 0, -1, 0, 0, 0, 0 ], 
          [ 0, 0, 1, 1, 0, 1, 0, 1, 1, 0, 1, 0, 0, -4, 0, 0, 0, 0, -1, 0 ], 
          [ 0, 0, 0, 0, 0, 0, 0, 0, 0, 0, 0, 0, 0, 0, -4, 0, -1, 0, 0, 0 ], 
          [ 0, 0, 1, -1, 0, 1, 0, -1, 0, 1, -1, 0, -1, 0, 0, -4, 0, 0, 0, 0 ], 
          [ 0, 0, 0, 1, 0, 0, 0, -1, 0, -1, 1, 0, 0, 0, -1, 0, -4, 1, 0, 0 ], 
          [ 0, 0, 0, 1, 0, -1, 0, 1, 0, 0, 0, 0, 0, 0, 0, 0, 1, -4, 0, 0 ], 
          [ 0, 0, 0, 0, 0, 0, 0, 0, 1, 0, 0, 1, 0, -1, 0, 0, 0, 0, -4, -1 ], 
          [ 0, 0, 0, 0, 0, 0, -1, 1, 0, 0, 0, 0, 0, 0, 0, 0, 0, 0, -1, -4 ] ], 
      [ 1, 0, 0, 0, 0, 0, 0, 0, 0, 0, 0, 0, 0, 0, 0, 0, 0, 0, 0, 0 ], rec(
          nopss := [ 0, 20 ],
          scons := 
           [ [ [ 1, -1, 0, 0, 0, 0, 0, 0, 0, 0, 0, 0, 0, 0, 0, 0, 0, 0, 0, 0 ], 
                  [ 1, 1, 0, 0, 0, 0, 0, 0, 0, 0, 0, 0, 0, 0, 0, 0, 0, 0, 0, 0 ] ], 
              [ [ 1, 0, 0, 0, 0, 0, 0, 0, -1, 0, 0, 0, 0, 0, 0, 0, 0, 0, 0, 0 ], 
                  [ 1, 0, 0, 0, 0, 0, 0, 0, 1, 0, 0, 0, 0, 0, 0, 0, 0, 0, 0, 0 ] ], 
              [ [ 1, 0, 0, 0, 0, 0, 0, 0, 0, 0, 0, -1, 0, 0, 0, 0, 0, 0, 0, 0 ], 
                  [ 1, 0, 0, 0, 0, 0, 0, 0, 0, 0, 0, 1, 0, 0, 0, 0, 0, 0, 0, 0 ] ], 
              [ [ 1, 0, 0, 0, 0, 0, 0, 0, 0, 0, 0, 0, 0, 0, 0, 0, 0, 0, -1, 0 ], 
                  [ 1, 0, 0, 0, 0, 0, 0, 0, 0, 0, 0, 0, 0, 0, 0, 0, 0, 0, 1, 0 ] ], 
              [ [ 1, 0, 0, 0, 0, 0, 0, 0, 0, 0, 0, 0, 0, 0, 0, 0, 0, 0, 0, -1 ], 
                  [ 1, 0, 0, 0, 0, 0, 0, 0, 0, 0, 0, 0, 0, 0, 0, 0, 0, 0, 0, 1 ] ], 
              [ [ 1, 0, 0, 0, -1, 0, 0, 0, 0, 0, 0, 0, 0, 0, 0, 0, 0, 0, 0, 0 ], 
                  [ 1, 0, 0, 0, 1, 0, 0, 0, 0, 0, 0, 0, 0, 0, 0, 0, 0, 0, 0, 0 ] ], 
              [ [ 1, 0, 0, 0, 0, 0, 0, 0, 0, 0, 0, 0, 0, 0, -1, 0, 0, 0, 0, 0 ], 
                  [ 1, 0, 0, 0, 0, 0, 0, 0, 0, 0, 0, 0, 0, 0, 1, 0, 0, 0, 0, 0 ] ], 
              [ [ 1, 0, 0, 0, 0, 0, 1, 0, 0, 0, 0, 0, 0, 0, 0, 0, 0, 0, 0, 0 ], 
                  [ 1, 0, 0, 0, 0, 0, -1, 0, 0, 0, 0, 0, 0, 0, 0, 0, 0, 0, 0, 0 ] ], 
              [ [ 1, 0, 0, 0, 0, 0, 0, 0, 0, 0, -1, 0, 0, 0, 0, 0, 0, 0, 0, 0 ], 
                  [ 1, 0, 0, 0, 0, 0, 0, 0, 0, 0, 1, 0, 0, 0, 0, 0, 0, 0, 0, 0 ] ], 
              [ [ 1, 0, 0, 0, 0, 0, 0, 0, 0, 0, 0, 0, -1, 0, 0, 0, 0, 0, 0, 0 ], 
                  [ 1, 0, 0, 0, 0, 0, 0, 0, 0, 0, 0, 0, 1, 0, 0, 0, 0, 0, 0, 0 ] ], 
              [ [ 1, 0, -1, 0, 0, 0, 0, 0, 0, 0, 0, 0, 0, 0, 0, 0, 0, 0, 0, 0 ], 
                  [ 1, 0, 1, 0, 0, 0, 0, 0, 0, 0, 0, 0, 0, 0, 0, 0, 0, 0, 0, 0 ] ], 
              [ [ 1, 0, 0, 0, 0, -1, 0, 0, 0, 0, 0, 0, 0, 0, 0, 0, 0, 0, 0, 0 ], 
                  [ 1, 0, 0, 0, 0, 1, 0, 0, 0, 0, 0, 0, 0, 0, 0, 0, 0, 0, 0, 0 ] ], 
              [ [ 1, 0, 0, 0, 0, 0, 0, 0, 0, 1, 0, 0, 0, 0, 0, 0, 0, 0, 0, 0 ], 
                  [ 1, 0, 0, 0, 0, 0, 0, 0, 0, -1, 0, 0, 0, 0, 0, 0, 0, 0, 0, 0 ] ], 
              [ [ 1, 0, 0, 0, 0, 0, 0, 1, 0, 0, 0, 0, 0, 0, 0, 0, 0, 0, 0, 0 ], 
                  [ 1, 0, 0, 0, 0, 0, 0, -1, 0, 0, 0, 0, 0, 0, 0, 0, 0, 0, 0, 0 ] ], 
              [ [ 1, 0, -1, 2, 0, -1, 1, 0, 0, -1, 1, 0, 1, 0, 0, -2, 1, 1, 0, 0 ], 
                  [ 1, 0, 1, -2, 0, 1, -1, 0, 0, 1, -1, 0, -1, 0, 0, 2, -1, -1, 0, 0 ] ], 
              [ [ 1, 0, 0, 0, 0, 0, 0, 0, 0, 0, 0, 0, 0, 0, 0, -1, 0, 0, 0, 0 ], 
                  [ 1, 0, 0, 0, 0, 0, 0, 0, 0, 0, 0, 0, 0, 0, 0, 1, 0, 0, 0, 0 ] ], 
              [ [ 1, 0, 0, 0, 0, 0, 0, 0, 0, 0, 0, 0, 0, 0, 0, 0, -1, 0, 0, 0 ], 
                  [ 1, 0, 0, 0, 0, 0, 0, 0, 0, 0, 0, 0, 0, 0, 0, 0, 1, 0, 0, 0 ] ], 
              [ [ 1, 0, 0, 1, 0, 0, 0, 0, 0, 0, 0, 0, 0, 0, 0, 0, 0, 0, 0, 0 ], 
                  [ 1, 0, 0, -1, 0, 0, 0, 0, 0, 0, 0, 0, 0, 0, 0, 0, 0, 0, 0, 0 ] ], 
              [ [ 1, 0, 0, 0, 0, 0, 0, 0, 0, 0, 0, 0, 0, 0, 0, 0, 0, -1, 0, 0 ], 
                  [ 1, 0, 0, 0, 0, 0, 0, 0, 0, 0, 0, 0, 0, 0, 0, 0, 0, 1, 0, 0 ] ], 
              [ [ 1, 0, 0, 0, 0, 0, 0, 0, 0, 0, 0, 0, 0, -1, 0, 0, 0, 0, 0, 0 ], 
                  [ 1, 0, 0, 0, 0, 0, 0, 0, 0, 0, 0, 0, 0, 1, 0, 0, 0, 0, 0, 0 ] ] ],
          slins := [  ] ), 
      [ [ 4, -1, 1, -1, -1, -1, 1, -1, 1, -1, 1, -1, 1, -1, -1, 1, -1, 1, 1 ], 
          [ -1, 4, 1, -1, -1, 1, 1, -1, -1, -1, -1, -1, -1, 1, 1, -1, -1, 1, 1 ], 
          [ 1, 1, 4, 1, -1, -1, -1, 1, 1, 1, 1, 1, 1, -1, -1, 1, -1, 1, 1 ], 
          [ -1, -1, 1, 4, -1, 1, -1, 1, -1, 1, -1, -1, 1, -1, 1, 1, 1, 1, -1 ], 
          [ -1, -1, -1, -1, 4, 1, 1, 1, -1, -1, 1, 1, 1, 1, -1, 1, -1, -1, 1 ], 
          [ -1, 1, -1, 1, 1, 4, 1, -1, 1, -1, -1, -1, -1, -1, -1, 1, -1, 1, 1 ], 
          [ 1, 1, -1, -1, 1, 1, 4, 1, -1, -1, 1, 1, 1, -1, 1, 1, 1, -1, -1 ], 
          [ -1, -1, 1, 1, 1, -1, 1, 4, -1, -1, 1, 1, 1, -1, -1, 1, 1, -1, 1 ], 
          [ 1, -1, 1, -1, -1, 1, -1, -1, 4, 1, 1, -1, -1, 1, 1, -1, 1, 1, -1 ], 
          [ -1, -1, 1, 1, -1, -1, -1, -1, 1, 4, -1, -1, -1, 1, -1, 1, -1, -1, -1 ], 
          [ 1, -1, 1, -1, 1, -1, 1, 1, 1, -1, 4, 1, 1, 1, 1, -1, -1, 1, -1 ], 
          [ -1, -1, 1, -1, 1, -1, 1, 1, -1, -1, 1, 4, -1, -1, 1, -1, 1, -1, -1 ], 
          [ 1, -1, 1, 1, 1, -1, 1, 1, -1, -1, 1, -1, 4, 1, 1, 1, -1, -1, -1 ], 
          [ -1, 1, -1, -1, 1, -1, -1, -1, 1, 1, 1, -1, 1, 4, -1, 1, -1, -1, 1 ], 
          [ -1, 1, -1, 1, -1, -1, 1, -1, 1, -1, 1, 1, 1, -1, 4, -1, 1, -1, 1 ], 
          [ 1, -1, 1, 1, 1, 1, 1, 1, -1, 1, -1, -1, 1, 1, -1, 4, 1, 1, -1 ], 
          [ -1, -1, -1, 1, -1, -1, 1, 1, 1, -1, -1, 1, -1, -1, 1, 1, 4, 1, -1 ], 
          [ 1, 1, 1, 1, -1, 1, -1, -1, 1, -1, 1, -1, -1, -1, -1, 1, 1, 4, 1 ], 
          [ 1, 1, 1, -1, 1, 1, -1, 1, -1, -1, -1, -1, -1, 1, 1, -1, -1, 1, 4 ] ] ], 
  [ [ [ 2, 0, 0, 0, 0, 0, 0, 0, 0, 0, 0, 0, 0, 0, 0, 0, 0, 0, 0, 0 ], 
          [ 0, -4, 0, 0, 0, 0, 1, 0, 1, 0, 0, 0, -1, 0, 0, 0, 0, 0, 0, 0 ], 
          [ 0, 0, -4, -1, 0, 0, 0, 0, 0, 0, 0, 0, 0, 1, 0, 1, 0, 0, 0, 0 ], 
          [ 0, 0, -1, -4, 0, 0, 1, 0, 0, -1, 0, 0, 0, 1, 0, -1, 1, 1, 0, 0 ], 
          [ 0, 0, 0, 0, -4, 0, 0, 1, 0, 0, 0, 0, 1, 0, 0, 0, 0, 0, 0, 0 ], 
          [ 0, 0, 0, 0, 0, -4, 0, 0, 0, 0, 0, 1, 0, 1, 0, 1, 0, -1, 0, 0 ], 
          [ 0, 1, 0, 1, 0, 0, -4, -1, 0, 0, 1, 0, 1, 0, 0, 0, 0, 0, 0, -1 ], 
          [ 0, 0, 0, 0, 1, 0, -1, -4, 0, -1, -1, 0, 0, 1, 0, -1, -1, 1, 0, 1 ], 
          [ 0, 1, 0, 0, 0, 0, 0, 0, -4, 0, 0, 0, 0, 1, 0, 0, 0, 0, 1, 0 ], 
          [ 0, 0, 0, -1, 0, 0, 0, -1, 0, -4, 0, 0, 0, 0, 0, 1, -1, 0, 0, 0 ], 
          [ 0, 0, 0, 0, 0, 0, 1, -1, 0, 0, -4, 0, 0, 1, 0, -1, 1, 0, 0, 0 ], 
          [ 0, 0, 0, 0, 0, 1, 0, 0, 0, 0, 0, -4, 0, 0, 0, 0, 0, 1, 1, 0 ], 
          [ 0, -1, 0, 0, 1, 0, 1, 0, 0, 0, 0, 0, -4, 0, 0, -1, 0, 0, 0, 0 ], 
          [ 0, 0, 1, 1, 0, 1, 0, 1, 1, 0, 1, 0, 0, -4, 0, 0, 0, 0, -1, 0 ], 
          [ 0, 0, 0, 0, 0, 0, 0, 0, 0, 0, 0, 0, 0, 0, -4, 0, -1, 0, 0, 0 ], 
          [ 0, 0, 1, -1, 0, 1, 0, -1, 0, 1, -1, 0, -1, 0, 0, -4, 0, 0, 0, 0 ], 
          [ 0, 0, 0, 1, 0, 0, 0, -1, 0, -1, 1, 0, 0, 0, -1, 0, -4, 1, 0, 0 ], 
          [ 0, 0, 0, 1, 0, -1, 0, 1, 0, 0, 0, 1, 0, 0, 0, 0, 1, -4, 0, 0 ], 
          [ 0, 0, 0, 0, 0, 0, 0, 0, 1, 0, 0, 1, 0, -1, 0, 0, 0, 0, -4, -1 ], 
          [ 0, 0, 0, 0, 0, 0, -1, 1, 0, 0, 0, 0, 0, 0, 0, 0, 0, 0, -1, -4 ] ], 
      [ 1, 0, 0, 0, 0, 0, 0, 0, 0, 0, 0, 0, 0, 0, 0, 0, 0, 0, 0, 0 ], rec(
          nopss := [ 0, 20 ],
          scons := 
           [ [ [ 1, -1, 0, 0, 0, 0, 0, 0, 0, 0, 0, 0, 0, 0, 0, 0, 0, 0, 0, 0 ], 
                  [ 1, 1, 0, 0, 0, 0, 0, 0, 0, 0, 0, 0, 0, 0, 0, 0, 0, 0, 0, 0 ] ], 
              [ [ 1, 0, 0, 0, 0, 0, 0, 0, 0, 0, 0, -1, 0, 0, 0, 0, 0, 0, 0, 0 ], 
                  [ 1, 0, 0, 0, 0, 0, 0, 0, 0, 0, 0, 1, 0, 0, 0, 0, 0, 0, 0, 0 ] ], 
              [ [ 1, 0, 0, 0, 0, 0, 0, 0, 0, 0, 0, 0, 0, 0, 0, 0, 0, 0, -1, 0 ], 
                  [ 1, 0, 0, 0, 0, 0, 0, 0, 0, 0, 0, 0, 0, 0, 0, 0, 0, 0, 1, 0 ] ], 
              [ [ 1, 0, 0, 0, 0, 0, 0, 0, -1, 0, 0, 0, 0, 0, 0, 0, 0, 0, 0, 0 ], 
                  [ 1, 0, 0, 0, 0, 0, 0, 0, 1, 0, 0, 0, 0, 0, 0, 0, 0, 0, 0, 0 ] ], 
              [ [ 1, 0, 0, 0, 0, 0, 0, 0, 0, 0, 0, 0, 0, 0, 0, 0, 0, 0, 0, -1 ], 
                  [ 1, 0, 0, 0, 0, 0, 0, 0, 0, 0, 0, 0, 0, 0, 0, 0, 0, 0, 0, 1 ] ], 
              [ [ 1, 0, 0, 0, -1, 0, 0, 0, 0, 0, 0, 0, 0, 0, 0, 0, 0, 0, 0, 0 ], 
                  [ 1, 0, 0, 0, 1, 0, 0, 0, 0, 0, 0, 0, 0, 0, 0, 0, 0, 0, 0, 0 ] ], 
              [ [ 1, 0, 0, 0, 0, 0, 0, 0, 0, 0, 0, 0, 0, 0, -1, 0, 0, 0, 0, 0 ], 
                  [ 1, 0, 0, 0, 0, 0, 0, 0, 0, 0, 0, 0, 0, 0, 1, 0, 0, 0, 0, 0 ] ], 
              [ [ 1, 0, 0, 0, 0, 0, 1, 0, 0, 0, 0, 0, 0, 0, 0, 0, 0, 0, 0, 0 ], 
                  [ 1, 0, 0, 0, 0, 0, -1, 0, 0, 0, 0, 0, 0, 0, 0, 0, 0, 0, 0, 0 ] ], 
              [ [ 1, 0, 0, 0, 0, 0, 0, 0, 0, 0, -1, 0, 0, 0, 0, 0, 0, 0, 0, 0 ], 
                  [ 1, 0, 0, 0, 0, 0, 0, 0, 0, 0, 1, 0, 0, 0, 0, 0, 0, 0, 0, 0 ] ], 
              [ [ 1, 0, 0, 0, 0, 0, 0, 0, 0, 0, 0, 0, -1, 0, 0, 0, 0, 0, 0, 0 ], 
                  [ 1, 0, 0, 0, 0, 0, 0, 0, 0, 0, 0, 0, 1, 0, 0, 0, 0, 0, 0, 0 ] ], 
              [ [ 1, 0, -1, 0, 0, 0, 0, 0, 0, 0, 0, 0, 0, 0, 0, 0, 0, 0, 0, 0 ], 
                  [ 1, 0, 1, 0, 0, 0, 0, 0, 0, 0, 0, 0, 0, 0, 0, 0, 0, 0, 0, 0 ] ], 
              [ [ 1, 0, 0, 0, 0, 0, 0, 0, 0, 1, 0, 0, 0, 0, 0, 0, 0, 0, 0, 0 ], 
                  [ 1, 0, 0, 0, 0, 0, 0, 0, 0, -1, 0, 0, 0, 0, 0, 0, 0, 0, 0, 0 ] ], 
              [ [ 1, 0, 0, 0, 0, 0, 0, 1, 0, 0, 0, 0, 0, 0, 0, 0, 0, 0, 0, 0 ], 
                  [ 1, 0, 0, 0, 0, 0, 0, -1, 0, 0, 0, 0, 0, 0, 0, 0, 0, 0, 0, 0 ] ], 
              [ [ 1, 0, 0, 0, 0, -1, 0, 0, 0, 0, 0, 0, 0, 0, 0, 0, 0, 0, 0, 0 ], 
                  [ 1, 0, 0, 0, 0, 1, 0, 0, 0, 0, 0, 0, 0, 0, 0, 0, 0, 0, 0, 0 ] ], 
              [ [ 1, 0, -1, 2, 0, -1, 1, 0, 0, -1, 1, 0, 1, 0, 0, -2, 1, 1, 0, 0 ], 
                  [ 1, 0, 1, -2, 0, 1, -1, 0, 0, 1, -1, 0, -1, 0, 0, 2, -1, -1, 0, 0 ] ], 
              [ [ 1, 0, 0, 0, 0, 0, 0, 0, 0, 0, 0, 0, 0, 0, 0, -1, 0, 0, 0, 0 ], 
                  [ 1, 0, 0, 0, 0, 0, 0, 0, 0, 0, 0, 0, 0, 0, 0, 1, 0, 0, 0, 0 ] ], 
              [ [ 1, 0, 0, 0, 0, 0, 0, 0, 0, 0, 0, 0, 0, 0, 0, 0, -1, 0, 0, 0 ], 
                  [ 1, 0, 0, 0, 0, 0, 0, 0, 0, 0, 0, 0, 0, 0, 0, 0, 1, 0, 0, 0 ] ], 
              [ [ 1, 0, 0, 1, 0, 0, 0, 0, 0, 0, 0, 0, 0, 0, 0, 0, 0, 0, 0, 0 ], 
                  [ 1, 0, 0, -1, 0, 0, 0, 0, 0, 0, 0, 0, 0, 0, 0, 0, 0, 0, 0, 0 ] ], 
              [ [ 1, 0, 0, 0, 0, 0, 0, 0, 0, 0, 0, 0, 0, 0, 0, 0, 0, -1, 0, 0 ], 
                  [ 1, 0, 0, 0, 0, 0, 0, 0, 0, 0, 0, 0, 0, 0, 0, 0, 0, 1, 0, 0 ] ], 
              [ [ 1, 0, 0, 0, 0, 0, 0, 0, 0, 0, 0, 0, 0, -1, 0, 0, 0, 0, 0, 0 ], 
                  [ 1, 0, 0, 0, 0, 0, 0, 0, 0, 0, 0, 0, 0, 1, 0, 0, 0, 0, 0, 0 ] ] ],
          slins := [  ] ), 
      [ [ 4, -1, 1, -1, -1, -1, 1, -1, 1, -1, 1, -1, 1, -1, -1, 1, -1, 1, 1 ], 
          [ -1, 4, 1, -1, -1, 1, 1, -1, -1, -1, -1, -1, -1, 1, 1, -1, -1, 1, 1 ], 
          [ 1, 1, 4, 1, -1, -1, -1, 1, 1, 1, 1, 1, 1, -1, -1, 1, -1, 1, 1 ], 
          [ -1, -1, 1, 4, -1, 1, -1, 1, -1, 1, -1, -1, 1, -1, 1, 1, 1, 1, -1 ], 
          [ -1, -1, -1, -1, 4, 1, 1, 1, -1, -1, 1, 1, 1, 1, -1, 1, -1, -1, 1 ], 
          [ -1, 1, -1, 1, 1, 4, 1, -1, 1, -1, -1, -1, -1, -1, -1, 1, -1, 1, 1 ], 
          [ 1, 1, -1, -1, 1, 1, 4, 1, -1, -1, 1, 1, 1, -1, 1, 1, 1, -1, -1 ], 
          [ -1, -1, 1, 1, 1, -1, 1, 4, -1, -1, 1, 1, 1, -1, -1, 1, 1, -1, 1 ], 
          [ 1, -1, 1, -1, -1, 1, -1, -1, 4, 1, 1, -1, -1, 1, 1, -1, 1, 1, -1 ], 
          [ -1, -1, 1, 1, -1, -1, -1, -1, 1, 4, -1, -1, -1, 1, -1, 1, -1, -1, -1 ], 
          [ 1, -1, 1, -1, 1, -1, 1, 1, 1, -1, 4, 1, 1, 1, 1, -1, -1, 1, -1 ], 
          [ -1, -1, 1, -1, 1, -1, 1, 1, -1, -1, 1, 4, -1, -1, 1, -1, 1, -1, -1 ], 
          [ 1, -1, 1, 1, 1, -1, 1, 1, -1, -1, 1, -1, 4, 1, 1, 1, -1, -1, -1 ], 
          [ -1, 1, -1, -1, 1, -1, -1, -1, 1, 1, 1, -1, 1, 4, -1, 1, -1, -1, 1 ], 
          [ -1, 1, -1, 1, -1, -1, 1, -1, 1, -1, 1, 1, 1, -1, 4, -1, 1, -1, 1 ], 
          [ 1, -1, 1, 1, 1, 1, 1, 1, -1, 1, -1, -1, 1, 1, -1, 4, 1, 1, -1 ], 
          [ -1, -1, -1, 1, -1, -1, 1, 1, 1, -1, -1, 1, -1, -1, 1, 1, 4, 1, -1 ], 
          [ 1, 1, 1, 1, -1, 1, -1, -1, 1, -1, 1, -1, -1, -1, -1, 1, 1, 4, 1 ], 
          [ 1, 1, 1, -1, 1, 1, -1, 1, -1, -1, -1, -1, -1, 1, 1, -1, -1, 1, 4 ] ] ], 
  [ [ [ 2, 0, 0, 0, 0, 0, 0, 0, 0, 0, 0, 0, 0, 0, 0, 0, 0, 0, 0, 0 ], 
          [ 0, -4, 0, 0, 0, 0, 1, 0, 1, 0, 0, 0, -1, 0, 0, 0, 0, 0, 0, 0 ], 
          [ 0, 0, -4, -1, 0, 0, 0, 0, 0, 0, 0, 0, 0, 1, 0, 1, 0, 0, 0, 0 ], 
          [ 0, 0, -1, -4, 0, 0, 1, 0, 0, -1, 0, 0, 0, 1, 0, -1, 1, 1, 0, 0 ], 
          [ 0, 0, 0, 0, -4, 0, 0, 1, 0, 0, 0, 0, 1, 0, 0, 0, 0, 0, 0, 0 ], 
          [ 0, 0, 0, 0, 0, -4, 0, 0, 0, 0, 0, 1, 0, 1, 0, 1, 0, -1, 0, 0 ], 
          [ 0, 1, 0, 1, 0, 0, -4, -1, 0, 0, 1, 0, 1, 0, 0, 0, 0, 0, 0, -1 ], 
          [ 0, 0, 0, 0, 1, 0, -1, -4, 0, -1, -1, 0, 0, 1, 0, -1, -1, 1, 0, 1 ], 
          [ 0, 1, 0, 0, 0, 0, 0, 0, -4, 0, 0, 0, 0, 1, 0, 0, 0, 0, 1, 0 ], 
          [ 0, 0, 0, -1, 0, 0, 0, -1, 0, -4, 0, 0, 0, 0, 0, 1, -1, 0, 0, 0 ], 
          [ 0, 0, 0, 0, 0, 0, 1, -1, 0, 0, -4, 0, 0, 1, 0, -1, 1, 0, 0, 0 ], 
          [ 0, 0, 0, 0, 0, 1, 0, 0, 0, 0, 0, -4, 0, 0, 0, 0, 0, 1, -1, 0 ], 
          [ 0, -1, 0, 0, 1, 0, 1, 0, 0, 0, 0, 0, -4, 0, 0, -1, 0, 0, 0, 0 ], 
          [ 0, 0, 1, 1, 0, 1, 0, 1, 1, 0, 1, 0, 0, -4, 0, 0, 0, 0, -1, 0 ], 
          [ 0, 0, 0, 0, 0, 0, 0, 0, 0, 0, 0, 0, 0, 0, -4, 0, -1, 0, 0, 0 ], 
          [ 0, 0, 1, -1, 0, 1, 0, -1, 0, 1, -1, 0, -1, 0, 0, -4, 0, 0, 0, 0 ], 
          [ 0, 0, 0, 1, 0, 0, 0, -1, 0, -1, 1, 0, 0, 0, -1, 0, -4, 1, 0, 0 ], 
          [ 0, 0, 0, 1, 0, -1, 0, 1, 0, 0, 0, 1, 0, 0, 0, 0, 1, -4, 0, 0 ], 
          [ 0, 0, 0, 0, 0, 0, 0, 0, 1, 0, 0, -1, 0, -1, 0, 0, 0, 0, -4, -1 ], 
          [ 0, 0, 0, 0, 0, 0, -1, 1, 0, 0, 0, 0, 0, 0, 0, 0, 0, 0, -1, -4 ] ], 
      [ 1, 0, 0, 0, 0, 0, 0, 0, 0, 0, 0, 0, 0, 0, 0, 0, 0, 0, 0, 0 ], rec(
          nopss := [ 0, 20 ],
          scons := 
           [ [ [ 1, -1, 0, 0, 0, 0, 0, 0, 0, 0, 0, 0, 0, 0, 0, 0, 0, 0, 0, 0 ], 
                  [ 1, 1, 0, 0, 0, 0, 0, 0, 0, 0, 0, 0, 0, 0, 0, 0, 0, 0, 0, 0 ] ], 
              [ [ 1, 0, 0, 0, 0, 0, 0, 0, -1, 0, 0, 0, 0, 0, 0, 0, 0, 0, 0, 0 ], 
                  [ 1, 0, 0, 0, 0, 0, 0, 0, 1, 0, 0, 0, 0, 0, 0, 0, 0, 0, 0, 0 ] ], 
              [ [ 1, 0, 0, 0, 0, 0, 0, 0, 0, 0, 0, -1, 0, 0, 0, 0, 0, 0, 0, 0 ], 
                  [ 1, 0, 0, 0, 0, 0, 0, 0, 0, 0, 0, 1, 0, 0, 0, 0, 0, 0, 0, 0 ] ], 
              [ [ 1, 0, 0, 0, 0, 0, 0, 0, 0, 0, 0, 0, 0, 0, 0, 0, 0, 0, 0, -1 ], 
                  [ 1, 0, 0, 0, 0, 0, 0, 0, 0, 0, 0, 0, 0, 0, 0, 0, 0, 0, 0, 1 ] ], 
              [ [ 1, 0, 0, 0, 0, 0, 0, 0, 0, 0, 0, 0, 0, 0, 0, 0, 0, 0, -1, 0 ], 
                  [ 1, 0, 0, 0, 0, 0, 0, 0, 0, 0, 0, 0, 0, 0, 0, 0, 0, 0, 1, 0 ] ], 
              [ [ 1, 0, 0, 0, -1, 0, 0, 0, 0, 0, 0, 0, 0, 0, 0, 0, 0, 0, 0, 0 ], 
                  [ 1, 0, 0, 0, 1, 0, 0, 0, 0, 0, 0, 0, 0, 0, 0, 0, 0, 0, 0, 0 ] ], 
              [ [ 1, 0, 0, 0, 0, 0, 0, 0, 0, 0, 0, 0, 0, 0, -1, 0, 0, 0, 0, 0 ], 
                  [ 1, 0, 0, 0, 0, 0, 0, 0, 0, 0, 0, 0, 0, 0, 1, 0, 0, 0, 0, 0 ] ], 
              [ [ 1, 0, 0, 0, 0, 0, 1, 0, 0, 0, 0, 0, 0, 0, 0, 0, 0, 0, 0, 0 ], 
                  [ 1, 0, 0, 0, 0, 0, -1, 0, 0, 0, 0, 0, 0, 0, 0, 0, 0, 0, 0, 0 ] ], 
              [ [ 1, 0, 0, 0, 0, 0, 0, 0, 0, 0, -1, 0, 0, 0, 0, 0, 0, 0, 0, 0 ], 
                  [ 1, 0, 0, 0, 0, 0, 0, 0, 0, 0, 1, 0, 0, 0, 0, 0, 0, 0, 0, 0 ] ], 
              [ [ 1, 0, 0, 0, 0, 0, 0, 0, 0, 0, 0, 0, -1, 0, 0, 0, 0, 0, 0, 0 ], 
                  [ 1, 0, 0, 0, 0, 0, 0, 0, 0, 0, 0, 0, 1, 0, 0, 0, 0, 0, 0, 0 ] ], 
              [ [ 1, 0, -1, 0, 0, 0, 0, 0, 0, 0, 0, 0, 0, 0, 0, 0, 0, 0, 0, 0 ], 
                  [ 1, 0, 1, 0, 0, 0, 0, 0, 0, 0, 0, 0, 0, 0, 0, 0, 0, 0, 0, 0 ] ], 
              [ [ 1, 0, 0, 0, 0, 0, 0, 0, 0, 1, 0, 0, 0, 0, 0, 0, 0, 0, 0, 0 ], 
                  [ 1, 0, 0, 0, 0, 0, 0, 0, 0, -1, 0, 0, 0, 0, 0, 0, 0, 0, 0, 0 ] ], 
              [ [ 1, 0, 0, 0, 0, 0, 0, 1, 0, 0, 0, 0, 0, 0, 0, 0, 0, 0, 0, 0 ], 
                  [ 1, 0, 0, 0, 0, 0, 0, -1, 0, 0, 0, 0, 0, 0, 0, 0, 0, 0, 0, 0 ] ], 
              [ [ 1, 0, 0, 0, 0, -1, 0, 0, 0, 0, 0, 0, 0, 0, 0, 0, 0, 0, 0, 0 ], 
                  [ 1, 0, 0, 0, 0, 1, 0, 0, 0, 0, 0, 0, 0, 0, 0, 0, 0, 0, 0, 0 ] ], 
              [ [ 1, 0, -1, 2, 0, -1, 1, 0, 0, -1, 1, 0, 1, 0, 0, -2, 1, 1, 0, 0 ], 
                  [ 1, 0, 1, -2, 0, 1, -1, 0, 0, 1, -1, 0, -1, 0, 0, 2, -1, -1, 0, 0 ] ], 
              [ [ 1, 0, 0, 0, 0, 0, 0, 0, 0, 0, 0, 0, 0, 0, 0, -1, 0, 0, 0, 0 ], 
                  [ 1, 0, 0, 0, 0, 0, 0, 0, 0, 0, 0, 0, 0, 0, 0, 1, 0, 0, 0, 0 ] ], 
              [ [ 1, 0, 0, 0, 0, 0, 0, 0, 0, 0, 0, 0, 0, 0, 0, 0, -1, 0, 0, 0 ], 
                  [ 1, 0, 0, 0, 0, 0, 0, 0, 0, 0, 0, 0, 0, 0, 0, 0, 1, 0, 0, 0 ] ], 
              [ [ 1, 0, 0, 1, 0, 0, 0, 0, 0, 0, 0, 0, 0, 0, 0, 0, 0, 0, 0, 0 ], 
                  [ 1, 0, 0, -1, 0, 0, 0, 0, 0, 0, 0, 0, 0, 0, 0, 0, 0, 0, 0, 0 ] ], 
              [ [ 1, 0, 0, 0, 0, 0, 0, 0, 0, 0, 0, 0, 0, 0, 0, 0, 0, -1, 0, 0 ], 
                  [ 1, 0, 0, 0, 0, 0, 0, 0, 0, 0, 0, 0, 0, 0, 0, 0, 0, 1, 0, 0 ] ], 
              [ [ 1, 0, 0, 0, 0, 0, 0, 0, 0, 0, 0, 0, 0, -1, 0, 0, 0, 0, 0, 0 ], 
                  [ 1, 0, 0, 0, 0, 0, 0, 0, 0, 0, 0, 0, 0, 1, 0, 0, 0, 0, 0, 0 ] ] ],
          slins := [  ] ), 
      [ [ 4, -1, 1, -1, -1, -1, 1, -1, 1, -1, 1, -1, 1, -1, -1, 1, -1, 1, 1 ], 
          [ -1, 4, 1, -1, -1, 1, 1, -1, -1, -1, -1, -1, -1, 1, 1, -1, -1, 1, 1 ], 
          [ 1, 1, 4, 1, -1, -1, -1, 1, 1, 1, 1, 1, 1, -1, -1, 1, -1, 1, 1 ], 
          [ -1, -1, 1, 4, -1, 1, -1, 1, -1, 1, -1, -1, 1, -1, 1, 1, 1, 1, -1 ], 
          [ -1, -1, -1, -1, 4, 1, 1, 1, -1, -1, 1, 1, 1, 1, -1, 1, -1, -1, 1 ], 
          [ -1, 1, -1, 1, 1, 4, 1, -1, 1, -1, -1, -1, -1, -1, -1, 1, -1, 1, 1 ], 
          [ 1, 1, -1, -1, 1, 1, 4, 1, -1, -1, 1, 1, 1, -1, 1, 1, 1, -1, -1 ], 
          [ -1, -1, 1, 1, 1, -1, 1, 4, -1, -1, 1, 1, 1, -1, -1, 1, 1, -1, 1 ], 
          [ 1, -1, 1, -1, -1, 1, -1, -1, 4, 1, 1, -1, -1, 1, 1, -1, 1, 1, -1 ], 
          [ -1, -1, 1, 1, -1, -1, -1, -1, 1, 4, -1, -1, -1, 1, -1, 1, -1, -1, -1 ], 
          [ 1, -1, 1, -1, 1, -1, 1, 1, 1, -1, 4, 1, 1, 1, 1, -1, -1, 1, -1 ], 
          [ -1, -1, 1, -1, 1, -1, 1, 1, -1, -1, 1, 4, -1, -1, 1, -1, 1, -1, -1 ], 
          [ 1, -1, 1, 1, 1, -1, 1, 1, -1, -1, 1, -1, 4, 1, 1, 1, -1, -1, -1 ], 
          [ -1, 1, -1, -1, 1, -1, -1, -1, 1, 1, 1, -1, 1, 4, -1, 1, -1, -1, 1 ], 
          [ -1, 1, -1, 1, -1, -1, 1, -1, 1, -1, 1, 1, 1, -1, 4, -1, 1, -1, 1 ], 
          [ 1, -1, 1, 1, 1, 1, 1, 1, -1, 1, -1, -1, 1, 1, -1, 4, 1, 1, -1 ], 
          [ -1, -1, -1, 1, -1, -1, 1, 1, 1, -1, -1, 1, -1, -1, 1, 1, 4, 1, -1 ], 
          [ 1, 1, 1, 1, -1, 1, -1, -1, 1, -1, 1, -1, -1, -1, -1, 1, 1, 4, 1 ], 
          [ 1, 1, 1, -1, 1, 1, -1, 1, -1, -1, -1, -1, -1, 1, 1, -1, -1, 1, 4 ] ] ], 
  [ [ [ 2, 0, 0, 0, 0, 0, 0, 0, 0, 0, 0, 0, 0, 0, 0, 0, 0, 0, 0, 0 ], 
          [ 0, -4, 0, 0, 0, 0, -1, 0, 1, 0, 0, 0, -1, 0, 0, 0, 0, 0, 0, 0 ], 
          [ 0, 0, -4, -1, 0, 0, 0, 0, 0, 0, 0, 0, 0, 1, 0, 1, 0, 0, 0, 0 ], 
          [ 0, 0, -1, -4, 0, 0, 1, 0, 0, -1, 0, 0, 0, 1, 0, -1, 1, 1, 0, 0 ], 
          [ 0, 0, 0, 0, -4, 0, 0, 1, 0, 0, 0, 0, 1, -1, 0, 0, 0, 0, 0, 1 ], 
          [ 0, 0, 0, 0, 0, -4, 0, 0, 0, 0, 0, 1, 0, 1, 0, 1, 0, -1, 0, 0 ], 
          [ 0, -1, 0, 1, 0, 0, -4, -1, 0, 0, 1, 0, 1, 0, 0, 0, 0, 0, 0, -1 ], 
          [ 0, 0, 0, 0, 1, 0, -1, -4, 0, -1, -1, 0, 0, 1, 0, -1, -1, 1, 0, 1 ], 
          [ 0, 1, 0, 0, 0, 0, 0, 0, -4, 0, 0, 0, 0, 1, 0, 0, 0, 0, 1, 0 ], 
          [ 0, 0, 0, -1, 0, 0, 0, -1, 0, -4, 0, 0, 0, 0, 0, 1, -1, 0, 0, 0 ], 
          [ 0, 0, 0, 0, 0, 0, 1, -1, 0, 0, -4, 0, 0, -1, 0, -1, 1, 0, 0, 0 ], 
          [ 0, 0, 0, 0, 0, 1, 0, 0, 0, 0, 0, -4, 0, 0, 0, 0, 0, 1, -1, 0 ], 
          [ 0, -1, 0, 0, 1, 0, 1, 0, 0, 0, 0, 0, -4, 0, 0, -1, 0, 0, 0, 0 ], 
          [ 0, 0, 1, 1, -1, 1, 0, 1, 1, 0, -1, 0, 0, -4, 0, 0, 0, 0, -1, 0 ], 
          [ 0, 0, 0, 0, 0, 0, 0, 0, 0, 0, 0, 0, 0, 0, -4, 0, -1, 0, 1, 0 ], 
          [ 0, 0, 1, -1, 0, 1, 0, -1, 0, 1, -1, 0, -1, 0, 0, -4, 0, 0, 0, 0 ], 
          [ 0, 0, 0, 1, 0, 0, 0, -1, 0, -1, 1, 0, 0, 0, -1, 0, -4, 1, 0, 0 ], 
          [ 0, 0, 0, 1, 0, -1, 0, 1, 0, 0, 0, 1, 0, 0, 0, 0, 1, -4, 0, 0 ], 
          [ 0, 0, 0, 0, 0, 0, 0, 0, 1, 0, 0, -1, 0, -1, 1, 0, 0, 0, -4, -1 ], 
          [ 0, 0, 0, 0, 1, 0, -1, 1, 0, 0, 0, 0, 0, 0, 0, 0, 0, 0, -1, -4 ] ], 
      [ 1, 0, 0, 0, 0, 0, 0, 0, 0, 0, 0, 0, 0, 0, 0, 0, 0, 0, 0, 0 ], rec(
          nopss := [ 0, 29 ],
          scons := 
           [ [ [ 1, 0, 0, 0, 0, 0, 0, 0, 0, 0, 0, -1, 0, 0, 0, 0, 0, 0, 0, 0 ], 
                  [ 1, 0, 0, 0, 0, 0, 0, 0, 0, 0, 0, 1, 0, 0, 0, 0, 0, 0, 0, 0 ] ], 
              [ [ 1, 0, 0, 0, 0, 0, 0, 0, 0, 0, 0, 0, 0, 0, 0, 0, 0, 0, -1, 0 ], 
                  [ 1, 0, 0, 0, 0, 0, 0, 0, 0, 0, 0, 0, 0, 0, 0, 0, 0, 0, 1, 0 ] ], 
              [ [ 1, 1, 1, -2, 0, 1, -2, 1, 0, 1, -2, 0, -1, 1, 0, 2, -2, -1, -1, 1 ], 
                  [ 1, -1, -1, 2, 0, -1, 2, -1, 0, -1, 2, 0, 1, -1, 0, -2, 2, 1, 1, -1 ] ]
                , [ [ 1, 0, 0, 0, 0, 0, 0, 0, 0, 0, -1, 0, 0, 0, 0, 0, 0, 0, 0, 0 ], 
                  [ 1, 0, 0, 0, 0, 0, 0, 0, 0, 0, 1, 0, 0, 0, 0, 0, 0, 0, 0, 0 ] ], 
              [ [ 1, 0, 0, 0, 0, 0, 1, 0, 0, 0, 0, 0, 0, 0, 0, 0, 0, 0, 0, 0 ], 
                  [ 1, 0, 0, 0, 0, 0, -1, 0, 0, 0, 0, 0, 0, 0, 0, 0, 0, 0, 0, 0 ] ], 
              [ [ 1, 0, 0, -1, 0, 0, 0, 0, 0, 0, 0, 0, 0, 0, 0, 0, 0, 0, 0, 0 ], 
                  [ 1, 0, 0, 1, 0, 0, 0, 0, 0, 0, 0, 0, 0, 0, 0, 0, 0, 0, 0, 0 ] ], 
              [ [ 1, 0, 0, 0, 0, 0, 0, 0, 0, 0, 0, 0, 0, 0, 0, -1, 0, 0, 0, 0 ], 
                  [ 1, 0, 0, 0, 0, 0, 0, 0, 0, 0, 0, 0, 0, 0, 0, 1, 0, 0, 0, 0 ] ], 
              [ [ 1, 0, -1, 0, 0, 0, 0, 0, 0, 0, 0, 0, 0, 0, 0, 0, 0, 0, 0, 0 ], 
                  [ 1, 0, 1, 0, 0, 0, 0, 0, 0, 0, 0, 0, 0, 0, 0, 0, 0, 0, 0, 0 ] ], 
              [ [ 1, 0, 0, 0, 0, 0, 0, 0, 0, 0, 0, 0, -1, 0, 0, 0, 0, 0, 0, 0 ], 
                  [ 1, 0, 0, 0, 0, 0, 0, 0, 0, 0, 0, 0, 1, 0, 0, 0, 0, 0, 0, 0 ] ], 
              [ [ 1, 0, 0, 0, 0, 0, 0, 0, 0, 0, 0, 0, 0, 0, 0, 0, 0, -1, 0, 0 ], 
                  [ 1, 0, 0, 0, 0, 0, 0, 0, 0, 0, 0, 0, 0, 0, 0, 0, 0, 1, 0, 0 ] ], 
              [ [ 1, -2, -3, 5, 1, -2, 4, -1, -1, -3, 4, 0, 3, -2, -1, -5, 4, 2, 0, -1 ], 
                  [ 1, 2, 3, -5, -1, 2, -4, 1, 1, 3, -4, 0, -3, 2, 1, 5, -4, -2, 0, 1 ] ],
              [ [ 1, 0, 0, 0, -1, 0, 0, 0, 0, 0, 0, 0, 0, 0, 0, 0, 0, 0, 0, 0 ], 
                  [ 1, 0, 0, 0, 1, 0, 0, 0, 0, 0, 0, 0, 0, 0, 0, 0, 0, 0, 0, 0 ] ], 
              [ [ 1, -1, -1, 2, 0, -1, 2, -1, -1, -1, 2, 0, 1, -1, -1, -2, 2, 1, 0, -1 ], 
                  [ 1, 1, 1, -2, 0, 1, -2, 1, 1, 1, -2, 0, -1, 1, 1, 2, -2, -1, 0, 1 ] ], 
              [ [ 1, -1, -1, 2, 0, -1, 2, -1, -1, -1, 2, 0, 1, -1, 0, -2, 2, 1, 0, -1 ], 
                  [ 1, 1, 1, -2, 0, 1, -2, 1, 1, 1, -2, 0, -1, 1, 0, 2, -2, -1, 0, 1 ] ], 
              [ [ 1, 0, 0, 0, 0, 0, 0, 0, -1, 0, 0, 0, 0, 0, 0, 0, 0, 0, 0, 0 ], 
                  [ 1, 0, 0, 0, 0, 0, 0, 0, 1, 0, 0, 0, 0, 0, 0, 0, 0, 0, 0, 0 ] ], 
              [ [ 1, 0, 0, 0, 0, 0, 0, 0, 0, -1, 0, 0, 0, 0, 0, 0, 0, 0, 0, 0 ], 
                  [ 1, 0, 0, 0, 0, 0, 0, 0, 0, 1, 0, 0, 0, 0, 0, 0, 0, 0, 0, 0 ] ], 
              [ [ 1, 0, 0, 0, 0, 0, 0, -1, 0, 0, 0, 0, 0, 0, 0, 0, 0, 0, 0, 0 ], 
                  [ 1, 0, 0, 0, 0, 0, 0, 1, 0, 0, 0, 0, 0, 0, 0, 0, 0, 0, 0, 0 ] ], 
              [ [ 1, 0, 0, 0, 0, 0, 0, 0, 0, 0, 0, 0, 0, 0, 0, 0, 0, 0, 0, -1 ], 
                  [ 1, 0, 0, 0, 0, 0, 0, 0, 0, 0, 0, 0, 0, 0, 0, 0, 0, 0, 0, 1 ] ], 
              [ [ 1, -1, 0, 0, 0, 0, 0, 0, 0, 0, 0, 0, 0, 0, 0, 0, 0, 0, 0, 0 ], 
                  [ 1, 1, 0, 0, 0, 0, 0, 0, 0, 0, 0, 0, 0, 0, 0, 0, 0, 0, 0, 0 ] ], 
              [ [ 1, 0, 1, -2, 0, 1, -1, 0, 0, 1, -1, 0, -1, 0, 0, 2, -1, -1, 0, 0 ], 
                  [ 1, 0, -1, 2, 0, -1, 1, 0, 0, -1, 1, 0, 1, 0, 0, -2, 1, 1, 0, 0 ] ], 
              [ [ 1, 0, 0, 0, 0, -1, 0, 0, 0, 0, 0, 0, 0, 0, 0, 0, 0, 0, 0, 0 ], 
                  [ 1, 0, 0, 0, 0, 1, 0, 0, 0, 0, 0, 0, 0, 0, 0, 0, 0, 0, 0, 0 ] ], 
              [ [ 1, -2, -3, 5, 1, -3, 4, -1, -1, -3, 4, 0, 3, -2, -1, -5, 4, 3, 0, -1 ], 
                  [ 1, 2, 3, -5, -1, 3, -4, 1, 1, 3, -4, 0, -3, 2, 1, 5, -4, -3, 0, 1 ] ],
              [ [ 1, -1, -1, 2, 0, -1, 1, 0, 0, -1, 1, 0, 1, 0, 0, -2, 1, 1, 0, 0 ], 
                  [ 1, 1, 1, -2, 0, 1, -1, 0, 0, 1, -1, 0, -1, 0, 0, 2, -1, -1, 0, 0 ] ], 
              [ [ 1, 2, 3, -5, -1, 2, -4, 1, 1, 3, -4, 0, -3, 2, 1, 5, -4, -3, 0, 1 ], 
                  [ 1, -2, -3, 5, 1, -2, 4, -1, -1, -3, 4, 0, 3, -2, -1, -5, 4, 3, 0, -1 
                     ] ], 
              [ [ 1, -1, -1, 2, 0, -1, 2, -1, 0, -1, 2, 0, 1, -1, -1, -2, 2, 1, 0, -1 ], 
                  [ 1, 1, 1, -2, 0, 1, -2, 1, 0, 1, -2, 0, -1, 1, 1, 2, -2, -1, 0, 1 ] ], 
              [ [ 1, 0, 0, 0, 0, 0, 0, 0, 0, 0, 0, 0, 0, 0, -1, 0, 0, 0, 0, 0 ], 
                  [ 1, 0, 0, 0, 0, 0, 0, 0, 0, 0, 0, 0, 0, 0, 1, 0, 0, 0, 0, 0 ] ], 
              [ [ 1, 0, 0, 0, 0, 0, 0, 0, 0, 0, 0, 0, 0, 0, 0, 0, -1, 0, 0, 0 ], 
                  [ 1, 0, 0, 0, 0, 0, 0, 0, 0, 0, 0, 0, 0, 0, 0, 0, 1, 0, 0, 0 ] ], 
              [ [ 1, 0, 0, 0, 0, 0, 0, 0, 0, 0, 0, 0, 0, -1, 0, 0, 0, 0, 0, 0 ], 
                  [ 1, 0, 0, 0, 0, 0, 0, 0, 0, 0, 0, 0, 0, 1, 0, 0, 0, 0, 0, 0 ] ], 
              [ [ 1, -1, -1, 2, 0, -1, 2, -1, 0, -1, 2, 0, 1, -1, 0, -2, 2, 1, 0, -1 ], 
                  [ 1, 1, 1, -2, 0, 1, -2, 1, 0, 1, -2, 0, -1, 1, 0, 2, -2, -1, 0, 1 ] ] ]
           ,
          slins := [  ] ), 
      [ [ 4, -1, 1, -1, -1, -1, 1, -1, 1, -1, 1, -1, 1, -1, -1, 1, -1, 1, 1 ], 
          [ -1, 4, 1, -1, -1, 1, 1, -1, -1, -1, -1, -1, -1, 1, 1, -1, -1, 1, 1 ], 
          [ 1, 1, 4, 1, -1, -1, -1, 1, 1, 1, 1, 1, 1, -1, -1, 1, -1, 1, 1 ], 
          [ -1, -1, 1, 4, -1, 1, -1, 1, -1, 1, -1, -1, 1, -1, 1, 1, 1, 1, -1 ], 
          [ -1, -1, -1, -1, 4, 1, 1, 1, -1, -1, 1, 1, 1, 1, -1, 1, -1, -1, 1 ], 
          [ -1, 1, -1, 1, 1, 4, 1, -1, 1, -1, -1, -1, -1, -1, -1, 1, -1, 1, 1 ], 
          [ 1, 1, -1, -1, 1, 1, 4, 1, -1, -1, 1, 1, 1, -1, 1, 1, 1, -1, -1 ], 
          [ -1, -1, 1, 1, 1, -1, 1, 4, -1, -1, 1, 1, 1, -1, -1, 1, 1, -1, 1 ], 
          [ 1, -1, 1, -1, -1, 1, -1, -1, 4, 1, 1, -1, -1, 1, 1, -1, 1, 1, -1 ], 
          [ -1, -1, 1, 1, -1, -1, -1, -1, 1, 4, -1, -1, -1, 1, -1, 1, -1, -1, -1 ], 
          [ 1, -1, 1, -1, 1, -1, 1, 1, 1, -1, 4, 1, 1, 1, 1, -1, -1, 1, -1 ], 
          [ -1, -1, 1, -1, 1, -1, 1, 1, -1, -1, 1, 4, -1, -1, 1, -1, 1, -1, -1 ], 
          [ 1, -1, 1, 1, 1, -1, 1, 1, -1, -1, 1, -1, 4, 1, 1, 1, -1, -1, -1 ], 
          [ -1, 1, -1, -1, 1, -1, -1, -1, 1, 1, 1, -1, 1, 4, -1, 1, -1, -1, 1 ], 
          [ -1, 1, -1, 1, -1, -1, 1, -1, 1, -1, 1, 1, 1, -1, 4, -1, 1, -1, 1 ], 
          [ 1, -1, 1, 1, 1, 1, 1, 1, -1, 1, -1, -1, 1, 1, -1, 4, 1, 1, -1 ], 
          [ -1, -1, -1, 1, -1, -1, 1, 1, 1, -1, -1, 1, -1, -1, 1, 1, 4, 1, -1 ], 
          [ 1, 1, 1, 1, -1, 1, -1, -1, 1, -1, 1, -1, -1, -1, -1, 1, 1, 4, 1 ], 
          [ 1, 1, 1, -1, 1, 1, -1, 1, -1, -1, -1, -1, -1, 1, 1, -1, -1, 1, 4 ] ] ], 
  [ [ [ 2, 0, 0, 0, 0, 0, 0, 0, 0, 0, 0, 0, 0, 0, 0, 0, 0, 0, 0, 0 ], 
          [ 0, -4, 0, 0, 0, 0, 0, 0, 0, 0, 0, 0, 0, 0, 0, 0, 1, 0, 0, 0 ], 
          [ 0, 0, -4, 0, 0, -1, 0, 0, 0, 0, 0, 0, 0, 0, 0, 0, -1, 0, 0, 0 ], 
          [ 0, 0, 0, -4, 0, 0, 0, 0, -1, 0, 0, 0, 0, 0, -1, 0, 1, 0, 0, 0 ], 
          [ 0, 0, 0, 0, -4, -1, -1, 0, 0, 0, 0, 0, 0, 0, 0, 0, 0, -1, 0, 0 ], 
          [ 0, 0, -1, 0, -1, -4, 1, -1, 0, 0, 0, 0, 0, 0, 0, 0, 0, -1, 0, 0 ], 
          [ 0, 0, 0, 0, -1, 1, -4, -1, 0, 0, 1, 0, 0, 0, 0, 0, 0, 0, 0, 0 ], 
          [ 0, 0, 0, 0, 0, -1, -1, -4, 0, 0, 0, 1, 0, 0, 0, 1, 0, 0, 0, 0 ], 
          [ 0, 0, 0, -1, 0, 0, 0, 0, -4, 0, 1, 0, 0, 0, 0, 0, 0, 0, -1, 0 ], 
          [ 0, 0, 0, 0, 0, 0, 0, 0, 0, -4, 0, 0, 0, -1, 0, 0, 0, 0, 0, 0 ], 
          [ 0, 0, 0, 0, 0, 0, 1, 0, 1, 0, -4, 0, 0, 0, 0, 0, 0, 0, 1, 0 ], 
          [ 0, 0, 0, 0, 0, 0, 0, 1, 0, 0, 0, -4, 0, -1, 0, 0, 0, 0, 0, 0 ], 
          [ 0, 0, 0, 0, 0, 0, 0, 0, 0, 0, 0, 0, -4, 0, 1, -1, 0, 0, 0, 0 ], 
          [ 0, 0, 0, 0, 0, 0, 0, 0, 0, -1, 0, -1, 0, -4, 0, 0, 0, 0, 0, 0 ], 
          [ 0, 0, 0, -1, 0, 0, 0, 0, 0, 0, 0, 0, 1, 0, -4, 0, 0, 0, 0, 0 ], 
          [ 0, 0, 0, 0, 0, 0, 0, 1, 0, 0, 0, 0, -1, 0, 0, -4, 0, 0, 0, 0 ], 
          [ 0, 1, -1, 1, 0, 0, 0, 0, 0, 0, 0, 0, 0, 0, 0, 0, -4, 0, 1, 1 ], 
          [ 0, 0, 0, 0, -1, -1, 0, 0, 0, 0, 0, 0, 0, 0, 0, 0, 0, -4, 0, 0 ], 
          [ 0, 0, 0, 0, 0, 0, 0, 0, -1, 0, 1, 0, 0, 0, 0, 0, 1, 0, -4, 0 ], 
          [ 0, 0, 0, 0, 0, 0, 0, 0, 0, 0, 0, 0, 0, 0, 0, 0, 1, 0, 0, -4 ] ], 
      [ 1, 0, 0, 0, 0, 0, 0, 0, 0, 0, 0, 0, 0, 0, 0, 0, 0, 0, 0, 0 ], rec(
          nopss := [ 0, 19 ],
          scons := 
           [ [ [ 1, 0, 0, 0, 0, 0, 0, 0, 0, -1, 0, 0, 0, 0, 0, 0, 0, 0, 0, 0 ], 
                  [ 1, 0, 0, 0, 0, 0, 0, 0, 0, 1, 0, 0, 0, 0, 0, 0, 0, 0, 0, 0 ] ], 
              [ [ 1, 0, 0, 0, 0, 0, 0, 0, 0, 0, 0, 0, 0, 0, 0, 0, 0, 0, 0, -1 ], 
                  [ 1, 0, 0, 0, 0, 0, 0, 0, 0, 0, 0, 0, 0, 0, 0, 0, 0, 0, 0, 1 ] ], 
              [ [ 1, -1, 0, 0, 0, 0, 0, 0, 0, 0, 0, 0, 0, 0, 0, 0, 0, 0, 0, 0 ], 
                  [ 1, 1, 0, 0, 0, 0, 0, 0, 0, 0, 0, 0, 0, 0, 0, 0, 0, 0, 0, 0 ] ], 
              [ [ 1, 0, 0, 0, 0, 0, 0, 0, 0, 0, 0, 0, 0, 0, 0, 0, 0, -1, 0, 0 ], 
                  [ 1, 0, 0, 0, 0, 0, 0, 0, 0, 0, 0, 0, 0, 0, 0, 0, 0, 1, 0, 0 ] ], 
              [ [ 1, 0, 0, 0, 0, 0, 0, 0, 0, 0, 0, 0, 0, -1, 0, 0, 0, 0, 0, 0 ], 
                  [ 1, 0, 0, 0, 0, 0, 0, 0, 0, 0, 0, 0, 0, 1, 0, 0, 0, 0, 0, 0 ] ], 
              [ [ 1, 0, 0, 0, 0, 0, 0, 0, 0, 0, 0, 0, -1, 0, 0, 0, 0, 0, 0, 0 ], 
                  [ 1, 0, 0, 0, 0, 0, 0, 0, 0, 0, 0, 0, 1, 0, 0, 0, 0, 0, 0, 0 ] ], 
              [ [ 1, 0, 0, 0, 0, 0, 0, 0, 0, 0, 0, 0, 0, 0, -1, 0, 0, 0, 0, 0 ], 
                  [ 1, 0, 0, 0, 0, 0, 0, 0, 0, 0, 0, 0, 0, 0, 1, 0, 0, 0, 0, 0 ] ], 
              [ [ 1, 0, 0, 0, 0, 0, 0, 0, 0, 0, 0, -1, 0, 0, 0, 0, 0, 0, 0, 0 ], 
                  [ 1, 0, 0, 0, 0, 0, 0, 0, 0, 0, 0, 1, 0, 0, 0, 0, 0, 0, 0, 0 ] ], 
              [ [ 1, 0, 0, 0, 0, 0, 0, 0, 0, 0, 0, 0, 0, 0, 0, -1, 0, 0, 0, 0 ], 
                  [ 1, 0, 0, 0, 0, 0, 0, 0, 0, 0, 0, 0, 0, 0, 0, 1, 0, 0, 0, 0 ] ], 
              [ [ 1, 0, -1, 0, 0, 0, 0, 0, 0, 0, 0, 0, 0, 0, 0, 0, 0, 0, 0, 0 ], 
                  [ 1, 0, 1, 0, 0, 0, 0, 0, 0, 0, 0, 0, 0, 0, 0, 0, 0, 0, 0, 0 ] ], 
              [ [ 1, 0, 0, 0, 0, 0, 0, 0, -1, 0, 0, 0, 0, 0, 0, 0, 0, 0, 0, 0 ], 
                  [ 1, 0, 0, 0, 0, 0, 0, 0, 1, 0, 0, 0, 0, 0, 0, 0, 0, 0, 0, 0 ] ], 
              [ [ 1, 0, 0, 0, 0, 0, 0, 0, 0, 0, -1, 0, 0, 0, 0, 0, 0, 0, 0, 0 ], 
                  [ 1, 0, 0, 0, 0, 0, 0, 0, 0, 0, 1, 0, 0, 0, 0, 0, 0, 0, 0, 0 ] ], 
              [ [ 1, 0, 0, 0, 0, 0, 0, 0, 0, 0, 0, 0, 0, 0, 0, 0, 0, 0, -1, 0 ], 
                  [ 1, 0, 0, 0, 0, 0, 0, 0, 0, 0, 0, 0, 0, 0, 0, 0, 0, 0, 1, 0 ] ], 
              [ [ 1, 0, 0, -1, 0, 0, 0, 0, 0, 0, 0, 0, 0, 0, 0, 0, 0, 0, 0, 0 ], 
                  [ 1, 0, 0, 1, 0, 0, 0, 0, 0, 0, 0, 0, 0, 0, 0, 0, 0, 0, 0, 0 ] ], 
              [ [ 1, 0, 0, 0, -1, 0, 0, 0, 0, 0, 0, 0, 0, 0, 0, 0, 0, 0, 0, 0 ], 
                  [ 1, 0, 0, 0, 1, 0, 0, 0, 0, 0, 0, 0, 0, 0, 0, 0, 0, 0, 0, 0 ] ], 
              [ [ 1, 0, 0, 0, 0, 0, 0, 0, 0, 0, 0, 0, 0, 0, 0, 0, -1, 0, 0, 0 ], 
                  [ 1, 0, 0, 0, 0, 0, 0, 0, 0, 0, 0, 0, 0, 0, 0, 0, 1, 0, 0, 0 ] ], 
              [ [ 1, 0, 0, 0, 0, 0, 0, -1, 0, 0, 0, 0, 0, 0, 0, 0, 0, 0, 0, 0 ], 
                  [ 1, 0, 0, 0, 0, 0, 0, 1, 0, 0, 0, 0, 0, 0, 0, 0, 0, 0, 0, 0 ] ], 
              [ [ 1, 0, 0, 0, 0, 0, -1, 0, 0, 0, 0, 0, 0, 0, 0, 0, 0, 0, 0, 0 ], 
                  [ 1, 0, 0, 0, 0, 0, 1, 0, 0, 0, 0, 0, 0, 0, 0, 0, 0, 0, 0, 0 ] ], 
              [ [ 1, 0, 0, 0, 0, -1, 0, 0, 0, 0, 0, 0, 0, 0, 0, 0, 0, 0, 0, 0 ], 
                  [ 1, 0, 0, 0, 0, 1, 0, 0, 0, 0, 0, 0, 0, 0, 0, 0, 0, 0, 0, 0 ] ] ],
          slins := [  ] ), 
      [ [ 4, 0, 0, 0, 0, 0, 0, 0, 0, 0, 0, 0, 0, 0, 0, -1, 0, 0, 0 ], 
          [ 0, 4, 0, 0, 1, 0, 0, 0, 0, 0, 0, 0, 0, 0, 0, 1, 0, 0, 0 ], 
          [ 0, 0, 4, 0, 0, 0, 0, 1, 0, 0, 0, 0, -1, 1, 0, -1, 0, 0, 0 ], 
          [ 0, 0, 0, 4, 1, 1, 0, 0, 0, 0, 0, 0, 0, 0, 0, 0, 1, 0, 0 ], 
          [ 0, 1, 0, 1, 4, -1, 1, 0, 0, 0, 0, 0, 0, 0, 0, 0, 1, 0, 0 ], 
          [ 0, 0, 0, 1, -1, 4, 1, 0, 0, -1, 0, 0, 0, 0, 0, 0, 0, 0, 0 ], 
          [ 0, 0, 0, 0, 1, 1, 4, 0, 0, 0, -1, 0, 0, 0, -1, 0, 0, 0, 0 ], 
          [ 0, 0, 1, 0, 0, 0, 0, 4, 0, -1, 0, 0, 0, 1, 0, 0, 0, 1, 0 ], 
          [ 0, 0, 0, 0, 0, 0, 0, 0, 4, 0, 0, 0, 1, 0, 0, 0, 0, 0, 1 ], 
          [ 0, 0, 0, 0, 0, -1, 0, -1, 0, 4, 0, 0, 0, 0, 0, 0, 0, -1, 0 ], 
          [ 0, 0, 0, 0, 0, 0, -1, 0, 0, 0, 4, 0, 1, 0, 0, 0, 0, 0, 0 ], 
          [ 0, 0, 0, 0, 0, 0, 0, 0, 0, 0, 0, 4, 0, -1, 1, 0, 0, 0, 0 ], 
          [ 0, 0, -1, 0, 0, 0, 0, 0, 1, 0, 1, 0, 4, 0, 0, 0, 0, 0, 0 ], 
          [ 0, 0, 1, 0, 0, 0, 0, 1, 0, 0, 0, -1, 0, 4, 0, 0, 0, 0, 0 ], 
          [ 0, 0, 0, 0, 0, 0, -1, 0, 0, 0, 0, 1, 0, 0, 4, 0, 0, 0, 0 ], 
          [ -1, 1, -1, 0, 0, 0, 0, 0, 0, 0, 0, 0, 0, 0, 0, 4, 0, -1, -1 ], 
          [ 0, 0, 0, 1, 1, 0, 0, 0, 0, 0, 0, 0, 0, 0, 0, 0, 4, 0, 0 ], 
          [ 0, 0, 0, 0, 0, 0, 0, 1, 0, -1, 0, 0, 0, 0, 0, -1, 0, 4, 0 ], 
          [ 0, 0, 0, 0, 0, 0, 0, 0, 1, 0, 0, 0, 0, 0, 0, -1, 0, 0, 4 ] ] ], 
  [ [ [ 2, 0, 0, 0, 0, 0, 0, 0, 0, 0, 0, 0, 0, 0, 0, 0, 0, 0, 0, 0 ], 
          [ 0, -4, 0, 0, 0, 0, 0, 0, 0, 0, 0, 0, 0, 0, 0, 0, 1, 0, 0, 0 ], 
          [ 0, 0, -4, 0, 0, -1, 0, 0, 0, 0, 0, 0, 0, 0, 0, 0, -1, 0, 0, 0 ], 
          [ 0, 0, 0, -4, 0, 0, 0, 0, -1, 0, 0, 0, 0, 0, -1, 0, 1, 0, 0, 0 ], 
          [ 0, 0, 0, 0, -4, -1, -1, 0, 0, 0, 0, 0, 0, 0, 0, 0, 0, -1, 0, 0 ], 
          [ 0, 0, -1, 0, -1, -4, 1, -1, 0, 0, 0, 0, 0, 0, 0, 0, 0, -1, 0, 0 ], 
          [ 0, 0, 0, 0, -1, 1, -4, -1, 0, 0, 1, 0, 0, 0, 0, 0, 0, 0, 0, 0 ], 
          [ 0, 0, 0, 0, 0, -1, -1, -4, 0, 0, 0, 1, 0, 0, 0, 1, 0, 0, 0, 0 ], 
          [ 0, 0, 0, -1, 0, 0, 0, 0, -4, 0, 1, 0, 0, 0, 0, 0, 0, 0, -1, 0 ], 
          [ 0, 0, 0, 0, 0, 0, 0, 0, 0, -4, 0, 0, 0, -1, 0, 0, 0, 0, 0, -1 ], 
          [ 0, 0, 0, 0, 0, 0, 1, 0, 1, 0, -4, 0, 0, 0, 0, 0, 0, 0, 1, 0 ], 
          [ 0, 0, 0, 0, 0, 0, 0, 1, 0, 0, 0, -4, 0, -1, 0, 0, 0, 0, 0, 0 ], 
          [ 0, 0, 0, 0, 0, 0, 0, 0, 0, 0, 0, 0, -4, 0, 1, -1, 0, 0, 0, 0 ], 
          [ 0, 0, 0, 0, 0, 0, 0, 0, 0, -1, 0, -1, 0, -4, 0, 0, 0, 0, 0, 0 ], 
          [ 0, 0, 0, -1, 0, 0, 0, 0, 0, 0, 0, 0, 1, 0, -4, 0, 0, 0, 0, 0 ], 
          [ 0, 0, 0, 0, 0, 0, 0, 1, 0, 0, 0, 0, -1, 0, 0, -4, 0, 0, 0, 0 ], 
          [ 0, 1, -1, 1, 0, 0, 0, 0, 0, 0, 0, 0, 0, 0, 0, 0, -4, 0, 1, 1 ], 
          [ 0, 0, 0, 0, -1, -1, 0, 0, 0, 0, 0, 0, 0, 0, 0, 0, 0, -4, 0, 0 ], 
          [ 0, 0, 0, 0, 0, 0, 0, 0, -1, 0, 1, 0, 0, 0, 0, 0, 1, 0, -4, 0 ], 
          [ 0, 0, 0, 0, 0, 0, 0, 0, 0, -1, 0, 0, 0, 0, 0, 0, 1, 0, 0, -4 ] ], 
      [ 1, 0, 0, 0, 0, 0, 0, 0, 0, 0, 0, 0, 0, 0, 0, 0, 0, 0, 0, 0 ], rec(
          nopss := [ 0, 19 ],
          scons := 
           [ [ [ 1, -1, 0, 0, 0, 0, 0, 0, 0, 0, 0, 0, 0, 0, 0, 0, 0, 0, 0, 0 ], 
                  [ 1, 1, 0, 0, 0, 0, 0, 0, 0, 0, 0, 0, 0, 0, 0, 0, 0, 0, 0, 0 ] ], 
              [ [ 1, 0, 0, 0, 0, 0, 0, 0, 0, 0, 0, 0, 0, 0, 0, 0, 0, -1, 0, 0 ], 
                  [ 1, 0, 0, 0, 0, 0, 0, 0, 0, 0, 0, 0, 0, 0, 0, 0, 0, 1, 0, 0 ] ], 
              [ [ 1, 0, 0, 0, 0, 0, 0, 0, 0, -1, 0, 0, 0, 0, 0, 0, 0, 0, 0, 0 ], 
                  [ 1, 0, 0, 0, 0, 0, 0, 0, 0, 1, 0, 0, 0, 0, 0, 0, 0, 0, 0, 0 ] ], 
              [ [ 1, 0, 0, 0, 0, 0, 0, 0, 0, 0, 0, 0, 0, -1, 0, 0, 0, 0, 0, 0 ], 
                  [ 1, 0, 0, 0, 0, 0, 0, 0, 0, 0, 0, 0, 0, 1, 0, 0, 0, 0, 0, 0 ] ], 
              [ [ 1, 0, 0, 0, 0, 0, 0, 0, 0, 0, 0, 0, -1, 0, 0, 0, 0, 0, 0, 0 ], 
                  [ 1, 0, 0, 0, 0, 0, 0, 0, 0, 0, 0, 0, 1, 0, 0, 0, 0, 0, 0, 0 ] ], 
              [ [ 1, 0, 0, 0, 0, 0, 0, 0, 0, 0, 0, 0, 0, 0, -1, 0, 0, 0, 0, 0 ], 
                  [ 1, 0, 0, 0, 0, 0, 0, 0, 0, 0, 0, 0, 0, 0, 1, 0, 0, 0, 0, 0 ] ], 
              [ [ 1, 0, 0, 0, 0, 0, 0, 0, 0, 0, 0, 0, 0, 0, 0, 0, 0, 0, 0, -1 ], 
                  [ 1, 0, 0, 0, 0, 0, 0, 0, 0, 0, 0, 0, 0, 0, 0, 0, 0, 0, 0, 1 ] ], 
              [ [ 1, 0, 0, 0, 0, 0, 0, 0, 0, 0, 0, 0, 0, 0, 0, -1, 0, 0, 0, 0 ], 
                  [ 1, 0, 0, 0, 0, 0, 0, 0, 0, 0, 0, 0, 0, 0, 0, 1, 0, 0, 0, 0 ] ], 
              [ [ 1, 0, 0, 0, 0, 0, 0, 0, 0, 0, 0, -1, 0, 0, 0, 0, 0, 0, 0, 0 ], 
                  [ 1, 0, 0, 0, 0, 0, 0, 0, 0, 0, 0, 1, 0, 0, 0, 0, 0, 0, 0, 0 ] ], 
              [ [ 1, 0, -1, 0, 0, 0, 0, 0, 0, 0, 0, 0, 0, 0, 0, 0, 0, 0, 0, 0 ], 
                  [ 1, 0, 1, 0, 0, 0, 0, 0, 0, 0, 0, 0, 0, 0, 0, 0, 0, 0, 0, 0 ] ], 
              [ [ 1, 0, 0, 0, 0, 0, 0, 0, -1, 0, 0, 0, 0, 0, 0, 0, 0, 0, 0, 0 ], 
                  [ 1, 0, 0, 0, 0, 0, 0, 0, 1, 0, 0, 0, 0, 0, 0, 0, 0, 0, 0, 0 ] ], 
              [ [ 1, 0, 0, 0, 0, 0, 0, 0, 0, 0, -1, 0, 0, 0, 0, 0, 0, 0, 0, 0 ], 
                  [ 1, 0, 0, 0, 0, 0, 0, 0, 0, 0, 1, 0, 0, 0, 0, 0, 0, 0, 0, 0 ] ], 
              [ [ 1, 0, 0, 0, 0, 0, 0, 0, 0, 0, 0, 0, 0, 0, 0, 0, 0, 0, -1, 0 ], 
                  [ 1, 0, 0, 0, 0, 0, 0, 0, 0, 0, 0, 0, 0, 0, 0, 0, 0, 0, 1, 0 ] ], 
              [ [ 1, 0, 0, -1, 0, 0, 0, 0, 0, 0, 0, 0, 0, 0, 0, 0, 0, 0, 0, 0 ], 
                  [ 1, 0, 0, 1, 0, 0, 0, 0, 0, 0, 0, 0, 0, 0, 0, 0, 0, 0, 0, 0 ] ], 
              [ [ 1, 0, 0, 0, -1, 0, 0, 0, 0, 0, 0, 0, 0, 0, 0, 0, 0, 0, 0, 0 ], 
                  [ 1, 0, 0, 0, 1, 0, 0, 0, 0, 0, 0, 0, 0, 0, 0, 0, 0, 0, 0, 0 ] ], 
              [ [ 1, 0, 0, 0, 0, 0, 0, 0, 0, 0, 0, 0, 0, 0, 0, 0, -1, 0, 0, 0 ], 
                  [ 1, 0, 0, 0, 0, 0, 0, 0, 0, 0, 0, 0, 0, 0, 0, 0, 1, 0, 0, 0 ] ], 
              [ [ 1, 0, 0, 0, 0, 0, 0, -1, 0, 0, 0, 0, 0, 0, 0, 0, 0, 0, 0, 0 ], 
                  [ 1, 0, 0, 0, 0, 0, 0, 1, 0, 0, 0, 0, 0, 0, 0, 0, 0, 0, 0, 0 ] ], 
              [ [ 1, 0, 0, 0, 0, 0, -1, 0, 0, 0, 0, 0, 0, 0, 0, 0, 0, 0, 0, 0 ], 
                  [ 1, 0, 0, 0, 0, 0, 1, 0, 0, 0, 0, 0, 0, 0, 0, 0, 0, 0, 0, 0 ] ], 
              [ [ 1, 0, 0, 0, 0, -1, 0, 0, 0, 0, 0, 0, 0, 0, 0, 0, 0, 0, 0, 0 ], 
                  [ 1, 0, 0, 0, 0, 1, 0, 0, 0, 0, 0, 0, 0, 0, 0, 0, 0, 0, 0, 0 ] ] ],
          slins := [  ] ), 
      [ [ 4, 0, 0, 0, 0, 0, 0, 0, 0, 0, 0, 0, 0, 0, 0, -1, 0, 0, 0 ], 
          [ 0, 4, 0, 0, 1, 0, 0, 0, 0, 0, 0, 0, 0, 0, 0, 1, 0, 0, 0 ], 
          [ 0, 0, 4, 0, 0, 0, 0, 1, 0, 0, 0, 0, -1, 1, 0, -1, 0, 0, 0 ], 
          [ 0, 0, 0, 4, 1, 1, 0, 0, 0, 0, 0, 0, 0, 0, 0, 0, 1, 0, 0 ], 
          [ 0, 1, 0, 1, 4, -1, 1, 0, 0, 0, 0, 0, 0, 0, 0, 0, 1, 0, 0 ], 
          [ 0, 0, 0, 1, -1, 4, 1, 0, 0, -1, 0, 0, 0, 0, 0, 0, 0, 0, 0 ], 
          [ 0, 0, 0, 0, 1, 1, 4, 0, 0, 0, -1, 0, 0, 0, -1, 0, 0, 0, 0 ], 
          [ 0, 0, 1, 0, 0, 0, 0, 4, 0, -1, 0, 0, 0, 1, 0, 0, 0, 1, 0 ], 
          [ 0, 0, 0, 0, 0, 0, 0, 0, 4, 0, 0, 0, 1, 0, 0, 0, 0, 0, 1 ], 
          [ 0, 0, 0, 0, 0, -1, 0, -1, 0, 4, 0, 0, 0, 0, 0, 0, 0, -1, 0 ], 
          [ 0, 0, 0, 0, 0, 0, -1, 0, 0, 0, 4, 0, 1, 0, 0, 0, 0, 0, 0 ], 
          [ 0, 0, 0, 0, 0, 0, 0, 0, 0, 0, 0, 4, 0, -1, 1, 0, 0, 0, 0 ], 
          [ 0, 0, -1, 0, 0, 0, 0, 0, 1, 0, 1, 0, 4, 0, 0, 0, 0, 0, 0 ], 
          [ 0, 0, 1, 0, 0, 0, 0, 1, 0, 0, 0, -1, 0, 4, 0, 0, 0, 0, 0 ], 
          [ 0, 0, 0, 0, 0, 0, -1, 0, 0, 0, 0, 1, 0, 0, 4, 0, 0, 0, 0 ], 
          [ -1, 1, -1, 0, 0, 0, 0, 0, 0, 0, 0, 0, 0, 0, 0, 4, 0, -1, -1 ], 
          [ 0, 0, 0, 1, 1, 0, 0, 0, 0, 0, 0, 0, 0, 0, 0, 0, 4, 0, 0 ], 
          [ 0, 0, 0, 0, 0, 0, 0, 1, 0, -1, 0, 0, 0, 0, 0, -1, 0, 4, 0 ], 
          [ 0, 0, 0, 0, 0, 0, 0, 0, 1, 0, 0, 0, 0, 0, 0, -1, 0, 0, 4 ] ] ], 
  [ [ [ 2, 0, 0, 0, 0, 0, 0, 0, 0, 0, 0, 0, 0, 0, 0, 0, 0, 0, 0, 0 ], 
          [ 0, -4, 0, 0, 0, 0, 0, 0, 0, 0, 0, 0, 0, 0, 0, 0, 1, 0, 0, 0 ], 
          [ 0, 0, -4, 0, 0, -1, 0, 0, 0, 0, 0, 0, 0, 0, 0, 0, -1, 0, 0, 0 ], 
          [ 0, 0, 0, -4, 0, 0, 0, 0, -1, 0, 0, 0, 0, 0, -1, 0, 1, 0, 0, 0 ], 
          [ 0, 0, 0, 0, -4, -1, -1, 0, 0, 0, 0, 0, 0, 0, 0, 0, 0, -1, 0, 0 ], 
          [ 0, 0, -1, 0, -1, -4, 1, -1, 0, 0, 0, 0, 0, 0, 0, 0, 0, -1, 0, 0 ], 
          [ 0, 0, 0, 0, -1, 1, -4, -1, 0, 0, 1, 0, 0, 0, 0, 0, 0, 0, 0, 0 ], 
          [ 0, 0, 0, 0, 0, -1, -1, -4, 0, 0, 0, 1, 0, 0, 0, 1, 0, 0, 0, 0 ], 
          [ 0, 0, 0, -1, 0, 0, 0, 0, -4, 0, 1, 0, 0, 0, -1, 0, 0, 0, -1, 0 ], 
          [ 0, 0, 0, 0, 0, 0, 0, 0, 0, -4, 0, 0, 0, -1, 0, 0, 0, 0, 0, -1 ], 
          [ 0, 0, 0, 0, 0, 0, 1, 0, 1, 0, -4, 0, 0, 0, 0, 0, 0, 0, 1, 0 ], 
          [ 0, 0, 0, 0, 0, 0, 0, 1, 0, 0, 0, -4, 0, -1, 0, 0, 0, 0, 0, 0 ], 
          [ 0, 0, 0, 0, 0, 0, 0, 0, 0, 0, 0, 0, -4, 0, 1, -1, 0, 0, 0, 0 ], 
          [ 0, 0, 0, 0, 0, 0, 0, 0, 0, -1, 0, -1, 0, -4, 0, 0, 0, 0, 0, 0 ], 
          [ 0, 0, 0, -1, 0, 0, 0, 0, -1, 0, 0, 0, 1, 0, -4, 0, 0, 0, 0, 0 ], 
          [ 0, 0, 0, 0, 0, 0, 0, 1, 0, 0, 0, 0, -1, 0, 0, -4, 0, 0, 0, 0 ], 
          [ 0, 1, -1, 1, 0, 0, 0, 0, 0, 0, 0, 0, 0, 0, 0, 0, -4, 0, 1, 1 ], 
          [ 0, 0, 0, 0, -1, -1, 0, 0, 0, 0, 0, 0, 0, 0, 0, 0, 0, -4, 0, 0 ], 
          [ 0, 0, 0, 0, 0, 0, 0, 0, -1, 0, 1, 0, 0, 0, 0, 0, 1, 0, -4, 0 ], 
          [ 0, 0, 0, 0, 0, 0, 0, 0, 0, -1, 0, 0, 0, 0, 0, 0, 1, 0, 0, -4 ] ], 
      [ 1, 0, 0, 0, 0, 0, 0, 0, 0, 0, 0, 0, 0, 0, 0, 0, 0, 0, 0, 0 ], rec(
          nopss := [ 0, 19 ],
          scons := 
           [ [ [ 1, -1, 0, 0, 0, 0, 0, 0, 0, 0, 0, 0, 0, 0, 0, 0, 0, 0, 0, 0 ], 
                  [ 1, 1, 0, 0, 0, 0, 0, 0, 0, 0, 0, 0, 0, 0, 0, 0, 0, 0, 0, 0 ] ], 
              [ [ 1, 0, 0, 0, 0, 0, 0, 0, 0, 0, 0, 0, 0, 0, 0, 0, 0, -1, 0, 0 ], 
                  [ 1, 0, 0, 0, 0, 0, 0, 0, 0, 0, 0, 0, 0, 0, 0, 0, 0, 1, 0, 0 ] ], 
              [ [ 1, 0, 0, 0, 0, 0, 0, 0, 0, -1, 0, 0, 0, 0, 0, 0, 0, 0, 0, 0 ], 
                  [ 1, 0, 0, 0, 0, 0, 0, 0, 0, 1, 0, 0, 0, 0, 0, 0, 0, 0, 0, 0 ] ], 
              [ [ 1, 0, 0, 0, 0, 0, 0, 0, 0, 0, 0, 0, 0, -1, 0, 0, 0, 0, 0, 0 ], 
                  [ 1, 0, 0, 0, 0, 0, 0, 0, 0, 0, 0, 0, 0, 1, 0, 0, 0, 0, 0, 0 ] ], 
              [ [ 1, 0, 0, 0, 0, 0, 0, 0, 0, 0, 0, 0, -1, 0, 0, 0, 0, 0, 0, 0 ], 
                  [ 1, 0, 0, 0, 0, 0, 0, 0, 0, 0, 0, 0, 1, 0, 0, 0, 0, 0, 0, 0 ] ], 
              [ [ 1, 0, 0, 0, 0, 0, 0, 0, 0, 0, 0, 0, 0, 0, 0, 0, 0, 0, 0, -1 ], 
                  [ 1, 0, 0, 0, 0, 0, 0, 0, 0, 0, 0, 0, 0, 0, 0, 0, 0, 0, 0, 1 ] ], 
              [ [ 1, 0, 0, 0, 0, 0, 0, 0, 0, 0, 0, 0, 0, 0, 0, -1, 0, 0, 0, 0 ], 
                  [ 1, 0, 0, 0, 0, 0, 0, 0, 0, 0, 0, 0, 0, 0, 0, 1, 0, 0, 0, 0 ] ], 
              [ [ 1, 0, 0, 0, 0, 0, 0, 0, 0, 0, 0, -1, 0, 0, 0, 0, 0, 0, 0, 0 ], 
                  [ 1, 0, 0, 0, 0, 0, 0, 0, 0, 0, 0, 1, 0, 0, 0, 0, 0, 0, 0, 0 ] ], 
              [ [ 1, 0, 0, 0, 0, 0, 0, 0, 0, 0, 0, 0, 0, 0, -1, 0, 0, 0, 0, 0 ], 
                  [ 1, 0, 0, 0, 0, 0, 0, 0, 0, 0, 0, 0, 0, 0, 1, 0, 0, 0, 0, 0 ] ], 
              [ [ 1, 0, -1, 0, 0, 0, 0, 0, 0, 0, 0, 0, 0, 0, 0, 0, 0, 0, 0, 0 ], 
                  [ 1, 0, 1, 0, 0, 0, 0, 0, 0, 0, 0, 0, 0, 0, 0, 0, 0, 0, 0, 0 ] ], 
              [ [ 1, 0, 0, 0, 0, 0, 0, 0, 0, 0, -1, 0, 0, 0, 0, 0, 0, 0, 0, 0 ], 
                  [ 1, 0, 0, 0, 0, 0, 0, 0, 0, 0, 1, 0, 0, 0, 0, 0, 0, 0, 0, 0 ] ], 
              [ [ 1, 0, 0, -1, 0, 0, 0, 0, 0, 0, 0, 0, 0, 0, 0, 0, 0, 0, 0, 0 ], 
                  [ 1, 0, 0, 1, 0, 0, 0, 0, 0, 0, 0, 0, 0, 0, 0, 0, 0, 0, 0, 0 ] ], 
              [ [ 1, 0, 0, 0, 0, 0, 0, 0, 0, 0, 0, 0, 0, 0, 0, 0, 0, 0, -1, 0 ], 
                  [ 1, 0, 0, 0, 0, 0, 0, 0, 0, 0, 0, 0, 0, 0, 0, 0, 0, 0, 1, 0 ] ], 
              [ [ 1, 0, 0, 0, 0, 0, 0, 0, -1, 0, 0, 0, 0, 0, 0, 0, 0, 0, 0, 0 ], 
                  [ 1, 0, 0, 0, 0, 0, 0, 0, 1, 0, 0, 0, 0, 0, 0, 0, 0, 0, 0, 0 ] ], 
              [ [ 1, 0, 0, 0, -1, 0, 0, 0, 0, 0, 0, 0, 0, 0, 0, 0, 0, 0, 0, 0 ], 
                  [ 1, 0, 0, 0, 1, 0, 0, 0, 0, 0, 0, 0, 0, 0, 0, 0, 0, 0, 0, 0 ] ], 
              [ [ 1, 0, 0, 0, 0, 0, 0, 0, 0, 0, 0, 0, 0, 0, 0, 0, -1, 0, 0, 0 ], 
                  [ 1, 0, 0, 0, 0, 0, 0, 0, 0, 0, 0, 0, 0, 0, 0, 0, 1, 0, 0, 0 ] ], 
              [ [ 1, 0, 0, 0, 0, 0, 0, -1, 0, 0, 0, 0, 0, 0, 0, 0, 0, 0, 0, 0 ], 
                  [ 1, 0, 0, 0, 0, 0, 0, 1, 0, 0, 0, 0, 0, 0, 0, 0, 0, 0, 0, 0 ] ], 
              [ [ 1, 0, 0, 0, 0, 0, -1, 0, 0, 0, 0, 0, 0, 0, 0, 0, 0, 0, 0, 0 ], 
                  [ 1, 0, 0, 0, 0, 0, 1, 0, 0, 0, 0, 0, 0, 0, 0, 0, 0, 0, 0, 0 ] ], 
              [ [ 1, 0, 0, 0, 0, -1, 0, 0, 0, 0, 0, 0, 0, 0, 0, 0, 0, 0, 0, 0 ], 
                  [ 1, 0, 0, 0, 0, 1, 0, 0, 0, 0, 0, 0, 0, 0, 0, 0, 0, 0, 0, 0 ] ] ],
          slins := [  ] ), 
      [ [ 4, 0, 0, 0, 0, 0, 0, 0, 0, 0, 0, 0, 0, 0, 0, -1, 0, 0, 0 ], 
          [ 0, 4, 0, 0, 1, 0, 0, 0, 0, 0, 0, 0, 0, 0, 0, 1, 0, 0, 0 ], 
          [ 0, 0, 4, 0, 0, 0, 0, 1, 0, 0, 0, 0, -1, 1, 0, -1, 0, 0, 0 ], 
          [ 0, 0, 0, 4, 1, 1, 0, 0, 0, 0, 0, 0, 0, 0, 0, 0, 1, 0, 0 ], 
          [ 0, 1, 0, 1, 4, -1, 1, 0, 0, 0, 0, 0, 0, 0, 0, 0, 1, 0, 0 ], 
          [ 0, 0, 0, 1, -1, 4, 1, 0, 0, -1, 0, 0, 0, 0, 0, 0, 0, 0, 0 ], 
          [ 0, 0, 0, 0, 1, 1, 4, 0, 0, 0, -1, 0, 0, 0, -1, 0, 0, 0, 0 ], 
          [ 0, 0, 1, 0, 0, 0, 0, 4, 0, -1, 0, 0, 0, 1, 0, 0, 0, 1, 0 ], 
          [ 0, 0, 0, 0, 0, 0, 0, 0, 4, 0, 0, 0, 1, 0, 0, 0, 0, 0, 1 ], 
          [ 0, 0, 0, 0, 0, -1, 0, -1, 0, 4, 0, 0, 0, 0, 0, 0, 0, -1, 0 ], 
          [ 0, 0, 0, 0, 0, 0, -1, 0, 0, 0, 4, 0, 1, 0, 0, 0, 0, 0, 0 ], 
          [ 0, 0, 0, 0, 0, 0, 0, 0, 0, 0, 0, 4, 0, -1, 1, 0, 0, 0, 0 ], 
          [ 0, 0, -1, 0, 0, 0, 0, 0, 1, 0, 1, 0, 4, 0, 0, 0, 0, 0, 0 ], 
          [ 0, 0, 1, 0, 0, 0, 0, 1, 0, 0, 0, -1, 0, 4, 0, 0, 0, 0, 0 ], 
          [ 0, 0, 0, 0, 0, 0, -1, 0, 0, 0, 0, 1, 0, 0, 4, 0, 0, 0, 0 ], 
          [ -1, 1, -1, 0, 0, 0, 0, 0, 0, 0, 0, 0, 0, 0, 0, 4, 0, -1, -1 ], 
          [ 0, 0, 0, 1, 1, 0, 0, 0, 0, 0, 0, 0, 0, 0, 0, 0, 4, 0, 0 ], 
          [ 0, 0, 0, 0, 0, 0, 0, 1, 0, -1, 0, 0, 0, 0, 0, -1, 0, 4, 0 ], 
          [ 0, 0, 0, 0, 0, 0, 0, 0, 1, 0, 0, 0, 0, 0, 0, -1, 0, 0, 4 ] ] ], 
  [ [ [ 2, 0, 0, 0, 0, 0, 0, 0, 0, 0, 0, 0, 0, 0, 0, 0, 0, 0, 0, 0 ], 
          [ 0, -4, 0, 0, 0, 0, 0, 0, 0, 0, 0, 0, 0, 0, 0, 0, 1, 0, 0, 0 ], 
          [ 0, 0, -4, 0, 0, -1, 0, 0, 0, 0, 0, 0, 0, 0, 0, 0, -1, 0, 0, 0 ], 
          [ 0, 0, 0, -4, 0, 0, 0, 0, -1, 0, 0, 0, 0, 1, -1, 0, 1, 0, 0, 0 ], 
          [ 0, 0, 0, 0, -4, -1, -1, 0, 0, 0, 0, 0, 0, 0, 0, 0, 0, -1, 0, 0 ], 
          [ 0, 0, -1, 0, -1, -4, 1, -1, 0, 0, 0, 0, 0, 0, 0, 0, 0, -1, 0, 0 ], 
          [ 0, 0, 0, 0, -1, 1, -4, -1, 0, 0, 1, 0, 0, 0, 0, 0, 0, 0, 0, 0 ], 
          [ 0, 0, 0, 0, 0, -1, -1, -4, 0, 0, 0, 1, 0, 0, 0, 1, 0, 0, 0, 0 ], 
          [ 0, 0, 0, -1, 0, 0, 0, 0, -4, 0, 1, 0, 0, 0, -1, 0, 0, 0, -1, 0 ], 
          [ 0, 0, 0, 0, 0, 0, 0, 0, 0, -4, 0, 0, 0, -1, 0, 0, 0, 0, 0, -1 ], 
          [ 0, 0, 0, 0, 0, 0, 1, 0, 1, 0, -4, 0, 0, 0, 0, 0, 0, 0, 1, 0 ], 
          [ 0, 0, 0, 0, 0, 0, 0, 1, 0, 0, 0, -4, 0, -1, 0, 0, 0, 0, 0, 0 ], 
          [ 0, 0, 0, 0, 0, 0, 0, 0, 0, 0, 0, 0, -4, 0, 1, -1, 0, 0, 0, 0 ], 
          [ 0, 0, 0, 1, 0, 0, 0, 0, 0, -1, 0, -1, 0, -4, 0, 0, 0, 0, 0, 0 ], 
          [ 0, 0, 0, -1, 0, 0, 0, 0, -1, 0, 0, 0, 1, 0, -4, 0, 0, 0, 0, 0 ], 
          [ 0, 0, 0, 0, 0, 0, 0, 1, 0, 0, 0, 0, -1, 0, 0, -4, 0, 0, 0, 0 ], 
          [ 0, 1, -1, 1, 0, 0, 0, 0, 0, 0, 0, 0, 0, 0, 0, 0, -4, 0, 1, 1 ], 
          [ 0, 0, 0, 0, -1, -1, 0, 0, 0, 0, 0, 0, 0, 0, 0, 0, 0, -4, 0, 0 ], 
          [ 0, 0, 0, 0, 0, 0, 0, 0, -1, 0, 1, 0, 0, 0, 0, 0, 1, 0, -4, 0 ], 
          [ 0, 0, 0, 0, 0, 0, 0, 0, 0, -1, 0, 0, 0, 0, 0, 0, 1, 0, 0, -4 ] ], 
      [ 1, 0, 0, 0, 0, 0, 0, 0, 0, 0, 0, 0, 0, 0, 0, 0, 0, 0, 0, 0 ], rec(
          nopss := [ 0, 19 ],
          scons := 
           [ [ [ 1, -1, 0, 0, 0, 0, 0, 0, 0, 0, 0, 0, 0, 0, 0, 0, 0, 0, 0, 0 ], 
                  [ 1, 1, 0, 0, 0, 0, 0, 0, 0, 0, 0, 0, 0, 0, 0, 0, 0, 0, 0, 0 ] ], 
              [ [ 1, 0, 0, 0, 0, 0, 0, 0, 0, 0, 0, 0, 0, 0, 0, 0, 0, -1, 0, 0 ], 
                  [ 1, 0, 0, 0, 0, 0, 0, 0, 0, 0, 0, 0, 0, 0, 0, 0, 0, 1, 0, 0 ] ], 
              [ [ 1, 0, 0, 0, 0, 0, 0, 0, 0, 0, 0, 0, -1, 0, 0, 0, 0, 0, 0, 0 ], 
                  [ 1, 0, 0, 0, 0, 0, 0, 0, 0, 0, 0, 0, 1, 0, 0, 0, 0, 0, 0, 0 ] ], 
              [ [ 1, 0, 0, 0, 0, 0, 0, 0, 0, -1, 0, 0, 0, 0, 0, 0, 0, 0, 0, 0 ], 
                  [ 1, 0, 0, 0, 0, 0, 0, 0, 0, 1, 0, 0, 0, 0, 0, 0, 0, 0, 0, 0 ] ], 
              [ [ 1, 0, 0, 0, 0, 0, 0, 0, 0, 0, 0, 0, 0, 0, 0, -1, 0, 0, 0, 0 ], 
                  [ 1, 0, 0, 0, 0, 0, 0, 0, 0, 0, 0, 0, 0, 0, 0, 1, 0, 0, 0, 0 ] ], 
              [ [ 1, 0, 0, 0, 0, 0, 0, 0, 0, 0, 0, 0, 0, 0, 0, 0, 0, 0, 0, -1 ], 
                  [ 1, 0, 0, 0, 0, 0, 0, 0, 0, 0, 0, 0, 0, 0, 0, 0, 0, 0, 0, 1 ] ], 
              [ [ 1, 0, 0, 0, 0, 0, 0, 0, 0, 0, 0, -1, 0, 0, 0, 0, 0, 0, 0, 0 ], 
                  [ 1, 0, 0, 0, 0, 0, 0, 0, 0, 0, 0, 1, 0, 0, 0, 0, 0, 0, 0, 0 ] ], 
              [ [ 1, 0, 0, 0, 0, 0, 0, 0, 0, 0, 0, 0, 0, 0, -1, 0, 0, 0, 0, 0 ], 
                  [ 1, 0, 0, 0, 0, 0, 0, 0, 0, 0, 0, 0, 0, 0, 1, 0, 0, 0, 0, 0 ] ], 
              [ [ 1, 0, -1, 0, 0, 0, 0, 0, 0, 0, 0, 0, 0, 0, 0, 0, 0, 0, 0, 0 ], 
                  [ 1, 0, 1, 0, 0, 0, 0, 0, 0, 0, 0, 0, 0, 0, 0, 0, 0, 0, 0, 0 ] ], 
              [ [ 1, 0, 0, 0, 0, 0, 0, 0, 0, 0, -1, 0, 0, 0, 0, 0, 0, 0, 0, 0 ], 
                  [ 1, 0, 0, 0, 0, 0, 0, 0, 0, 0, 1, 0, 0, 0, 0, 0, 0, 0, 0, 0 ] ], 
              [ [ 1, 0, 0, 0, 0, 0, 0, 0, 0, 0, 0, 0, 0, 0, 0, 0, 0, 0, -1, 0 ], 
                  [ 1, 0, 0, 0, 0, 0, 0, 0, 0, 0, 0, 0, 0, 0, 0, 0, 0, 0, 1, 0 ] ], 
              [ [ 1, 0, 0, 0, 0, 0, 0, 0, 0, 0, 0, 0, 0, -1, 0, 0, 0, 0, 0, 0 ], 
                  [ 1, 0, 0, 0, 0, 0, 0, 0, 0, 0, 0, 0, 0, 1, 0, 0, 0, 0, 0, 0 ] ], 
              [ [ 1, 0, 0, 0, 0, 0, 0, 0, -1, 0, 0, 0, 0, 0, 0, 0, 0, 0, 0, 0 ], 
                  [ 1, 0, 0, 0, 0, 0, 0, 0, 1, 0, 0, 0, 0, 0, 0, 0, 0, 0, 0, 0 ] ], 
              [ [ 1, 0, 0, 0, -1, 0, 0, 0, 0, 0, 0, 0, 0, 0, 0, 0, 0, 0, 0, 0 ], 
                  [ 1, 0, 0, 0, 1, 0, 0, 0, 0, 0, 0, 0, 0, 0, 0, 0, 0, 0, 0, 0 ] ], 
              [ [ 1, 0, 0, -1, 0, 0, 0, 0, 0, 0, 0, 0, 0, 0, 0, 0, 0, 0, 0, 0 ], 
                  [ 1, 0, 0, 1, 0, 0, 0, 0, 0, 0, 0, 0, 0, 0, 0, 0, 0, 0, 0, 0 ] ], 
              [ [ 1, 0, 0, 0, 0, 0, 0, 0, 0, 0, 0, 0, 0, 0, 0, 0, -1, 0, 0, 0 ], 
                  [ 1, 0, 0, 0, 0, 0, 0, 0, 0, 0, 0, 0, 0, 0, 0, 0, 1, 0, 0, 0 ] ], 
              [ [ 1, 0, 0, 0, 0, 0, 0, -1, 0, 0, 0, 0, 0, 0, 0, 0, 0, 0, 0, 0 ], 
                  [ 1, 0, 0, 0, 0, 0, 0, 1, 0, 0, 0, 0, 0, 0, 0, 0, 0, 0, 0, 0 ] ], 
              [ [ 1, 0, 0, 0, 0, 0, -1, 0, 0, 0, 0, 0, 0, 0, 0, 0, 0, 0, 0, 0 ], 
                  [ 1, 0, 0, 0, 0, 0, 1, 0, 0, 0, 0, 0, 0, 0, 0, 0, 0, 0, 0, 0 ] ], 
              [ [ 1, 0, 0, 0, 0, -1, 0, 0, 0, 0, 0, 0, 0, 0, 0, 0, 0, 0, 0, 0 ], 
                  [ 1, 0, 0, 0, 0, 1, 0, 0, 0, 0, 0, 0, 0, 0, 0, 0, 0, 0, 0, 0 ] ] ],
          slins := [  ] ), 
      [ [ 4, 0, 0, 0, 0, 0, 0, 0, 0, 0, 0, 0, 0, 0, 0, -1, 0, 0, 0 ], 
          [ 0, 4, 0, 0, 1, 0, 0, 0, 0, 0, 0, 0, 0, 0, 0, 1, 0, 0, 0 ], 
          [ 0, 0, 4, 0, 0, 0, 0, 1, 0, 0, 0, 0, -1, 1, 0, -1, 0, 0, 0 ], 
          [ 0, 0, 0, 4, 1, 1, 0, 0, 0, 0, 0, 0, 0, 0, 0, 0, 1, 0, 0 ], 
          [ 0, 1, 0, 1, 4, -1, 1, 0, 0, 0, 0, 0, 0, 0, 0, 0, 1, 0, 0 ], 
          [ 0, 0, 0, 1, -1, 4, 1, 0, 0, -1, 0, 0, 0, 0, 0, 0, 0, 0, 0 ], 
          [ 0, 0, 0, 0, 1, 1, 4, 0, 0, 0, -1, 0, 0, 0, -1, 0, 0, 0, 0 ], 
          [ 0, 0, 1, 0, 0, 0, 0, 4, 0, -1, 0, 0, 0, 1, 0, 0, 0, 1, 0 ], 
          [ 0, 0, 0, 0, 0, 0, 0, 0, 4, 0, 0, 0, 1, 0, 0, 0, 0, 0, 1 ], 
          [ 0, 0, 0, 0, 0, -1, 0, -1, 0, 4, 0, 0, 0, 0, 0, 0, 0, -1, 0 ], 
          [ 0, 0, 0, 0, 0, 0, -1, 0, 0, 0, 4, 0, 1, 0, 0, 0, 0, 0, 0 ], 
          [ 0, 0, 0, 0, 0, 0, 0, 0, 0, 0, 0, 4, 0, -1, 1, 0, 0, 0, 0 ], 
          [ 0, 0, -1, 0, 0, 0, 0, 0, 1, 0, 1, 0, 4, 0, 0, 0, 0, 0, 0 ], 
          [ 0, 0, 1, 0, 0, 0, 0, 1, 0, 0, 0, -1, 0, 4, 0, 0, 0, 0, 0 ], 
          [ 0, 0, 0, 0, 0, 0, -1, 0, 0, 0, 0, 1, 0, 0, 4, 0, 0, 0, 0 ], 
          [ -1, 1, -1, 0, 0, 0, 0, 0, 0, 0, 0, 0, 0, 0, 0, 4, 0, -1, -1 ], 
          [ 0, 0, 0, 1, 1, 0, 0, 0, 0, 0, 0, 0, 0, 0, 0, 0, 4, 0, 0 ], 
          [ 0, 0, 0, 0, 0, 0, 0, 1, 0, -1, 0, 0, 0, 0, 0, -1, 0, 4, 0 ], 
          [ 0, 0, 0, 0, 0, 0, 0, 0, 1, 0, 0, 0, 0, 0, 0, -1, 0, 0, 4 ] ] ] ];
