Sigma12rec:=rec(
  Gram := [ [ 71, 14, 35, 35, 35, -6, -6, -6, -6, -6, -6, -15 ], [ 14, 6, 5, 6, 6, 0, 0, 0, -1, -1, 0, -2 ], 
      [ 35, 5, 20, 17, 17, -3, -4, -4, -3, -3, -4, -8 ], [ 35, 6, 17, 20, 17, -4, -3, -3, -4, -3, -4, -8 ], 
      [ 35, 6, 17, 17, 20, -4, -4, -3, -3, -4, -3, -8 ], [ -6, 0, -3, -4, -4, 2, 1, 1, 1, 1, 1, 2 ], 
      [ -6, 0, -4, -3, -4, 1, 2, 1, 1, 1, 1, 2 ], [ -6, 0, -4, -3, -3, 1, 1, 2, 1, 1, 1, 2 ], [ -6, -1, -3, -4, -3, 1, 1, 1, 2, 1, 1, 2 ],
      [ -6, -1, -3, -3, -4, 1, 1, 1, 1, 2, 1, 2 ], [ -6, 0, -4, -4, -3, 1, 1, 1, 1, 1, 2, 2 ], 
      [ -15, -2, -8, -8, -8, 2, 2, 2, 2, 2, 2, 4 ] ],
  frame := [ [ [ -4, 2, 2, 2, 2, 2, 2, 0, 2, 2, 2, -7 ], [ 4, -2, -2, -2, -2, -2, -2, 0, -2, -2, -2, 7 ] ], 
      [ [ 0, -2, 0, 0, 0, 2, 2, 2, 0, 0, 2, -5 ], [ 0, 2, 0, 0, 0, -2, -2, -2, 0, 0, -2, 5 ] ], 
      [ [ 0, 0, -2, 0, 0, 2, 0, 0, 2, 2, 0, -7 ], [ 0, 0, 2, 0, 0, -2, 0, 0, -2, -2, 0, 7 ] ], 
      [ [ 0, 0, 0, -2, 0, 0, 2, 2, 0, 2, 0, -7 ], [ 0, 0, 0, 2, 0, 0, -2, -2, 0, -2, 0, 7 ] ], 
      [ [ 0, 0, 0, 0, -2, 0, 0, 2, 2, 0, 2, -7 ], [ 0, 0, 0, 0, 2, 0, 0, -2, -2, 0, -2, 7 ] ], 
      [ [ 0, 0, 0, 0, 0, -2, 0, 0, 0, 0, 0, 1 ], [ 0, 0, 0, 0, 0, 2, 0, 0, 0, 0, 0, -1 ] ], 
      [ [ 0, 0, 0, 0, 0, 0, -2, 0, 0, 0, 0, 1 ], [ 0, 0, 0, 0, 0, 0, 2, 0, 0, 0, 0, -1 ] ], 
      [ [ 0, 0, 0, 0, 0, 0, 0, -2, 0, 0, 0, 1 ], [ 0, 0, 0, 0, 0, 0, 0, 2, 0, 0, 0, -1 ] ], 
      [ [ 0, 0, 0, 0, 0, 0, 0, 0, -2, 0, 0, 1 ], [ 0, 0, 0, 0, 0, 0, 0, 0, 2, 0, 0, -1 ] ], 
      [ [ 0, 0, 0, 0, 0, 0, 0, 0, 0, -2, 0, 1 ], [ 0, 0, 0, 0, 0, 0, 0, 0, 0, 2, 0, -1 ] ], 
      [ [ 0, 0, 0, 0, 0, 0, 0, 0, 0, 0, -2, 1 ], [ 0, 0, 0, 0, 0, 0, 0, 0, 0, 0, 2, -1 ] ], 
      [ [ 0, 0, 0, 0, 0, 0, 0, 0, 0, 0, 0, -1 ], [ 0, 0, 0, 0, 0, 0, 0, 0, 0, 0, 0, 1 ] ] ],
  framebasis := [ [ -4, 2, 2, 2, 2, 2, 2, 0, 2, 2, 2, -7 ], [ 0, -2, 0, 0, 0, 2, 2, 2, 0, 0, 2, -5 ], 
      [ 0, 0, -2, 0, 0, 2, 0, 0, 2, 2, 0, -7 ], [ 0, 0, 0, -2, 0, 0, 2, 2, 0, 2, 0, -7 ], [ 0, 0, 0, 0, -2, 0, 0, 2, 2, 0, 2, -7 ], 
      [ 0, 0, 0, 0, 0, -2, 0, 0, 0, 0, 0, 1 ], [ 0, 0, 0, 0, 0, 0, -2, 0, 0, 0, 0, 1 ], [ 0, 0, 0, 0, 0, 0, 0, -2, 0, 0, 0, 1 ], 
      [ 0, 0, 0, 0, 0, 0, 0, 0, -2, 0, 0, 1 ], [ 0, 0, 0, 0, 0, 0, 0, 0, 0, -2, 0, 1 ], [ 0, 0, 0, 0, 0, 0, 0, 0, 0, 0, -2, 1 ], 
      [ 0, 0, 0, 0, 0, 0, 0, 0, 0, 0, 0, -1 ] ],
  framebasisinv := [ [ -1/4, -1/4, -1/4, -1/4, -1/4, -3/4, -3/4, -3/4, -3/4, -3/4, -3/4, 15/4 ], 
      [ 0, -1/2, 0, 0, 0, -1/2, -1/2, -1/2, 0, 0, -1/2, 1/2 ], [ 0, 0, -1/2, 0, 0, -1/2, 0, 0, -1/2, -1/2, 0, 2 ], 
      [ 0, 0, 0, -1/2, 0, 0, -1/2, -1/2, 0, -1/2, 0, 2 ], [ 0, 0, 0, 0, -1/2, 0, 0, -1/2, -1/2, 0, -1/2, 2 ], 
      [ 0, 0, 0, 0, 0, -1/2, 0, 0, 0, 0, 0, -1/2 ], [ 0, 0, 0, 0, 0, 0, -1/2, 0, 0, 0, 0, -1/2 ], 
      [ 0, 0, 0, 0, 0, 0, 0, -1/2, 0, 0, 0, -1/2 ], [ 0, 0, 0, 0, 0, 0, 0, 0, -1/2, 0, 0, -1/2 ], 
      [ 0, 0, 0, 0, 0, 0, 0, 0, 0, -1/2, 0, -1/2 ], [ 0, 0, 0, 0, 0, 0, 0, 0, 0, 0, -1/2, -1/2 ], [ 0, 0, 0, 0, 0, 0, 0, 0, 0, 0, 0, -1 ] 
     ],
  sframebasis := [ [ 4, -2, -2, -2, -2, -2, -2, 0, -2, -2, -2, 7 ], [ 0, -2, 0, 0, 0, 2, 2, 2, 0, 0, 2, -5 ], 
      [ 0, 0, -2, 0, 0, 2, 0, 0, 2, 2, 0, -7 ], [ 0, 0, 0, -2, 0, 0, 2, 2, 0, 2, 0, -7 ], [ 0, 0, 0, 0, -2, 0, 0, 2, 2, 0, 2, -7 ], 
      [ 0, 0, 0, 0, 0, -2, 0, 0, 0, 0, 0, 1 ], [ 0, 0, 0, 0, 0, 0, -2, 0, 0, 0, 0, 1 ], [ 0, 0, 0, 0, 0, 0, 0, -2, 0, 0, 0, 1 ], 
      [ 0, 0, 0, 0, 0, 0, 0, 0, -2, 0, 0, 1 ], [ 0, 0, 0, 0, 0, 0, 0, 0, 0, -2, 0, 1 ], [ 0, 0, 0, 0, 0, 0, 0, 0, 0, 0, -2, 1 ], 
      [ 0, 0, 0, 0, 0, 0, 0, 0, 0, 0, 0, -1 ] ] );
