randomPro20261001175753:=[ [ [ 0, 555 ], [ [ -2, 1, 3, 3, 3, 3, 3, 3, 1, 1, 3, 3, 1, 1, 1, 3, 3 ], [ 1, -2, 3, 3, 1, 1, 3, 3, 3, 3, 1, 1, 1, 1, 3, 1, 3 ], 
          [ 3, 3, -2, 3, 3, 3, 1, 3, 3, 1, 3, 1, 3, 1, 1, 3, 1 ], [ 3, 3, 3, -2, 1, 3, 1, 1, 3, 1, 1, 3, 1, 3, 3, 1, 1 ], 
          [ 3, 1, 3, 1, -2, 1, 3, 3, 1, 1, 1, 1, 1, 3, 3, 1, 1 ], [ 3, 1, 3, 3, 1, -2, 3, 3, 1, 3, 1, 1, 1, 3, 3, 1, 3 ], 
          [ 3, 3, 1, 1, 3, 3, -2, 1, 3, 1, 3, 3, 3, 3, 3, 3, 1 ], [ 3, 3, 3, 1, 3, 3, 1, -2, 3, 3, 3, 3, 3, 3, 3, 1, 1 ], 
          [ 1, 3, 3, 3, 1, 1, 3, 3, -2, 1, 3, 3, 1, 3, 1, 3, 3 ], [ 1, 3, 1, 1, 1, 3, 1, 3, 1, -2, 3, 3, 1, 3, 1, 3, 1 ], 
          [ 3, 1, 3, 1, 1, 1, 3, 3, 3, 3, -2, 1, 1, 3, 3, 1, 3 ], [ 3, 1, 1, 3, 1, 1, 3, 3, 3, 3, 1, -2, 3, 1, 3, 1, 1 ], 
          [ 1, 1, 3, 1, 1, 1, 3, 3, 1, 1, 1, 3, -2, 3, 3, 1, 3 ], [ 1, 1, 1, 3, 3, 3, 3, 3, 3, 3, 3, 1, 3, -2, 1, 3, 3 ], 
          [ 1, 3, 1, 3, 3, 3, 3, 3, 1, 1, 3, 3, 3, 1, -2, 3, 3 ], [ 3, 1, 3, 1, 1, 1, 3, 1, 3, 3, 1, 1, 1, 3, 3, -2, 1 ], 
          [ 3, 3, 1, 1, 1, 3, 1, 1, 3, 1, 3, 1, 3, 3, 3, 1, -2 ] ] ], 
  [ [ 0, 439 ], [ [ -2, 1, 3, 3, 3, 3, 3, 3, 1, 1, 1, 1, 1, 3, 1, 3, 3 ], [ 1, -2, 3, 3, 1, 1, 3, 3, 3, 3, 3, 1, 3, 1, 1, 3, 3 ], 
          [ 3, 3, -2, 3, 3, 3, 1, 3, 3, 1, 3, 3, 1, 3, 1, 1, 1 ], [ 3, 3, 3, -2, 1, 3, 1, 1, 3, 1, 1, 3, 3, 1, 3, 3, 1 ], 
          [ 3, 1, 3, 1, -2, 1, 3, 3, 1, 1, 3, 1, 3, 1, 3, 1, 1 ], [ 3, 1, 3, 3, 1, -2, 3, 3, 1, 3, 3, 1, 1, 1, 3, 1, 3 ], 
          [ 3, 3, 1, 1, 3, 3, -2, 1, 3, 1, 1, 3, 3, 1, 3, 3, 1 ], [ 3, 3, 3, 1, 3, 3, 1, -2, 3, 3, 1, 3, 3, 1, 3, 3, 1 ], 
          [ 1, 3, 3, 3, 1, 1, 3, 3, -2, 1, 1, 1, 1, 3, 3, 1, 3 ], [ 1, 3, 1, 1, 1, 3, 1, 3, 1, -2, 1, 1, 1, 3, 3, 1, 1 ], 
          [ 1, 3, 3, 1, 3, 3, 1, 1, 1, 1, -2, 1, 1, 3, 3, 3, 3 ], [ 1, 1, 3, 3, 1, 1, 3, 3, 1, 1, 1, -2, 1, 3, 3, 1, 3 ], 
          [ 1, 3, 1, 3, 3, 1, 3, 3, 1, 1, 1, 1, -2, 3, 3, 1, 3 ], [ 3, 1, 3, 1, 1, 1, 1, 1, 3, 3, 3, 3, 3, -2, 3, 3, 1 ], 
          [ 1, 1, 1, 3, 3, 3, 3, 3, 3, 3, 3, 3, 3, 3, -2, 3, 3 ], [ 3, 3, 1, 3, 1, 1, 3, 3, 1, 1, 3, 1, 1, 3, 3, -2, 1 ], 
          [ 3, 3, 1, 1, 1, 3, 1, 1, 3, 1, 3, 3, 3, 1, 3, 1, -2 ] ] ], [ [ 0, 411 ], [ [ -2, 1, 3, 3, 3, 3, 3, 3, 1, 1, 3, 1, 3, 1, 3, 1, 3 ], 
          [ 1, -2, 3, 3, 1, 1, 3, 3, 3, 3, 1, 1, 3, 1, 1, 3, 3 ], [ 3, 3, -2, 3, 3, 3, 1, 3, 3, 1, 1, 3, 1, 3, 3, 3, 3 ], 
          [ 3, 3, 3, -2, 1, 3, 1, 1, 3, 1, 1, 1, 1, 3, 1, 1, 1 ], [ 3, 1, 3, 1, -2, 1, 3, 3, 1, 1, 1, 1, 3, 3, 1, 1, 1 ], 
          [ 3, 1, 3, 3, 1, -2, 3, 3, 1, 3, 1, 1, 3, 1, 1, 3, 1 ], [ 3, 3, 1, 1, 3, 3, -2, 1, 3, 1, 1, 3, 1, 3, 3, 3, 1 ], 
          [ 3, 3, 3, 1, 3, 3, 1, -2, 3, 3, 3, 3, 1, 3, 1, 1, 1 ], [ 1, 3, 3, 3, 1, 1, 3, 3, -2, 1, 3, 1, 3, 1, 3, 1, 1 ], 
          [ 1, 3, 1, 1, 1, 3, 1, 3, 1, -2, 1, 1, 3, 3, 3, 1, 1 ], [ 3, 1, 1, 1, 1, 1, 1, 3, 3, 1, -2, 1, 1, 3, 1, 3, 1 ], 
          [ 1, 1, 3, 1, 1, 1, 3, 3, 1, 1, 1, -2, 3, 1, 1, 1, 1 ], [ 3, 3, 1, 1, 3, 3, 1, 1, 3, 3, 1, 3, -2, 3, 3, 3, 3 ], 
          [ 1, 1, 3, 3, 3, 1, 3, 3, 1, 3, 3, 1, 3, -2, 3, 3, 3 ], [ 3, 1, 3, 1, 1, 1, 3, 1, 3, 3, 1, 1, 3, 3, -2, 1, 1 ], 
          [ 1, 3, 3, 1, 1, 3, 3, 1, 1, 1, 3, 1, 3, 3, 1, -2, 1 ], [ 3, 3, 3, 1, 1, 1, 1, 1, 1, 1, 1, 1, 3, 3, 1, 1, -2 ] ] ], 
  [ [ 0, 297 ], [ [ -2, 1, 3, 3, 3, 3, 3, 3, 1, 1, 3, 1, 3, 1, 1, 3, 3 ], [ 1, -2, 3, 3, 1, 1, 3, 3, 3, 3, 1, 1, 3, 3, 3, 3, 1 ], 
          [ 3, 3, -2, 3, 3, 3, 1, 3, 3, 1, 1, 3, 1, 1, 1, 1, 1 ], [ 3, 3, 3, -2, 1, 3, 1, 1, 3, 1, 1, 1, 1, 3, 3, 1, 3 ], 
          [ 3, 1, 3, 1, -2, 1, 3, 3, 1, 1, 1, 1, 3, 3, 3, 1, 1 ], [ 3, 1, 3, 3, 1, -2, 3, 3, 1, 3, 1, 1, 3, 3, 3, 3, 1 ], 
          [ 3, 3, 1, 1, 3, 3, -2, 1, 3, 1, 1, 3, 1, 1, 1, 1, 3 ], [ 3, 3, 3, 1, 3, 3, 1, -2, 3, 3, 3, 3, 1, 1, 3, 1, 3 ], 
          [ 1, 3, 3, 3, 1, 1, 3, 3, -2, 1, 3, 1, 3, 1, 1, 3, 3 ], [ 1, 3, 1, 1, 1, 3, 1, 3, 1, -2, 1, 1, 3, 1, 1, 1, 3 ], 
          [ 3, 1, 1, 1, 1, 1, 1, 3, 3, 1, -2, 1, 1, 3, 3, 1, 1 ], [ 1, 1, 3, 1, 1, 1, 3, 3, 1, 1, 1, -2, 3, 3, 3, 3, 3 ], 
          [ 3, 3, 1, 1, 3, 3, 1, 1, 3, 3, 1, 3, -2, 1, 3, 1, 1 ], [ 1, 3, 1, 3, 3, 3, 1, 1, 1, 1, 3, 3, 1, -2, 1, 1, 3 ], 
          [ 1, 3, 1, 3, 3, 3, 1, 3, 1, 1, 3, 3, 3, 1, -2, 3, 3 ], [ 3, 3, 1, 1, 1, 3, 1, 1, 3, 1, 1, 3, 1, 1, 3, -2, 1 ], 
          [ 3, 1, 1, 3, 1, 1, 3, 3, 3, 3, 1, 3, 1, 3, 3, 1, -2 ] ] ], 
  [ [ 0, 320 ], [ [ -2, 1, 3, 3, 3, 3, 3, 3, 1, 1, 1, 1, 3, 1, 1, 1, 3 ], [ 1, -2, 3, 3, 1, 1, 3, 3, 3, 3, 3, 3, 1, 1, 1, 1, 3 ], 
          [ 3, 3, -2, 3, 3, 3, 1, 3, 3, 1, 3, 1, 3, 3, 1, 3, 3 ], [ 3, 3, 3, -2, 1, 3, 1, 1, 3, 1, 1, 3, 1, 1, 3, 3, 1 ], 
          [ 3, 1, 3, 1, -2, 1, 3, 3, 1, 1, 1, 3, 1, 1, 3, 3, 1 ], [ 3, 1, 3, 3, 1, -2, 3, 3, 1, 3, 3, 3, 1, 1, 3, 3, 1 ], 
          [ 3, 3, 1, 1, 3, 3, -2, 1, 3, 1, 3, 1, 3, 3, 1, 1, 1 ], [ 3, 3, 3, 1, 3, 3, 1, -2, 3, 3, 1, 3, 1, 3, 3, 1, 1 ], 
          [ 1, 3, 3, 3, 1, 1, 3, 3, -2, 1, 1, 1, 3, 1, 3, 3, 1 ], [ 1, 3, 1, 1, 1, 3, 1, 3, 1, -2, 1, 1, 3, 1, 1, 3, 1 ], 
          [ 1, 3, 3, 1, 1, 3, 3, 1, 1, 1, -2, 3, 1, 1, 3, 3, 1 ], [ 1, 3, 1, 3, 3, 3, 1, 3, 1, 1, 3, -2, 3, 3, 1, 1, 3 ], 
          [ 3, 1, 3, 1, 1, 1, 3, 1, 3, 3, 1, 3, -2, 1, 3, 3, 1 ], [ 1, 1, 3, 1, 1, 1, 3, 3, 1, 1, 1, 3, 1, -2, 3, 3, 1 ], 
          [ 1, 1, 1, 3, 3, 3, 1, 3, 3, 1, 3, 1, 3, 3, -2, 1, 3 ], [ 1, 1, 3, 3, 3, 3, 1, 1, 3, 3, 3, 1, 3, 3, 1, -2, 3 ], 
          [ 3, 3, 3, 1, 1, 1, 1, 1, 1, 1, 1, 3, 1, 1, 3, 3, -2 ] ] ], [ [ 0, 339 ], [ [ -2, 1, 3, 3, 3, 3, 3, 3, 1, 1, 3, 1, 3, 3, 3, 3, 3 ], 
          [ 1, -2, 3, 3, 1, 1, 3, 3, 3, 3, 1, 3, 3, 1, 3, 1, 3 ], [ 3, 3, -2, 3, 3, 3, 1, 3, 3, 1, 3, 1, 1, 1, 1, 3, 1 ], 
          [ 3, 3, 3, -2, 1, 3, 1, 1, 3, 1, 1, 3, 3, 3, 3, 1, 1 ], [ 3, 1, 3, 1, -2, 1, 3, 3, 1, 1, 1, 3, 1, 1, 3, 1, 3 ], 
          [ 3, 1, 3, 3, 1, -2, 3, 3, 1, 3, 1, 3, 1, 1, 3, 1, 3 ], [ 3, 3, 1, 1, 3, 3, -2, 1, 3, 1, 3, 1, 1, 3, 1, 3, 1 ], 
          [ 3, 3, 3, 1, 3, 3, 1, -2, 3, 3, 3, 3, 3, 3, 1, 1, 1 ], [ 1, 3, 3, 3, 1, 1, 3, 3, -2, 1, 3, 1, 1, 3, 3, 3, 3 ], 
          [ 1, 3, 1, 1, 1, 3, 1, 3, 1, -2, 3, 1, 1, 3, 3, 3, 3 ], [ 3, 1, 3, 1, 1, 1, 3, 3, 3, 3, -2, 3, 3, 1, 3, 1, 3 ], 
          [ 1, 3, 1, 3, 3, 3, 1, 3, 1, 1, 3, -2, 1, 1, 1, 3, 3 ], [ 3, 3, 1, 3, 1, 1, 1, 3, 1, 1, 3, 1, -2, 1, 1, 3, 3 ], 
          [ 3, 1, 1, 3, 1, 1, 3, 3, 3, 3, 1, 1, 1, -2, 1, 1, 3 ], [ 3, 3, 1, 3, 3, 3, 1, 1, 3, 3, 3, 1, 1, 1, -2, 3, 1 ], 
          [ 3, 1, 3, 1, 1, 1, 3, 1, 3, 3, 1, 3, 3, 1, 3, -2, 3 ], [ 3, 3, 1, 1, 3, 3, 1, 1, 3, 3, 3, 3, 3, 3, 1, 3, -2 ] ] ], 
  [ [ 0, 502 ], [ [ -2, 1, 3, 3, 3, 3, 3, 3, 1, 1, 3, 1, 1, 1, 3, 3, 1 ], [ 1, -2, 3, 3, 1, 1, 3, 3, 3, 3, 1, 3, 1, 1, 1, 1, 1 ], 
          [ 3, 3, -2, 3, 3, 3, 1, 3, 3, 1, 3, 1, 3, 1, 3, 1, 1 ], [ 3, 3, 3, -2, 1, 3, 1, 1, 3, 1, 1, 3, 3, 3, 1, 3, 3 ], 
          [ 3, 1, 3, 1, -2, 1, 3, 3, 1, 1, 1, 3, 1, 1, 1, 1, 3 ], [ 3, 1, 3, 3, 1, -2, 3, 3, 1, 3, 1, 3, 1, 3, 1, 1, 3 ], 
          [ 3, 3, 1, 1, 3, 3, -2, 1, 3, 1, 3, 1, 3, 3, 1, 3, 3 ], [ 3, 3, 3, 1, 3, 3, 1, -2, 3, 3, 3, 3, 3, 3, 1, 3, 3 ], 
          [ 1, 3, 3, 3, 1, 1, 3, 3, -2, 1, 3, 1, 1, 1, 3, 3, 3 ], [ 1, 3, 1, 1, 1, 3, 1, 3, 1, -2, 3, 1, 1, 1, 3, 3, 3 ], 
          [ 3, 1, 3, 1, 1, 1, 3, 3, 3, 3, -2, 3, 1, 3, 1, 1, 3 ], [ 1, 3, 1, 3, 3, 3, 1, 3, 1, 1, 3, -2, 1, 1, 3, 1, 1 ], 
          [ 1, 1, 3, 3, 1, 1, 3, 3, 1, 1, 1, 1, -2, 1, 3, 1, 3 ], [ 1, 1, 1, 3, 1, 3, 3, 3, 1, 1, 3, 1, 1, -2, 3, 1, 1 ], 
          [ 3, 1, 3, 1, 1, 1, 1, 1, 3, 3, 1, 3, 3, 3, -2, 1, 3 ], [ 3, 1, 1, 3, 1, 1, 3, 3, 3, 3, 1, 1, 1, 1, 1, -2, 1 ], 
          [ 1, 1, 1, 3, 3, 3, 3, 3, 3, 3, 3, 1, 3, 1, 3, 1, -2 ] ] ], 
  [ [ 0, 488 ], [ [ -2, 1, 3, 3, 3, 3, 3, 3, 1, 1, 3, 3, 3, 1, 1, 3, 1 ], [ 1, -2, 3, 3, 1, 1, 3, 3, 3, 3, 3, 3, 1, 1, 1, 3, 3 ], 
          [ 3, 3, -2, 3, 3, 3, 1, 3, 3, 1, 1, 1, 3, 3, 3, 1, 1 ], [ 3, 3, 3, -2, 1, 3, 1, 1, 3, 1, 3, 1, 1, 3, 1, 3, 3 ], 
          [ 3, 1, 3, 1, -2, 1, 3, 3, 1, 1, 3, 3, 1, 3, 1, 1, 3 ], [ 3, 1, 3, 3, 1, -2, 3, 3, 1, 3, 3, 3, 1, 1, 3, 1, 3 ], 
          [ 3, 3, 1, 1, 3, 3, -2, 1, 3, 1, 1, 1, 3, 3, 3, 1, 1 ], [ 3, 3, 3, 1, 3, 3, 1, -2, 3, 3, 1, 1, 1, 3, 1, 3, 3 ], 
          [ 1, 3, 3, 3, 1, 1, 3, 3, -2, 1, 3, 3, 3, 1, 3, 1, 1 ], [ 1, 3, 1, 1, 1, 3, 1, 3, 1, -2, 3, 3, 3, 3, 1, 1, 1 ], 
          [ 3, 3, 1, 3, 3, 3, 1, 1, 3, 3, -2, 1, 3, 3, 3, 1, 3 ], [ 3, 3, 1, 1, 3, 3, 1, 1, 3, 3, 1, -2, 3, 3, 3, 3, 3 ], 
          [ 3, 1, 3, 1, 1, 1, 3, 1, 3, 3, 3, 3, -2, 1, 1, 3, 3 ], [ 1, 1, 3, 3, 3, 1, 3, 3, 1, 3, 3, 3, 1, -2, 3, 3, 1 ], 
          [ 1, 1, 3, 1, 1, 3, 3, 1, 3, 1, 3, 3, 1, 3, -2, 3, 3 ], [ 3, 3, 1, 3, 1, 1, 1, 3, 1, 1, 1, 3, 3, 3, 3, -2, 1 ], 
          [ 1, 3, 1, 3, 3, 3, 1, 3, 1, 1, 3, 3, 3, 1, 3, 1, -2 ] ] ], [ [ 0, 278 ], [ [ -2, 1, 3, 3, 3, 3, 3, 3, 1, 1, 3, 1, 3, 3, 3, 1, 1 ], 
          [ 1, -2, 3, 3, 1, 1, 3, 3, 3, 3, 3, 1, 3, 1, 3, 3, 3 ], [ 3, 3, -2, 3, 3, 3, 1, 3, 3, 1, 1, 3, 3, 3, 3, 1, 1 ], 
          [ 3, 3, 3, -2, 1, 3, 1, 1, 3, 1, 1, 3, 1, 1, 1, 3, 3 ], [ 3, 1, 3, 1, -2, 1, 3, 3, 1, 1, 3, 1, 1, 1, 1, 3, 3 ], 
          [ 3, 1, 3, 3, 1, -2, 3, 3, 1, 3, 3, 1, 1, 1, 1, 3, 3 ], [ 3, 3, 1, 1, 3, 3, -2, 1, 3, 1, 3, 3, 1, 1, 3, 1, 1 ], 
          [ 3, 3, 3, 1, 3, 3, 1, -2, 3, 3, 1, 3, 1, 1, 1, 3, 3 ], [ 1, 3, 3, 3, 1, 1, 3, 3, -2, 1, 3, 1, 1, 3, 1, 1, 1 ], 
          [ 1, 3, 1, 1, 1, 3, 1, 3, 1, -2, 3, 1, 1, 3, 3, 1, 1 ], [ 3, 3, 1, 1, 3, 3, 3, 1, 3, 3, -2, 3, 3, 3, 1, 3, 3 ], 
          [ 1, 1, 3, 3, 1, 1, 3, 3, 1, 1, 3, -2, 1, 3, 3, 3, 1 ], [ 3, 3, 3, 1, 1, 1, 1, 1, 1, 1, 3, 1, -2, 1, 1, 3, 3 ], 
          [ 3, 1, 3, 1, 1, 1, 1, 1, 3, 3, 3, 3, 1, -2, 1, 3, 3 ], [ 3, 3, 3, 1, 1, 1, 3, 1, 1, 3, 1, 3, 1, 1, -2, 3, 3 ], 
          [ 1, 3, 1, 3, 3, 3, 1, 3, 1, 1, 3, 3, 3, 3, 3, -2, 1 ], [ 1, 3, 1, 3, 3, 3, 1, 3, 1, 1, 3, 1, 3, 3, 3, 1, -2 ] ] ], 
  [ [ 0, 458 ], [ [ -2, 1, 3, 3, 3, 3, 3, 3, 1, 1, 1, 1, 3, 3, 1, 3, 3 ], [ 1, -2, 3, 3, 1, 1, 3, 3, 3, 3, 3, 3, 3, 1, 1, 3, 3 ], 
          [ 3, 3, -2, 3, 3, 3, 1, 3, 3, 1, 1, 1, 1, 3, 3, 1, 1 ], [ 3, 3, 3, -2, 1, 3, 1, 1, 3, 1, 3, 3, 3, 1, 3, 1, 1 ], 
          [ 3, 1, 3, 1, -2, 1, 3, 3, 1, 1, 3, 3, 3, 1, 1, 1, 1 ], [ 3, 1, 3, 3, 1, -2, 3, 3, 1, 3, 3, 1, 1, 1, 1, 3, 3 ], 
          [ 3, 3, 1, 1, 3, 3, -2, 1, 3, 1, 3, 3, 3, 3, 3, 1, 1 ], [ 3, 3, 3, 1, 3, 3, 1, -2, 3, 3, 3, 3, 3, 1, 3, 3, 1 ], 
          [ 1, 3, 3, 3, 1, 1, 3, 3, -2, 1, 1, 1, 1, 3, 1, 1, 3 ], [ 1, 3, 1, 1, 1, 3, 1, 3, 1, -2, 1, 1, 3, 3, 1, 1, 1 ], 
          [ 1, 3, 1, 3, 3, 3, 3, 3, 1, 1, -2, 1, 1, 3, 1, 1, 3 ], [ 1, 3, 1, 3, 3, 1, 3, 3, 1, 1, 1, -2, 1, 3, 1, 3, 3 ], 
          [ 3, 3, 1, 3, 3, 1, 3, 3, 1, 3, 1, 1, -2, 3, 3, 1, 3 ], [ 3, 1, 3, 1, 1, 1, 3, 1, 3, 3, 3, 3, 3, -2, 1, 3, 1 ], 
          [ 1, 1, 3, 3, 1, 1, 3, 3, 1, 1, 1, 1, 3, 1, -2, 3, 3 ], [ 3, 3, 1, 1, 1, 3, 1, 3, 1, 1, 1, 3, 1, 3, 3, -2, 1 ], 
          [ 3, 3, 1, 1, 1, 3, 1, 1, 3, 1, 3, 3, 3, 1, 3, 1, -2 ] ] ], 
  [ [ 0, 553 ], [ [ -2, 1, 3, 3, 3, 3, 3, 3, 1, 1, 1, 3, 1, 1, 3, 1, 1 ], [ 1, -2, 3, 3, 1, 1, 3, 3, 3, 3, 1, 3, 3, 1, 3, 1, 1 ], 
          [ 3, 3, -2, 3, 3, 3, 1, 3, 3, 1, 1, 1, 1, 3, 1, 1, 1 ], [ 3, 3, 3, -2, 1, 3, 1, 1, 3, 1, 3, 3, 3, 3, 1, 3, 3 ], 
          [ 3, 1, 3, 1, -2, 1, 3, 3, 1, 1, 3, 1, 3, 1, 3, 1, 3 ], [ 3, 1, 3, 3, 1, -2, 3, 3, 1, 3, 3, 1, 3, 1, 3, 3, 3 ], 
          [ 3, 3, 1, 1, 3, 3, -2, 1, 3, 1, 1, 3, 3, 3, 1, 3, 3 ], [ 3, 3, 3, 1, 3, 3, 1, -2, 3, 3, 3, 3, 3, 3, 1, 3, 3 ], 
          [ 1, 3, 3, 3, 1, 1, 3, 3, -2, 1, 3, 1, 1, 1, 3, 1, 3 ], [ 1, 3, 1, 1, 1, 3, 1, 3, 1, -2, 1, 1, 1, 1, 1, 1, 3 ], 
          [ 1, 1, 1, 3, 3, 3, 1, 3, 3, 1, -2, 1, 1, 1, 1, 1, 1 ], [ 3, 3, 1, 3, 1, 1, 3, 3, 1, 1, 1, -2, 1, 1, 1, 1, 3 ], 
          [ 1, 3, 1, 3, 3, 3, 3, 3, 1, 1, 1, 1, -2, 1, 1, 1, 1 ], [ 1, 1, 3, 3, 1, 1, 3, 3, 1, 1, 1, 1, 1, -2, 3, 1, 3 ], 
          [ 3, 3, 1, 1, 3, 3, 1, 1, 3, 1, 1, 1, 1, 3, -2, 3, 3 ], [ 1, 1, 1, 3, 1, 3, 3, 3, 1, 1, 1, 1, 1, 1, 3, -2, 1 ], 
          [ 1, 1, 1, 3, 3, 3, 3, 3, 3, 3, 1, 3, 1, 3, 3, 1, -2 ] ] ], [ [ 0, 439 ], [ [ -2, 1, 3, 3, 3, 3, 3, 3, 1, 1, 3, 3, 3, 3, 1, 3, 3 ], 
          [ 1, -2, 3, 3, 1, 1, 3, 3, 3, 3, 1, 3, 1, 3, 1, 3, 3 ], [ 3, 3, -2, 3, 3, 3, 1, 3, 3, 1, 1, 1, 1, 3, 3, 1, 1 ], 
          [ 3, 3, 3, -2, 1, 3, 1, 1, 3, 1, 1, 3, 3, 1, 3, 1, 1 ], [ 3, 1, 3, 1, -2, 1, 3, 3, 1, 1, 1, 1, 1, 1, 3, 3, 1 ], 
          [ 3, 1, 3, 3, 1, -2, 3, 3, 1, 3, 1, 1, 1, 1, 1, 3, 3 ], [ 3, 3, 1, 1, 3, 3, -2, 1, 3, 1, 1, 1, 3, 1, 3, 1, 1 ], 
          [ 3, 3, 3, 1, 3, 3, 1, -2, 3, 3, 3, 3, 3, 1, 3, 1, 3 ], [ 1, 3, 3, 3, 1, 1, 3, 3, -2, 1, 3, 1, 3, 1, 1, 3, 1 ], 
          [ 1, 3, 1, 1, 1, 3, 1, 3, 1, -2, 1, 1, 3, 1, 3, 1, 1 ], [ 3, 1, 1, 1, 1, 1, 1, 3, 3, 1, -2, 1, 1, 1, 3, 1, 1 ], 
          [ 3, 3, 1, 3, 1, 1, 1, 3, 1, 1, 1, -2, 1, 1, 3, 3, 1 ], [ 3, 1, 1, 3, 1, 1, 3, 3, 3, 3, 1, 1, -2, 3, 3, 3, 3 ], 
          [ 3, 3, 3, 1, 1, 1, 1, 1, 1, 1, 1, 1, 3, -2, 3, 1, 1 ], [ 1, 1, 3, 3, 3, 1, 3, 3, 1, 3, 3, 3, 3, 3, -2, 3, 3 ], 
          [ 3, 3, 1, 1, 3, 3, 1, 1, 3, 1, 1, 3, 3, 1, 3, -2, 1 ], [ 3, 3, 1, 1, 1, 3, 1, 3, 1, 1, 1, 1, 3, 1, 3, 1, -2 ] ] ], 
  [ [ 0, 637 ], [ [ -2, 1, 3, 3, 3, 3, 3, 3, 1, 1, 3, 3, 1, 3, 1, 1, 3 ], [ 1, -2, 3, 3, 1, 1, 3, 3, 3, 3, 1, 3, 1, 1, 1, 3, 3 ], 
          [ 3, 3, -2, 3, 3, 3, 1, 3, 3, 1, 1, 1, 3, 3, 3, 1, 1 ], [ 3, 3, 3, -2, 1, 3, 1, 1, 3, 1, 1, 1, 1, 1, 1, 3, 3 ], 
          [ 3, 1, 3, 1, -2, 1, 3, 3, 1, 1, 1, 1, 1, 1, 1, 3, 1 ], [ 3, 1, 3, 3, 1, -2, 3, 3, 1, 3, 1, 3, 1, 1, 3, 3, 1 ], 
          [ 3, 3, 1, 1, 3, 3, -2, 1, 3, 1, 1, 1, 3, 3, 3, 1, 1 ], [ 3, 3, 3, 1, 3, 3, 1, -2, 3, 3, 3, 1, 3, 1, 1, 3, 3 ], 
          [ 1, 3, 3, 3, 1, 1, 3, 3, -2, 1, 3, 3, 1, 3, 3, 1, 1 ], [ 1, 3, 1, 1, 1, 3, 1, 3, 1, -2, 1, 1, 1, 3, 1, 1, 1 ], 
          [ 3, 1, 1, 1, 1, 1, 1, 3, 3, 1, -2, 1, 1, 1, 3, 3, 1 ], [ 3, 3, 1, 1, 1, 3, 1, 1, 3, 1, 1, -2, 3, 1, 1, 3, 1 ], 
          [ 1, 1, 3, 1, 1, 1, 3, 3, 1, 1, 1, 3, -2, 1, 1, 3, 3 ], [ 3, 1, 3, 1, 1, 1, 3, 1, 3, 3, 1, 1, 1, -2, 1, 3, 3 ], 
          [ 1, 1, 3, 1, 1, 3, 3, 1, 3, 1, 3, 1, 1, 1, -2, 3, 3 ], [ 1, 3, 1, 3, 3, 3, 1, 3, 1, 1, 3, 3, 3, 3, 3, -2, 1 ], 
          [ 3, 3, 1, 3, 1, 1, 1, 3, 1, 1, 1, 1, 3, 3, 3, 1, -2 ] ] ], 
  [ [ 0, 938 ], [ [ -2, 1, 3, 3, 3, 3, 3, 3, 1, 1, 1, 1, 1, 3, 1, 3, 3 ], [ 1, -2, 3, 3, 1, 1, 3, 3, 3, 3, 1, 1, 1, 3, 1, 1, 3 ], 
          [ 3, 3, -2, 3, 3, 3, 1, 3, 3, 1, 3, 3, 1, 1, 3, 3, 1 ], [ 3, 3, 3, -2, 1, 3, 1, 1, 3, 1, 3, 3, 3, 1, 3, 1, 1 ], 
          [ 3, 1, 3, 1, -2, 1, 3, 3, 1, 1, 3, 1, 3, 3, 3, 1, 1 ], [ 3, 1, 3, 3, 1, -2, 3, 3, 1, 3, 1, 1, 3, 3, 3, 1, 3 ], 
          [ 3, 3, 1, 1, 3, 3, -2, 1, 3, 1, 3, 3, 1, 1, 3, 1, 1 ], [ 3, 3, 3, 1, 3, 3, 1, -2, 3, 3, 3, 3, 3, 1, 1, 1, 3 ], 
          [ 1, 3, 3, 3, 1, 1, 3, 3, -2, 1, 1, 1, 3, 3, 3, 3, 1 ], [ 1, 3, 1, 1, 1, 3, 1, 3, 1, -2, 3, 3, 1, 3, 3, 3, 1 ], 
          [ 1, 1, 3, 3, 3, 1, 3, 3, 1, 3, -2, 1, 1, 3, 1, 3, 3 ], [ 1, 1, 3, 3, 1, 1, 3, 3, 1, 3, 1, -2, 3, 3, 3, 1, 3 ], 
          [ 1, 1, 1, 3, 3, 3, 1, 3, 3, 1, 1, 3, -2, 3, 1, 3, 3 ], [ 3, 3, 1, 1, 3, 3, 1, 1, 3, 3, 3, 3, 3, -2, 3, 1, 1 ], 
          [ 1, 1, 3, 3, 3, 3, 3, 1, 3, 3, 1, 3, 1, 3, -2, 3, 3 ], [ 3, 1, 3, 1, 1, 1, 1, 1, 3, 3, 3, 1, 3, 1, 3, -2, 3 ], 
          [ 3, 3, 1, 1, 1, 3, 1, 3, 1, 1, 3, 3, 3, 1, 3, 3, -2 ] ] ], [ [ 0, 551 ], [ [ -2, 1, 3, 3, 3, 3, 3, 3, 1, 3, 1, 3, 1, 3, 1, 1, 1 ], 
          [ 1, -2, 3, 3, 1, 1, 3, 3, 3, 1, 3, 3, 1, 3, 1, 1, 3 ], [ 3, 3, -2, 3, 3, 3, 1, 3, 3, 1, 3, 3, 3, 3, 3, 1, 1 ], 
          [ 3, 3, 3, -2, 1, 3, 1, 1, 3, 3, 1, 1, 3, 1, 3, 3, 3 ], [ 3, 1, 3, 1, -2, 1, 3, 3, 1, 3, 1, 1, 1, 1, 1, 3, 3 ], 
          [ 3, 1, 3, 3, 1, -2, 3, 3, 1, 1, 3, 1, 1, 1, 1, 1, 3 ], [ 3, 3, 1, 1, 3, 3, -2, 1, 3, 1, 1, 3, 3, 3, 3, 3, 1 ], 
          [ 3, 3, 3, 1, 3, 3, 1, -2, 3, 1, 1, 1, 3, 3, 3, 3, 3 ], [ 1, 3, 3, 3, 1, 1, 3, 3, -2, 3, 1, 1, 1, 1, 1, 3, 1 ], 
          [ 3, 1, 1, 3, 3, 1, 1, 1, 3, -2, 3, 3, 3, 3, 3, 1, 3 ], [ 1, 3, 3, 1, 1, 3, 1, 1, 1, 3, -2, 1, 1, 3, 1, 3, 1 ], 
          [ 3, 3, 3, 1, 1, 1, 3, 1, 1, 3, 1, -2, 3, 1, 1, 3, 3 ], [ 1, 1, 3, 3, 1, 1, 3, 3, 1, 3, 1, 3, -2, 3, 1, 1, 1 ], 
          [ 3, 3, 3, 1, 1, 1, 3, 3, 1, 3, 3, 1, 3, -2, 3, 3, 3 ], [ 1, 1, 3, 3, 1, 1, 3, 3, 1, 3, 1, 1, 1, 3, -2, 3, 1 ], 
          [ 1, 1, 1, 3, 3, 1, 3, 3, 3, 1, 3, 3, 1, 3, 3, -2, 3 ], [ 1, 3, 1, 3, 3, 3, 1, 3, 1, 3, 1, 3, 1, 3, 1, 3, -2 ] ] ], 
  [ [ 0, 1067 ], [ [ -2, 1, 3, 3, 3, 3, 3, 3, 1, 3, 1, 1, 3, 1, 1, 1, 1 ], [ 1, -2, 3, 3, 1, 1, 3, 3, 3, 1, 3, 1, 3, 1, 1, 3, 3 ], 
          [ 3, 3, -2, 3, 3, 3, 1, 3, 3, 1, 3, 3, 1, 1, 1, 1, 1 ], [ 3, 3, 3, -2, 1, 3, 1, 1, 3, 3, 1, 3, 1, 3, 3, 3, 3 ], 
          [ 3, 1, 3, 1, -2, 1, 3, 3, 1, 3, 1, 1, 1, 3, 3, 3, 3 ], [ 3, 1, 3, 3, 1, -2, 3, 3, 1, 1, 3, 1, 3, 3, 1, 3, 3 ], 
          [ 3, 3, 1, 1, 3, 3, -2, 1, 3, 1, 1, 3, 1, 1, 3, 1, 3 ], [ 3, 3, 3, 1, 3, 3, 1, -2, 3, 1, 1, 3, 3, 3, 3, 1, 3 ], 
          [ 1, 3, 3, 3, 1, 1, 3, 3, -2, 3, 1, 1, 3, 3, 3, 1, 1 ], [ 3, 1, 1, 3, 3, 1, 1, 1, 3, -2, 3, 3, 3, 1, 1, 1, 3 ], 
          [ 1, 3, 3, 1, 1, 3, 1, 1, 1, 3, -2, 3, 1, 3, 3, 1, 3 ], [ 1, 1, 3, 3, 1, 1, 3, 3, 1, 3, 3, -2, 3, 1, 1, 1, 1 ], 
          [ 3, 3, 1, 1, 1, 3, 1, 3, 3, 3, 1, 3, -2, 1, 3, 3, 3 ], [ 1, 1, 1, 3, 3, 3, 1, 3, 3, 1, 3, 1, 1, -2, 1, 1, 1 ], 
          [ 1, 1, 1, 3, 3, 1, 3, 3, 3, 1, 3, 1, 3, 1, -2, 1, 1 ], [ 1, 3, 1, 3, 3, 3, 1, 1, 1, 1, 1, 1, 3, 1, 1, -2, 1 ], 
          [ 1, 3, 1, 3, 3, 3, 3, 3, 1, 3, 3, 1, 3, 1, 1, 1, -2 ] ] ], 
  [ [ 0, 346 ], [ [ -2, 1, 3, 3, 3, 3, 3, 3, 1, 3, 1, 3, 1, 3, 1, 3, 1 ], [ 1, -2, 3, 3, 1, 1, 3, 3, 3, 1, 1, 1, 1, 3, 3, 3, 3 ], 
          [ 3, 3, -2, 3, 3, 3, 1, 3, 3, 1, 3, 1, 1, 3, 1, 3, 1 ], [ 3, 3, 3, -2, 1, 3, 1, 1, 3, 3, 1, 3, 3, 1, 1, 1, 3 ], 
          [ 3, 1, 3, 1, -2, 1, 3, 3, 1, 3, 1, 3, 3, 1, 3, 1, 3 ], [ 3, 1, 3, 3, 1, -2, 3, 3, 1, 1, 3, 1, 3, 1, 3, 1, 3 ], 
          [ 3, 3, 1, 1, 3, 3, -2, 1, 3, 1, 3, 1, 1, 1, 1, 3, 1 ], [ 3, 3, 3, 1, 3, 3, 1, -2, 3, 1, 3, 3, 3, 1, 3, 1, 3 ], 
          [ 1, 3, 3, 3, 1, 1, 3, 3, -2, 3, 3, 3, 3, 1, 3, 1, 1 ], [ 3, 1, 1, 3, 3, 1, 1, 1, 3, -2, 3, 1, 1, 1, 3, 3, 3 ], 
          [ 1, 1, 3, 1, 1, 3, 3, 3, 3, 3, -2, 3, 1, 3, 1, 3, 3 ], [ 3, 1, 1, 3, 3, 1, 1, 3, 3, 1, 3, -2, 1, 3, 3, 3, 1 ], 
          [ 1, 1, 1, 3, 3, 3, 1, 3, 3, 1, 1, 1, -2, 3, 1, 3, 1 ], [ 3, 3, 3, 1, 1, 1, 1, 1, 1, 1, 3, 3, 3, -2, 3, 1, 3 ], 
          [ 1, 3, 1, 1, 3, 3, 1, 3, 3, 3, 1, 3, 1, 3, -2, 3, 1 ], [ 3, 3, 3, 1, 1, 1, 3, 1, 1, 3, 3, 3, 3, 1, 3, -2, 3 ], 
          [ 1, 3, 1, 3, 3, 3, 1, 3, 1, 3, 3, 1, 1, 3, 1, 3, -2 ] ] ], [ [ 0, 537 ], [ [ -2, 1, 3, 3, 3, 3, 3, 3, 1, 3, 1, 3, 1, 3, 1, 1, 1 ], 
          [ 1, -2, 3, 3, 1, 1, 3, 3, 3, 1, 1, 1, 1, 3, 1, 1, 3 ], [ 3, 3, -2, 3, 3, 3, 1, 3, 3, 1, 3, 1, 1, 3, 3, 1, 1 ], 
          [ 3, 3, 3, -2, 1, 3, 1, 1, 3, 3, 1, 3, 3, 1, 3, 3, 1 ], [ 3, 1, 3, 1, -2, 1, 3, 3, 1, 3, 1, 3, 3, 1, 1, 3, 3 ], 
          [ 3, 1, 3, 3, 1, -2, 3, 3, 1, 1, 3, 1, 3, 1, 1, 3, 3 ], [ 3, 3, 1, 1, 3, 3, -2, 1, 3, 1, 3, 1, 1, 1, 3, 1, 1 ], 
          [ 3, 3, 3, 1, 3, 3, 1, -2, 3, 1, 3, 3, 3, 1, 3, 3, 3 ], [ 1, 3, 3, 3, 1, 1, 3, 3, -2, 3, 3, 3, 3, 1, 1, 3, 3 ], 
          [ 3, 1, 1, 3, 3, 1, 1, 1, 3, -2, 3, 1, 1, 1, 3, 1, 3 ], [ 1, 1, 3, 1, 1, 3, 3, 3, 3, 3, -2, 3, 1, 3, 1, 1, 1 ], 
          [ 3, 1, 1, 3, 3, 1, 1, 3, 3, 1, 3, -2, 1, 3, 3, 1, 3 ], [ 1, 1, 1, 3, 3, 3, 1, 3, 3, 1, 1, 1, -2, 3, 1, 1, 1 ], 
          [ 3, 3, 3, 1, 1, 1, 1, 1, 1, 1, 3, 3, 3, -2, 3, 3, 3 ], [ 1, 1, 3, 3, 1, 1, 3, 3, 1, 3, 1, 3, 1, 3, -2, 3, 1 ], 
          [ 1, 1, 1, 3, 3, 3, 1, 3, 3, 1, 1, 1, 1, 3, 3, -2, 1 ], [ 1, 3, 1, 1, 3, 3, 1, 3, 3, 3, 1, 3, 1, 3, 1, 1, -2 ] ] ], 
  [ [ 0, 375 ], [ [ -2, 1, 3, 3, 3, 3, 3, 3, 1, 3, 1, 1, 1, 1, 1, 3, 1 ], [ 1, -2, 3, 3, 1, 1, 3, 3, 3, 1, 1, 3, 3, 3, 1, 1, 3 ], 
          [ 3, 3, -2, 3, 3, 3, 1, 3, 3, 1, 1, 1, 3, 3, 3, 3, 3 ], [ 3, 3, 3, -2, 1, 3, 1, 1, 3, 3, 3, 3, 3, 1, 3, 1, 1 ], 
          [ 3, 1, 3, 1, -2, 1, 3, 3, 1, 3, 3, 3, 3, 3, 1, 1, 3 ], [ 3, 1, 3, 3, 1, -2, 3, 3, 1, 1, 3, 3, 3, 3, 1, 1, 3 ], 
          [ 3, 3, 1, 1, 3, 3, -2, 1, 3, 1, 1, 1, 3, 1, 3, 3, 3 ], [ 3, 3, 3, 1, 3, 3, 1, -2, 3, 1, 3, 3, 1, 1, 3, 1, 1 ], 
          [ 1, 3, 3, 3, 1, 1, 3, 3, -2, 3, 3, 1, 1, 1, 1, 3, 1 ], [ 3, 1, 1, 3, 3, 1, 1, 1, 3, -2, 1, 3, 3, 3, 3, 1, 3 ], 
          [ 1, 1, 1, 3, 3, 3, 1, 3, 3, 1, -2, 1, 1, 3, 3, 3, 3 ], [ 1, 3, 1, 3, 3, 3, 1, 3, 1, 3, 1, -2, 1, 1, 3, 3, 1 ], 
          [ 1, 3, 3, 3, 3, 3, 3, 1, 1, 3, 1, 1, -2, 1, 3, 3, 1 ], [ 1, 3, 3, 1, 3, 3, 1, 1, 1, 3, 3, 1, 1, -2, 3, 3, 1 ], 
          [ 1, 1, 3, 3, 1, 1, 3, 3, 1, 3, 3, 3, 3, 3, -2, 3, 3 ], [ 3, 1, 3, 1, 1, 1, 3, 1, 3, 1, 3, 3, 3, 3, 3, -2, 1 ], 
          [ 1, 3, 3, 1, 3, 3, 3, 1, 1, 3, 3, 1, 1, 1, 3, 1, -2 ] ] ], 
  [ [ 0, 610 ], [ [ -2, 1, 3, 3, 3, 3, 3, 3, 1, 3, 1, 1, 3, 3, 1, 3, 1 ], [ 1, -2, 3, 3, 1, 1, 3, 3, 3, 1, 1, 3, 3, 3, 1, 1, 3 ], 
          [ 3, 3, -2, 3, 3, 3, 1, 3, 3, 1, 1, 1, 1, 1, 1, 3, 3 ], [ 3, 3, 3, -2, 1, 3, 1, 1, 3, 3, 3, 3, 1, 1, 3, 1, 1 ], 
          [ 3, 1, 3, 1, -2, 1, 3, 3, 1, 3, 3, 3, 3, 3, 3, 1, 3 ], [ 3, 1, 3, 3, 1, -2, 3, 3, 1, 1, 3, 3, 3, 3, 1, 1, 3 ], 
          [ 3, 3, 1, 1, 3, 3, -2, 1, 3, 1, 1, 1, 1, 1, 1, 3, 3 ], [ 3, 3, 3, 1, 3, 3, 1, -2, 3, 1, 3, 3, 1, 1, 3, 3, 1 ], 
          [ 1, 3, 3, 3, 1, 1, 3, 3, -2, 3, 3, 1, 3, 3, 3, 3, 1 ], [ 3, 1, 1, 3, 3, 1, 1, 1, 3, -2, 1, 3, 1, 1, 1, 3, 3 ], 
          [ 1, 1, 1, 3, 3, 3, 1, 3, 3, 1, -2, 1, 1, 1, 1, 3, 3 ], [ 1, 3, 1, 3, 3, 3, 1, 3, 1, 3, 1, -2, 1, 3, 1, 3, 1 ], 
          [ 3, 3, 1, 1, 3, 3, 1, 1, 3, 1, 1, 1, -2, 1, 1, 3, 1 ], [ 3, 3, 1, 1, 3, 3, 1, 1, 3, 1, 1, 3, 1, -2, 3, 3, 1 ], 
          [ 1, 1, 1, 3, 3, 1, 1, 3, 3, 1, 1, 1, 1, 3, -2, 3, 3 ], [ 3, 1, 3, 1, 1, 1, 3, 3, 3, 3, 3, 3, 3, 3, 3, -2, 3 ], 
          [ 1, 3, 3, 1, 3, 3, 3, 1, 1, 3, 3, 1, 1, 1, 3, 3, -2 ] ] ], [ [ 0, 482 ], [ [ -2, 1, 3, 3, 3, 3, 3, 3, 1, 3, 1, 1, 3, 1, 1, 3, 1 ], 
          [ 1, -2, 3, 3, 1, 1, 3, 3, 3, 1, 1, 3, 1, 1, 1, 1, 3 ], [ 3, 3, -2, 3, 3, 3, 1, 3, 3, 1, 1, 1, 1, 3, 1, 3, 3 ], 
          [ 3, 3, 3, -2, 1, 3, 1, 1, 3, 3, 3, 3, 1, 3, 3, 1, 1 ], [ 3, 1, 3, 1, -2, 1, 3, 3, 1, 3, 3, 3, 1, 3, 3, 1, 3 ], 
          [ 3, 1, 3, 3, 1, -2, 3, 3, 1, 1, 3, 3, 1, 1, 1, 1, 3 ], [ 3, 3, 1, 1, 3, 3, -2, 1, 3, 1, 1, 1, 1, 3, 3, 1, 3 ], 
          [ 3, 3, 3, 1, 3, 3, 1, -2, 3, 1, 3, 3, 3, 1, 3, 1, 1 ], [ 1, 3, 3, 3, 1, 1, 3, 3, -2, 3, 3, 1, 3, 1, 3, 3, 1 ], 
          [ 3, 1, 1, 3, 3, 1, 1, 1, 3, -2, 1, 3, 1, 1, 1, 1, 3 ], [ 1, 1, 1, 3, 3, 3, 1, 3, 3, 1, -2, 1, 1, 3, 1, 3, 3 ], 
          [ 1, 3, 1, 3, 3, 3, 1, 3, 1, 3, 1, -2, 3, 3, 3, 3, 1 ], [ 3, 1, 1, 1, 1, 1, 1, 3, 3, 1, 1, 3, -2, 3, 1, 1, 3 ], 
          [ 1, 1, 3, 3, 3, 1, 3, 1, 1, 1, 3, 3, 3, -2, 1, 3, 1 ], [ 1, 1, 1, 3, 3, 1, 3, 3, 3, 1, 1, 3, 1, 1, -2, 3, 3 ], 
          [ 3, 1, 3, 1, 1, 1, 1, 1, 3, 1, 3, 3, 1, 3, 3, -2, 3 ], [ 1, 3, 3, 1, 3, 3, 3, 1, 1, 3, 3, 1, 3, 1, 3, 3, -2 ] ] ], 
  [ [ 0, 329 ], [ [ -2, 1, 3, 3, 3, 3, 3, 3, 1, 3, 1, 1, 3, 1, 1, 3, 3 ], [ 1, -2, 3, 3, 1, 1, 3, 3, 3, 1, 1, 3, 1, 3, 3, 3, 3 ], 
          [ 3, 3, -2, 3, 3, 3, 1, 3, 3, 1, 1, 1, 1, 3, 3, 1, 1 ], [ 3, 3, 3, -2, 1, 3, 1, 1, 3, 3, 3, 3, 1, 1, 1, 1, 3 ], 
          [ 3, 1, 3, 1, -2, 1, 3, 3, 1, 3, 3, 3, 1, 3, 1, 3, 3 ], [ 3, 1, 3, 3, 1, -2, 3, 3, 1, 1, 3, 3, 1, 3, 3, 3, 3 ], 
          [ 3, 3, 1, 1, 3, 3, -2, 1, 3, 1, 1, 1, 3, 1, 3, 1, 1 ], [ 3, 3, 3, 1, 3, 3, 1, -2, 3, 1, 3, 3, 3, 1, 1, 1, 1 ], 
          [ 1, 3, 3, 3, 1, 1, 3, 3, -2, 3, 3, 1, 3, 1, 1, 3, 3 ], [ 3, 1, 1, 3, 3, 1, 1, 1, 3, -2, 1, 3, 1, 3, 3, 1, 1 ], 
          [ 1, 1, 1, 3, 3, 3, 1, 3, 3, 1, -2, 1, 3, 3, 3, 1, 1 ], [ 1, 3, 1, 3, 3, 3, 1, 3, 1, 3, 1, -2, 3, 1, 3, 1, 1 ], 
          [ 3, 1, 1, 1, 1, 1, 3, 3, 3, 1, 3, 3, -2, 3, 3, 1, 3 ], [ 1, 3, 3, 1, 3, 3, 1, 1, 1, 3, 3, 1, 3, -2, 1, 3, 3 ], 
          [ 1, 3, 3, 1, 1, 3, 3, 1, 1, 3, 3, 3, 3, 1, -2, 3, 3 ], [ 3, 3, 1, 1, 3, 3, 1, 1, 3, 1, 1, 1, 1, 3, 3, -2, 1 ], 
          [ 3, 3, 1, 3, 3, 3, 1, 1, 3, 1, 1, 1, 3, 3, 3, 1, -2 ] ] ], 
  [ [ 0, 779 ], [ [ -2, 1, 3, 3, 3, 3, 3, 3, 1, 3, 1, 1, 3, 3, 3, 1, 3 ], [ 1, -2, 3, 3, 1, 1, 3, 3, 3, 1, 1, 3, 3, 1, 3, 1, 1 ], 
          [ 3, 3, -2, 3, 3, 3, 1, 3, 3, 1, 1, 3, 3, 1, 1, 3, 3 ], [ 3, 3, 3, -2, 1, 3, 1, 1, 3, 3, 3, 1, 1, 3, 3, 1, 1 ], 
          [ 3, 1, 3, 1, -2, 1, 3, 3, 1, 3, 3, 1, 1, 1, 3, 1, 1 ], [ 3, 1, 3, 3, 1, -2, 3, 3, 1, 1, 3, 3, 1, 1, 1, 1, 1 ], 
          [ 3, 3, 1, 1, 3, 3, -2, 1, 3, 1, 1, 3, 1, 3, 1, 3, 1 ], [ 3, 3, 3, 1, 3, 3, 1, -2, 3, 1, 3, 1, 1, 3, 3, 3, 1 ], 
          [ 1, 3, 3, 3, 1, 1, 3, 3, -2, 3, 3, 1, 1, 1, 1, 1, 3 ], [ 3, 1, 1, 3, 3, 1, 1, 1, 3, -2, 1, 3, 1, 1, 1, 3, 1 ], 
          [ 1, 1, 1, 3, 3, 3, 1, 3, 3, 1, -2, 3, 3, 1, 1, 3, 3 ], [ 1, 3, 3, 1, 1, 3, 3, 1, 1, 3, 3, -2, 1, 3, 3, 1, 1 ], 
          [ 3, 3, 3, 1, 1, 1, 1, 1, 1, 1, 3, 1, -2, 3, 1, 3, 1 ], [ 3, 1, 1, 3, 1, 1, 3, 3, 1, 1, 1, 3, 3, -2, 1, 1, 3 ], 
          [ 3, 3, 1, 3, 3, 1, 1, 3, 1, 1, 1, 3, 1, 1, -2, 3, 3 ], [ 1, 1, 3, 1, 1, 1, 3, 3, 1, 3, 3, 1, 3, 1, 3, -2, 1 ], 
          [ 3, 1, 3, 1, 1, 1, 1, 1, 3, 1, 3, 1, 1, 3, 3, 1, -2 ] ] ], [ [ 0, 366 ], [ [ -2, 1, 3, 3, 3, 3, 3, 3, 1, 3, 1, 1, 3, 3, 3, 1, 1 ], 
          [ 1, -2, 3, 3, 1, 1, 3, 3, 3, 1, 1, 3, 3, 3, 3, 3, 1 ], [ 3, 3, -2, 3, 3, 3, 1, 3, 3, 1, 1, 3, 3, 1, 1, 3, 1 ], 
          [ 3, 3, 3, -2, 1, 3, 1, 1, 3, 3, 3, 1, 1, 3, 1, 1, 3 ], [ 3, 1, 3, 1, -2, 1, 3, 3, 1, 3, 3, 1, 1, 3, 3, 3, 3 ], 
          [ 3, 1, 3, 3, 1, -2, 3, 3, 1, 1, 3, 3, 1, 1, 3, 3, 3 ], [ 3, 3, 1, 1, 3, 3, -2, 1, 3, 1, 1, 3, 1, 1, 1, 1, 3 ], 
          [ 3, 3, 3, 1, 3, 3, 1, -2, 3, 1, 3, 1, 1, 1, 1, 1, 3 ], [ 1, 3, 3, 3, 1, 1, 3, 3, -2, 3, 3, 1, 1, 1, 3, 1, 3 ], 
          [ 3, 1, 1, 3, 3, 1, 1, 1, 3, -2, 1, 3, 1, 1, 1, 3, 1 ], [ 1, 1, 1, 3, 3, 3, 1, 3, 3, 1, -2, 3, 3, 3, 1, 3, 1 ], 
          [ 1, 3, 3, 1, 1, 3, 3, 1, 1, 3, 3, -2, 1, 3, 3, 1, 3 ], [ 3, 3, 3, 1, 1, 1, 1, 1, 1, 1, 3, 1, -2, 1, 1, 1, 3 ], 
          [ 3, 3, 1, 3, 3, 1, 1, 1, 1, 1, 3, 3, 1, -2, 1, 1, 3 ], [ 3, 3, 1, 1, 3, 3, 1, 1, 3, 1, 1, 3, 1, 1, -2, 1, 1 ], 
          [ 1, 3, 3, 1, 3, 3, 1, 1, 1, 3, 3, 1, 1, 1, 1, -2, 3 ], [ 1, 1, 1, 3, 3, 3, 3, 3, 3, 1, 1, 3, 3, 3, 1, 3, -2 ] ] ], 
  [ [ 0, 203 ], [ [ -2, 1, 3, 3, 3, 3, 3, 3, 1, 3, 1, 1, 1, 3, 3, 1, 1 ], [ 1, -2, 3, 3, 1, 1, 3, 3, 3, 1, 1, 1, 1, 1, 3, 3, 1 ], 
          [ 3, 3, -2, 3, 3, 3, 1, 3, 3, 1, 1, 1, 3, 3, 1, 3, 3 ], [ 3, 3, 3, -2, 1, 3, 1, 1, 3, 3, 3, 3, 3, 1, 3, 1, 3 ], 
          [ 3, 1, 3, 1, -2, 1, 3, 3, 1, 3, 3, 3, 1, 1, 1, 3, 3 ], [ 3, 1, 3, 3, 1, -2, 3, 3, 1, 1, 3, 3, 1, 1, 1, 3, 1 ], 
          [ 3, 3, 1, 1, 3, 3, -2, 1, 3, 1, 1, 1, 3, 3, 3, 1, 3 ], [ 3, 3, 3, 1, 3, 3, 1, -2, 3, 1, 3, 1, 3, 1, 3, 1, 1 ], 
          [ 1, 3, 3, 3, 1, 1, 3, 3, -2, 3, 3, 3, 1, 3, 1, 1, 3 ], [ 3, 1, 1, 3, 3, 1, 1, 1, 3, -2, 1, 1, 1, 1, 3, 3, 1 ], 
          [ 1, 1, 1, 3, 3, 3, 1, 3, 3, 1, -2, 1, 1, 3, 3, 3, 1 ], [ 1, 1, 1, 3, 3, 3, 1, 1, 3, 1, 1, -2, 3, 3, 3, 1, 1 ], 
          [ 1, 1, 3, 3, 1, 1, 3, 3, 1, 1, 1, 3, -2, 1, 3, 3, 1 ], [ 3, 1, 3, 1, 1, 1, 3, 1, 3, 1, 3, 3, 1, -2, 3, 3, 1 ], 
          [ 3, 3, 1, 3, 1, 1, 3, 3, 1, 3, 3, 3, 3, 3, -2, 3, 3 ], [ 1, 3, 3, 1, 3, 3, 1, 1, 1, 3, 3, 1, 3, 3, 3, -2, 3 ], 
          [ 1, 1, 3, 3, 3, 1, 3, 1, 3, 1, 1, 1, 1, 1, 3, 3, -2 ] ] ], 
  [ [ 0, 356 ], [ [ -2, 1, 3, 3, 3, 3, 3, 3, 1, 3, 1, 1, 1, 3, 3, 1, 3 ], [ 1, -2, 3, 3, 1, 1, 3, 3, 3, 1, 1, 1, 1, 1, 3, 3, 3 ], 
          [ 3, 3, -2, 3, 3, 3, 1, 3, 3, 1, 1, 1, 3, 3, 1, 3, 1 ], [ 3, 3, 3, -2, 1, 3, 1, 1, 3, 3, 3, 3, 3, 1, 3, 1, 1 ], 
          [ 3, 1, 3, 1, -2, 1, 3, 3, 1, 3, 3, 3, 1, 1, 1, 3, 3 ], [ 3, 1, 3, 3, 1, -2, 3, 3, 1, 1, 3, 3, 1, 1, 1, 3, 3 ], 
          [ 3, 3, 1, 1, 3, 3, -2, 1, 3, 1, 1, 1, 3, 3, 3, 1, 1 ], [ 3, 3, 3, 1, 3, 3, 1, -2, 3, 1, 3, 1, 3, 1, 3, 1, 1 ], 
          [ 1, 3, 3, 3, 1, 1, 3, 3, -2, 3, 3, 3, 1, 3, 1, 1, 3 ], [ 3, 1, 1, 3, 3, 1, 1, 1, 3, -2, 1, 1, 1, 1, 3, 3, 1 ], 
          [ 1, 1, 1, 3, 3, 3, 1, 3, 3, 1, -2, 1, 1, 3, 3, 3, 3 ], [ 1, 1, 1, 3, 3, 3, 1, 1, 3, 1, 1, -2, 3, 3, 3, 1, 1 ], 
          [ 1, 1, 3, 3, 1, 1, 3, 3, 1, 1, 1, 3, -2, 1, 3, 3, 3 ], [ 3, 1, 3, 1, 1, 1, 3, 1, 3, 1, 3, 3, 1, -2, 3, 3, 3 ], 
          [ 3, 3, 1, 3, 1, 1, 3, 3, 1, 3, 3, 3, 3, 3, -2, 3, 3 ], [ 1, 3, 3, 1, 3, 3, 1, 1, 1, 3, 3, 1, 3, 3, 3, -2, 1 ], 
          [ 3, 3, 1, 1, 3, 3, 1, 1, 3, 1, 3, 1, 3, 3, 3, 1, -2 ] ] ], [ [ 0, 287 ], [ [ -2, 1, 3, 3, 3, 3, 3, 3, 1, 3, 1, 1, 3, 3, 3, 3, 1 ], 
          [ 1, -2, 3, 3, 1, 1, 3, 3, 3, 1, 1, 1, 1, 3, 1, 3, 3 ], [ 3, 3, -2, 3, 3, 3, 1, 3, 3, 1, 1, 1, 3, 1, 1, 1, 1 ], 
          [ 3, 3, 3, -2, 1, 3, 1, 1, 3, 3, 3, 3, 1, 1, 3, 3, 3 ], [ 3, 1, 3, 1, -2, 1, 3, 3, 1, 3, 3, 3, 1, 3, 1, 1, 3 ], 
          [ 3, 1, 3, 3, 1, -2, 3, 3, 1, 1, 3, 3, 1, 3, 1, 1, 3 ], [ 3, 3, 1, 1, 3, 3, -2, 1, 3, 1, 1, 1, 1, 1, 3, 3, 3 ], 
          [ 3, 3, 3, 1, 3, 3, 1, -2, 3, 1, 3, 1, 1, 1, 3, 3, 3 ], [ 1, 3, 3, 3, 1, 1, 3, 3, -2, 3, 3, 3, 3, 3, 3, 1, 1 ], 
          [ 3, 1, 1, 3, 3, 1, 1, 1, 3, -2, 1, 1, 1, 1, 1, 3, 3 ], [ 1, 1, 1, 3, 3, 3, 1, 3, 3, 1, -2, 1, 3, 1, 1, 3, 1 ], 
          [ 1, 1, 1, 3, 3, 3, 1, 1, 3, 1, 1, -2, 1, 3, 3, 3, 1 ], [ 3, 1, 3, 1, 1, 1, 1, 1, 3, 1, 3, 1, -2, 3, 3, 3, 3 ], 
          [ 3, 3, 1, 1, 3, 3, 1, 1, 3, 1, 1, 3, 3, -2, 1, 3, 3 ], [ 3, 1, 1, 3, 1, 1, 3, 3, 3, 1, 1, 3, 3, 1, -2, 1, 3 ], 
          [ 3, 3, 1, 3, 1, 1, 3, 3, 1, 3, 3, 3, 3, 3, 1, -2, 1 ], [ 1, 3, 1, 3, 3, 3, 3, 3, 1, 3, 1, 1, 3, 3, 3, 1, -2 ] ] ], 
  [ [ 0, 244 ], [ [ -2, 1, 3, 3, 3, 3, 3, 3, 1, 3, 1, 3, 3, 3, 3, 1, 3 ], [ 1, -2, 3, 3, 1, 1, 3, 3, 3, 1, 1, 3, 1, 1, 1, 1, 3 ], 
          [ 3, 3, -2, 3, 3, 3, 1, 3, 3, 1, 1, 1, 3, 3, 3, 1, 1 ], [ 3, 3, 3, -2, 1, 3, 1, 1, 3, 3, 3, 3, 1, 1, 1, 3, 1 ], 
          [ 3, 1, 3, 1, -2, 1, 3, 3, 1, 3, 3, 1, 1, 1, 1, 3, 3 ], [ 3, 1, 3, 3, 1, -2, 3, 3, 1, 1, 3, 1, 1, 1, 1, 3, 3 ], 
          [ 3, 3, 1, 1, 3, 3, -2, 1, 3, 1, 1, 3, 1, 3, 3, 1, 1 ], [ 3, 3, 3, 1, 3, 3, 1, -2, 3, 1, 3, 3, 1, 1, 1, 3, 1 ], 
          [ 1, 3, 3, 3, 1, 1, 3, 3, -2, 3, 3, 1, 3, 3, 3, 3, 3 ], [ 3, 1, 1, 3, 3, 1, 1, 1, 3, -2, 1, 3, 1, 1, 1, 3, 1 ], 
          [ 1, 1, 1, 3, 3, 3, 1, 3, 3, 1, -2, 3, 1, 3, 3, 1, 1 ], [ 3, 3, 1, 3, 1, 1, 3, 3, 1, 3, 3, -2, 3, 3, 3, 3, 3 ], 
          [ 3, 1, 3, 1, 1, 1, 1, 1, 3, 1, 1, 3, -2, 1, 1, 3, 1 ], [ 3, 1, 3, 1, 1, 1, 3, 1, 3, 1, 3, 3, 1, -2, 1, 3, 3 ], 
          [ 3, 1, 3, 1, 1, 1, 3, 1, 3, 1, 3, 3, 1, 1, -2, 3, 1 ], [ 1, 1, 1, 3, 3, 3, 1, 3, 3, 3, 1, 3, 3, 3, 3, -2, 3 ], 
          [ 3, 3, 1, 1, 3, 3, 1, 1, 3, 1, 1, 3, 1, 3, 1, 3, -2 ] ] ], 
  [ [ 0, 436 ], [ [ -2, 1, 3, 3, 3, 3, 3, 3, 1, 3, 1, 3, 1, 1, 3, 1, 1 ], [ 1, -2, 3, 3, 1, 1, 3, 3, 3, 1, 1, 3, 1, 3, 1, 3, 3 ], 
          [ 3, 3, -2, 3, 3, 3, 1, 3, 3, 1, 1, 3, 1, 1, 1, 3, 3 ], [ 3, 3, 3, -2, 1, 3, 1, 1, 3, 3, 3, 1, 3, 3, 3, 1, 1 ], 
          [ 3, 1, 3, 1, -2, 1, 3, 3, 1, 3, 3, 1, 3, 3, 1, 3, 1 ], [ 3, 1, 3, 3, 1, -2, 3, 3, 1, 1, 3, 1, 1, 3, 1, 3, 3 ], 
          [ 3, 3, 1, 1, 3, 3, -2, 1, 3, 1, 1, 1, 3, 3, 3, 1, 1 ], [ 3, 3, 3, 1, 3, 3, 1, -2, 3, 1, 3, 1, 3, 3, 3, 1, 1 ], 
          [ 1, 3, 3, 3, 1, 1, 3, 3, -2, 3, 3, 1, 3, 1, 3, 1, 1 ], [ 3, 1, 1, 3, 3, 1, 1, 1, 3, -2, 1, 3, 1, 3, 1, 3, 3 ], 
          [ 1, 1, 1, 3, 3, 3, 1, 3, 3, 1, -2, 3, 1, 1, 1, 3, 3 ], [ 3, 3, 3, 1, 1, 1, 1, 1, 1, 3, 3, -2, 3, 3, 3, 1, 1 ], 
          [ 1, 1, 1, 3, 3, 1, 3, 3, 3, 1, 1, 3, -2, 1, 1, 3, 3 ], [ 1, 3, 1, 3, 3, 3, 3, 3, 1, 3, 1, 3, 1, -2, 1, 1, 3 ], 
          [ 3, 1, 1, 3, 1, 1, 3, 3, 3, 1, 1, 3, 1, 1, -2, 3, 3 ], [ 1, 3, 3, 1, 3, 3, 1, 1, 1, 3, 3, 1, 3, 1, 3, -2, 1 ], 
          [ 1, 3, 3, 1, 1, 3, 1, 1, 1, 3, 3, 1, 3, 3, 3, 1, -2 ] ] ], [ [ 0, 333 ], [ [ -2, 1, 3, 3, 3, 3, 3, 3, 1, 3, 1, 1, 1, 1, 1, 3, 1 ], 
          [ 1, -2, 3, 3, 1, 1, 3, 3, 3, 1, 1, 3, 3, 3, 1, 3, 3 ], [ 3, 3, -2, 3, 3, 3, 1, 3, 3, 1, 1, 3, 1, 1, 3, 1, 1 ], 
          [ 3, 3, 3, -2, 1, 3, 1, 1, 3, 3, 3, 1, 3, 3, 3, 1, 3 ], [ 3, 1, 3, 1, -2, 1, 3, 3, 1, 3, 3, 3, 3, 3, 1, 3, 3 ], 
          [ 3, 1, 3, 3, 1, -2, 3, 3, 1, 1, 3, 3, 3, 3, 1, 3, 3 ], [ 3, 3, 1, 1, 3, 3, -2, 1, 3, 1, 1, 3, 1, 3, 3, 3, 3 ], 
          [ 3, 3, 3, 1, 3, 3, 1, -2, 3, 1, 3, 1, 3, 3, 3, 1, 3 ], [ 1, 3, 3, 3, 1, 1, 3, 3, -2, 3, 3, 1, 1, 1, 1, 3, 1 ], 
          [ 3, 1, 1, 3, 3, 1, 1, 1, 3, -2, 1, 3, 3, 3, 3, 1, 3 ], [ 1, 1, 1, 3, 3, 3, 1, 3, 3, 1, -2, 3, 1, 1, 3, 3, 3 ], 
          [ 1, 3, 3, 1, 3, 3, 3, 1, 1, 3, 3, -2, 3, 1, 3, 1, 1 ], [ 1, 3, 1, 3, 3, 3, 1, 3, 1, 3, 1, 3, -2, 1, 1, 3, 1 ], 
          [ 1, 3, 1, 3, 3, 3, 3, 3, 1, 3, 1, 1, 1, -2, 3, 1, 1 ], [ 1, 1, 3, 3, 1, 1, 3, 3, 1, 3, 3, 3, 1, 3, -2, 3, 1 ], 
          [ 3, 3, 1, 1, 3, 3, 3, 1, 3, 1, 3, 1, 3, 1, 3, -2, 1 ], [ 1, 3, 1, 3, 3, 3, 3, 3, 1, 3, 3, 1, 1, 1, 1, 1, -2 ] ] ], 
  [ [ 0, 366 ], [ [ -2, 1, 3, 3, 3, 3, 3, 3, 1, 3, 1, 1, 1, 1, 3, 1, 3 ], [ 1, -2, 3, 3, 1, 1, 3, 3, 3, 1, 1, 3, 3, 3, 3, 3, 3 ], 
          [ 3, 3, -2, 3, 3, 3, 1, 3, 3, 1, 1, 3, 1, 1, 1, 1, 1 ], [ 3, 3, 3, -2, 1, 3, 1, 1, 3, 3, 3, 1, 3, 3, 1, 3, 1 ], 
          [ 3, 1, 3, 1, -2, 1, 3, 3, 1, 3, 3, 3, 3, 3, 3, 3, 3 ], [ 3, 1, 3, 3, 1, -2, 3, 3, 1, 1, 3, 3, 3, 3, 3, 3, 3 ], 
          [ 3, 3, 1, 1, 3, 3, -2, 1, 3, 1, 1, 3, 1, 3, 1, 1, 1 ], [ 3, 3, 3, 1, 3, 3, 1, -2, 3, 1, 3, 1, 3, 3, 1, 3, 1 ], 
          [ 1, 3, 3, 3, 1, 1, 3, 3, -2, 3, 3, 1, 1, 1, 3, 1, 3 ], [ 3, 1, 1, 3, 3, 1, 1, 1, 3, -2, 1, 3, 3, 3, 1, 3, 1 ], 
          [ 1, 1, 1, 3, 3, 3, 1, 3, 3, 1, -2, 3, 1, 1, 1, 1, 1 ], [ 1, 3, 3, 1, 3, 3, 3, 1, 1, 3, 3, -2, 3, 1, 1, 1, 1 ], 
          [ 1, 3, 1, 3, 3, 3, 1, 3, 1, 3, 1, 3, -2, 1, 3, 1, 3 ], [ 1, 3, 1, 3, 3, 3, 3, 3, 1, 3, 1, 1, 1, -2, 1, 1, 1 ], 
          [ 3, 3, 1, 1, 3, 3, 1, 1, 3, 1, 1, 1, 3, 1, -2, 3, 1 ], [ 1, 3, 1, 3, 3, 3, 1, 3, 1, 3, 1, 1, 1, 1, 3, -2, 1 ], 
          [ 3, 3, 1, 1, 3, 3, 1, 1, 3, 1, 1, 1, 3, 1, 1, 1, -2 ] ] ], 
  [ [ 0, 379 ], [ [ -2, 1, 3, 3, 3, 3, 3, 3, 1, 3, 1, 1, 1, 1, 3, 1, 3 ], [ 1, -2, 3, 3, 1, 1, 3, 3, 3, 1, 1, 3, 3, 3, 3, 3, 1 ], 
          [ 3, 3, -2, 3, 3, 3, 1, 3, 3, 1, 1, 3, 1, 1, 1, 1, 3 ], [ 3, 3, 3, -2, 1, 3, 1, 1, 3, 3, 3, 1, 3, 3, 1, 3, 1 ], 
          [ 3, 1, 3, 1, -2, 1, 3, 3, 1, 3, 3, 3, 3, 3, 3, 3, 1 ], [ 3, 1, 3, 3, 1, -2, 3, 3, 1, 1, 3, 3, 3, 3, 3, 3, 1 ], 
          [ 3, 3, 1, 1, 3, 3, -2, 1, 3, 1, 1, 3, 1, 3, 1, 1, 3 ], [ 3, 3, 3, 1, 3, 3, 1, -2, 3, 1, 3, 1, 3, 3, 1, 3, 3 ], 
          [ 1, 3, 3, 3, 1, 1, 3, 3, -2, 3, 3, 1, 1, 1, 3, 1, 3 ], [ 3, 1, 1, 3, 3, 1, 1, 1, 3, -2, 1, 3, 3, 3, 1, 3, 3 ], 
          [ 1, 1, 1, 3, 3, 3, 1, 3, 3, 1, -2, 3, 1, 1, 1, 1, 3 ], [ 1, 3, 3, 1, 3, 3, 3, 1, 1, 3, 3, -2, 3, 1, 1, 1, 3 ], 
          [ 1, 3, 1, 3, 3, 3, 1, 3, 1, 3, 1, 3, -2, 1, 3, 1, 3 ], [ 1, 3, 1, 3, 3, 3, 3, 3, 1, 3, 1, 1, 1, -2, 1, 1, 3 ], 
          [ 3, 3, 1, 1, 3, 3, 1, 1, 3, 1, 1, 1, 3, 1, -2, 3, 3 ], [ 1, 3, 1, 3, 3, 3, 1, 3, 1, 3, 1, 1, 1, 1, 3, -2, 3 ], 
          [ 3, 1, 3, 1, 1, 1, 3, 3, 3, 3, 3, 3, 3, 3, 3, 3, -2 ] ] ], [ [ 0, 211 ], [ [ -2, 1, 3, 3, 3, 3, 3, 3, 1, 3, 1, 1, 1, 1, 3, 1, 3 ], 
          [ 1, -2, 3, 3, 1, 1, 3, 3, 3, 1, 1, 3, 3, 3, 3, 3, 3 ], [ 3, 3, -2, 3, 3, 3, 1, 3, 3, 1, 1, 3, 1, 1, 3, 1, 1 ], 
          [ 3, 3, 3, -2, 1, 3, 1, 1, 3, 3, 3, 1, 3, 3, 1, 3, 1 ], [ 3, 1, 3, 1, -2, 1, 3, 3, 1, 3, 3, 3, 3, 3, 1, 3, 3 ], 
          [ 3, 1, 3, 3, 1, -2, 3, 3, 1, 1, 3, 3, 3, 3, 1, 3, 3 ], [ 3, 3, 1, 1, 3, 3, -2, 1, 3, 1, 1, 3, 1, 1, 3, 3, 1 ], 
          [ 3, 3, 3, 1, 3, 3, 1, -2, 3, 1, 3, 1, 3, 3, 1, 3, 1 ], [ 1, 3, 3, 3, 1, 1, 3, 3, -2, 3, 3, 1, 1, 1, 1, 1, 3 ], 
          [ 3, 1, 1, 3, 3, 1, 1, 1, 3, -2, 1, 3, 3, 3, 3, 3, 1 ], [ 1, 1, 1, 3, 3, 3, 1, 3, 3, 1, -2, 3, 1, 1, 3, 1, 1 ], 
          [ 1, 3, 3, 1, 3, 3, 3, 1, 1, 3, 3, -2, 3, 1, 1, 1, 1 ], [ 1, 3, 1, 3, 3, 3, 1, 3, 1, 3, 1, 3, -2, 1, 3, 1, 3 ], 
          [ 1, 3, 1, 3, 3, 3, 1, 3, 1, 3, 1, 1, 1, -2, 3, 1, 1 ], [ 3, 3, 3, 1, 1, 1, 3, 1, 1, 3, 3, 1, 3, 3, -2, 1, 1 ], 
          [ 1, 3, 1, 3, 3, 3, 3, 3, 1, 3, 1, 1, 1, 1, 1, -2, 1 ], [ 3, 3, 1, 1, 3, 3, 1, 1, 3, 1, 1, 1, 3, 1, 1, 1, -2 ] ] ], 
  [ [ 0, 242 ], [ [ -2, 1, 3, 3, 3, 3, 3, 3, 1, 3, 1, 1, 1, 1, 3, 1, 3 ], [ 1, -2, 3, 3, 1, 1, 3, 3, 3, 1, 1, 3, 3, 3, 3, 3, 3 ], 
          [ 3, 3, -2, 3, 3, 3, 1, 3, 3, 1, 1, 3, 1, 1, 3, 1, 1 ], [ 3, 3, 3, -2, 1, 3, 1, 1, 3, 3, 3, 1, 3, 3, 1, 3, 1 ], 
          [ 3, 1, 3, 1, -2, 1, 3, 3, 1, 3, 3, 3, 3, 3, 1, 3, 3 ], [ 3, 1, 3, 3, 1, -2, 3, 3, 1, 1, 3, 3, 3, 3, 1, 3, 3 ], 
          [ 3, 3, 1, 1, 3, 3, -2, 1, 3, 1, 1, 3, 1, 1, 3, 3, 1 ], [ 3, 3, 3, 1, 3, 3, 1, -2, 3, 1, 3, 1, 3, 3, 1, 3, 1 ], 
          [ 1, 3, 3, 3, 1, 1, 3, 3, -2, 3, 3, 1, 1, 1, 1, 1, 3 ], [ 3, 1, 1, 3, 3, 1, 1, 1, 3, -2, 1, 3, 3, 3, 3, 3, 1 ], 
          [ 1, 1, 1, 3, 3, 3, 1, 3, 3, 1, -2, 3, 1, 1, 3, 1, 3 ], [ 1, 3, 3, 1, 3, 3, 3, 1, 1, 3, 3, -2, 3, 1, 1, 1, 1 ], 
          [ 1, 3, 1, 3, 3, 3, 1, 3, 1, 3, 1, 3, -2, 1, 3, 1, 3 ], [ 1, 3, 1, 3, 3, 3, 1, 3, 1, 3, 1, 1, 1, -2, 3, 1, 1 ], 
          [ 3, 3, 3, 1, 1, 1, 3, 1, 1, 3, 3, 1, 3, 3, -2, 1, 3 ], [ 1, 3, 1, 3, 3, 3, 3, 3, 1, 3, 1, 1, 1, 1, 1, -2, 3 ], 
          [ 3, 3, 1, 1, 3, 3, 1, 1, 3, 1, 3, 1, 3, 1, 3, 3, -2 ] ] ], 
  [ [ 0, 463 ], [ [ -2, 1, 3, 3, 3, 3, 3, 3, 1, 3, 1, 1, 3, 3, 1, 1, 1 ], [ 1, -2, 3, 3, 1, 1, 3, 3, 3, 1, 1, 3, 3, 1, 3, 3, 3 ], 
          [ 3, 3, -2, 3, 3, 3, 1, 3, 3, 1, 1, 3, 3, 1, 3, 1, 1 ], [ 3, 3, 3, -2, 1, 3, 1, 1, 3, 3, 3, 1, 1, 1, 1, 1, 3 ], 
          [ 3, 1, 3, 1, -2, 1, 3, 3, 1, 3, 3, 3, 1, 1, 3, 3, 3 ], [ 3, 1, 3, 3, 1, -2, 3, 3, 1, 1, 3, 3, 3, 1, 3, 3, 3 ], 
          [ 3, 3, 1, 1, 3, 3, -2, 1, 3, 1, 1, 3, 3, 1, 1, 1, 1 ], [ 3, 3, 3, 1, 3, 3, 1, -2, 3, 1, 3, 1, 1, 3, 1, 3, 3 ], 
          [ 1, 3, 3, 3, 1, 1, 3, 3, -2, 3, 3, 1, 1, 3, 1, 3, 1 ], [ 3, 1, 1, 3, 3, 1, 1, 1, 3, -2, 1, 3, 3, 1, 3, 3, 3 ], 
          [ 1, 1, 1, 3, 3, 3, 1, 3, 3, 1, -2, 3, 3, 1, 3, 1, 1 ], [ 1, 3, 3, 1, 3, 3, 3, 1, 1, 3, 3, -2, 1, 3, 1, 3, 3 ], 
          [ 3, 3, 3, 1, 1, 3, 3, 1, 1, 3, 3, 1, -2, 3, 1, 3, 3 ], [ 3, 1, 1, 1, 1, 1, 1, 3, 3, 1, 1, 3, 3, -2, 3, 1, 3 ], 
          [ 1, 3, 3, 1, 3, 3, 1, 1, 1, 3, 3, 1, 1, 3, -2, 1, 1 ], [ 1, 3, 1, 1, 3, 3, 1, 3, 3, 3, 1, 3, 3, 1, 1, -2, 1 ], 
          [ 1, 3, 1, 3, 3, 3, 1, 3, 1, 3, 1, 3, 3, 3, 1, 1, -2 ] ] ], [ [ 0, 413 ], [ [ -2, 1, 3, 3, 3, 3, 3, 3, 1, 3, 1, 3, 1, 3, 3, 3, 3 ], 
          [ 1, -2, 3, 3, 1, 1, 3, 3, 3, 1, 1, 3, 3, 1, 3, 1, 1 ], [ 3, 3, -2, 3, 3, 3, 1, 3, 3, 1, 1, 1, 1, 3, 1, 1, 1 ], 
          [ 3, 3, 3, -2, 1, 3, 1, 1, 3, 3, 3, 3, 3, 1, 1, 3, 3 ], [ 3, 1, 3, 1, -2, 1, 3, 3, 1, 3, 3, 3, 3, 1, 3, 3, 1 ], 
          [ 3, 1, 3, 3, 1, -2, 3, 3, 1, 1, 3, 3, 3, 1, 3, 1, 1 ], [ 3, 3, 1, 1, 3, 3, -2, 1, 3, 1, 1, 1, 3, 1, 1, 1, 1 ], 
          [ 3, 3, 3, 1, 3, 3, 1, -2, 3, 1, 3, 1, 3, 1, 1, 3, 3 ], [ 1, 3, 3, 3, 1, 1, 3, 3, -2, 3, 3, 3, 1, 3, 3, 3, 3 ], 
          [ 3, 1, 1, 3, 3, 1, 1, 1, 3, -2, 1, 1, 3, 1, 1, 1, 1 ], [ 1, 1, 1, 3, 3, 3, 1, 3, 3, 1, -2, 1, 1, 3, 1, 1, 1 ], 
          [ 3, 3, 1, 3, 3, 3, 1, 1, 3, 1, 1, -2, 3, 3, 1, 1, 1 ], [ 1, 3, 1, 3, 3, 3, 3, 3, 1, 3, 1, 3, -2, 3, 3, 3, 3 ], 
          [ 3, 1, 3, 1, 1, 1, 1, 1, 3, 1, 3, 3, 3, -2, 3, 3, 1 ], [ 3, 3, 1, 1, 3, 3, 1, 1, 3, 1, 1, 1, 3, 3, -2, 1, 3 ], 
          [ 3, 1, 1, 3, 3, 1, 1, 3, 3, 1, 1, 1, 3, 3, 1, -2, 1 ], [ 3, 1, 1, 3, 1, 1, 1, 3, 3, 1, 1, 1, 3, 1, 3, 1, -2 ] ] ], 
  [ [ 0, 403 ], [ [ -2, 1, 3, 3, 3, 3, 3, 3, 1, 3, 1, 1, 3, 1, 1, 1, 3 ], [ 1, -2, 3, 3, 1, 1, 3, 3, 3, 1, 1, 3, 3, 1, 1, 3, 1 ], 
          [ 3, 3, -2, 3, 3, 3, 1, 3, 3, 1, 1, 3, 3, 1, 1, 3, 1 ], [ 3, 3, 3, -2, 1, 3, 1, 1, 3, 3, 3, 1, 1, 3, 3, 1, 1 ], 
          [ 3, 1, 3, 1, -2, 1, 3, 3, 1, 3, 3, 1, 1, 3, 3, 3, 1 ], [ 3, 1, 3, 3, 1, -2, 3, 3, 1, 1, 3, 3, 1, 3, 1, 3, 1 ], 
          [ 3, 3, 1, 1, 3, 3, -2, 1, 3, 1, 1, 3, 3, 3, 1, 3, 1 ], [ 3, 3, 3, 1, 3, 3, 1, -2, 3, 1, 3, 1, 1, 3, 3, 1, 3 ], 
          [ 1, 3, 3, 3, 1, 1, 3, 3, -2, 3, 3, 1, 1, 3, 3, 1, 3 ], [ 3, 1, 1, 3, 3, 1, 1, 1, 3, -2, 1, 3, 3, 3, 1, 3, 1 ], 
          [ 1, 1, 1, 3, 3, 3, 1, 3, 3, 1, -2, 3, 3, 1, 1, 3, 3 ], [ 1, 3, 3, 1, 1, 3, 3, 1, 1, 3, 3, -2, 1, 3, 3, 1, 3 ], 
          [ 3, 3, 3, 1, 1, 1, 3, 1, 1, 3, 3, 1, -2, 3, 3, 1, 3 ], [ 1, 1, 1, 3, 3, 3, 3, 3, 3, 3, 1, 3, 3, -2, 1, 1, 3 ], 
          [ 1, 1, 1, 3, 3, 1, 1, 3, 3, 1, 1, 3, 3, 1, -2, 3, 1 ], [ 1, 3, 3, 1, 3, 3, 3, 1, 1, 3, 3, 1, 1, 1, 3, -2, 3 ], 
          [ 3, 1, 1, 1, 1, 1, 1, 3, 3, 1, 3, 3, 3, 3, 1, 3, -2 ] ] ], 
  [ [ 0, 594 ], [ [ -2, 1, 3, 3, 3, 3, 3, 3, 1, 3, 1, 1, 3, 3, 1, 1, 1 ], [ 1, -2, 3, 3, 1, 1, 3, 3, 3, 1, 1, 1, 1, 1, 1, 3, 3 ], 
          [ 3, 3, -2, 3, 3, 3, 1, 3, 3, 1, 1, 3, 3, 1, 3, 3, 1 ], [ 3, 3, 3, -2, 1, 3, 1, 1, 3, 3, 3, 1, 1, 3, 1, 3, 3 ], 
          [ 3, 1, 3, 1, -2, 1, 3, 3, 1, 3, 3, 1, 1, 1, 3, 3, 3 ], [ 3, 1, 3, 3, 1, -2, 3, 3, 1, 1, 3, 3, 1, 1, 3, 3, 3 ], 
          [ 3, 3, 1, 1, 3, 3, -2, 1, 3, 1, 1, 3, 1, 1, 1, 3, 3 ], [ 3, 3, 3, 1, 3, 3, 1, -2, 3, 1, 3, 3, 1, 3, 1, 1, 3 ], 
          [ 1, 3, 3, 3, 1, 1, 3, 3, -2, 3, 3, 1, 3, 3, 3, 1, 1 ], [ 3, 1, 1, 3, 3, 1, 1, 1, 3, -2, 1, 3, 1, 1, 1, 3, 3 ], 
          [ 1, 1, 1, 3, 3, 3, 1, 3, 3, 1, -2, 1, 3, 1, 1, 3, 1 ], [ 1, 1, 3, 1, 1, 3, 3, 3, 1, 3, 1, -2, 3, 3, 1, 3, 1 ], 
          [ 3, 1, 3, 1, 1, 1, 1, 1, 3, 1, 3, 3, -2, 1, 1, 3, 3 ], [ 3, 1, 1, 3, 1, 1, 1, 3, 3, 1, 1, 3, 1, -2, 3, 3, 3 ], 
          [ 1, 1, 3, 1, 3, 3, 1, 1, 3, 1, 1, 1, 1, 3, -2, 3, 3 ], [ 1, 3, 3, 3, 3, 3, 3, 1, 1, 3, 3, 3, 3, 3, 3, -2, 1 ], 
          [ 1, 3, 1, 3, 3, 3, 3, 3, 1, 3, 1, 1, 3, 3, 3, 1, -2 ] ] ], [ [ 0, 250 ], [ [ -2, 1, 3, 3, 3, 3, 3, 3, 1, 3, 3, 3, 1, 3, 1, 3, 3 ], 
          [ 1, -2, 3, 3, 1, 1, 3, 3, 3, 1, 1, 3, 3, 1, 1, 3, 3 ], [ 3, 3, -2, 3, 3, 3, 1, 3, 3, 1, 1, 3, 1, 3, 3, 1, 1 ], 
          [ 3, 3, 3, -2, 1, 3, 1, 1, 3, 3, 3, 1, 3, 1, 3, 1, 1 ], [ 3, 1, 3, 1, -2, 1, 3, 3, 1, 3, 1, 1, 3, 1, 1, 3, 3 ], 
          [ 3, 1, 3, 3, 1, -2, 3, 3, 1, 1, 1, 3, 3, 1, 1, 3, 3 ], [ 3, 3, 1, 1, 3, 3, -2, 1, 3, 1, 1, 1, 3, 1, 3, 1, 1 ], 
          [ 3, 3, 3, 1, 3, 3, 1, -2, 3, 1, 3, 1, 3, 1, 3, 1, 1 ], [ 1, 3, 3, 3, 1, 1, 3, 3, -2, 3, 3, 1, 1, 3, 1, 3, 3 ], 
          [ 3, 1, 1, 3, 3, 1, 1, 1, 3, -2, 1, 3, 3, 1, 3, 1, 1 ], [ 3, 1, 1, 3, 1, 1, 1, 3, 3, 1, -2, 3, 3, 1, 1, 3, 3 ], 
          [ 3, 3, 3, 1, 1, 3, 1, 1, 1, 3, 3, -2, 3, 3, 3, 1, 3 ], [ 1, 3, 1, 3, 3, 3, 3, 3, 1, 3, 3, 3, -2, 3, 3, 3, 1 ], 
          [ 3, 1, 3, 1, 1, 1, 1, 1, 3, 1, 1, 3, 3, -2, 1, 3, 1 ], [ 1, 1, 3, 3, 1, 1, 3, 3, 1, 3, 1, 3, 3, 1, -2, 3, 3 ], 
          [ 3, 3, 1, 1, 3, 3, 1, 1, 3, 1, 3, 1, 3, 3, 3, -2, 1 ], [ 3, 3, 1, 1, 3, 3, 1, 1, 3, 1, 3, 3, 1, 1, 3, 1, -2 ] ] ], 
  [ [ 0, 276 ], [ [ -2, 1, 3, 3, 3, 3, 3, 3, 1, 3, 3, 3, 1, 1, 3, 3, 1 ], [ 1, -2, 3, 3, 1, 1, 3, 3, 3, 1, 1, 3, 1, 3, 1, 3, 3 ], 
          [ 3, 3, -2, 3, 3, 3, 1, 3, 3, 1, 1, 3, 3, 3, 3, 1, 3 ], [ 3, 3, 3, -2, 1, 3, 1, 1, 3, 3, 3, 1, 3, 1, 1, 1, 1 ], 
          [ 3, 1, 3, 1, -2, 1, 3, 3, 1, 3, 1, 1, 1, 3, 1, 3, 1 ], [ 3, 1, 3, 3, 1, -2, 3, 3, 1, 1, 1, 1, 1, 3, 1, 3, 3 ], 
          [ 3, 3, 1, 1, 3, 3, -2, 1, 3, 1, 1, 3, 3, 1, 1, 1, 3 ], [ 3, 3, 3, 1, 3, 3, 1, -2, 3, 1, 3, 1, 3, 1, 1, 1, 1 ], 
          [ 1, 3, 3, 3, 1, 1, 3, 3, -2, 3, 3, 1, 1, 1, 3, 3, 1 ], [ 3, 1, 1, 3, 3, 1, 1, 1, 3, -2, 1, 1, 1, 3, 1, 1, 3 ], 
          [ 3, 1, 1, 3, 1, 1, 1, 3, 3, 1, -2, 3, 1, 3, 1, 3, 3 ], [ 3, 3, 3, 1, 1, 1, 3, 1, 1, 1, 3, -2, 1, 3, 1, 1, 1 ], 
          [ 1, 1, 3, 3, 1, 1, 3, 3, 1, 1, 1, 1, -2, 3, 3, 3, 1 ], [ 1, 3, 3, 1, 3, 3, 1, 1, 1, 3, 3, 3, 3, -2, 3, 3, 1 ], 
          [ 3, 1, 3, 1, 1, 1, 1, 1, 3, 1, 1, 1, 3, 3, -2, 1, 3 ], [ 3, 3, 1, 1, 3, 3, 1, 1, 3, 1, 3, 1, 3, 3, 1, -2, 3 ], 
          [ 1, 3, 3, 1, 1, 3, 3, 1, 1, 3, 3, 1, 1, 1, 3, 3, -2 ] ] ], 
  [ [ 0, 840 ], [ [ -2, 1, 3, 3, 3, 3, 3, 3, 1, 3, 3, 1, 1, 1, 3, 1, 1 ], [ 1, -2, 3, 3, 1, 1, 3, 3, 3, 1, 1, 3, 1, 1, 1, 1, 3 ], 
          [ 3, 3, -2, 3, 3, 3, 1, 3, 3, 1, 1, 3, 3, 3, 3, 3, 3 ], [ 3, 3, 3, -2, 1, 3, 1, 1, 3, 3, 3, 1, 1, 1, 1, 3, 1 ], 
          [ 3, 1, 3, 1, -2, 1, 3, 3, 1, 3, 1, 3, 1, 1, 1, 1, 1 ], [ 3, 1, 3, 3, 1, -2, 3, 3, 1, 1, 1, 3, 1, 3, 1, 1, 3 ], 
          [ 3, 3, 1, 1, 3, 3, -2, 1, 3, 1, 1, 3, 3, 3, 1, 3, 3 ], [ 3, 3, 3, 1, 3, 3, 1, -2, 3, 1, 3, 1, 3, 1, 1, 3, 1 ], 
          [ 1, 3, 3, 3, 1, 1, 3, 3, -2, 3, 3, 3, 1, 3, 3, 1, 1 ], [ 3, 1, 1, 3, 3, 1, 1, 1, 3, -2, 1, 3, 3, 3, 1, 3, 3 ], 
          [ 3, 1, 1, 3, 1, 1, 1, 3, 3, 1, -2, 3, 3, 3, 1, 3, 3 ], [ 1, 3, 3, 1, 3, 3, 3, 1, 3, 3, 3, -2, 3, 1, 3, 3, 1 ], 
          [ 1, 1, 3, 1, 1, 1, 3, 3, 1, 3, 3, 3, -2, 1, 1, 1, 1 ], [ 1, 1, 3, 1, 1, 3, 3, 1, 3, 3, 3, 1, 1, -2, 1, 1, 1 ], 
          [ 3, 1, 3, 1, 1, 1, 1, 1, 3, 1, 1, 3, 1, 1, -2, 1, 1 ], [ 1, 1, 3, 3, 1, 1, 3, 3, 1, 3, 3, 3, 1, 1, 1, -2, 1 ], 
          [ 1, 3, 3, 1, 1, 3, 3, 1, 1, 3, 3, 1, 1, 1, 1, 1, -2 ] ] ], [ [ 0, 665 ], [ [ -2, 1, 3, 3, 3, 3, 3, 3, 1, 3, 3, 1, 3, 1, 3, 3, 3 ], 
          [ 1, -2, 3, 3, 1, 1, 3, 3, 3, 1, 1, 1, 1, 3, 3, 3, 3 ], [ 3, 3, -2, 3, 3, 3, 1, 3, 3, 1, 1, 3, 3, 1, 3, 1, 3 ], 
          [ 3, 3, 3, -2, 1, 3, 1, 1, 3, 3, 3, 3, 1, 3, 1, 3, 1 ], [ 3, 1, 3, 1, -2, 1, 3, 3, 1, 3, 1, 1, 1, 3, 1, 3, 1 ], 
          [ 3, 1, 3, 3, 1, -2, 3, 3, 1, 1, 1, 1, 1, 3, 1, 1, 3 ], [ 3, 3, 1, 1, 3, 3, -2, 1, 3, 1, 1, 3, 1, 1, 3, 3, 1 ], 
          [ 3, 3, 3, 1, 3, 3, 1, -2, 3, 1, 3, 3, 1, 3, 1, 1, 1 ], [ 1, 3, 3, 3, 1, 1, 3, 3, -2, 3, 3, 1, 3, 1, 1, 1, 1 ], 
          [ 3, 1, 1, 3, 3, 1, 1, 1, 3, -2, 1, 3, 1, 3, 3, 1, 3 ], [ 3, 1, 1, 3, 1, 1, 1, 3, 3, 1, -2, 3, 1, 3, 3, 3, 3 ], 
          [ 1, 1, 3, 3, 1, 1, 3, 3, 1, 3, 3, -2, 1, 1, 1, 3, 1 ], [ 3, 1, 3, 1, 1, 1, 1, 1, 3, 1, 1, 1, -2, 3, 1, 3, 1 ], 
          [ 1, 3, 1, 3, 3, 3, 1, 3, 1, 3, 3, 1, 3, -2, 3, 3, 1 ], [ 3, 3, 3, 1, 1, 1, 3, 1, 1, 3, 3, 1, 1, 3, -2, 1, 1 ], 
          [ 3, 3, 1, 3, 3, 1, 3, 1, 1, 1, 3, 3, 3, 3, 1, -2, 3 ], [ 3, 3, 3, 1, 1, 3, 1, 1, 1, 3, 3, 1, 1, 1, 1, 3, -2 ] ] ], 
  [ [ 0, 486 ], [ [ -2, 1, 3, 3, 3, 3, 3, 3, 1, 3, 3, 3, 3, 1, 3, 1, 3 ], [ 1, -2, 3, 3, 1, 1, 3, 3, 3, 1, 1, 1, 3, 1, 3, 1, 1 ], 
          [ 3, 3, -2, 3, 3, 3, 1, 3, 3, 1, 1, 1, 1, 1, 1, 3, 3 ], [ 3, 3, 3, -2, 1, 3, 1, 1, 3, 3, 3, 1, 1, 3, 1, 1, 1 ], 
          [ 3, 1, 3, 1, -2, 1, 3, 3, 1, 3, 1, 1, 3, 3, 1, 3, 1 ], [ 3, 1, 3, 3, 1, -2, 3, 3, 1, 1, 1, 1, 3, 3, 3, 3, 1 ], 
          [ 3, 3, 1, 1, 3, 3, -2, 1, 3, 1, 1, 1, 1, 1, 1, 1, 3 ], [ 3, 3, 3, 1, 3, 3, 1, -2, 3, 1, 3, 3, 1, 3, 3, 1, 1 ], 
          [ 1, 3, 3, 3, 1, 1, 3, 3, -2, 3, 3, 3, 3, 3, 3, 3, 3 ], [ 3, 1, 1, 3, 3, 1, 1, 1, 3, -2, 1, 1, 1, 1, 3, 1, 1 ], 
          [ 3, 1, 1, 3, 1, 1, 1, 3, 3, 1, -2, 1, 3, 1, 1, 3, 1 ], [ 3, 1, 1, 1, 1, 1, 1, 3, 3, 1, 1, -2, 1, 1, 1, 1, 1 ], 
          [ 3, 3, 1, 1, 3, 3, 1, 1, 3, 1, 3, 1, -2, 1, 1, 1, 3 ], [ 1, 1, 1, 3, 3, 3, 1, 3, 3, 1, 1, 1, 1, -2, 1, 1, 3 ], 
          [ 3, 3, 1, 1, 1, 3, 1, 3, 3, 3, 1, 1, 1, 1, -2, 3, 3 ], [ 1, 1, 3, 1, 3, 3, 1, 1, 3, 1, 3, 1, 1, 1, 3, -2, 1 ], 
          [ 3, 1, 3, 1, 1, 1, 3, 1, 3, 1, 1, 1, 3, 3, 3, 1, -2 ] ] ], 
  [ [ 0, 298 ], [ [ -2, 1, 3, 3, 3, 3, 3, 3, 1, 3, 3, 3, 3, 1, 1, 3, 1 ], [ 1, -2, 3, 3, 1, 1, 3, 3, 3, 1, 1, 1, 3, 1, 1, 1, 1 ], 
          [ 3, 3, -2, 3, 3, 3, 1, 3, 3, 1, 1, 1, 1, 3, 1, 3, 3 ], [ 3, 3, 3, -2, 1, 3, 1, 1, 3, 3, 3, 1, 1, 3, 3, 1, 1 ], 
          [ 3, 1, 3, 1, -2, 1, 3, 3, 1, 3, 1, 1, 3, 1, 3, 1, 1 ], [ 3, 1, 3, 3, 1, -2, 3, 3, 1, 1, 1, 1, 3, 1, 3, 1, 1 ], 
          [ 3, 3, 1, 1, 3, 3, -2, 1, 3, 1, 1, 1, 1, 3, 1, 3, 3 ], [ 3, 3, 3, 1, 3, 3, 1, -2, 3, 1, 3, 3, 1, 3, 3, 1, 3 ], 
          [ 1, 3, 3, 3, 1, 1, 3, 3, -2, 3, 3, 3, 3, 1, 3, 3, 1 ], [ 3, 1, 1, 3, 3, 1, 1, 1, 3, -2, 1, 1, 1, 3, 1, 1, 3 ], 
          [ 3, 1, 1, 3, 1, 1, 1, 3, 3, 1, -2, 1, 3, 3, 1, 3, 3 ], [ 3, 1, 1, 1, 1, 1, 1, 3, 3, 1, 1, -2, 1, 3, 1, 1, 1 ], 
          [ 3, 3, 1, 1, 3, 3, 1, 1, 3, 1, 3, 1, -2, 3, 1, 1, 3 ], [ 1, 1, 3, 3, 1, 1, 3, 3, 1, 3, 3, 3, 3, -2, 3, 1, 1 ], 
          [ 1, 1, 1, 3, 3, 3, 1, 3, 3, 1, 1, 1, 1, 3, -2, 3, 3 ], [ 3, 1, 3, 1, 1, 1, 3, 1, 3, 1, 3, 1, 1, 1, 3, -2, 1 ], 
          [ 1, 1, 3, 1, 1, 1, 3, 3, 1, 3, 3, 1, 3, 1, 3, 1, -2 ] ] ], [ [ 0, 210 ], [ [ -2, 1, 3, 3, 3, 3, 3, 3, 1, 3, 3, 3, 3, 1, 1, 1, 1 ], 
          [ 1, -2, 3, 3, 1, 1, 3, 3, 3, 1, 1, 1, 3, 3, 1, 3, 1 ], [ 3, 3, -2, 3, 3, 3, 1, 3, 3, 1, 1, 1, 1, 1, 3, 1, 3 ], 
          [ 3, 3, 3, -2, 1, 3, 1, 1, 3, 3, 3, 1, 1, 3, 3, 3, 3 ], [ 3, 1, 3, 1, -2, 1, 3, 3, 1, 3, 1, 1, 3, 3, 1, 3, 1 ], 
          [ 3, 1, 3, 3, 1, -2, 3, 3, 1, 1, 1, 1, 3, 3, 1, 3, 1 ], [ 3, 3, 1, 1, 3, 3, -2, 1, 3, 1, 1, 1, 1, 1, 3, 1, 3 ], 
          [ 3, 3, 3, 1, 3, 3, 1, -2, 3, 1, 3, 3, 1, 3, 3, 3, 3 ], [ 1, 3, 3, 3, 1, 1, 3, 3, -2, 3, 3, 3, 3, 1, 1, 1, 1 ], 
          [ 3, 1, 1, 3, 3, 1, 1, 1, 3, -2, 1, 1, 1, 3, 3, 3, 3 ], [ 3, 1, 1, 3, 1, 1, 1, 3, 3, 1, -2, 1, 3, 3, 1, 1, 1 ], 
          [ 3, 1, 1, 1, 1, 1, 1, 3, 3, 1, 1, -2, 1, 3, 1, 3, 3 ], [ 3, 3, 1, 1, 3, 3, 1, 1, 3, 1, 3, 1, -2, 1, 3, 3, 3 ], 
          [ 1, 3, 1, 3, 3, 3, 1, 3, 1, 3, 3, 3, 1, -2, 3, 1, 1 ], [ 1, 1, 3, 3, 1, 1, 3, 3, 1, 3, 1, 1, 3, 3, -2, 1, 1 ], 
          [ 1, 3, 1, 3, 3, 3, 1, 3, 1, 3, 1, 3, 3, 1, 1, -2, 1 ], [ 1, 1, 3, 3, 1, 1, 3, 3, 1, 3, 1, 3, 3, 1, 1, 1, -2 ] ] ], 
  [ [ 0, 523 ], [ [ -2, 1, 3, 3, 3, 3, 3, 3, 1, 3, 3, 3, 3, 3, 1, 3, 1 ], [ 1, -2, 3, 3, 1, 1, 3, 3, 3, 1, 1, 3, 3, 3, 1, 1, 1 ], 
          [ 3, 3, -2, 3, 3, 3, 1, 3, 3, 1, 1, 1, 3, 1, 1, 3, 3 ], [ 3, 3, 3, -2, 1, 3, 1, 1, 3, 3, 3, 1, 1, 1, 3, 1, 3 ], 
          [ 3, 1, 3, 1, -2, 1, 3, 3, 1, 3, 1, 3, 1, 3, 3, 1, 1 ], [ 3, 1, 3, 3, 1, -2, 3, 3, 1, 1, 1, 3, 1, 3, 3, 1, 1 ], 
          [ 3, 3, 1, 1, 3, 3, -2, 1, 3, 1, 1, 1, 1, 1, 3, 3, 3 ], [ 3, 3, 3, 1, 3, 3, 1, -2, 3, 1, 3, 1, 1, 1, 3, 1, 3 ], 
          [ 1, 3, 3, 3, 1, 1, 3, 3, -2, 3, 3, 3, 1, 3, 3, 3, 1 ], [ 3, 1, 1, 3, 3, 1, 1, 1, 3, -2, 1, 1, 1, 3, 1, 1, 3 ], 
          [ 3, 1, 1, 3, 1, 1, 1, 3, 3, 1, -2, 3, 1, 3, 1, 1, 3 ], [ 3, 3, 1, 1, 3, 3, 1, 1, 3, 1, 3, -2, 1, 1, 3, 3, 3 ], 
          [ 3, 3, 3, 1, 1, 1, 1, 1, 1, 1, 1, 1, -2, 3, 3, 1, 3 ], [ 3, 3, 1, 1, 3, 3, 1, 1, 3, 3, 3, 1, 3, -2, 3, 3, 3 ], 
          [ 1, 1, 1, 3, 3, 3, 3, 3, 3, 1, 1, 3, 3, 3, -2, 1, 3 ], [ 3, 1, 3, 1, 1, 1, 3, 1, 3, 1, 1, 3, 1, 3, 1, -2, 3 ], 
          [ 1, 1, 3, 3, 1, 1, 3, 3, 1, 3, 3, 3, 3, 3, 3, 3, -2 ] ] ], 
  [ [ 0, 458 ], [ [ -2, 1, 3, 3, 3, 3, 3, 3, 1, 3, 3, 3, 3, 1, 3, 1, 1 ], [ 1, -2, 3, 3, 1, 1, 3, 3, 3, 1, 1, 3, 1, 1, 3, 1, 3 ], 
          [ 3, 3, -2, 3, 3, 3, 1, 3, 3, 1, 1, 1, 3, 3, 1, 3, 1 ], [ 3, 3, 3, -2, 1, 3, 1, 1, 3, 3, 3, 1, 1, 3, 1, 3, 3 ], 
          [ 3, 1, 3, 1, -2, 1, 3, 3, 1, 3, 1, 3, 1, 1, 3, 1, 3 ], [ 3, 1, 3, 3, 1, -2, 3, 3, 1, 1, 1, 3, 1, 1, 3, 1, 3 ], 
          [ 3, 3, 1, 1, 3, 3, -2, 1, 3, 1, 1, 1, 1, 3, 1, 3, 1 ], [ 3, 3, 3, 1, 3, 3, 1, -2, 3, 1, 3, 1, 1, 3, 1, 3, 3 ], 
          [ 1, 3, 3, 3, 1, 1, 3, 3, -2, 3, 3, 3, 3, 1, 3, 1, 1 ], [ 3, 1, 1, 3, 3, 1, 1, 1, 3, -2, 1, 1, 1, 3, 3, 3, 3 ], 
          [ 3, 1, 1, 3, 1, 1, 1, 3, 3, 1, -2, 3, 1, 3, 3, 1, 3 ], [ 3, 3, 1, 1, 3, 3, 1, 1, 3, 1, 3, -2, 1, 3, 1, 3, 1 ], 
          [ 3, 1, 3, 1, 1, 1, 1, 1, 3, 1, 1, 1, -2, 1, 3, 1, 3 ], [ 1, 1, 3, 3, 1, 1, 3, 3, 1, 3, 3, 3, 1, -2, 3, 1, 1 ], 
          [ 3, 3, 1, 1, 3, 3, 1, 1, 3, 3, 3, 1, 3, 3, -2, 3, 1 ], [ 1, 1, 3, 3, 1, 1, 3, 3, 1, 3, 1, 3, 1, 1, 3, -2, 3 ], 
          [ 1, 3, 1, 3, 3, 3, 1, 3, 1, 3, 3, 1, 3, 1, 1, 3, -2 ] ] ], [ [ 0, 318 ], [ [ -2, 1, 3, 3, 3, 3, 3, 3, 1, 3, 3, 3, 3, 1, 1, 1, 1 ], 
          [ 1, -2, 3, 3, 1, 1, 3, 3, 3, 1, 1, 3, 1, 3, 1, 3, 1 ], [ 3, 3, -2, 3, 3, 3, 1, 3, 3, 1, 1, 1, 3, 1, 3, 3, 1 ], 
          [ 3, 3, 3, -2, 1, 3, 1, 1, 3, 3, 3, 1, 1, 3, 3, 3, 3 ], [ 3, 1, 3, 1, -2, 1, 3, 3, 1, 3, 1, 3, 1, 3, 1, 3, 3 ], 
          [ 3, 1, 3, 3, 1, -2, 3, 3, 1, 1, 1, 3, 1, 3, 1, 3, 1 ], [ 3, 3, 1, 1, 3, 3, -2, 1, 3, 1, 1, 1, 1, 1, 3, 3, 3 ], 
          [ 3, 3, 3, 1, 3, 3, 1, -2, 3, 1, 3, 1, 1, 3, 3, 1, 3 ], [ 1, 3, 3, 3, 1, 1, 3, 3, -2, 3, 3, 3, 3, 1, 1, 1, 3 ], 
          [ 3, 1, 1, 3, 3, 1, 1, 1, 3, -2, 1, 1, 1, 3, 3, 3, 1 ], [ 3, 1, 1, 3, 1, 1, 1, 3, 3, 1, -2, 3, 1, 3, 1, 3, 1 ], 
          [ 3, 3, 1, 1, 3, 3, 1, 1, 3, 1, 3, -2, 1, 1, 3, 1, 3 ], [ 3, 1, 3, 1, 1, 1, 1, 1, 3, 1, 1, 1, -2, 3, 3, 3, 3 ], 
          [ 1, 3, 1, 3, 3, 3, 1, 3, 1, 3, 3, 1, 3, -2, 1, 1, 3 ], [ 1, 1, 3, 3, 1, 1, 3, 3, 1, 3, 1, 3, 3, 1, -2, 1, 1 ], 
          [ 1, 3, 3, 3, 3, 3, 3, 1, 1, 3, 3, 1, 3, 1, 1, -2, 3 ], [ 1, 1, 1, 3, 3, 1, 3, 3, 3, 1, 1, 3, 3, 3, 1, 3, -2 ] ] ], 
  [ [ 0, 305 ], [ [ -2, 1, 3, 3, 3, 3, 3, 3, 1, 3, 3, 3, 3, 3, 3, 1, 3 ], [ 1, -2, 3, 3, 1, 1, 3, 3, 3, 1, 1, 3, 3, 3, 3, 3, 1 ], 
          [ 3, 3, -2, 3, 3, 3, 1, 3, 3, 1, 1, 1, 3, 3, 1, 3, 3 ], [ 3, 3, 3, -2, 1, 3, 1, 1, 3, 3, 3, 1, 1, 1, 3, 1, 1 ], 
          [ 3, 1, 3, 1, -2, 1, 3, 3, 1, 3, 1, 3, 1, 1, 1, 1, 1 ], [ 3, 1, 3, 3, 1, -2, 3, 3, 1, 1, 1, 3, 3, 1, 1, 3, 1 ], 
          [ 3, 3, 1, 1, 3, 3, -2, 1, 3, 1, 1, 1, 3, 3, 3, 3, 1 ], [ 3, 3, 3, 1, 3, 3, 1, -2, 3, 1, 3, 1, 1, 1, 3, 1, 1 ], 
          [ 1, 3, 3, 3, 1, 1, 3, 3, -2, 3, 3, 3, 1, 1, 1, 1, 3 ], [ 3, 1, 1, 3, 3, 1, 1, 1, 3, -2, 1, 1, 3, 3, 3, 3, 1 ], 
          [ 3, 1, 1, 3, 1, 1, 1, 3, 3, 1, -2, 3, 3, 3, 1, 3, 1 ], [ 3, 3, 1, 1, 3, 3, 1, 1, 3, 1, 3, -2, 1, 3, 3, 3, 3 ], 
          [ 3, 3, 3, 1, 1, 3, 3, 1, 1, 3, 3, 1, -2, 1, 1, 1, 3 ], [ 3, 3, 3, 1, 1, 1, 3, 1, 1, 3, 3, 3, 1, -2, 1, 1, 1 ], 
          [ 3, 3, 1, 3, 1, 1, 3, 3, 1, 3, 1, 3, 1, 1, -2, 1, 3 ], [ 1, 3, 3, 1, 1, 3, 3, 1, 1, 3, 3, 3, 1, 1, 1, -2, 3 ], 
          [ 3, 1, 3, 1, 1, 1, 1, 1, 3, 1, 1, 3, 3, 1, 3, 3, -2 ] ] ], 
  [ [ 0, 316 ], [ [ -2, 1, 3, 3, 3, 3, 3, 3, 1, 3, 3, 3, 3, 1, 1, 3, 3 ], [ 1, -2, 3, 3, 1, 1, 3, 3, 3, 1, 1, 3, 1, 1, 3, 3, 3 ], 
          [ 3, 3, -2, 3, 3, 3, 1, 3, 3, 1, 1, 1, 1, 3, 1, 1, 1 ], [ 3, 3, 3, -2, 1, 3, 1, 1, 3, 3, 3, 1, 3, 1, 3, 1, 3 ], 
          [ 3, 1, 3, 1, -2, 1, 3, 3, 1, 3, 1, 3, 1, 1, 3, 3, 1 ], [ 3, 1, 3, 3, 1, -2, 3, 3, 1, 1, 1, 3, 1, 3, 3, 3, 1 ], 
          [ 3, 3, 1, 1, 3, 3, -2, 1, 3, 1, 1, 1, 3, 3, 1, 1, 3 ], [ 3, 3, 3, 1, 3, 3, 1, -2, 3, 1, 3, 1, 3, 3, 1, 1, 3 ], 
          [ 1, 3, 3, 3, 1, 1, 3, 3, -2, 3, 3, 3, 3, 1, 1, 3, 1 ], [ 3, 1, 1, 3, 3, 1, 1, 1, 3, -2, 1, 1, 1, 3, 1, 1, 3 ], 
          [ 3, 1, 1, 3, 1, 1, 1, 3, 3, 1, -2, 3, 1, 3, 3, 3, 1 ], [ 3, 3, 1, 1, 3, 3, 1, 1, 3, 1, 3, -2, 3, 3, 1, 1, 3 ], 
          [ 3, 1, 1, 3, 1, 1, 3, 3, 3, 1, 1, 3, -2, 3, 3, 1, 1 ], [ 1, 1, 3, 1, 1, 3, 3, 3, 1, 3, 3, 3, 3, -2, 3, 3, 3 ], 
          [ 1, 3, 1, 3, 3, 3, 1, 1, 1, 1, 3, 1, 3, 3, -2, 1, 3 ], [ 3, 3, 1, 1, 3, 3, 1, 1, 3, 1, 3, 1, 1, 3, 1, -2, 3 ], 
          [ 3, 3, 1, 3, 1, 1, 3, 3, 1, 3, 1, 3, 1, 3, 3, 3, -2 ] ] ], [ [ 0, 443 ], [ [ -2, 1, 3, 3, 3, 3, 3, 3, 1, 3, 3, 1, 1, 1, 3, 3, 3 ], 
          [ 1, -2, 3, 3, 1, 1, 3, 3, 3, 1, 1, 1, 1, 3, 3, 3, 1 ], [ 3, 3, -2, 3, 3, 3, 1, 3, 3, 1, 1, 1, 3, 3, 1, 3, 3 ], 
          [ 3, 3, 3, -2, 1, 3, 1, 1, 3, 3, 3, 3, 3, 1, 1, 1, 1 ], [ 3, 1, 3, 1, -2, 1, 3, 3, 1, 3, 1, 3, 1, 3, 3, 1, 1 ], 
          [ 3, 1, 3, 3, 1, -2, 3, 3, 1, 1, 1, 3, 1, 3, 3, 1, 1 ], [ 3, 3, 1, 1, 3, 3, -2, 1, 3, 1, 1, 3, 3, 1, 1, 3, 1 ], 
          [ 3, 3, 3, 1, 3, 3, 1, -2, 3, 1, 3, 3, 3, 1, 1, 1, 1 ], [ 1, 3, 3, 3, 1, 1, 3, 3, -2, 3, 3, 3, 1, 1, 3, 1, 3 ], 
          [ 3, 1, 1, 3, 3, 1, 1, 1, 3, -2, 1, 3, 3, 3, 1, 3, 1 ], [ 3, 1, 1, 3, 1, 1, 1, 3, 3, 1, -2, 3, 3, 3, 3, 3, 1 ], 
          [ 1, 1, 1, 3, 3, 3, 3, 3, 3, 3, 3, -2, 1, 3, 3, 3, 3 ], [ 1, 1, 3, 3, 1, 1, 3, 3, 1, 3, 3, 1, -2, 3, 3, 3, 1 ], 
          [ 1, 3, 3, 1, 3, 3, 1, 1, 1, 3, 3, 3, 3, -2, 1, 1, 3 ], [ 3, 3, 1, 1, 3, 3, 1, 1, 3, 1, 3, 3, 3, 1, -2, 1, 3 ], 
          [ 3, 3, 3, 1, 1, 1, 3, 1, 1, 3, 3, 3, 3, 1, 1, -2, 3 ], [ 3, 1, 3, 1, 1, 1, 1, 1, 3, 1, 1, 3, 1, 3, 3, 3, -2 ] ] ], 
  [ [ 0, 845 ], [ [ -2, 1, 3, 3, 3, 3, 3, 3, 1, 3, 3, 1, 1, 3, 3, 1, 1 ], [ 1, -2, 3, 3, 1, 1, 3, 3, 3, 1, 1, 1, 1, 1, 3, 1, 1 ], 
          [ 3, 3, -2, 3, 3, 3, 1, 3, 3, 1, 1, 1, 3, 1, 1, 1, 3 ], [ 3, 3, 3, -2, 1, 3, 1, 1, 3, 3, 3, 3, 3, 3, 1, 3, 3 ], 
          [ 3, 1, 3, 1, -2, 1, 3, 3, 1, 3, 1, 3, 1, 3, 3, 3, 1 ], [ 3, 1, 3, 3, 1, -2, 3, 3, 1, 1, 1, 3, 1, 1, 3, 1, 1 ], 
          [ 3, 3, 1, 1, 3, 3, -2, 1, 3, 1, 1, 3, 3, 1, 1, 1, 3 ], [ 3, 3, 3, 1, 3, 3, 1, -2, 3, 1, 3, 3, 3, 3, 1, 3, 3 ], 
          [ 1, 3, 3, 3, 1, 1, 3, 3, -2, 3, 3, 3, 1, 3, 3, 3, 1 ], [ 3, 1, 1, 3, 3, 1, 1, 1, 3, -2, 1, 3, 3, 1, 1, 1, 3 ], 
          [ 3, 1, 1, 3, 1, 1, 1, 3, 3, 1, -2, 3, 3, 1, 3, 1, 1 ], [ 1, 1, 1, 3, 3, 3, 3, 3, 3, 3, 3, -2, 1, 1, 1, 1, 1 ], 
          [ 1, 1, 3, 3, 1, 1, 3, 3, 1, 3, 3, 1, -2, 3, 3, 1, 1 ], [ 3, 1, 1, 3, 3, 1, 1, 3, 3, 1, 1, 1, 3, -2, 1, 1, 3 ], 
          [ 3, 3, 1, 1, 3, 3, 1, 1, 3, 1, 3, 1, 3, 1, -2, 1, 3 ], [ 1, 1, 1, 3, 3, 1, 1, 3, 3, 1, 1, 1, 1, 1, 1, -2, 1 ], 
          [ 1, 1, 3, 3, 1, 1, 3, 3, 1, 3, 1, 1, 1, 3, 3, 1, -2 ] ] ], 
  [ [ 0, 450 ], [ [ -2, 1, 3, 3, 3, 3, 3, 3, 1, 3, 3, 1, 3, 3, 3, 3, 1 ], [ 1, -2, 3, 3, 1, 1, 3, 3, 3, 1, 1, 1, 3, 1, 1, 1, 1 ], 
          [ 3, 3, -2, 3, 3, 3, 1, 3, 3, 1, 1, 1, 1, 1, 3, 3, 3 ], [ 3, 3, 3, -2, 1, 3, 1, 1, 3, 3, 3, 3, 3, 3, 1, 1, 1 ], 
          [ 3, 1, 3, 1, -2, 1, 3, 3, 1, 3, 1, 3, 1, 3, 1, 1, 1 ], [ 3, 1, 3, 3, 1, -2, 3, 3, 1, 1, 1, 3, 1, 1, 1, 1, 3 ], 
          [ 3, 3, 1, 1, 3, 3, -2, 1, 3, 1, 1, 3, 3, 1, 1, 1, 3 ], [ 3, 3, 3, 1, 3, 3, 1, -2, 3, 1, 3, 3, 3, 3, 1, 1, 1 ], 
          [ 1, 3, 3, 3, 1, 1, 3, 3, -2, 3, 3, 3, 1, 3, 3, 3, 3 ], [ 3, 1, 1, 3, 3, 1, 1, 1, 3, -2, 1, 3, 3, 1, 1, 1, 3 ], 
          [ 3, 1, 1, 3, 1, 1, 1, 3, 3, 1, -2, 3, 1, 1, 1, 1, 3 ], [ 1, 1, 1, 3, 3, 3, 3, 3, 3, 3, 3, -2, 3, 1, 3, 3, 1 ], 
          [ 3, 3, 1, 3, 1, 1, 3, 3, 1, 3, 1, 3, -2, 3, 3, 3, 3 ], [ 3, 1, 1, 3, 3, 1, 1, 3, 3, 1, 1, 1, 3, -2, 1, 1, 3 ], 
          [ 3, 1, 3, 1, 1, 1, 1, 1, 3, 1, 1, 3, 3, 1, -2, 1, 1 ], [ 3, 1, 3, 1, 1, 1, 1, 1, 3, 1, 1, 3, 3, 1, 1, -2, 1 ], 
          [ 1, 1, 3, 1, 1, 3, 3, 1, 3, 3, 3, 1, 3, 3, 1, 1, -2 ] ] ], [ [ 0, 446 ], [ [ -2, 1, 3, 3, 3, 3, 3, 3, 1, 3, 3, 1, 3, 3, 3, 3, 3 ], 
          [ 1, -2, 3, 3, 1, 1, 3, 3, 3, 1, 1, 1, 3, 1, 1, 1, 3 ], [ 3, 3, -2, 3, 3, 3, 1, 3, 3, 1, 1, 1, 1, 1, 3, 3, 3 ], 
          [ 3, 3, 3, -2, 1, 3, 1, 1, 3, 3, 3, 3, 3, 3, 1, 1, 1 ], [ 3, 1, 3, 1, -2, 1, 3, 3, 1, 3, 1, 3, 1, 3, 1, 1, 1 ], 
          [ 3, 1, 3, 3, 1, -2, 3, 3, 1, 1, 1, 3, 1, 1, 1, 1, 1 ], [ 3, 3, 1, 1, 3, 3, -2, 1, 3, 1, 1, 3, 3, 1, 1, 1, 3 ], 
          [ 3, 3, 3, 1, 3, 3, 1, -2, 3, 1, 3, 3, 3, 3, 1, 1, 1 ], [ 1, 3, 3, 3, 1, 1, 3, 3, -2, 3, 3, 3, 1, 3, 3, 3, 1 ], 
          [ 3, 1, 1, 3, 3, 1, 1, 1, 3, -2, 1, 3, 3, 1, 1, 1, 3 ], [ 3, 1, 1, 3, 1, 1, 1, 3, 3, 1, -2, 3, 1, 1, 1, 1, 3 ], 
          [ 1, 1, 1, 3, 3, 3, 3, 3, 3, 3, 3, -2, 3, 1, 3, 3, 3 ], [ 3, 3, 1, 3, 1, 1, 3, 3, 1, 3, 1, 3, -2, 3, 3, 3, 1 ], 
          [ 3, 1, 1, 3, 3, 1, 1, 3, 3, 1, 1, 1, 3, -2, 1, 1, 3 ], [ 3, 1, 3, 1, 1, 1, 1, 1, 3, 1, 1, 3, 3, 1, -2, 1, 3 ], 
          [ 3, 1, 3, 1, 1, 1, 1, 1, 3, 1, 1, 3, 3, 1, 1, -2, 1 ], [ 3, 3, 3, 1, 1, 1, 3, 1, 1, 3, 3, 3, 1, 3, 3, 1, -2 ] ] ], 
  [ [ 0, 231 ], [ [ -2, 1, 3, 3, 3, 3, 3, 3, 1, 3, 3, 1, 3, 1, 3, 3, 3 ], [ 1, -2, 3, 3, 1, 1, 3, 3, 3, 1, 1, 1, 1, 1, 3, 1, 1 ], 
          [ 3, 3, -2, 3, 3, 3, 1, 3, 3, 1, 1, 1, 1, 3, 1, 1, 3 ], [ 3, 3, 3, -2, 1, 3, 1, 1, 3, 3, 3, 3, 3, 3, 1, 1, 1 ], 
          [ 3, 1, 3, 1, -2, 1, 3, 3, 1, 3, 3, 3, 1, 1, 3, 1, 1 ], [ 3, 1, 3, 3, 1, -2, 3, 3, 1, 1, 1, 3, 1, 1, 3, 1, 1 ], 
          [ 3, 3, 1, 1, 3, 3, -2, 1, 3, 1, 1, 1, 1, 3, 1, 1, 1 ], [ 3, 3, 3, 1, 3, 3, 1, -2, 3, 1, 3, 3, 3, 3, 1, 3, 1 ], 
          [ 1, 3, 3, 3, 1, 1, 3, 3, -2, 3, 3, 3, 3, 1, 3, 3, 3 ], [ 3, 1, 1, 3, 3, 1, 1, 1, 3, -2, 1, 1, 1, 3, 1, 1, 1 ], 
          [ 3, 1, 1, 3, 3, 1, 1, 3, 3, 1, -2, 1, 1, 3, 3, 1, 1 ], [ 1, 1, 1, 3, 3, 3, 1, 3, 3, 1, 1, -2, 1, 3, 1, 1, 3 ], 
          [ 3, 1, 1, 3, 1, 1, 1, 3, 3, 1, 1, 1, -2, 1, 3, 1, 1 ], [ 1, 1, 3, 3, 1, 1, 3, 3, 1, 3, 3, 3, 1, -2, 3, 3, 1 ], 
          [ 3, 3, 1, 1, 3, 3, 1, 1, 3, 1, 3, 1, 3, 3, -2, 1, 3 ], [ 3, 1, 1, 1, 1, 1, 1, 3, 3, 1, 1, 1, 1, 3, 1, -2, 1 ], 
          [ 3, 1, 3, 1, 1, 1, 1, 1, 3, 1, 1, 3, 1, 1, 3, 1, -2 ] ] ], 
  [ [ 0, 316 ], [ [ -2, 1, 3, 3, 3, 3, 3, 3, 1, 3, 3, 1, 1, 3, 1, 1, 1 ], [ 1, -2, 3, 3, 1, 1, 3, 3, 3, 1, 1, 1, 1, 3, 1, 1, 3 ], 
          [ 3, 3, -2, 3, 3, 3, 1, 3, 3, 1, 1, 1, 1, 3, 3, 1, 1 ], [ 3, 3, 3, -2, 1, 3, 1, 1, 3, 3, 3, 3, 3, 1, 3, 3, 3 ], 
          [ 3, 1, 3, 1, -2, 1, 3, 3, 1, 3, 3, 3, 3, 1, 1, 3, 3 ], [ 3, 1, 3, 3, 1, -2, 3, 3, 1, 1, 1, 3, 3, 3, 1, 3, 3 ], 
          [ 3, 3, 1, 1, 3, 3, -2, 1, 3, 1, 1, 1, 3, 1, 3, 3, 3 ], [ 3, 3, 3, 1, 3, 3, 1, -2, 3, 1, 3, 3, 3, 1, 3, 3, 3 ], 
          [ 1, 3, 3, 3, 1, 1, 3, 3, -2, 3, 3, 3, 3, 1, 1, 3, 1 ], [ 3, 1, 1, 3, 3, 1, 1, 1, 3, -2, 1, 1, 1, 3, 3, 3, 3 ], 
          [ 3, 1, 1, 3, 3, 1, 1, 3, 3, 1, -2, 1, 1, 3, 1, 1, 1 ], [ 1, 1, 1, 3, 3, 3, 1, 3, 3, 1, 1, -2, 1, 3, 1, 1, 1 ], 
          [ 1, 1, 1, 3, 3, 3, 3, 3, 3, 1, 1, 1, -2, 3, 3, 1, 1 ], [ 3, 3, 3, 1, 1, 3, 1, 1, 1, 3, 3, 3, 3, -2, 3, 3, 3 ], 
          [ 1, 1, 3, 3, 1, 1, 3, 3, 1, 3, 1, 1, 3, 3, -2, 1, 1 ], [ 1, 1, 1, 3, 3, 3, 3, 3, 3, 3, 1, 1, 1, 3, 1, -2, 1 ], 
          [ 1, 3, 1, 3, 3, 3, 3, 3, 1, 3, 1, 1, 1, 3, 1, 1, -2 ] ] ], [ [ 0, 341 ], [ [ -2, 1, 3, 3, 3, 3, 3, 3, 1, 3, 3, 3, 1, 1, 3, 1, 1 ], 
          [ 1, -2, 3, 3, 1, 1, 3, 3, 3, 1, 1, 1, 1, 1, 3, 1, 1 ], [ 3, 3, -2, 3, 3, 3, 1, 3, 3, 1, 1, 1, 3, 1, 1, 3, 3 ], 
          [ 3, 3, 3, -2, 1, 3, 1, 1, 3, 3, 3, 3, 1, 3, 1, 3, 3 ], [ 3, 1, 3, 1, -2, 1, 3, 3, 1, 3, 3, 1, 3, 3, 3, 1, 1 ], 
          [ 3, 1, 3, 3, 1, -2, 3, 3, 1, 1, 1, 1, 3, 3, 3, 1, 1 ], [ 3, 3, 1, 1, 3, 3, -2, 1, 3, 1, 1, 1, 1, 1, 1, 3, 3 ], 
          [ 3, 3, 3, 1, 3, 3, 1, -2, 3, 1, 3, 3, 1, 3, 1, 3, 3 ], [ 1, 3, 3, 3, 1, 1, 3, 3, -2, 3, 3, 3, 3, 3, 3, 1, 1 ], 
          [ 3, 1, 1, 3, 3, 1, 1, 1, 3, -2, 1, 1, 1, 1, 1, 3, 1 ], [ 3, 1, 1, 3, 3, 1, 1, 3, 3, 1, -2, 1, 3, 1, 3, 3, 3 ], 
          [ 3, 1, 1, 3, 1, 1, 1, 3, 3, 1, 1, -2, 3, 1, 3, 1, 1 ], [ 1, 1, 3, 1, 3, 3, 1, 1, 3, 1, 3, 3, -2, 1, 1, 3, 1 ], 
          [ 1, 1, 1, 3, 3, 3, 1, 3, 3, 1, 1, 1, 1, -2, 1, 3, 1 ], [ 3, 3, 1, 1, 3, 3, 1, 1, 3, 1, 3, 3, 1, 1, -2, 3, 3 ], 
          [ 1, 1, 3, 3, 1, 1, 3, 3, 1, 3, 3, 1, 3, 3, 3, -2, 1 ], [ 1, 1, 3, 3, 1, 1, 3, 3, 1, 1, 3, 1, 1, 1, 3, 1, -2 ] ] ], 
  [ [ 0, 335 ], [ [ -2, 1, 3, 3, 3, 3, 3, 3, 1, 3, 3, 1, 1, 1, 1, 1, 3 ], [ 1, -2, 3, 3, 1, 1, 3, 3, 3, 1, 1, 3, 1, 1, 1, 3, 3 ], 
          [ 3, 3, -2, 3, 3, 3, 1, 3, 3, 1, 1, 1, 1, 1, 1, 1, 1 ], [ 3, 3, 3, -2, 1, 3, 1, 1, 3, 3, 3, 3, 3, 3, 3, 1, 1 ], 
          [ 3, 1, 3, 1, -2, 1, 3, 3, 1, 3, 3, 3, 3, 3, 3, 3, 3 ], [ 3, 1, 3, 3, 1, -2, 3, 3, 1, 1, 1, 3, 1, 3, 3, 3, 3 ], 
          [ 3, 3, 1, 1, 3, 3, -2, 1, 3, 1, 1, 3, 3, 3, 3, 3, 1 ], [ 3, 3, 3, 1, 3, 3, 1, -2, 3, 1, 3, 3, 3, 3, 3, 3, 1 ], 
          [ 1, 3, 3, 3, 1, 1, 3, 3, -2, 3, 3, 1, 3, 3, 3, 3, 3 ], [ 3, 1, 1, 3, 3, 1, 1, 1, 3, -2, 1, 3, 1, 3, 1, 3, 1 ], 
          [ 3, 1, 1, 3, 3, 1, 1, 3, 3, 1, -2, 1, 1, 1, 1, 3, 3 ], [ 1, 3, 1, 3, 3, 3, 3, 3, 1, 3, 1, -2, 1, 1, 1, 1, 3 ], 
          [ 1, 1, 1, 3, 3, 1, 3, 3, 3, 1, 1, 1, -2, 1, 1, 1, 3 ], [ 1, 1, 1, 3, 3, 3, 3, 3, 3, 3, 1, 1, 1, -2, 1, 1, 3 ], 
          [ 1, 1, 1, 3, 3, 3, 3, 3, 3, 1, 1, 1, 1, 1, -2, 1, 1 ], [ 1, 3, 1, 1, 3, 3, 3, 3, 3, 3, 3, 1, 1, 1, 1, -2, 1 ], 
          [ 3, 3, 1, 1, 3, 3, 1, 1, 3, 1, 3, 3, 3, 3, 1, 1, -2 ] ] ], 
  [ [ 0, 708 ], [ [ -2, 1, 3, 3, 3, 3, 3, 3, 1, 3, 3, 3, 3, 1, 1, 3, 3 ], [ 1, -2, 3, 3, 1, 1, 3, 3, 3, 1, 1, 3, 1, 3, 3, 1, 3 ], 
          [ 3, 3, -2, 3, 3, 3, 1, 3, 3, 1, 1, 1, 1, 3, 1, 1, 1 ], [ 3, 3, 3, -2, 1, 3, 1, 1, 3, 3, 3, 3, 3, 1, 3, 3, 1 ], 
          [ 3, 1, 3, 1, -2, 1, 3, 3, 1, 3, 3, 1, 1, 3, 3, 1, 3 ], [ 3, 1, 3, 3, 1, -2, 3, 3, 1, 1, 1, 1, 1, 3, 3, 1, 3 ], 
          [ 3, 3, 1, 1, 3, 3, -2, 1, 3, 1, 1, 3, 1, 1, 1, 3, 1 ], [ 3, 3, 3, 1, 3, 3, 1, -2, 3, 1, 3, 3, 3, 1, 3, 3, 1 ], 
          [ 1, 3, 3, 3, 1, 1, 3, 3, -2, 3, 3, 1, 3, 3, 1, 3, 3 ], [ 3, 1, 1, 3, 3, 1, 1, 1, 3, -2, 1, 3, 1, 3, 3, 1, 1 ], 
          [ 3, 1, 1, 3, 3, 1, 1, 3, 3, 1, -2, 1, 1, 3, 1, 1, 3 ], [ 3, 3, 1, 3, 1, 1, 3, 3, 1, 3, 1, -2, 1, 3, 1, 1, 3 ], 
          [ 3, 1, 1, 3, 1, 1, 1, 3, 3, 1, 1, 1, -2, 3, 1, 1, 3 ], [ 1, 3, 3, 1, 3, 3, 1, 1, 3, 3, 3, 3, 3, -2, 3, 3, 1 ], 
          [ 1, 3, 1, 3, 3, 3, 1, 3, 1, 3, 1, 1, 1, 3, -2, 3, 3 ], [ 3, 1, 1, 3, 1, 1, 3, 3, 3, 1, 1, 1, 1, 3, 3, -2, 3 ], 
          [ 3, 3, 1, 1, 3, 3, 1, 1, 3, 1, 3, 3, 3, 1, 3, 3, -2 ] ] ], [ [ 0, 599 ], [ [ -2, 1, 3, 3, 3, 3, 3, 3, 1, 3, 3, 3, 3, 3, 1, 3, 1 ], 
          [ 1, -2, 3, 3, 1, 1, 3, 3, 3, 1, 1, 3, 3, 1, 1, 1, 1 ], [ 3, 3, -2, 3, 3, 3, 1, 3, 3, 1, 1, 1, 3, 3, 3, 1, 1 ], 
          [ 3, 3, 3, -2, 1, 3, 1, 1, 3, 3, 3, 1, 1, 1, 1, 3, 3 ], [ 3, 1, 3, 1, -2, 1, 3, 3, 1, 3, 3, 1, 1, 1, 3, 1, 3 ], 
          [ 3, 1, 3, 3, 1, -2, 3, 3, 1, 1, 1, 3, 1, 1, 3, 1, 3 ], [ 3, 3, 1, 1, 3, 3, -2, 1, 3, 1, 1, 1, 3, 1, 1, 1, 3 ], 
          [ 3, 3, 3, 1, 3, 3, 1, -2, 3, 1, 3, 1, 1, 1, 1, 3, 3 ], [ 1, 3, 3, 3, 1, 1, 3, 3, -2, 3, 3, 3, 1, 3, 3, 3, 3 ], 
          [ 3, 1, 1, 3, 3, 1, 1, 1, 3, -2, 1, 3, 3, 1, 1, 1, 1 ], [ 3, 1, 1, 3, 3, 1, 1, 3, 3, 1, -2, 3, 3, 1, 1, 1, 1 ], 
          [ 3, 3, 1, 1, 1, 3, 1, 1, 3, 3, 3, -2, 1, 1, 3, 1, 3 ], [ 3, 3, 3, 1, 1, 1, 3, 1, 1, 3, 3, 1, -2, 3, 3, 3, 3 ], 
          [ 3, 1, 3, 1, 1, 1, 1, 1, 3, 1, 1, 1, 3, -2, 1, 1, 3 ], [ 1, 1, 3, 1, 3, 3, 1, 1, 3, 1, 1, 3, 3, 1, -2, 3, 1 ], 
          [ 3, 1, 1, 3, 1, 1, 1, 3, 3, 1, 1, 1, 3, 1, 3, -2, 1 ], [ 1, 1, 1, 3, 3, 3, 3, 3, 3, 1, 1, 3, 3, 3, 1, 1, -2 ] ] ], 
  [ [ 0, 403 ], [ [ -2, 1, 3, 3, 3, 3, 3, 3, 1, 3, 3, 3, 1, 1, 1, 1, 3 ], [ 1, -2, 3, 3, 1, 1, 3, 3, 3, 1, 1, 3, 3, 3, 1, 1, 3 ], 
          [ 3, 3, -2, 3, 3, 3, 1, 3, 3, 1, 1, 1, 1, 1, 1, 1, 1 ], [ 3, 3, 3, -2, 1, 3, 1, 1, 3, 3, 3, 1, 3, 3, 3, 3, 1 ], 
          [ 3, 1, 3, 1, -2, 1, 3, 3, 1, 3, 3, 3, 3, 3, 3, 3, 3 ], [ 3, 1, 3, 3, 1, -2, 3, 3, 1, 1, 1, 3, 3, 3, 3, 3, 3 ], 
          [ 3, 3, 1, 1, 3, 3, -2, 1, 3, 1, 1, 1, 1, 3, 1, 1, 1 ], [ 3, 3, 3, 1, 3, 3, 1, -2, 3, 1, 3, 1, 3, 3, 3, 3, 1 ], 
          [ 1, 3, 3, 3, 1, 1, 3, 3, -2, 3, 3, 3, 1, 1, 3, 3, 3 ], [ 3, 1, 1, 3, 3, 1, 1, 1, 3, -2, 1, 1, 3, 3, 1, 3, 1 ], 
          [ 3, 1, 1, 3, 3, 1, 1, 3, 3, 1, -2, 1, 1, 3, 1, 1, 1 ], [ 3, 3, 1, 1, 3, 3, 1, 1, 3, 1, 1, -2, 3, 3, 1, 3, 1 ], 
          [ 1, 3, 1, 3, 3, 3, 1, 3, 1, 3, 1, 3, -2, 1, 1, 1, 1 ], [ 1, 3, 1, 3, 3, 3, 3, 3, 1, 3, 3, 3, 1, -2, 1, 1, 1 ], 
          [ 1, 1, 1, 3, 3, 3, 1, 3, 3, 1, 1, 1, 1, 1, -2, 1, 1 ], [ 1, 1, 1, 3, 3, 3, 1, 3, 3, 3, 1, 3, 1, 1, 1, -2, 3 ], 
          [ 3, 3, 1, 1, 3, 3, 1, 1, 3, 1, 1, 1, 1, 1, 1, 3, -2 ] ] ], 
  [ [ 0, 726 ], [ [ -2, 1, 3, 3, 3, 3, 3, 3, 1, 3, 1, 1, 3, 1, 1, 1, 3 ], [ 1, -2, 3, 3, 1, 1, 3, 3, 3, 1, 3, 1, 3, 3, 3, 3, 1 ], 
          [ 3, 3, -2, 3, 3, 3, 1, 3, 3, 1, 3, 1, 1, 1, 3, 3, 3 ], [ 3, 3, 3, -2, 1, 3, 1, 1, 3, 3, 1, 3, 3, 3, 1, 1, 1 ], 
          [ 3, 1, 3, 1, -2, 1, 3, 3, 1, 3, 3, 3, 1, 3, 3, 1, 1 ], [ 3, 1, 3, 3, 1, -2, 3, 3, 1, 1, 3, 3, 1, 3, 3, 3, 1 ], 
          [ 3, 3, 1, 1, 3, 3, -2, 1, 3, 1, 1, 1, 3, 3, 1, 3, 1 ], [ 3, 3, 3, 1, 3, 3, 1, -2, 3, 1, 1, 3, 3, 3, 1, 1, 1 ], 
          [ 1, 3, 3, 3, 1, 1, 3, 3, -2, 3, 3, 3, 1, 1, 1, 1, 3 ], [ 3, 1, 1, 3, 3, 1, 1, 1, 3, -2, 3, 1, 3, 3, 3, 3, 1 ], 
          [ 1, 3, 3, 1, 3, 3, 1, 1, 3, 3, -2, 3, 3, 3, 1, 1, 1 ], [ 1, 1, 1, 3, 3, 3, 1, 3, 3, 1, 3, -2, 3, 1, 3, 3, 3 ], 
          [ 3, 3, 1, 3, 1, 1, 3, 3, 1, 3, 3, 3, -2, 1, 3, 3, 3 ], [ 1, 3, 1, 3, 3, 3, 3, 3, 1, 3, 3, 1, 1, -2, 1, 1, 3 ], 
          [ 1, 3, 3, 1, 3, 3, 1, 1, 1, 3, 1, 3, 3, 1, -2, 1, 1 ], [ 1, 3, 3, 1, 1, 3, 3, 1, 1, 3, 1, 3, 3, 1, 1, -2, 1 ], 
          [ 3, 1, 3, 1, 1, 1, 1, 1, 3, 1, 1, 3, 3, 3, 1, 1, -2 ] ] ], [ [ 0, 803 ], [ [ -2, 1, 3, 3, 3, 3, 3, 3, 1, 3, 3, 3, 3, 1, 3, 3, 3 ], 
          [ 1, -2, 3, 3, 1, 1, 3, 3, 3, 1, 3, 3, 1, 1, 3, 1, 3 ], [ 3, 3, -2, 3, 3, 3, 1, 3, 3, 1, 3, 1, 1, 1, 1, 3, 1 ], 
          [ 3, 3, 3, -2, 1, 3, 1, 1, 3, 3, 1, 3, 3, 3, 1, 1, 1 ], [ 3, 1, 3, 1, -2, 1, 3, 3, 1, 3, 1, 1, 1, 3, 1, 1, 3 ], 
          [ 3, 1, 3, 3, 1, -2, 3, 3, 1, 1, 3, 1, 1, 3, 3, 1, 3 ], [ 3, 3, 1, 1, 3, 3, -2, 1, 3, 1, 3, 3, 3, 1, 1, 3, 1 ], 
          [ 3, 3, 3, 1, 3, 3, 1, -2, 3, 1, 1, 3, 3, 3, 3, 3, 1 ], [ 1, 3, 3, 3, 1, 1, 3, 3, -2, 3, 1, 1, 3, 3, 3, 3, 3 ], 
          [ 3, 1, 1, 3, 3, 1, 1, 1, 3, -2, 3, 3, 1, 1, 3, 3, 1 ], [ 3, 3, 3, 1, 1, 3, 3, 1, 1, 3, -2, 1, 3, 3, 1, 1, 1 ], 
          [ 3, 3, 1, 3, 1, 1, 3, 3, 1, 3, 1, -2, 1, 3, 1, 1, 3 ], [ 3, 1, 1, 3, 1, 1, 3, 3, 3, 1, 3, 1, -2, 1, 1, 1, 3 ], 
          [ 1, 1, 1, 3, 3, 3, 1, 3, 3, 1, 3, 3, 1, -2, 1, 3, 1 ], [ 3, 3, 1, 1, 1, 3, 1, 3, 3, 3, 1, 1, 1, 1, -2, 1, 1 ], 
          [ 3, 1, 3, 1, 1, 1, 3, 3, 3, 3, 1, 1, 1, 3, 1, -2, 3 ], [ 3, 3, 1, 1, 3, 3, 1, 1, 3, 1, 1, 3, 3, 1, 1, 3, -2 ] ] ], 
  [ [ 0, 426 ], [ [ -2, 1, 3, 3, 3, 3, 3, 3, 1, 3, 3, 3, 1, 1, 3, 3, 3 ], [ 1, -2, 3, 3, 1, 1, 3, 3, 3, 1, 3, 1, 1, 1, 3, 1, 3 ], 
          [ 3, 3, -2, 3, 3, 3, 1, 3, 3, 1, 1, 3, 3, 3, 1, 3, 1 ], [ 3, 3, 3, -2, 1, 3, 1, 1, 3, 3, 3, 1, 3, 1, 1, 1, 1 ], 
          [ 3, 1, 3, 1, -2, 1, 3, 3, 1, 3, 3, 1, 1, 3, 3, 1, 1 ], [ 3, 1, 3, 3, 1, -2, 3, 3, 1, 1, 1, 1, 1, 3, 3, 1, 3 ], 
          [ 3, 3, 1, 1, 3, 3, -2, 1, 3, 1, 1, 3, 3, 1, 1, 1, 1 ], [ 3, 3, 3, 1, 3, 3, 1, -2, 3, 1, 3, 1, 3, 1, 1, 1, 3 ], 
          [ 1, 3, 3, 3, 1, 1, 3, 3, -2, 3, 1, 3, 1, 3, 3, 3, 1 ], [ 3, 1, 1, 3, 3, 1, 1, 1, 3, -2, 1, 1, 3, 1, 1, 1, 3 ], 
          [ 3, 3, 1, 3, 3, 1, 1, 3, 1, 1, -2, 3, 3, 3, 1, 3, 1 ], [ 3, 1, 3, 1, 1, 1, 3, 1, 3, 1, 3, -2, 1, 3, 1, 1, 3 ], 
          [ 1, 1, 3, 3, 1, 1, 3, 3, 1, 3, 3, 1, -2, 3, 3, 1, 3 ], [ 1, 1, 3, 1, 3, 3, 1, 1, 3, 1, 3, 3, 3, -2, 3, 1, 3 ], 
          [ 3, 3, 1, 1, 3, 3, 1, 1, 3, 1, 1, 1, 3, 3, -2, 1, 1 ], [ 3, 1, 3, 1, 1, 1, 1, 1, 3, 1, 3, 1, 1, 1, 1, -2, 3 ], 
          [ 3, 3, 1, 1, 1, 3, 1, 3, 1, 3, 1, 3, 3, 3, 1, 3, -2 ] ] ], 
  [ [ 0, 192 ], [ [ -2, 1, 3, 3, 3, 3, 3, 3, 1, 3, 3, 3, 1, 3, 1, 3, 3 ], [ 1, -2, 3, 3, 1, 1, 3, 3, 3, 1, 3, 1, 3, 3, 1, 3, 3 ], 
          [ 3, 3, -2, 3, 3, 3, 1, 3, 3, 1, 1, 3, 1, 3, 3, 1, 1 ], [ 3, 3, 3, -2, 1, 3, 1, 1, 3, 3, 3, 1, 3, 1, 3, 1, 1 ], 
          [ 3, 1, 3, 1, -2, 1, 3, 3, 1, 3, 3, 1, 3, 1, 1, 3, 1 ], [ 3, 1, 3, 3, 1, -2, 3, 3, 1, 1, 1, 1, 3, 1, 1, 3, 3 ], 
          [ 3, 3, 1, 1, 3, 3, -2, 1, 3, 1, 1, 3, 3, 3, 3, 1, 1 ], [ 3, 3, 3, 1, 3, 3, 1, -2, 3, 1, 3, 1, 3, 3, 3, 1, 3 ], 
          [ 1, 3, 3, 3, 1, 1, 3, 3, -2, 3, 1, 3, 1, 1, 1, 3, 1 ], [ 3, 1, 1, 3, 3, 1, 1, 1, 3, -2, 1, 1, 3, 3, 3, 1, 3 ], 
          [ 3, 3, 1, 3, 3, 1, 1, 3, 1, 1, -2, 3, 1, 1, 3, 1, 1 ], [ 3, 1, 3, 1, 1, 1, 3, 1, 3, 1, 3, -2, 3, 1, 1, 1, 3 ], 
          [ 1, 3, 1, 3, 3, 3, 3, 3, 1, 3, 1, 3, -2, 1, 3, 1, 1 ], [ 3, 3, 3, 1, 1, 1, 3, 3, 1, 3, 1, 1, 1, -2, 1, 1, 1 ], 
          [ 1, 1, 3, 3, 1, 1, 3, 3, 1, 3, 3, 1, 3, 1, -2, 3, 3 ], [ 3, 3, 1, 1, 3, 3, 1, 1, 3, 1, 1, 1, 1, 1, 3, -2, 1 ], 
          [ 3, 3, 1, 1, 1, 3, 1, 3, 1, 3, 1, 3, 1, 1, 3, 1, -2 ] ] ], [ [ 0, 287 ], [ [ -2, 1, 3, 3, 3, 3, 3, 3, 1, 3, 3, 3, 1, 3, 1, 3, 1 ], 
          [ 1, -2, 3, 3, 1, 1, 3, 3, 3, 1, 3, 1, 3, 3, 1, 3, 3 ], [ 3, 3, -2, 3, 3, 3, 1, 3, 3, 1, 1, 3, 1, 3, 3, 1, 1 ], 
          [ 3, 3, 3, -2, 1, 3, 1, 1, 3, 3, 3, 1, 3, 1, 3, 1, 3 ], [ 3, 1, 3, 1, -2, 1, 3, 3, 1, 3, 3, 1, 3, 1, 1, 3, 3 ], 
          [ 3, 1, 3, 3, 1, -2, 3, 3, 1, 1, 1, 1, 3, 1, 1, 3, 3 ], [ 3, 3, 1, 1, 3, 3, -2, 1, 3, 1, 1, 3, 3, 3, 3, 1, 3 ], 
          [ 3, 3, 3, 1, 3, 3, 1, -2, 3, 1, 3, 1, 3, 3, 3, 1, 3 ], [ 1, 3, 3, 3, 1, 1, 3, 3, -2, 3, 1, 3, 1, 1, 1, 3, 1 ], 
          [ 3, 1, 1, 3, 3, 1, 1, 1, 3, -2, 1, 1, 3, 3, 3, 1, 3 ], [ 3, 3, 1, 3, 3, 1, 1, 3, 1, 1, -2, 3, 1, 1, 3, 1, 1 ], 
          [ 3, 1, 3, 1, 1, 1, 3, 1, 3, 1, 3, -2, 3, 1, 1, 1, 3 ], [ 1, 3, 1, 3, 3, 3, 3, 3, 1, 3, 1, 3, -2, 1, 3, 1, 1 ], 
          [ 3, 3, 3, 1, 1, 1, 3, 3, 1, 3, 1, 1, 1, -2, 1, 1, 1 ], [ 1, 1, 3, 3, 1, 1, 3, 3, 1, 3, 3, 1, 3, 1, -2, 3, 1 ], 
          [ 3, 3, 1, 1, 3, 3, 1, 1, 3, 1, 1, 1, 1, 1, 3, -2, 1 ], [ 1, 3, 1, 3, 3, 3, 3, 3, 1, 3, 1, 3, 1, 1, 1, 1, -2 ] ] ], 
  [ [ 0, 430 ], [ [ -2, 1, 3, 3, 3, 3, 3, 3, 1, 3, 3, 3, 1, 1, 3, 3, 1 ], [ 1, -2, 3, 3, 1, 1, 3, 3, 3, 1, 3, 1, 3, 1, 1, 1, 1 ], 
          [ 3, 3, -2, 3, 3, 3, 1, 3, 3, 1, 1, 3, 1, 3, 1, 1, 3 ], [ 3, 3, 3, -2, 1, 3, 1, 1, 3, 3, 3, 1, 3, 3, 3, 3, 3 ], 
          [ 3, 1, 3, 1, -2, 1, 3, 3, 1, 3, 3, 1, 3, 1, 1, 1, 1 ], [ 3, 1, 3, 3, 1, -2, 3, 3, 1, 1, 1, 1, 3, 1, 1, 1, 1 ], 
          [ 3, 3, 1, 1, 3, 3, -2, 1, 3, 1, 1, 3, 3, 3, 3, 3, 3 ], [ 3, 3, 3, 1, 3, 3, 1, -2, 3, 1, 3, 1, 3, 3, 3, 3, 3 ], 
          [ 1, 3, 3, 3, 1, 1, 3, 3, -2, 3, 1, 3, 1, 1, 1, 3, 1 ], [ 3, 1, 1, 3, 3, 1, 1, 1, 3, -2, 1, 1, 3, 3, 1, 1, 3 ], 
          [ 3, 3, 1, 3, 3, 1, 1, 3, 1, 1, -2, 3, 1, 3, 1, 3, 3 ], [ 3, 1, 3, 1, 1, 1, 3, 1, 3, 1, 3, -2, 3, 3, 1, 1, 3 ], 
          [ 1, 3, 1, 3, 3, 3, 3, 3, 1, 3, 1, 3, -2, 1, 1, 3, 3 ], [ 1, 1, 3, 3, 1, 1, 3, 3, 1, 3, 3, 3, 1, -2, 1, 1, 1 ], 
          [ 3, 1, 1, 3, 1, 1, 3, 3, 1, 1, 1, 1, 1, 1, -2, 1, 3 ], [ 3, 1, 1, 3, 1, 1, 3, 3, 3, 1, 3, 1, 3, 1, 1, -2, 1 ], 
          [ 1, 1, 3, 3, 1, 1, 3, 3, 1, 3, 3, 3, 3, 1, 3, 1, -2 ] ] ], 
  [ [ 0, 432 ], [ [ -2, 1, 3, 3, 3, 3, 3, 3, 1, 3, 3, 1, 3, 1, 1, 3, 1 ], [ 1, -2, 3, 3, 1, 1, 3, 3, 3, 1, 3, 1, 1, 1, 3, 3, 1 ], 
          [ 3, 3, -2, 3, 3, 3, 1, 3, 3, 1, 1, 3, 3, 1, 3, 1, 3 ], [ 3, 3, 3, -2, 1, 3, 1, 1, 3, 3, 3, 3, 1, 3, 1, 1, 3 ], 
          [ 3, 1, 3, 1, -2, 1, 3, 3, 1, 3, 3, 1, 1, 3, 1, 3, 1 ], [ 3, 1, 3, 3, 1, -2, 3, 3, 1, 1, 1, 1, 1, 1, 3, 3, 1 ], 
          [ 3, 3, 1, 1, 3, 3, -2, 1, 3, 1, 1, 3, 1, 3, 3, 1, 3 ], [ 3, 3, 3, 1, 3, 3, 1, -2, 3, 1, 3, 3, 1, 3, 1, 1, 3 ], 
          [ 1, 3, 3, 3, 1, 1, 3, 3, -2, 3, 1, 1, 3, 3, 1, 3, 1 ], [ 3, 1, 1, 3, 3, 1, 1, 1, 3, -2, 1, 3, 1, 1, 3, 1, 3 ], 
          [ 3, 3, 1, 3, 3, 1, 1, 3, 1, 1, -2, 1, 3, 3, 3, 1, 3 ], [ 1, 1, 3, 3, 1, 1, 3, 3, 1, 3, 1, -2, 3, 3, 1, 3, 1 ], 
          [ 3, 1, 3, 1, 1, 1, 1, 1, 3, 1, 3, 3, -2, 1, 3, 3, 1 ], [ 1, 1, 1, 3, 3, 1, 3, 3, 3, 1, 3, 3, 1, -2, 3, 3, 1 ], 
          [ 1, 3, 3, 1, 1, 3, 3, 1, 1, 3, 3, 1, 3, 3, -2, 3, 3 ], [ 3, 3, 1, 1, 3, 3, 1, 1, 3, 1, 1, 3, 3, 3, 3, -2, 3 ], 
          [ 1, 1, 3, 3, 1, 1, 3, 3, 1, 3, 3, 1, 1, 1, 3, 3, -2 ] ] ], [ [ 0, 497 ], [ [ -2, 1, 3, 3, 3, 3, 3, 3, 1, 3, 3, 3, 1, 3, 3, 1, 1 ], 
          [ 1, -2, 3, 3, 1, 1, 3, 3, 3, 1, 3, 3, 3, 3, 3, 3, 1 ], [ 3, 3, -2, 3, 3, 3, 1, 3, 3, 1, 1, 1, 3, 1, 1, 3, 1 ], 
          [ 3, 3, 3, -2, 1, 3, 1, 1, 3, 3, 3, 1, 3, 3, 1, 1, 3 ], [ 3, 1, 3, 1, -2, 1, 3, 3, 1, 3, 3, 3, 3, 3, 1, 3, 3 ], 
          [ 3, 1, 3, 3, 1, -2, 3, 3, 1, 1, 1, 3, 3, 3, 1, 3, 3 ], [ 3, 3, 1, 1, 3, 3, -2, 1, 3, 1, 1, 1, 3, 1, 1, 3, 1 ], 
          [ 3, 3, 3, 1, 3, 3, 1, -2, 3, 1, 3, 1, 1, 1, 3, 1, 3 ], [ 1, 3, 3, 3, 1, 1, 3, 3, -2, 3, 1, 3, 1, 3, 1, 1, 3 ], 
          [ 3, 1, 1, 3, 3, 1, 1, 1, 3, -2, 1, 1, 3, 1, 1, 3, 1 ], [ 3, 3, 1, 3, 3, 1, 1, 3, 1, 1, -2, 3, 3, 1, 1, 3, 1 ], 
          [ 3, 3, 1, 1, 3, 3, 1, 1, 3, 1, 3, -2, 1, 1, 1, 1, 3 ], [ 1, 3, 3, 3, 3, 3, 3, 1, 1, 3, 3, 1, -2, 1, 3, 1, 3 ], 
          [ 3, 3, 1, 3, 3, 3, 1, 1, 3, 1, 1, 1, 1, -2, 3, 3, 1 ], [ 3, 3, 1, 1, 1, 1, 1, 3, 1, 1, 1, 1, 3, 3, -2, 3, 3 ], 
          [ 1, 3, 3, 1, 3, 3, 3, 1, 1, 3, 3, 1, 1, 3, 3, -2, 3 ], [ 1, 1, 1, 3, 3, 3, 1, 3, 3, 1, 1, 3, 3, 1, 3, 3, -2 ] ] ], 
  [ [ 0, 215 ], [ [ -2, 1, 3, 3, 3, 3, 3, 3, 1, 3, 3, 3, 3, 3, 3, 1, 1 ], [ 1, -2, 3, 3, 1, 1, 3, 3, 3, 1, 3, 1, 3, 1, 1, 1, 1 ], 
          [ 3, 3, -2, 3, 3, 3, 1, 3, 3, 1, 1, 3, 1, 1, 3, 3, 1 ], [ 3, 3, 3, -2, 1, 3, 1, 1, 3, 3, 3, 1, 1, 3, 1, 1, 3 ], 
          [ 3, 1, 3, 1, -2, 1, 3, 3, 1, 3, 3, 1, 3, 1, 1, 3, 3 ], [ 3, 1, 3, 3, 1, -2, 3, 3, 1, 1, 1, 1, 3, 1, 1, 3, 3 ], 
          [ 3, 3, 1, 1, 3, 3, -2, 1, 3, 1, 1, 1, 1, 1, 3, 1, 1 ], [ 3, 3, 3, 1, 3, 3, 1, -2, 3, 1, 3, 1, 1, 3, 1, 1, 3 ], 
          [ 1, 3, 3, 3, 1, 1, 3, 3, -2, 3, 1, 3, 3, 3, 3, 3, 3 ], [ 3, 1, 1, 3, 3, 1, 1, 1, 3, -2, 1, 1, 1, 1, 1, 1, 1 ], 
          [ 3, 3, 1, 3, 3, 1, 1, 3, 1, 1, -2, 3, 3, 1, 3, 3, 1 ], [ 3, 1, 3, 1, 1, 1, 1, 1, 3, 1, 3, -2, 1, 1, 1, 1, 3 ], 
          [ 3, 3, 1, 1, 3, 3, 1, 1, 3, 1, 3, 1, -2, 3, 1, 1, 3 ], [ 3, 1, 1, 3, 1, 1, 1, 3, 3, 1, 1, 1, 3, -2, 3, 3, 1 ], 
          [ 3, 1, 3, 1, 1, 1, 3, 1, 3, 1, 3, 1, 1, 3, -2, 1, 3 ], [ 1, 1, 3, 1, 3, 3, 1, 1, 3, 1, 3, 1, 1, 3, 1, -2, 1 ], 
          [ 1, 1, 1, 3, 3, 3, 1, 3, 3, 1, 1, 3, 3, 1, 3, 1, -2 ] ] ], 
  [ [ 0, 574 ], [ [ -2, 1, 3, 3, 3, 3, 3, 3, 1, 3, 3, 3, 3, 1, 3, 3, 3 ], [ 1, -2, 3, 3, 1, 1, 3, 3, 3, 1, 3, 3, 3, 3, 1, 1, 3 ], 
          [ 3, 3, -2, 3, 3, 3, 1, 3, 3, 1, 1, 1, 3, 1, 1, 3, 1 ], [ 3, 3, 3, -2, 1, 3, 1, 1, 3, 3, 3, 3, 1, 3, 3, 1, 1 ], 
          [ 3, 1, 3, 1, -2, 1, 3, 3, 1, 3, 3, 1, 1, 3, 1, 1, 3 ], [ 3, 1, 3, 3, 1, -2, 3, 3, 1, 1, 1, 1, 1, 3, 1, 1, 3 ], 
          [ 3, 3, 1, 1, 3, 3, -2, 1, 3, 1, 1, 3, 3, 1, 1, 1, 1 ], [ 3, 3, 3, 1, 3, 3, 1, -2, 3, 1, 3, 3, 1, 3, 3, 1, 1 ], 
          [ 1, 3, 3, 3, 1, 1, 3, 3, -2, 3, 1, 1, 1, 1, 3, 3, 3 ], [ 3, 1, 1, 3, 3, 1, 1, 1, 3, -2, 1, 3, 3, 3, 1, 1, 1 ], 
          [ 3, 3, 1, 3, 3, 1, 1, 3, 1, 1, -2, 1, 3, 1, 1, 3, 1 ], [ 3, 3, 1, 3, 1, 1, 3, 3, 1, 3, 1, -2, 1, 1, 1, 3, 3 ], 
          [ 3, 3, 3, 1, 1, 1, 3, 1, 1, 3, 3, 1, -2, 3, 3, 3, 3 ], [ 1, 3, 1, 3, 3, 3, 1, 3, 1, 3, 1, 1, 3, -2, 1, 3, 3 ], 
          [ 3, 1, 1, 3, 1, 1, 1, 3, 3, 1, 1, 1, 3, 1, -2, 1, 3 ], [ 3, 1, 3, 1, 1, 1, 1, 1, 3, 1, 3, 3, 3, 3, 1, -2, 1 ], 
          [ 3, 3, 1, 1, 3, 3, 1, 1, 3, 1, 1, 3, 3, 3, 3, 1, -2 ] ] ], [ [ 0, 337 ], [ [ -2, 1, 3, 3, 3, 3, 3, 3, 1, 3, 3, 3, 1, 1, 3, 3, 3 ], 
          [ 1, -2, 3, 3, 1, 1, 3, 3, 3, 1, 3, 1, 3, 3, 3, 3, 1 ], [ 3, 3, -2, 3, 3, 3, 1, 3, 3, 1, 1, 3, 1, 3, 1, 1, 1 ], 
          [ 3, 3, 3, -2, 1, 3, 1, 1, 3, 3, 3, 1, 3, 1, 3, 3, 3 ], [ 3, 1, 3, 1, -2, 1, 3, 3, 1, 3, 3, 1, 3, 3, 3, 1, 1 ], 
          [ 3, 1, 3, 3, 1, -2, 3, 3, 1, 1, 1, 1, 3, 3, 1, 1, 1 ], [ 3, 3, 1, 1, 3, 3, -2, 1, 3, 1, 1, 3, 3, 1, 1, 3, 3 ], 
          [ 3, 3, 3, 1, 3, 3, 1, -2, 3, 1, 3, 1, 3, 1, 1, 3, 3 ], [ 1, 3, 3, 3, 1, 1, 3, 3, -2, 3, 1, 3, 1, 1, 1, 1, 1 ], 
          [ 3, 1, 1, 3, 3, 1, 1, 1, 3, -2, 1, 1, 3, 3, 1, 3, 1 ], [ 3, 3, 1, 3, 3, 1, 1, 3, 1, 1, -2, 3, 1, 1, 1, 1, 1 ], 
          [ 3, 1, 3, 1, 1, 1, 3, 1, 3, 1, 3, -2, 3, 3, 3, 3, 1 ], [ 1, 3, 1, 3, 3, 3, 3, 3, 1, 3, 1, 3, -2, 1, 1, 1, 1 ], 
          [ 1, 3, 3, 1, 3, 3, 1, 1, 1, 3, 1, 3, 1, -2, 1, 3, 3 ], [ 3, 3, 1, 3, 3, 1, 1, 1, 1, 1, 1, 3, 1, 1, -2, 1, 1 ], 
          [ 3, 3, 1, 3, 1, 1, 3, 3, 1, 3, 1, 3, 1, 3, 1, -2, 1 ], [ 3, 1, 1, 3, 1, 1, 3, 3, 1, 1, 1, 1, 1, 3, 1, 1, -2 ] ] ], 
  [ [ 0, 807 ], [ [ -2, 1, 3, 3, 3, 3, 3, 3, 1, 3, 3, 1, 1, 1, 1, 3, 1 ], [ 1, -2, 3, 3, 1, 1, 3, 3, 3, 1, 3, 1, 1, 1, 1, 3, 3 ], 
          [ 3, 3, -2, 3, 3, 3, 1, 3, 3, 1, 1, 3, 1, 3, 3, 3, 1 ], [ 3, 3, 3, -2, 1, 3, 1, 1, 3, 3, 3, 3, 3, 1, 1, 1, 3 ], 
          [ 3, 1, 3, 1, -2, 1, 3, 3, 1, 3, 3, 1, 3, 1, 3, 1, 3 ], [ 3, 1, 3, 3, 1, -2, 3, 3, 1, 1, 1, 1, 3, 3, 3, 1, 1 ], 
          [ 3, 3, 1, 1, 3, 3, -2, 1, 3, 1, 1, 3, 1, 3, 3, 1, 1 ], [ 3, 3, 3, 1, 3, 3, 1, -2, 3, 1, 3, 3, 3, 3, 1, 1, 3 ], 
          [ 1, 3, 3, 3, 1, 1, 3, 3, -2, 3, 1, 1, 3, 3, 3, 1, 1 ], [ 3, 1, 1, 3, 3, 1, 1, 1, 3, -2, 1, 3, 1, 3, 1, 1, 1 ], 
          [ 3, 3, 1, 3, 3, 1, 1, 3, 1, 1, -2, 3, 1, 3, 3, 1, 1 ], [ 1, 1, 3, 3, 1, 1, 3, 3, 1, 3, 3, -2, 3, 1, 3, 3, 3 ], 
          [ 1, 1, 1, 3, 3, 3, 1, 3, 3, 1, 1, 3, -2, 1, 1, 3, 1 ], [ 1, 1, 3, 1, 1, 3, 3, 3, 3, 3, 3, 1, 1, -2, 1, 3, 3 ], 
          [ 1, 1, 3, 1, 3, 3, 3, 1, 3, 1, 3, 3, 1, 1, -2, 3, 3 ], [ 3, 3, 3, 1, 1, 1, 1, 1, 1, 1, 1, 3, 3, 3, 3, -2, 1 ], 
          [ 1, 3, 1, 3, 3, 1, 1, 3, 1, 1, 1, 3, 1, 3, 3, 1, -2 ] ] ], 
  [ [ 0, 294 ], [ [ -2, 1, 3, 3, 3, 3, 3, 3, 1, 3, 3, 1, 1, 1, 1, 3, 1 ], [ 1, -2, 3, 3, 1, 1, 3, 3, 3, 1, 3, 1, 1, 3, 3, 3, 1 ], 
          [ 3, 3, -2, 3, 3, 3, 1, 3, 3, 1, 1, 3, 1, 1, 3, 1, 3 ], [ 3, 3, 3, -2, 1, 3, 1, 1, 3, 3, 3, 3, 3, 3, 1, 1, 1 ], 
          [ 3, 1, 3, 1, -2, 1, 3, 3, 1, 3, 3, 1, 3, 3, 3, 1, 3 ], [ 3, 1, 3, 3, 1, -2, 3, 3, 1, 1, 1, 1, 3, 3, 3, 3, 3 ], 
          [ 3, 3, 1, 1, 3, 3, -2, 1, 3, 1, 1, 3, 1, 1, 1, 1, 1 ], [ 3, 3, 3, 1, 3, 3, 1, -2, 3, 1, 3, 3, 3, 3, 1, 1, 1 ], 
          [ 1, 3, 3, 3, 1, 1, 3, 3, -2, 3, 1, 1, 3, 1, 3, 3, 3 ], [ 3, 1, 1, 3, 3, 1, 1, 1, 3, -2, 1, 3, 1, 3, 3, 3, 1 ], 
          [ 3, 3, 1, 3, 3, 1, 1, 3, 1, 1, -2, 3, 1, 1, 3, 3, 3 ], [ 1, 1, 3, 3, 1, 1, 3, 3, 1, 3, 3, -2, 3, 3, 3, 3, 3 ], 
          [ 1, 1, 1, 3, 3, 3, 1, 3, 3, 1, 1, 3, -2, 1, 1, 3, 1 ], [ 1, 3, 1, 3, 3, 3, 1, 3, 1, 3, 1, 3, 1, -2, 1, 1, 3 ], 
          [ 1, 3, 3, 1, 3, 3, 1, 1, 3, 3, 3, 3, 1, 1, -2, 1, 1 ], [ 3, 3, 1, 1, 1, 3, 1, 1, 3, 3, 3, 3, 3, 1, 1, -2, 3 ], 
          [ 1, 1, 3, 1, 3, 3, 1, 1, 3, 1, 3, 3, 1, 3, 1, 3, -2 ] ] ], [ [ 0, 448 ], [ [ -2, 1, 3, 3, 3, 3, 3, 3, 1, 3, 3, 1, 3, 1, 1, 3, 3 ], 
          [ 1, -2, 3, 3, 1, 1, 3, 3, 3, 1, 3, 1, 3, 3, 3, 1, 3 ], [ 3, 3, -2, 3, 3, 3, 1, 3, 3, 1, 1, 1, 1, 1, 1, 1, 1 ], 
          [ 3, 3, 3, -2, 1, 3, 1, 1, 3, 3, 3, 3, 1, 3, 3, 3, 3 ], [ 3, 1, 3, 1, -2, 1, 3, 3, 1, 3, 3, 3, 3, 3, 3, 1, 1 ], 
          [ 3, 1, 3, 3, 1, -2, 3, 3, 1, 1, 1, 3, 3, 3, 3, 1, 1 ], [ 3, 3, 1, 1, 3, 3, -2, 1, 3, 1, 1, 3, 1, 3, 1, 3, 3 ], 
          [ 3, 3, 3, 1, 3, 3, 1, -2, 3, 1, 3, 1, 1, 3, 3, 3, 3 ], [ 1, 3, 3, 3, 1, 1, 3, 3, -2, 3, 1, 3, 3, 1, 1, 3, 1 ], 
          [ 3, 1, 1, 3, 3, 1, 1, 1, 3, -2, 1, 1, 1, 3, 3, 1, 3 ], [ 3, 3, 1, 3, 3, 1, 1, 3, 1, 1, -2, 3, 1, 1, 1, 1, 1 ], 
          [ 1, 1, 1, 3, 3, 3, 3, 1, 3, 1, 3, -2, 1, 1, 3, 1, 3 ], [ 3, 3, 1, 1, 3, 3, 1, 1, 3, 1, 1, 1, -2, 1, 1, 1, 3 ], 
          [ 1, 3, 1, 3, 3, 3, 3, 3, 1, 3, 1, 1, 1, -2, 1, 1, 1 ], [ 1, 3, 1, 3, 3, 3, 1, 3, 1, 3, 1, 3, 1, 1, -2, 3, 1 ], 
          [ 3, 1, 1, 3, 1, 1, 3, 3, 3, 1, 1, 1, 1, 1, 3, -2, 1 ], [ 3, 3, 1, 3, 1, 1, 3, 3, 1, 3, 1, 3, 3, 1, 1, 1, -2 ] ] ], 
  [ [ 0, 939 ], [ [ -2, 1, 3, 3, 3, 3, 3, 3, 1, 3, 3, 3, 3, 3, 3, 3, 1 ], [ 1, -2, 3, 3, 1, 1, 3, 3, 3, 1, 1, 3, 3, 3, 1, 3, 1 ], 
          [ 3, 3, -2, 3, 3, 3, 1, 3, 3, 1, 3, 3, 1, 1, 1, 3, 3 ], [ 3, 3, 3, -2, 1, 3, 1, 1, 3, 3, 1, 1, 3, 1, 3, 1, 3 ], 
          [ 3, 1, 3, 1, -2, 1, 3, 3, 1, 3, 1, 1, 1, 3, 1, 1, 1 ], [ 3, 1, 3, 3, 1, -2, 3, 3, 1, 1, 3, 1, 1, 3, 1, 3, 1 ], 
          [ 3, 3, 1, 1, 3, 3, -2, 1, 3, 1, 1, 1, 3, 1, 3, 1, 3 ], [ 3, 3, 3, 1, 3, 3, 1, -2, 3, 1, 1, 1, 3, 1, 3, 1, 3 ], 
          [ 1, 3, 3, 3, 1, 1, 3, 3, -2, 3, 3, 1, 1, 3, 3, 1, 1 ], [ 3, 1, 1, 3, 3, 1, 1, 1, 3, -2, 3, 3, 3, 1, 1, 3, 1 ], 
          [ 3, 1, 3, 1, 1, 3, 1, 1, 3, 3, -2, 1, 3, 1, 3, 1, 3 ], [ 3, 3, 3, 1, 1, 1, 1, 1, 1, 3, 1, -2, 1, 3, 3, 1, 3 ], 
          [ 3, 3, 1, 3, 1, 1, 3, 3, 1, 3, 3, 1, -2, 3, 1, 1, 3 ], [ 3, 3, 1, 1, 3, 3, 1, 1, 3, 1, 1, 3, 3, -2, 3, 3, 3 ], 
          [ 3, 1, 1, 3, 1, 1, 3, 3, 3, 1, 3, 3, 1, 3, -2, 3, 1 ], [ 3, 3, 3, 1, 1, 3, 1, 1, 1, 3, 1, 1, 1, 3, 3, -2, 3 ], 
          [ 1, 1, 3, 3, 1, 1, 3, 3, 1, 1, 3, 3, 3, 3, 1, 3, -2 ] ] ], 
  [ [ 0, 939 ], [ [ -2, 1, 3, 3, 3, 3, 3, 3, 1, 3, 3, 3, 3, 3, 3, 3, 1 ], [ 1, -2, 3, 3, 1, 1, 3, 3, 3, 1, 1, 3, 3, 3, 1, 3, 1 ], 
          [ 3, 3, -2, 3, 3, 3, 1, 3, 3, 1, 3, 3, 1, 1, 1, 3, 3 ], [ 3, 3, 3, -2, 1, 3, 1, 1, 3, 3, 1, 1, 3, 1, 3, 1, 3 ], 
          [ 3, 1, 3, 1, -2, 1, 3, 3, 1, 3, 1, 1, 1, 3, 1, 1, 1 ], [ 3, 1, 3, 3, 1, -2, 3, 3, 1, 1, 3, 1, 1, 3, 1, 3, 1 ], 
          [ 3, 3, 1, 1, 3, 3, -2, 1, 3, 1, 1, 1, 3, 1, 3, 1, 3 ], [ 3, 3, 3, 1, 3, 3, 1, -2, 3, 1, 1, 1, 3, 1, 3, 1, 3 ], 
          [ 1, 3, 3, 3, 1, 1, 3, 3, -2, 3, 3, 1, 1, 3, 3, 1, 1 ], [ 3, 1, 1, 3, 3, 1, 1, 1, 3, -2, 3, 3, 3, 1, 1, 3, 1 ], 
          [ 3, 1, 3, 1, 1, 3, 1, 1, 3, 3, -2, 1, 3, 1, 3, 1, 3 ], [ 3, 3, 3, 1, 1, 1, 1, 1, 1, 3, 1, -2, 1, 3, 3, 1, 3 ], 
          [ 3, 3, 1, 3, 1, 1, 3, 3, 1, 3, 3, 1, -2, 3, 1, 1, 3 ], [ 3, 3, 1, 1, 3, 3, 1, 1, 3, 1, 1, 3, 3, -2, 3, 3, 3 ], 
          [ 3, 1, 1, 3, 1, 1, 3, 3, 3, 1, 3, 3, 1, 3, -2, 3, 1 ], [ 3, 3, 3, 1, 1, 3, 1, 1, 1, 3, 1, 1, 1, 3, 3, -2, 3 ], 
          [ 1, 1, 3, 3, 1, 1, 3, 3, 1, 1, 3, 3, 3, 3, 1, 3, -2 ] ] ], [ [ 0, 335 ], [ [ -2, 1, 3, 3, 3, 3, 3, 3, 1, 3, 1, 3, 3, 3, 3, 3, 1 ], 
          [ 1, -2, 3, 3, 1, 1, 3, 3, 3, 1, 3, 3, 1, 3, 1, 1, 3 ], [ 3, 3, -2, 3, 3, 3, 1, 3, 3, 1, 3, 1, 1, 3, 1, 3, 1 ], 
          [ 3, 3, 3, -2, 1, 3, 1, 1, 3, 3, 1, 3, 3, 1, 1, 1, 3 ], [ 3, 1, 3, 1, -2, 1, 3, 3, 1, 3, 1, 3, 1, 1, 1, 1, 3 ], 
          [ 3, 1, 3, 3, 1, -2, 3, 3, 1, 1, 3, 1, 1, 1, 1, 1, 3 ], [ 3, 3, 1, 1, 3, 3, -2, 1, 3, 1, 1, 1, 3, 3, 1, 3, 3 ], 
          [ 3, 3, 3, 1, 3, 3, 1, -2, 3, 1, 1, 3, 3, 1, 3, 1, 3 ], [ 1, 3, 3, 3, 1, 1, 3, 3, -2, 3, 1, 1, 3, 1, 3, 3, 1 ], 
          [ 3, 1, 1, 3, 3, 1, 1, 1, 3, -2, 3, 1, 1, 3, 1, 1, 3 ], [ 1, 3, 3, 1, 1, 3, 1, 1, 1, 3, -2, 3, 3, 1, 3, 3, 3 ], 
          [ 3, 3, 1, 3, 3, 1, 1, 3, 1, 1, 3, -2, 1, 3, 1, 3, 1 ], [ 3, 1, 1, 3, 1, 1, 3, 3, 3, 1, 3, 1, -2, 3, 1, 1, 1 ], 
          [ 3, 3, 3, 1, 1, 1, 3, 1, 1, 3, 1, 3, 3, -2, 3, 1, 3 ], [ 3, 1, 1, 1, 1, 1, 1, 3, 3, 1, 3, 1, 1, 3, -2, 1, 3 ], 
          [ 3, 1, 3, 1, 1, 1, 3, 1, 3, 1, 3, 3, 1, 1, 1, -2, 3 ], [ 1, 3, 1, 3, 3, 3, 3, 3, 1, 3, 3, 1, 1, 3, 3, 3, -2 ] ] ], 
  [ [ 0, 496 ], [ [ -2, 1, 3, 3, 3, 3, 3, 3, 1, 3, 3, 1, 3, 3, 3, 1, 1 ], [ 1, -2, 3, 3, 1, 1, 3, 3, 3, 1, 3, 1, 1, 3, 1, 1, 3 ], 
          [ 3, 3, -2, 3, 3, 3, 1, 3, 3, 1, 3, 3, 3, 1, 1, 3, 1 ], [ 3, 3, 3, -2, 1, 3, 1, 1, 3, 3, 1, 3, 1, 1, 3, 3, 3 ], 
          [ 3, 1, 3, 1, -2, 1, 3, 3, 1, 3, 1, 1, 1, 3, 1, 1, 3 ], [ 3, 1, 3, 3, 1, -2, 3, 3, 1, 1, 1, 1, 1, 3, 1, 1, 3 ], 
          [ 3, 3, 1, 1, 3, 3, -2, 1, 3, 1, 3, 3, 3, 1, 1, 3, 3 ], [ 3, 3, 3, 1, 3, 3, 1, -2, 3, 1, 1, 3, 1, 1, 3, 3, 3 ], 
          [ 1, 3, 3, 3, 1, 1, 3, 3, -2, 3, 1, 1, 3, 3, 3, 1, 1 ], [ 3, 1, 1, 3, 3, 1, 1, 1, 3, -2, 1, 3, 1, 1, 1, 1, 3 ], 
          [ 3, 3, 3, 1, 1, 1, 3, 1, 1, 1, -2, 3, 1, 1, 3, 1, 3 ], [ 1, 1, 3, 3, 1, 1, 3, 3, 1, 3, 3, -2, 3, 3, 1, 1, 3 ], 
          [ 3, 1, 3, 1, 1, 1, 3, 1, 3, 1, 1, 3, -2, 3, 1, 1, 3 ], [ 3, 3, 1, 1, 3, 3, 1, 1, 3, 1, 1, 3, 3, -2, 3, 3, 3 ], 
          [ 3, 1, 1, 3, 1, 1, 1, 3, 3, 1, 3, 1, 1, 3, -2, 1, 3 ], [ 1, 1, 3, 3, 1, 1, 3, 3, 1, 1, 1, 1, 1, 3, 1, -2, 3 ], 
          [ 1, 3, 1, 3, 3, 3, 3, 3, 1, 3, 3, 3, 3, 3, 3, 3, -2 ] ] ], 
  [ [ 0, 437 ], [ [ -2, 1, 3, 3, 3, 3, 3, 3, 1, 3, 3, 3, 1, 1, 3, 3, 3 ], [ 1, -2, 3, 3, 1, 1, 3, 3, 3, 1, 3, 1, 1, 3, 1, 1, 1 ], 
          [ 3, 3, -2, 3, 3, 3, 1, 3, 3, 1, 3, 3, 1, 1, 1, 1, 3 ], [ 3, 3, 3, -2, 1, 3, 1, 1, 3, 3, 1, 1, 3, 3, 3, 3, 3 ], 
          [ 3, 1, 3, 1, -2, 1, 3, 3, 1, 3, 1, 1, 3, 3, 3, 1, 1 ], [ 3, 1, 3, 3, 1, -2, 3, 3, 1, 1, 1, 1, 1, 3, 1, 1, 1 ], 
          [ 3, 3, 1, 1, 3, 3, -2, 1, 3, 1, 3, 3, 1, 3, 1, 3, 3 ], [ 3, 3, 3, 1, 3, 3, 1, -2, 3, 1, 1, 1, 3, 3, 3, 3, 1 ], 
          [ 1, 3, 3, 3, 1, 1, 3, 3, -2, 3, 1, 3, 3, 1, 3, 3, 1 ], [ 3, 1, 1, 3, 3, 1, 1, 1, 3, -2, 1, 1, 1, 3, 1, 1, 1 ], 
          [ 3, 3, 3, 1, 1, 1, 3, 1, 1, 1, -2, 1, 3, 3, 3, 1, 1 ], [ 3, 1, 3, 1, 1, 1, 3, 1, 3, 1, 1, -2, 3, 3, 3, 1, 1 ], 
          [ 1, 1, 1, 3, 3, 1, 1, 3, 3, 1, 3, 3, -2, 3, 1, 1, 3 ], [ 1, 3, 1, 3, 3, 3, 3, 3, 1, 3, 3, 3, 3, -2, 3, 3, 3 ], 
          [ 3, 1, 1, 3, 3, 1, 1, 3, 3, 1, 3, 3, 1, 3, -2, 1, 1 ], [ 3, 1, 1, 3, 1, 1, 3, 3, 3, 1, 1, 1, 1, 3, 1, -2, 1 ], 
          [ 3, 1, 3, 3, 1, 1, 3, 1, 1, 1, 1, 1, 3, 3, 1, 1, -2 ] ] ], [ [ 0, 303 ], [ [ -2, 1, 3, 3, 3, 3, 3, 3, 1, 3, 3, 3, 3, 1, 3, 3, 3 ], 
          [ 1, -2, 3, 3, 1, 1, 3, 3, 3, 1, 1, 3, 3, 1, 1, 3, 3 ], [ 3, 3, -2, 3, 3, 3, 1, 3, 3, 1, 3, 1, 3, 3, 1, 1, 1 ], 
          [ 3, 3, 3, -2, 1, 3, 1, 1, 3, 3, 1, 1, 1, 3, 3, 1, 1 ], [ 3, 1, 3, 1, -2, 1, 3, 3, 1, 3, 1, 1, 1, 1, 3, 3, 3 ], 
          [ 3, 1, 3, 3, 1, -2, 3, 3, 1, 1, 1, 3, 1, 1, 1, 3, 3 ], [ 3, 3, 1, 1, 3, 3, -2, 1, 3, 1, 3, 3, 3, 3, 1, 1, 1 ], 
          [ 3, 3, 3, 1, 3, 3, 1, -2, 3, 1, 1, 1, 1, 3, 3, 1, 1 ], [ 1, 3, 3, 3, 1, 1, 3, 3, -2, 3, 3, 3, 1, 1, 3, 3, 3 ], 
          [ 3, 1, 1, 3, 3, 1, 1, 1, 3, -2, 1, 3, 3, 1, 1, 1, 1 ], [ 3, 1, 3, 1, 1, 1, 3, 1, 3, 1, -2, 1, 1, 1, 3, 3, 1 ], 
          [ 3, 3, 1, 1, 1, 3, 3, 1, 3, 3, 1, -2, 1, 3, 3, 1, 1 ], [ 3, 3, 3, 1, 1, 1, 3, 1, 1, 3, 1, 1, -2, 3, 3, 3, 1 ], 
          [ 1, 1, 3, 3, 1, 1, 3, 3, 1, 1, 1, 3, 3, -2, 3, 3, 3 ], [ 3, 1, 1, 3, 3, 1, 1, 3, 3, 1, 3, 3, 3, 3, -2, 1, 1 ], 
          [ 3, 3, 1, 1, 3, 3, 1, 1, 3, 1, 3, 1, 3, 3, 1, -2, 1 ], [ 3, 3, 1, 1, 3, 3, 1, 1, 3, 1, 1, 1, 1, 3, 1, 1, -2 ] ] ], 
  [ [ 0, 228 ], [ [ -2, 1, 3, 3, 3, 3, 3, 3, 1, 3, 3, 3, 3, 3, 1, 1, 3 ], [ 1, -2, 3, 3, 1, 1, 3, 3, 3, 1, 1, 1, 3, 3, 3, 3, 3 ], 
          [ 3, 3, -2, 3, 3, 3, 1, 3, 3, 1, 3, 3, 1, 3, 1, 3, 1 ], [ 3, 3, 3, -2, 1, 3, 1, 1, 3, 3, 1, 3, 1, 1, 3, 1, 1 ], 
          [ 3, 1, 3, 1, -2, 1, 3, 3, 1, 3, 1, 1, 3, 1, 3, 3, 3 ], [ 3, 1, 3, 3, 1, -2, 3, 3, 1, 1, 1, 1, 3, 1, 3, 3, 3 ], 
          [ 3, 3, 1, 1, 3, 3, -2, 1, 3, 1, 3, 3, 1, 3, 3, 1, 1 ], [ 3, 3, 3, 1, 3, 3, 1, -2, 3, 1, 1, 1, 1, 1, 3, 1, 1 ], 
          [ 1, 3, 3, 3, 1, 1, 3, 3, -2, 3, 3, 1, 3, 1, 1, 1, 3 ], [ 3, 1, 1, 3, 3, 1, 1, 1, 3, -2, 1, 1, 1, 3, 3, 3, 1 ], 
          [ 3, 1, 3, 1, 1, 1, 3, 1, 3, 1, -2, 1, 1, 1, 3, 3, 3 ], [ 3, 1, 3, 3, 1, 1, 3, 1, 1, 1, 1, -2, 3, 1, 3, 3, 3 ], 
          [ 3, 3, 1, 1, 3, 3, 1, 1, 3, 1, 1, 3, -2, 1, 1, 1, 1 ], [ 3, 3, 3, 1, 1, 1, 3, 1, 1, 3, 1, 1, 1, -2, 1, 1, 3 ], 
          [ 1, 3, 1, 3, 3, 3, 3, 3, 1, 3, 3, 3, 1, 1, -2, 1, 3 ], [ 1, 3, 3, 1, 3, 3, 1, 1, 1, 3, 3, 3, 1, 1, 1, -2, 1 ], 
          [ 3, 3, 1, 1, 3, 3, 1, 1, 3, 1, 3, 3, 1, 3, 3, 1, -2 ] ] ], 
  [ [ 0, 296 ], [ [ -2, 1, 3, 3, 3, 3, 3, 3, 1, 3, 3, 3, 3, 3, 1, 1, 1 ], [ 1, -2, 3, 3, 1, 1, 3, 3, 3, 1, 1, 1, 3, 3, 3, 1, 1 ], 
          [ 3, 3, -2, 3, 3, 3, 1, 3, 3, 1, 3, 3, 1, 3, 1, 1, 1 ], [ 3, 3, 3, -2, 1, 3, 1, 1, 3, 3, 1, 3, 1, 1, 3, 3, 3 ], 
          [ 3, 1, 3, 1, -2, 1, 3, 3, 1, 3, 1, 1, 3, 1, 3, 3, 3 ], [ 3, 1, 3, 3, 1, -2, 3, 3, 1, 1, 1, 1, 3, 1, 3, 1, 3 ], 
          [ 3, 3, 1, 1, 3, 3, -2, 1, 3, 1, 3, 3, 1, 3, 3, 1, 3 ], [ 3, 3, 3, 1, 3, 3, 1, -2, 3, 1, 1, 1, 1, 1, 3, 3, 3 ], 
          [ 1, 3, 3, 3, 1, 1, 3, 3, -2, 3, 3, 1, 3, 1, 1, 3, 3 ], [ 3, 1, 1, 3, 3, 1, 1, 1, 3, -2, 1, 1, 1, 3, 3, 1, 3 ], 
          [ 3, 1, 3, 1, 1, 1, 3, 1, 3, 1, -2, 1, 1, 1, 3, 3, 3 ], [ 3, 1, 3, 3, 1, 1, 3, 1, 1, 1, 1, -2, 3, 1, 3, 3, 3 ], 
          [ 3, 3, 1, 1, 3, 3, 1, 1, 3, 1, 1, 3, -2, 1, 1, 3, 3 ], [ 3, 3, 3, 1, 1, 1, 3, 1, 1, 3, 1, 1, 1, -2, 1, 3, 3 ], 
          [ 1, 3, 1, 3, 3, 3, 3, 3, 1, 3, 3, 3, 1, 1, -2, 3, 1 ], [ 1, 1, 1, 3, 3, 1, 1, 3, 3, 1, 3, 3, 3, 3, 3, -2, 1 ], 
          [ 1, 1, 1, 3, 3, 3, 3, 3, 3, 3, 3, 3, 3, 3, 1, 1, -2 ] ] ], [ [ 0, 404 ], [ [ -2, 1, 3, 3, 3, 3, 3, 3, 1, 3, 3, 3, 1, 3, 1, 3, 3 ], 
          [ 1, -2, 3, 3, 1, 1, 3, 3, 3, 1, 1, 3, 3, 1, 1, 3, 3 ], [ 3, 3, -2, 3, 3, 3, 1, 3, 3, 1, 3, 3, 3, 3, 3, 1, 3 ], 
          [ 3, 3, 3, -2, 1, 3, 1, 1, 3, 3, 1, 1, 1, 1, 3, 1, 1 ], [ 3, 1, 3, 1, -2, 1, 3, 3, 1, 3, 1, 1, 3, 1, 1, 3, 1 ], 
          [ 3, 1, 3, 3, 1, -2, 3, 3, 1, 1, 1, 1, 3, 1, 1, 3, 3 ], [ 3, 3, 1, 1, 3, 3, -2, 1, 3, 1, 3, 1, 1, 3, 3, 1, 1 ], 
          [ 3, 3, 3, 1, 3, 3, 1, -2, 3, 1, 1, 1, 1, 1, 3, 1, 1 ], [ 1, 3, 3, 3, 1, 1, 3, 3, -2, 3, 3, 1, 1, 3, 1, 3, 1 ], 
          [ 3, 1, 1, 3, 3, 1, 1, 1, 3, -2, 1, 1, 3, 1, 3, 1, 3 ], [ 3, 1, 3, 1, 1, 1, 3, 1, 3, 1, -2, 1, 3, 1, 3, 3, 1 ], 
          [ 3, 3, 3, 1, 1, 1, 1, 1, 1, 1, 1, -2, 1, 1, 3, 1, 1 ], [ 1, 3, 3, 1, 3, 3, 1, 1, 1, 3, 3, 1, -2, 3, 3, 1, 1 ], 
          [ 3, 1, 3, 1, 1, 1, 3, 1, 3, 1, 1, 1, 3, -2, 3, 1, 3 ], [ 1, 1, 3, 3, 1, 1, 3, 3, 1, 3, 3, 3, 3, 3, -2, 3, 3 ], 
          [ 3, 3, 1, 1, 3, 3, 1, 1, 3, 1, 3, 1, 1, 1, 3, -2, 3 ], [ 3, 3, 3, 1, 1, 3, 1, 1, 1, 3, 1, 1, 1, 3, 3, 3, -2 ] ] ], 
  [ [ 0, 237 ], [ [ -2, 1, 3, 3, 3, 3, 3, 3, 1, 3, 3, 3, 3, 1, 1, 1, 3 ], [ 1, -2, 3, 3, 1, 1, 3, 3, 3, 1, 1, 1, 3, 1, 1, 1, 3 ], 
          [ 3, 3, -2, 3, 3, 3, 1, 3, 3, 1, 3, 3, 1, 3, 3, 1, 1 ], [ 3, 3, 3, -2, 1, 3, 1, 1, 3, 3, 1, 1, 1, 3, 1, 3, 1 ], 
          [ 3, 1, 3, 1, -2, 1, 3, 3, 1, 3, 1, 1, 3, 1, 1, 3, 3 ], [ 3, 1, 3, 3, 1, -2, 3, 3, 1, 1, 1, 1, 3, 1, 1, 3, 3 ], 
          [ 3, 3, 1, 1, 3, 3, -2, 1, 3, 1, 3, 1, 1, 3, 3, 3, 1 ], [ 3, 3, 3, 1, 3, 3, 1, -2, 3, 1, 1, 1, 1, 3, 3, 3, 1 ], 
          [ 1, 3, 3, 3, 1, 1, 3, 3, -2, 3, 3, 3, 3, 1, 1, 3, 3 ], [ 3, 1, 1, 3, 3, 1, 1, 1, 3, -2, 1, 1, 1, 3, 3, 1, 1 ], 
          [ 3, 1, 3, 1, 1, 1, 3, 1, 3, 1, -2, 1, 3, 3, 1, 3, 3 ], [ 3, 1, 3, 1, 1, 1, 1, 1, 3, 1, 1, -2, 3, 1, 1, 3, 1 ], 
          [ 3, 3, 1, 1, 3, 3, 1, 1, 3, 1, 3, 3, -2, 3, 3, 1, 1 ], [ 1, 1, 3, 3, 1, 1, 3, 3, 1, 3, 3, 1, 3, -2, 1, 3, 3 ], 
          [ 1, 1, 3, 1, 1, 1, 3, 3, 1, 3, 1, 1, 3, 1, -2, 3, 3 ], [ 1, 1, 1, 3, 3, 3, 3, 3, 3, 1, 3, 3, 1, 3, 3, -2, 1 ], 
          [ 3, 3, 1, 1, 3, 3, 1, 1, 3, 1, 3, 1, 1, 3, 3, 1, -2 ] ] ], 
  [ [ 0, 278 ], [ [ -2, 1, 3, 3, 3, 3, 3, 3, 1, 3, 3, 3, 3, 1, 1, 1, 1 ], [ 1, -2, 3, 3, 1, 1, 3, 3, 3, 1, 1, 1, 3, 1, 1, 1, 1 ], 
          [ 3, 3, -2, 3, 3, 3, 1, 3, 3, 1, 3, 3, 1, 3, 3, 1, 1 ], [ 3, 3, 3, -2, 1, 3, 1, 1, 3, 3, 1, 1, 1, 3, 1, 3, 3 ], 
          [ 3, 1, 3, 1, -2, 1, 3, 3, 1, 3, 1, 1, 3, 1, 1, 3, 3 ], [ 3, 1, 3, 3, 1, -2, 3, 3, 1, 1, 1, 1, 3, 1, 1, 3, 3 ], 
          [ 3, 3, 1, 1, 3, 3, -2, 1, 3, 1, 3, 1, 1, 3, 3, 3, 1 ], [ 3, 3, 3, 1, 3, 3, 1, -2, 3, 1, 1, 1, 1, 3, 3, 3, 3 ], 
          [ 1, 3, 3, 3, 1, 1, 3, 3, -2, 3, 3, 3, 3, 1, 1, 3, 3 ], [ 3, 1, 1, 3, 3, 1, 1, 1, 3, -2, 1, 1, 1, 3, 3, 1, 1 ], 
          [ 3, 1, 3, 1, 1, 1, 3, 1, 3, 1, -2, 1, 3, 3, 1, 1, 3 ], [ 3, 1, 3, 1, 1, 1, 1, 1, 3, 1, 1, -2, 3, 1, 1, 3, 3 ], 
          [ 3, 3, 1, 1, 3, 3, 1, 1, 3, 1, 3, 3, -2, 3, 3, 3, 1 ], [ 1, 1, 3, 3, 1, 1, 3, 3, 1, 3, 3, 1, 3, -2, 1, 3, 3 ], 
          [ 1, 1, 3, 1, 1, 1, 3, 3, 1, 3, 1, 1, 3, 1, -2, 3, 3 ], [ 1, 1, 1, 3, 3, 3, 3, 3, 3, 1, 1, 3, 3, 3, 3, -2, 1 ], 
          [ 1, 1, 1, 3, 3, 3, 1, 3, 3, 1, 3, 3, 1, 3, 3, 1, -2 ] ] ], [ [ 0, 260 ], [ [ -2, 1, 3, 3, 3, 3, 3, 3, 1, 3, 3, 3, 3, 1, 1, 3, 1 ], 
          [ 1, -2, 3, 3, 1, 1, 3, 3, 3, 1, 1, 1, 3, 1, 3, 3, 1 ], [ 3, 3, -2, 3, 3, 3, 1, 3, 3, 1, 3, 3, 1, 3, 3, 3, 3 ], 
          [ 3, 3, 3, -2, 1, 3, 1, 1, 3, 3, 1, 1, 1, 3, 1, 1, 3 ], [ 3, 1, 3, 1, -2, 1, 3, 3, 1, 3, 1, 1, 3, 1, 3, 1, 1 ], 
          [ 3, 1, 3, 3, 1, -2, 3, 3, 1, 1, 1, 1, 3, 1, 3, 1, 1 ], [ 3, 3, 1, 1, 3, 3, -2, 1, 3, 1, 3, 1, 1, 3, 1, 1, 3 ], 
          [ 3, 3, 3, 1, 3, 3, 1, -2, 3, 1, 1, 1, 1, 3, 1, 1, 3 ], [ 1, 3, 3, 3, 1, 1, 3, 3, -2, 3, 3, 3, 3, 1, 1, 1, 1 ], 
          [ 3, 1, 1, 3, 3, 1, 1, 1, 3, -2, 1, 1, 1, 1, 3, 3, 3 ], [ 3, 1, 3, 1, 1, 1, 3, 1, 3, 1, -2, 1, 3, 1, 3, 1, 1 ], 
          [ 3, 1, 3, 1, 1, 1, 1, 1, 3, 1, 1, -2, 1, 1, 3, 1, 1 ], [ 3, 3, 1, 1, 3, 3, 1, 1, 3, 1, 3, 1, -2, 3, 3, 3, 3 ], 
          [ 1, 1, 3, 3, 1, 1, 3, 3, 1, 1, 1, 1, 3, -2, 3, 3, 1 ], [ 1, 3, 3, 1, 3, 3, 1, 1, 1, 3, 3, 3, 3, 3, -2, 1, 3 ], 
          [ 3, 3, 3, 1, 1, 1, 1, 1, 1, 3, 1, 1, 3, 3, 1, -2, 1 ], [ 1, 1, 3, 3, 1, 1, 3, 3, 1, 3, 1, 1, 3, 1, 3, 1, -2 ] ] ], 
  [ [ 0, 185 ], [ [ -2, 1, 3, 3, 3, 3, 3, 3, 1, 3, 3, 3, 3, 3, 1, 1, 1 ], [ 1, -2, 3, 3, 1, 1, 3, 3, 3, 1, 1, 1, 3, 3, 1, 1, 1 ], 
          [ 3, 3, -2, 3, 3, 3, 1, 3, 3, 1, 3, 3, 1, 1, 3, 3, 1 ], [ 3, 3, 3, -2, 1, 3, 1, 1, 3, 3, 1, 1, 1, 3, 3, 3, 3 ], 
          [ 3, 1, 3, 1, -2, 1, 3, 3, 1, 3, 1, 1, 3, 1, 1, 1, 3 ], [ 3, 1, 3, 3, 1, -2, 3, 3, 1, 1, 1, 1, 3, 1, 1, 1, 3 ], 
          [ 3, 3, 1, 1, 3, 3, -2, 1, 3, 1, 3, 1, 1, 3, 3, 3, 1 ], [ 3, 3, 3, 1, 3, 3, 1, -2, 3, 1, 1, 1, 1, 3, 3, 3, 3 ], 
          [ 1, 3, 3, 3, 1, 1, 3, 3, -2, 3, 3, 3, 3, 1, 1, 1, 3 ], [ 3, 1, 1, 3, 3, 1, 1, 1, 3, -2, 1, 1, 1, 3, 1, 3, 1 ], 
          [ 3, 1, 3, 1, 1, 1, 3, 1, 3, 1, -2, 1, 3, 3, 1, 3, 3 ], [ 3, 1, 3, 1, 1, 1, 1, 1, 3, 1, 1, -2, 1, 3, 1, 1, 1 ], 
          [ 3, 3, 1, 1, 3, 3, 1, 1, 3, 1, 3, 1, -2, 3, 3, 3, 1 ], [ 3, 3, 1, 3, 1, 1, 3, 3, 1, 3, 3, 3, 3, -2, 3, 1, 3 ], 
          [ 1, 1, 3, 3, 1, 1, 3, 3, 1, 1, 1, 1, 3, 3, -2, 1, 1 ], [ 1, 1, 3, 3, 1, 1, 3, 3, 1, 3, 3, 1, 3, 1, 1, -2, 1 ], 
          [ 1, 1, 1, 3, 3, 3, 1, 3, 3, 1, 3, 1, 1, 3, 1, 1, -2 ] ] ], 
  [ [ 0, 716 ], [ [ -2, 1, 3, 3, 3, 3, 3, 3, 1, 3, 3, 3, 1, 1, 1, 1, 3 ], [ 1, -2, 3, 3, 1, 1, 3, 3, 3, 1, 1, 1, 1, 1, 1, 3, 1 ], 
          [ 3, 3, -2, 3, 3, 3, 1, 3, 3, 1, 3, 3, 3, 1, 3, 1, 3 ], [ 3, 3, 3, -2, 1, 3, 1, 1, 3, 3, 1, 1, 3, 3, 1, 3, 1 ], 
          [ 3, 1, 3, 1, -2, 1, 3, 3, 1, 3, 1, 1, 1, 3, 3, 3, 1 ], [ 3, 1, 3, 3, 1, -2, 3, 3, 1, 1, 1, 1, 1, 3, 3, 3, 1 ], 
          [ 3, 3, 1, 1, 3, 3, -2, 1, 3, 1, 3, 1, 3, 3, 3, 1, 3 ], [ 3, 3, 3, 1, 3, 3, 1, -2, 3, 1, 1, 1, 3, 3, 1, 3, 3 ], 
          [ 1, 3, 3, 3, 1, 1, 3, 3, -2, 3, 3, 3, 1, 3, 3, 1, 3 ], [ 3, 1, 1, 3, 3, 1, 1, 1, 3, -2, 1, 1, 3, 3, 1, 3, 3 ], 
          [ 3, 1, 3, 1, 1, 1, 3, 1, 3, 1, -2, 1, 3, 3, 1, 3, 1 ], [ 3, 1, 3, 1, 1, 1, 1, 1, 3, 1, 1, -2, 3, 3, 1, 3, 1 ], 
          [ 1, 1, 3, 3, 1, 1, 3, 3, 1, 3, 3, 3, -2, 1, 3, 3, 1 ], [ 1, 1, 1, 3, 3, 3, 3, 3, 3, 3, 3, 3, 1, -2, 1, 1, 1 ], 
          [ 1, 1, 3, 1, 3, 3, 3, 1, 3, 1, 1, 1, 3, 1, -2, 3, 1 ], [ 1, 3, 1, 3, 3, 3, 1, 3, 1, 3, 3, 3, 3, 1, 3, -2, 3 ], 
          [ 3, 1, 3, 1, 1, 1, 3, 3, 3, 3, 1, 1, 1, 1, 1, 3, -2 ] ] ], [ [ 0, 323 ], [ [ -2, 1, 3, 3, 3, 3, 3, 3, 1, 3, 3, 3, 1, 1, 1, 3, 3 ], 
          [ 1, -2, 3, 3, 1, 1, 3, 3, 3, 1, 1, 1, 1, 3, 1, 3, 3 ], [ 3, 3, -2, 3, 3, 3, 1, 3, 3, 1, 3, 3, 3, 3, 1, 3, 1 ], 
          [ 3, 3, 3, -2, 1, 3, 1, 1, 3, 3, 1, 1, 3, 1, 3, 1, 3 ], [ 3, 1, 3, 1, -2, 1, 3, 3, 1, 3, 1, 1, 1, 3, 3, 1, 1 ], 
          [ 3, 1, 3, 3, 1, -2, 3, 3, 1, 1, 1, 1, 1, 3, 3, 3, 1 ], [ 3, 3, 1, 1, 3, 3, -2, 1, 3, 1, 3, 1, 3, 1, 1, 1, 3 ], 
          [ 3, 3, 3, 1, 3, 3, 1, -2, 3, 1, 1, 1, 3, 1, 3, 1, 3 ], [ 1, 3, 3, 3, 1, 1, 3, 3, -2, 3, 3, 3, 1, 1, 3, 1, 1 ], 
          [ 3, 1, 1, 3, 3, 1, 1, 1, 3, -2, 1, 1, 3, 3, 1, 3, 3 ], [ 3, 1, 3, 1, 1, 1, 3, 1, 3, 1, -2, 1, 3, 3, 3, 3, 1 ], 
          [ 3, 1, 3, 1, 1, 1, 1, 1, 3, 1, 1, -2, 3, 1, 3, 1, 3 ], [ 1, 1, 3, 3, 1, 1, 3, 3, 1, 3, 3, 3, -2, 3, 1, 3, 1 ], 
          [ 1, 3, 3, 1, 3, 3, 1, 1, 1, 3, 3, 1, 3, -2, 3, 1, 3 ], [ 1, 1, 1, 3, 3, 3, 1, 3, 3, 1, 3, 3, 1, 3, -2, 3, 3 ], 
          [ 3, 3, 3, 1, 1, 3, 1, 1, 1, 3, 3, 1, 3, 1, 3, -2, 3 ], [ 3, 3, 1, 3, 1, 1, 3, 3, 1, 3, 1, 3, 1, 3, 3, 3, -2 ] ] ], 
  [ [ 0, 163 ], [ [ -2, 1, 3, 3, 3, 3, 3, 3, 1, 3, 3, 3, 1, 3, 3, 3, 3 ], [ 1, -2, 3, 3, 1, 1, 3, 3, 3, 1, 1, 1, 1, 3, 3, 3, 1 ], 
          [ 3, 3, -2, 3, 3, 3, 1, 3, 3, 1, 3, 3, 3, 3, 3, 1, 1 ], [ 3, 3, 3, -2, 1, 3, 1, 1, 3, 3, 1, 1, 3, 1, 1, 1, 3 ], 
          [ 3, 1, 3, 1, -2, 1, 3, 3, 1, 3, 1, 1, 1, 1, 1, 3, 3 ], [ 3, 1, 3, 3, 1, -2, 3, 3, 1, 1, 1, 1, 1, 3, 1, 3, 1 ], 
          [ 3, 3, 1, 1, 3, 3, -2, 1, 3, 1, 3, 1, 3, 1, 1, 1, 3 ], [ 3, 3, 3, 1, 3, 3, 1, -2, 3, 1, 1, 1, 3, 1, 1, 1, 3 ], 
          [ 1, 3, 3, 3, 1, 1, 3, 3, -2, 3, 3, 3, 1, 1, 1, 3, 3 ], [ 3, 1, 1, 3, 3, 1, 1, 1, 3, -2, 1, 1, 3, 3, 1, 1, 1 ], 
          [ 3, 1, 3, 1, 1, 1, 3, 1, 3, 1, -2, 1, 3, 3, 1, 1, 1 ], [ 3, 1, 3, 1, 1, 1, 1, 1, 3, 1, 1, -2, 3, 1, 1, 3, 3 ], 
          [ 1, 1, 3, 3, 1, 1, 3, 3, 1, 3, 3, 3, -2, 3, 3, 3, 3 ], [ 3, 3, 3, 1, 1, 3, 1, 1, 1, 3, 3, 1, 3, -2, 1, 3, 3 ], 
          [ 3, 3, 3, 1, 1, 1, 1, 1, 1, 1, 1, 1, 3, 1, -2, 1, 3 ], [ 3, 3, 1, 1, 3, 3, 1, 1, 3, 1, 1, 3, 3, 3, 1, -2, 1 ], 
          [ 3, 1, 1, 3, 3, 1, 3, 3, 3, 1, 1, 3, 3, 3, 3, 1, -2 ] ] ], 
  [ [ 0, 398 ], [ [ -2, 1, 3, 3, 3, 3, 3, 3, 1, 3, 3, 3, 3, 1, 3, 3, 1 ], [ 1, -2, 3, 3, 1, 1, 3, 3, 3, 1, 1, 1, 3, 1, 1, 1, 1 ], 
          [ 3, 3, -2, 3, 3, 3, 1, 3, 3, 1, 3, 3, 3, 3, 1, 1, 3 ], [ 3, 3, 3, -2, 1, 3, 1, 1, 3, 3, 1, 1, 1, 1, 3, 1, 3 ], 
          [ 3, 1, 3, 1, -2, 1, 3, 3, 1, 3, 1, 1, 1, 3, 1, 1, 1 ], [ 3, 1, 3, 3, 1, -2, 3, 3, 1, 1, 1, 1, 3, 3, 1, 1, 1 ], 
          [ 3, 3, 1, 1, 3, 3, -2, 1, 3, 1, 3, 1, 1, 1, 3, 1, 3 ], [ 3, 3, 3, 1, 3, 3, 1, -2, 3, 1, 1, 1, 1, 1, 3, 3, 3 ], 
          [ 1, 3, 3, 3, 1, 1, 3, 3, -2, 3, 3, 3, 1, 3, 3, 3, 1 ], [ 3, 1, 1, 3, 3, 1, 1, 1, 3, -2, 1, 1, 3, 1, 1, 1, 3 ], 
          [ 3, 1, 3, 1, 1, 1, 3, 1, 3, 1, -2, 1, 3, 1, 1, 1, 1 ], [ 3, 1, 3, 1, 1, 1, 1, 1, 3, 1, 1, -2, 3, 1, 1, 1, 1 ], 
          [ 3, 3, 3, 1, 1, 3, 1, 1, 1, 3, 3, 3, -2, 3, 3, 3, 3 ], [ 1, 1, 3, 1, 3, 3, 1, 1, 3, 1, 1, 1, 3, -2, 3, 1, 3 ], 
          [ 3, 1, 1, 3, 1, 1, 3, 3, 3, 1, 1, 1, 3, 3, -2, 1, 1 ], [ 3, 1, 1, 1, 1, 1, 1, 3, 3, 1, 1, 1, 3, 1, 1, -2, 3 ], 
          [ 1, 1, 3, 3, 1, 1, 3, 3, 1, 3, 1, 1, 3, 3, 1, 3, -2 ] ] ], [ [ 0, 313 ], [ [ -2, 1, 3, 3, 3, 3, 3, 3, 1, 3, 3, 1, 1, 1, 3, 3, 3 ], 
          [ 1, -2, 3, 3, 1, 1, 3, 3, 3, 1, 1, 1, 1, 3, 1, 3, 1 ], [ 3, 3, -2, 3, 3, 3, 1, 3, 3, 1, 3, 1, 3, 3, 3, 1, 1 ], 
          [ 3, 3, 3, -2, 1, 3, 1, 1, 3, 3, 1, 3, 1, 1, 1, 1, 3 ], [ 3, 1, 3, 1, -2, 1, 3, 3, 1, 3, 1, 3, 3, 3, 1, 1, 1 ], 
          [ 3, 1, 3, 3, 1, -2, 3, 3, 1, 1, 1, 3, 3, 3, 1, 3, 1 ], [ 3, 3, 1, 1, 3, 3, -2, 1, 3, 1, 3, 3, 1, 1, 1, 1, 3 ], 
          [ 3, 3, 3, 1, 3, 3, 1, -2, 3, 1, 1, 3, 1, 1, 1, 3, 3 ], [ 1, 3, 3, 3, 1, 1, 3, 3, -2, 3, 3, 3, 3, 1, 3, 1, 1 ], 
          [ 3, 1, 1, 3, 3, 1, 1, 1, 3, -2, 1, 1, 1, 3, 1, 3, 1 ], [ 3, 1, 3, 1, 1, 1, 3, 1, 3, 1, -2, 1, 1, 3, 1, 3, 1 ], 
          [ 1, 1, 1, 3, 3, 3, 3, 3, 3, 1, 1, -2, 1, 3, 3, 3, 1 ], [ 1, 1, 3, 1, 3, 3, 1, 1, 3, 1, 1, 1, -2, 1, 1, 3, 3 ], 
          [ 1, 3, 3, 1, 3, 3, 1, 1, 1, 3, 3, 3, 1, -2, 1, 1, 3 ], [ 3, 1, 3, 1, 1, 1, 1, 1, 3, 1, 1, 3, 1, 1, -2, 3, 3 ], 
          [ 3, 3, 1, 1, 1, 3, 1, 3, 1, 3, 3, 3, 3, 1, 3, -2, 1 ], [ 3, 1, 1, 3, 1, 1, 3, 3, 1, 1, 1, 1, 3, 3, 3, 1, -2 ] ] ], 
  [ [ 0, 228 ], [ [ -2, 1, 3, 3, 3, 3, 3, 3, 1, 3, 3, 1, 3, 1, 3, 1, 3 ], [ 1, -2, 3, 3, 1, 1, 3, 3, 3, 1, 1, 1, 3, 3, 3, 1, 3 ], 
          [ 3, 3, -2, 3, 3, 3, 1, 3, 3, 1, 3, 3, 1, 1, 1, 1, 1 ], [ 3, 3, 3, -2, 1, 3, 1, 1, 3, 3, 1, 3, 1, 3, 1, 3, 3 ], 
          [ 3, 1, 3, 1, -2, 1, 3, 3, 1, 3, 1, 1, 3, 3, 1, 3, 1 ], [ 3, 1, 3, 3, 1, -2, 3, 3, 1, 1, 1, 1, 3, 3, 3, 3, 1 ], 
          [ 3, 3, 1, 1, 3, 3, -2, 1, 3, 1, 3, 3, 1, 3, 1, 1, 3 ], [ 3, 3, 3, 1, 3, 3, 1, -2, 3, 1, 1, 3, 1, 3, 3, 3, 3 ], 
          [ 1, 3, 3, 3, 1, 1, 3, 3, -2, 3, 3, 1, 3, 1, 1, 3, 1 ], [ 3, 1, 1, 3, 3, 1, 1, 1, 3, -2, 1, 1, 1, 3, 3, 1, 3 ], 
          [ 3, 1, 3, 1, 1, 1, 3, 1, 3, 1, -2, 1, 1, 3, 3, 3, 3 ], [ 1, 1, 3, 3, 1, 1, 3, 3, 1, 1, 1, -2, 3, 3, 3, 1, 3 ], 
          [ 3, 3, 1, 1, 3, 3, 1, 1, 3, 1, 1, 3, -2, 1, 1, 1, 3 ], [ 1, 3, 1, 3, 3, 3, 3, 3, 1, 3, 3, 3, 1, -2, 1, 1, 1 ], 
          [ 3, 3, 1, 1, 1, 3, 1, 3, 1, 3, 3, 3, 1, 1, -2, 1, 1 ], [ 1, 1, 1, 3, 3, 3, 1, 3, 3, 1, 3, 1, 1, 1, 1, -2, 3 ], 
          [ 3, 3, 1, 3, 1, 1, 3, 3, 1, 3, 3, 3, 3, 1, 1, 3, -2 ] ] ] ];
