discSrec:=rec(
  discf := [ [ 1/2, 0, 0, 0, 0, 0, 0, 0, 0, 0, 0 ], [ 0, 3/2, 0, 0, 0, 0, 0, 0, 0, 0, 0 ], [ 0, 0, 3/2, 0, 0, 0, 0, 0, 0, 0, 0 ], 
      [ 0, 0, 0, 3/2, 0, 0, 0, 0, 0, 0, 0 ], [ 0, 0, 0, 0, 3/2, 0, 0, 0, 0, 0, 0 ], [ 0, 0, 0, 0, 0, 3/2, 0, 0, 0, 0, 0 ], 
      [ 0, 0, 0, 0, 0, 0, 3/2, 0, 0, 0, 0 ], [ 0, 0, 0, 0, 0, 0, 0, 3/2, 0, 0, 0 ], [ 0, 0, 0, 0, 0, 0, 0, 0, 3/2, 0, 0 ], 
      [ 0, 0, 0, 0, 0, 0, 0, 0, 0, 3/2, 0 ], [ 0, 0, 0, 0, 0, 0, 0, 0, 0, 0, 3/2 ] ],
  discg := [ 2, 2, 2, 2, 2, 2, 2, 2, 2, 2, 2 ],
  proj := [ [ 2, 0, 0, 0, 0, 0, 0, 0, 0, 0, 0 ], [ 0, -2, 0, 0, 0, 0, 0, 0, 0, 0, 0 ], [ 0, 0, -2, 0, 0, 0, 0, 0, 0, 0, 0 ], 
      [ 0, 0, 0, -2, 0, 0, 0, 0, 0, 0, 0 ], [ 0, 0, 0, 0, -2, 0, 0, 0, 0, 0, 0 ], [ 0, 0, 0, 0, 0, -2, 0, 0, 0, 0, 0 ], 
      [ 0, 0, 0, 0, 0, 0, -2, 0, 0, 0, 0 ], [ 0, 0, 0, 0, 0, 0, 0, -2, 0, 0, 0 ], [ 0, 0, 0, 0, 0, 0, 0, 0, -2, 0, 0 ], 
      [ 0, 0, 0, 0, 0, 0, 0, 0, 0, -2, 0 ], [ 0, 0, 0, 0, 0, 0, 0, 0, 0, 0, -2 ] ],
  proj_dual := [ [ 1, 0, 0, 0, 0, 0, 0, 0, 0, 0, 0 ], [ 0, 1, 0, 0, 0, 0, 0, 0, 0, 0, 0 ], [ 0, 0, 1, 0, 0, 0, 0, 0, 0, 0, 0 ], 
      [ 0, 0, 0, 1, 0, 0, 0, 0, 0, 0, 0 ], [ 0, 0, 0, 0, 1, 0, 0, 0, 0, 0, 0 ], [ 0, 0, 0, 0, 0, 1, 0, 0, 0, 0, 0 ], 
      [ 0, 0, 0, 0, 0, 0, 1, 0, 0, 0, 0 ], [ 0, 0, 0, 0, 0, 0, 0, 1, 0, 0, 0 ], [ 0, 0, 0, 0, 0, 0, 0, 0, 1, 0, 0 ], 
      [ 0, 0, 0, 0, 0, 0, 0, 0, 0, 1, 0 ], [ 0, 0, 0, 0, 0, 0, 0, 0, 0, 0, 1 ] ],
  reps := [ [ 1/2, 0, 0, 0, 0, 0, 0, 0, 0, 0, 0 ], [ 0, 1/2, 0, 0, 0, 0, 0, 0, 0, 0, 0 ], [ 0, 0, 1/2, 0, 0, 0, 0, 0, 0, 0, 0 ], 
      [ 0, 0, 0, 1/2, 0, 0, 0, 0, 0, 0, 0 ], [ 0, 0, 0, 0, 1/2, 0, 0, 0, 0, 0, 0 ], [ 0, 0, 0, 0, 0, 1/2, 0, 0, 0, 0, 0 ], 
      [ 0, 0, 0, 0, 0, 0, 1/2, 0, 0, 0, 0 ], [ 0, 0, 0, 0, 0, 0, 0, 1/2, 0, 0, 0 ], [ 0, 0, 0, 0, 0, 0, 0, 0, 1/2, 0, 0 ], 
      [ 0, 0, 0, 0, 0, 0, 0, 0, 0, 1/2, 0 ], [ 0, 0, 0, 0, 0, 0, 0, 0, 0, 0, 1/2 ] ],
  reps_dual := [ [ 1, 0, 0, 0, 0, 0, 0, 0, 0, 0, 0 ], [ 0, -1, 0, 0, 0, 0, 0, 0, 0, 0, 0 ], [ 0, 0, -1, 0, 0, 0, 0, 0, 0, 0, 0 ], 
      [ 0, 0, 0, -1, 0, 0, 0, 0, 0, 0, 0 ], [ 0, 0, 0, 0, -1, 0, 0, 0, 0, 0, 0 ], [ 0, 0, 0, 0, 0, -1, 0, 0, 0, 0, 0 ], 
      [ 0, 0, 0, 0, 0, 0, -1, 0, 0, 0, 0 ], [ 0, 0, 0, 0, 0, 0, 0, -1, 0, 0, 0 ], [ 0, 0, 0, 0, 0, 0, 0, 0, -1, 0, 0 ], 
      [ 0, 0, 0, 0, 0, 0, 0, 0, 0, -1, 0 ], [ 0, 0, 0, 0, 0, 0, 0, 0, 0, 0, -1 ] ] );
