AllZeroAdjRecs:=[ rec(
      Gram := [ [ 2, 2, 2 ], [ 2, -2, 0 ], [ 2, 0, -2 ] ],
      Trec := rec(
          count := 1,
          grams := [ [ [ -2, 1, 1, 1, -1, 1, -1, 1, 0, 0, 0, 0, 0, 0, 0, 0, 0, 0, 0 ], [ 1, -2, -1, 0, 0, 0, 1, -1, 0, 0, 0, 0, 0, 0, 0, 0, 0, 0, 0 ], 
                  [ 1, -1, -2, -1, 0, -1, 0, -1, 0, 0, 0, 0, 0, 0, 0, 0, 0, 0, 0 ], [ 1, 0, -1, -2, 1, -1, 0, -1, 0, 0, 0, 0, 0, 0, 0, 0, 0, 0, 0 ], 
                  [ -1, 0, 0, 1, -2, 1, 0, 1, 0, 0, 0, 0, 0, 0, 0, 0, 0, 0, 0 ], [ 1, 0, -1, -1, 1, -2, 0, -1, 0, 0, 0, 0, 0, 0, 0, 0, 0, 0, 0 ], 
                  [ -1, 1, 0, 0, 0, 0, -2, 0, 0, 0, 0, 0, 0, 0, 0, 0, 0, 0, 0 ], [ 1, -1, -1, -1, 1, -1, 0, -2, 0, 0, 0, 0, 0, 0, 0, 0, 0, 0, 0 ], 
                  [ 0, 0, 0, 0, 0, 0, 0, 0, -2, 1, 1, 1, -1, 1, -1, 1, 0, 0, 0 ], [ 0, 0, 0, 0, 0, 0, 0, 0, 1, -2, -1, 0, 0, 0, 1, -1, 0, 0, 0 ], 
                  [ 0, 0, 0, 0, 0, 0, 0, 0, 1, -1, -2, -1, 0, -1, 0, -1, 0, 0, 0 ], [ 0, 0, 0, 0, 0, 0, 0, 0, 1, 0, -1, -2, 1, -1, 0, -1, 0, 0, 0 ], 
                  [ 0, 0, 0, 0, 0, 0, 0, 0, -1, 0, 0, 1, -2, 1, 0, 1, 0, 0, 0 ], [ 0, 0, 0, 0, 0, 0, 0, 0, 1, 0, -1, -1, 1, -2, 0, -1, 0, 0, 0 ], 
                  [ 0, 0, 0, 0, 0, 0, 0, 0, -1, 1, 0, 0, 0, 0, -2, 0, 0, 0, 0 ], [ 0, 0, 0, 0, 0, 0, 0, 0, 1, -1, -1, -1, 1, -1, 0, -2, 0, 0, 0 ], 
                  [ 0, 0, 0, 0, 0, 0, 0, 0, 0, 0, 0, 0, 0, 0, 0, 0, 2, 0, 0 ], [ 0, 0, 0, 0, 0, 0, 0, 0, 0, 0, 0, 0, 0, 0, 0, 0, 0, 2, 0 ], 
                  [ 0, 0, 0, 0, 0, 0, 0, 0, 0, 0, 0, 0, 0, 0, 0, 0, 0, 0, -6 ] ] ],
          method := "Nikulin uniqueness",
          spinorPrimes := [  ] ),
      adj := [ [ -2, 0 ], [ 0, -2 ] ],
      gensplcons := [ [ 0, 1, 0 ], [ 0, 0, 1 ] ],
      h := [ 1, 0, 0 ],
      isgemo := true,
      kk := 2,
      scons := [ [ [ 1, -1, 1 ], [ 1, 1, -1 ] ], [ [ 2, -1, 0 ], [ 0, 1, 0 ] ], [ [ 0, 0, 1 ], [ 2, 0, -1 ] ] ] ), rec(
      Gram := [ [ 2, 2, 2, 2 ], [ 2, -2, 0, 0 ], [ 2, 0, -2, 0 ], [ 2, 0, 0, -2 ] ],
      Trec := rec(
          count := 1,
          grams := [ [ [ 0, 0, 0, 0, 0, 0, 0, 0, 0, 0, 0, 0, 0, 0, 0, 0, 0, 1 ], [ 0, 0, 0, 0, 0, 0, 0, 0, 0, 0, 0, 0, 0, 0, 0, 0, 4, 0 ], 
                  [ 0, 0, -2, -1, -1, 1, 1, -1, 1, 1, 0, 0, 0, 0, 0, 0, 0, 0 ], [ 0, 0, -1, -2, 0, 1, 0, -1, 0, 1, 0, 0, 0, 0, 0, 0, 0, 0 ], 
                  [ 0, 0, -1, 0, -2, 1, 1, -1, 0, 1, 0, 0, 0, 0, 0, 0, 0, 0 ], [ 0, 0, 1, 1, 1, -2, -1, 1, 0, -1, 0, 0, 0, 0, 0, 0, 0, 0 ], 
                  [ 0, 0, 1, 0, 1, -1, -2, 0, -1, 0, 0, 0, 0, 0, 0, 0, 0, 0 ], [ 0, 0, -1, -1, -1, 1, 0, -2, 0, 1, 0, 0, 0, 0, 0, 0, 0, 0 ], 
                  [ 0, 0, 1, 0, 0, 0, -1, 0, -2, 0, 0, 0, 0, 0, 0, 0, 0, 0 ], [ 0, 0, 1, 1, 1, -1, 0, 1, 0, -2, 0, 0, 0, 0, 0, 0, 0, 0 ], 
                  [ 0, 0, 0, 0, 0, 0, 0, 0, 0, 0, -2, 1, -1, 1, 1, 1, 0, 0 ], [ 0, 0, 0, 0, 0, 0, 0, 0, 0, 0, 1, -2, 1, -1, 0, 0, 0, 0 ], 
                  [ 0, 0, 0, 0, 0, 0, 0, 0, 0, 0, -1, 1, -2, 0, 0, 0, 0, 0 ], [ 0, 0, 0, 0, 0, 0, 0, 0, 0, 0, 1, -1, 0, -2, 0, 0, 0, 0 ], 
                  [ 0, 0, 0, 0, 0, 0, 0, 0, 0, 0, 1, 0, 0, 0, -2, -1, 0, 0 ], [ 0, 0, 0, 0, 0, 0, 0, 0, 0, 0, 1, 0, 0, 0, -1, -2, 0, 0 ], 
                  [ 0, 4, 0, 0, 0, 0, 0, 0, 0, 0, 0, 0, 0, 0, 0, 0, 2, 0 ], [ 1, 0, 0, 0, 0, 0, 0, 0, 0, 0, 0, 0, 0, 0, 0, 0, 0, 0 ] ] ],
          method := "Nikulin uniqueness",
          spinorPrimes := [  ] ),
      adj := [ [ -2, 0, 0 ], [ 0, -2, 0 ], [ 0, 0, -2 ] ],
      gensplcons := [ [ 0, 1, 0, 0 ], [ 0, 0, 1, 0 ], [ 0, 0, 0, 1 ] ],
      h := [ 1, 0, 0, 0 ],
      isgemo := true,
      kk := 3,
      scons := [ [ [ 1, 0, -1, 1 ], [ 1, 0, 1, -1 ] ], [ [ 2, 0, -1, 0 ], [ 0, 0, 1, 0 ] ], [ [ 1, 1, -1, 0 ], [ 1, -1, 1, 0 ] ], [ [ 1, -1, 0, 1 ], [ 1, 1, 0, -1 ] ], 
          [ [ 2, -1, 0, 0 ], [ 0, 1, 0, 0 ] ], [ [ 0, 0, 0, 1 ], [ 2, 0, 0, -1 ] ] ] ), rec(
      Gram := [ [ 2, 2, 2, 2, 2 ], [ 2, -2, 0, 0, 0 ], [ 2, 0, -2, 0, 0 ], [ 2, 0, 0, -2, 0 ], [ 2, 0, 0, 0, -2 ] ],
      Trec := rec(
          count := 1,
          grams := [ [ [ 0, 0, 0, 0, 0, 0, 0, 0, 0, 0, 0, 0, 0, 0, 0, 0, 1 ], [ 0, -2, -1, -1, -1, 1, 1, -1, 1, 0, 0, 0, 0, 0, 0, 0, 0 ], 
                  [ 0, -1, -2, 0, -1, 1, 1, 0, 1, 0, 0, 0, 0, 0, 0, 0, 0 ], [ 0, -1, 0, -2, -1, 0, 1, -1, 1, 0, 0, 0, 0, 0, 0, 0, 0 ], 
                  [ 0, -1, -1, -1, -2, 0, 1, 0, 1, 0, 0, 0, 0, 0, 0, 0, 0 ], [ 0, 1, 1, 0, 0, -2, 0, 0, -1, 0, 0, 0, 0, 0, 0, 0, 0 ], 
                  [ 0, 1, 1, 1, 1, 0, -2, 1, -1, 0, 0, 0, 0, 0, 0, 0, 0 ], [ 0, -1, 0, -1, 0, 0, 1, -2, 0, 0, 0, 0, 0, 0, 0, 0, 0 ], 
                  [ 0, 1, 1, 1, 1, -1, -1, 0, -2, 0, 0, 0, 0, 0, 0, 0, 0 ], [ 0, 0, 0, 0, 0, 0, 0, 0, 0, -2, 1, 1, 1, 0, 0, 0, 0 ], 
                  [ 0, 0, 0, 0, 0, 0, 0, 0, 0, 1, -2, 0, -1, 0, 0, 0, 0 ], [ 0, 0, 0, 0, 0, 0, 0, 0, 0, 1, 0, -2, -1, 0, 0, 0, 0 ], 
                  [ 0, 0, 0, 0, 0, 0, 0, 0, 0, 1, -1, -1, -2, 0, 0, 0, 0 ], [ 0, 0, 0, 0, 0, 0, 0, 0, 0, 0, 0, 0, 0, -2, 0, 0, 0 ], 
                  [ 0, 0, 0, 0, 0, 0, 0, 0, 0, 0, 0, 0, 0, 0, -2, 0, 0 ], [ 0, 0, 0, 0, 0, 0, 0, 0, 0, 0, 0, 0, 0, 0, 0, 10, 0 ], 
                  [ 1, 0, 0, 0, 0, 0, 0, 0, 0, 0, 0, 0, 0, 0, 0, 0, 0 ] ] ],
          method := "Nikulin uniqueness",
          spinorPrimes := [  ] ),
      adj := [ [ -2, 0, 0, 0 ], [ 0, -2, 0, 0 ], [ 0, 0, -2, 0 ], [ 0, 0, 0, -2 ] ],
      gensplcons := [ [ 0, 1, 0, 0, 0 ], [ 0, 0, 1, 0, 0 ], [ 0, 0, 0, 1, 0 ], [ 0, 0, 0, 0, 1 ] ],
      h := [ 1, 0, 0, 0, 0 ],
      isgemo := true,
      kk := 4,
      scons := [ [ [ 1, 0, 0, -1, 1 ], [ 1, 0, 0, 1, -1 ] ], [ [ 2, 0, 0, -1, 0 ], [ 0, 0, 0, 1, 0 ] ], [ [ 1, 1, 0, -1, 0 ], [ 1, -1, 0, 1, 0 ] ], 
          [ [ 1, 0, 1, -1, 0 ], [ 1, 0, -1, 1, 0 ] ], [ [ 1, 0, -1, 0, 1 ], [ 1, 0, 1, 0, -1 ] ], [ [ 2, 0, -1, 0, 0 ], [ 0, 0, 1, 0, 0 ] ], 
          [ [ 1, 1, -1, 0, 0 ], [ 1, -1, 1, 0, 0 ] ], [ [ 1, -1, 0, 0, 1 ], [ 1, 1, 0, 0, -1 ] ], [ [ 2, -1, 0, 0, 0 ], [ 0, 1, 0, 0, 0 ] ], 
          [ [ 0, 0, 0, 0, 1 ], [ 2, 0, 0, 0, -1 ] ] ] ), rec(
      Gram := [ [ 2, 2, 2, 2, 2, 2 ], [ 2, -2, 0, 0, 0, 0 ], [ 2, 0, -2, 0, 0, 0 ], [ 2, 0, 0, -2, 0, 0 ], [ 2, 0, 0, 0, -2, 0 ], [ 2, 0, 0, 0, 0, -2 ] ],
      Trec := rec(
          count := 1,
          grams := [ [ [ 0, 0, 0, 0, 0, 0, 0, 0, 0, 0, 0, 0, 0, 0, 0, 2 ], [ 0, -2, -1, -1, -1, 1, 1, -1, 1, 0, 0, 0, 0, 0, 0, 0 ], 
                  [ 0, -1, -2, 0, 0, 1, 1, -1, 1, 0, 0, 0, 0, 0, 0, 0 ], [ 0, -1, 0, -2, 0, 0, 1, -1, 1, 0, 0, 0, 0, 0, 0, 0 ], 
                  [ 0, -1, 0, 0, -2, 0, 0, 0, 0, 0, 0, 0, 0, 0, 0, 0 ], [ 0, 1, 1, 0, 0, -2, 0, 1, -1, 0, 0, 0, 0, 0, 0, 0 ], 
                  [ 0, 1, 1, 1, 0, 0, -2, 1, -1, 0, 0, 0, 0, 0, 0, 0 ], [ 0, -1, -1, -1, 0, 1, 1, -2, 1, 0, 0, 0, 0, 0, 0, 0 ], 
                  [ 0, 1, 1, 1, 0, -1, -1, 1, -2, 0, 0, 0, 0, 0, 0, 0 ], [ 0, 0, 0, 0, 0, 0, 0, 0, 0, -2, -1, 1, -1, 0, 0, 0 ], 
                  [ 0, 0, 0, 0, 0, 0, 0, 0, 0, -1, -2, 1, 0, 0, 0, 0 ], [ 0, 0, 0, 0, 0, 0, 0, 0, 0, 1, 1, -2, 1, 0, 0, 0 ], 
                  [ 0, 0, 0, 0, 0, 0, 0, 0, 0, -1, 0, 1, -2, 0, 0, 0 ], [ 0, 0, 0, 0, 0, 0, 0, 0, 0, 0, 0, 0, 0, -4, 0, 0 ], 
                  [ 0, 0, 0, 0, 0, 0, 0, 0, 0, 0, 0, 0, 0, 0, 6, 0 ], [ 2, 0, 0, 0, 0, 0, 0, 0, 0, 0, 0, 0, 0, 0, 0, 0 ] ] ],
          method := "Nikulin uniqueness",
          spinorPrimes := [  ] ),
      adj := [ [ -2, 0, 0, 0, 0 ], [ 0, -2, 0, 0, 0 ], [ 0, 0, -2, 0, 0 ], [ 0, 0, 0, -2, 0 ], [ 0, 0, 0, 0, -2 ] ],
      gensplcons := [ [ 0, 1, 0, 0, 0, 0 ], [ 0, 0, 1, 0, 0, 0 ], [ 0, 0, 0, 1, 0, 0 ], [ 0, 0, 0, 0, 1, 0 ], [ 0, 0, 0, 0, 0, 1 ] ],
      h := [ 1, 0, 0, 0, 0, 0 ],
      isgemo := true,
      kk := 5,
      scons := [ [ [ 1, 0, 0, 0, -1, 1 ], [ 1, 0, 0, 0, 1, -1 ] ], [ [ 2, 0, 0, 0, -1, 0 ], [ 0, 0, 0, 0, 1, 0 ] ], [ [ 1, 1, 0, 0, -1, 0 ], [ 1, -1, 0, 0, 1, 0 ] ], 
          [ [ 1, 0, 1, 0, -1, 0 ], [ 1, 0, -1, 0, 1, 0 ] ], [ [ 1, 0, 0, 1, -1, 0 ], [ 1, 0, 0, -1, 1, 0 ] ], [ [ 1, 0, 0, -1, 0, 1 ], [ 1, 0, 0, 1, 0, -1 ] ], 
          [ [ 2, 0, 0, -1, 0, 0 ], [ 0, 0, 0, 1, 0, 0 ] ], [ [ 1, 1, 0, -1, 0, 0 ], [ 1, -1, 0, 1, 0, 0 ] ], [ [ 1, 0, 1, -1, 0, 0 ], [ 1, 0, -1, 1, 0, 0 ] ], 
          [ [ 1, 0, -1, 0, 0, 1 ], [ 1, 0, 1, 0, 0, -1 ] ], [ [ 2, 0, -1, 0, 0, 0 ], [ 0, 0, 1, 0, 0, 0 ] ], [ [ 1, 1, -1, 0, 0, 0 ], [ 1, -1, 1, 0, 0, 0 ] ], 
          [ [ 1, -1, 0, 0, 0, 1 ], [ 1, 1, 0, 0, 0, -1 ] ], [ [ 2, -1, 0, 0, 0, 0 ], [ 0, 1, 0, 0, 0, 0 ] ], [ [ 0, 0, 0, 0, 0, 1 ], [ 2, 0, 0, 0, 0, -1 ] ] ] ), rec(
      Gram := [ [ 2, 2, 2, 2, 2, 2, 2 ], [ 2, -2, 0, 0, 0, 0, 0 ], [ 2, 0, -2, 0, 0, 0, 0 ], [ 2, 0, 0, -2, 0, 0, 0 ], [ 2, 0, 0, 0, -2, 0, 0 ], 
          [ 2, 0, 0, 0, 0, -2, 0 ], [ 2, 0, 0, 0, 0, 0, -2 ] ],
      Trec := rec(
          count := 1,
          grams := [ [ [ 0, 0, 0, 0, 0, 0, 0, 0, 0, 0, 0, 0, 0, 0, 2 ], [ 0, -2, -1, -1, -1, 1, 1, -1, 1, 0, 0, 0, 0, 0, 0 ], 
                  [ 0, -1, -2, 0, 0, 1, 1, -1, 1, 0, 0, 0, 0, 0, 0 ], [ 0, -1, 0, -2, 0, 0, 1, -1, 1, 0, 0, 0, 0, 0, 0 ], [ 0, -1, 0, 0, -2, 0, 0, 0, 0, 0, 0, 0, 0, 0, 0 ], 
                  [ 0, 1, 1, 0, 0, -2, 0, 1, -1, 0, 0, 0, 0, 0, 0 ], [ 0, 1, 1, 1, 0, 0, -2, 1, -1, 0, 0, 0, 0, 0, 0 ], [ 0, -1, -1, -1, 0, 1, 1, -2, 1, 0, 0, 0, 0, 0, 0 ], 
                  [ 0, 1, 1, 1, 0, -1, -1, 1, -2, 0, 0, 0, 0, 0, 0 ], [ 0, 0, 0, 0, 0, 0, 0, 0, 0, -2, 0, 0, 0, 0, 0 ], [ 0, 0, 0, 0, 0, 0, 0, 0, 0, 0, -2, 0, 0, 0, 0 ], 
                  [ 0, 0, 0, 0, 0, 0, 0, 0, 0, 0, 0, -2, 0, 0, 0 ], [ 0, 0, 0, 0, 0, 0, 0, 0, 0, 0, 0, 0, 4, -2, 0 ], [ 0, 0, 0, 0, 0, 0, 0, 0, 0, 0, 0, 0, -2, -6, 0 ], 
                  [ 2, 0, 0, 0, 0, 0, 0, 0, 0, 0, 0, 0, 0, 0, 0 ] ] ],
          method := "Nikulin uniqueness",
          spinorPrimes := [  ] ),
      adj := [ [ -2, 0, 0, 0, 0, 0 ], [ 0, -2, 0, 0, 0, 0 ], [ 0, 0, -2, 0, 0, 0 ], [ 0, 0, 0, -2, 0, 0 ], [ 0, 0, 0, 0, -2, 0 ], [ 0, 0, 0, 0, 0, -2 ] ],
      gensplcons := [ [ 0, 1, 0, 0, 0, 0, 0 ], [ 0, 0, 1, 0, 0, 0, 0 ], [ 0, 0, 0, 1, 0, 0, 0 ], [ 0, 0, 0, 0, 1, 0, 0 ], [ 0, 0, 0, 0, 0, 1, 0 ], [ 0, 0, 0, 0, 0, 0, 1 ] ],
      h := [ 1, 0, 0, 0, 0, 0, 0 ],
      isgemo := true,
      kk := 6,
      scons := [ [ [ 1, 0, 0, 0, 0, -1, 1 ], [ 1, 0, 0, 0, 0, 1, -1 ] ], [ [ 2, 0, 0, 0, 0, -1, 0 ], [ 0, 0, 0, 0, 0, 1, 0 ] ], 
          [ [ 1, 1, 0, 0, 0, -1, 0 ], [ 1, -1, 0, 0, 0, 1, 0 ] ], [ [ 1, 0, 1, 0, 0, -1, 0 ], [ 1, 0, -1, 0, 0, 1, 0 ] ], 
          [ [ 1, 0, 0, 1, 0, -1, 0 ], [ 1, 0, 0, -1, 0, 1, 0 ] ], [ [ 1, 0, 0, 0, 1, -1, 0 ], [ 1, 0, 0, 0, -1, 1, 0 ] ], 
          [ [ 1, 0, 0, 0, -1, 0, 1 ], [ 1, 0, 0, 0, 1, 0, -1 ] ], [ [ 2, 0, 0, 0, -1, 0, 0 ], [ 0, 0, 0, 0, 1, 0, 0 ] ], [ [ 1, 1, 0, 0, -1, 0, 0 ], [ 1, -1, 0, 0, 1, 0, 0 ] 
             ], [ [ 1, 0, 1, 0, -1, 0, 0 ], [ 1, 0, -1, 0, 1, 0, 0 ] ], [ [ 1, 0, 0, 1, -1, 0, 0 ], [ 1, 0, 0, -1, 1, 0, 0 ] ], 
          [ [ 1, 0, 0, -1, 0, 0, 1 ], [ 1, 0, 0, 1, 0, 0, -1 ] ], [ [ 2, 0, 0, -1, 0, 0, 0 ], [ 0, 0, 0, 1, 0, 0, 0 ] ], [ [ 1, 1, 0, -1, 0, 0, 0 ], [ 1, -1, 0, 1, 0, 0, 0 ] 
             ], [ [ 1, 0, 1, -1, 0, 0, 0 ], [ 1, 0, -1, 1, 0, 0, 0 ] ], [ [ 1, 0, -1, 0, 0, 0, 1 ], [ 1, 0, 1, 0, 0, 0, -1 ] ], 
          [ [ 2, 0, -1, 0, 0, 0, 0 ], [ 0, 0, 1, 0, 0, 0, 0 ] ], [ [ 1, 1, -1, 0, 0, 0, 0 ], [ 1, -1, 1, 0, 0, 0, 0 ] ], [ [ 1, -1, 0, 0, 0, 0, 1 ], [ 1, 1, 0, 0, 0, 0, -1 ] 
             ], [ [ 2, -1, 0, 0, 0, 0, 0 ], [ 0, 1, 0, 0, 0, 0, 0 ] ], [ [ 0, 0, 0, 0, 0, 0, 1 ], [ 2, 0, 0, 0, 0, 0, -1 ] ] ] ), rec(
      Gram := [ [ 2, 2, 2, 2, 2, 2, 2, 2 ], [ 2, -2, 0, 0, 0, 0, 0, 0 ], [ 2, 0, -2, 0, 0, 0, 0, 0 ], [ 2, 0, 0, -2, 0, 0, 0, 0 ], 
          [ 2, 0, 0, 0, -2, 0, 0, 0 ], [ 2, 0, 0, 0, 0, -2, 0, 0 ], [ 2, 0, 0, 0, 0, 0, -2, 0 ], [ 2, 0, 0, 0, 0, 0, 0, -2 ] ],
      Trec := rec(
          count := 1,
          grams := [ [ [ 0, 0, 0, 0, 0, 0, 0, 0, 0, 0, 0, 0, 0, 2 ], [ 0, 0, 0, 0, 0, 0, 0, 0, 0, 0, 0, 0, 2, 0 ], [ 0, 0, -2, 1, 1, 1, 1, -1, 1, 1, 0, 0, 0, 0 ], 
                  [ 0, 0, 1, -2, -1, 0, 0, 0, -1, 0, 0, 0, 0, 0 ], [ 0, 0, 1, -1, -2, -1, 0, 0, -1, 0, 0, 0, 0, 0 ], [ 0, 0, 1, 0, -1, -2, -1, 1, 0, -1, 0, 0, 0, 0 ], 
                  [ 0, 0, 1, 0, 0, -1, -2, 1, 0, -1, 0, 0, 0, 0 ], [ 0, 0, -1, 0, 0, 1, 1, -2, 0, 1, 0, 0, 0, 0 ], [ 0, 0, 1, -1, -1, 0, 0, 0, -2, 0, 0, 0, 0, 0 ], 
                  [ 0, 0, 1, 0, 0, -1, -1, 1, 0, -2, 0, 0, 0, 0 ], [ 0, 0, 0, 0, 0, 0, 0, 0, 0, 0, -2, 0, 0, 0 ], [ 0, 0, 0, 0, 0, 0, 0, 0, 0, 0, 0, -16, 0, 0 ], 
                  [ 0, 2, 0, 0, 0, 0, 0, 0, 0, 0, 0, 0, 0, 0 ], [ 2, 0, 0, 0, 0, 0, 0, 0, 0, 0, 0, 0, 0, 2 ] ] ],
          method := "Nikulin uniqueness",
          spinorPrimes := [  ] ),
      adj := [ [ -2, 0, 0, 0, 0, 0, 0 ], [ 0, -2, 0, 0, 0, 0, 0 ], [ 0, 0, -2, 0, 0, 0, 0 ], [ 0, 0, 0, -2, 0, 0, 0 ], [ 0, 0, 0, 0, -2, 0, 0 ], 
          [ 0, 0, 0, 0, 0, -2, 0 ], [ 0, 0, 0, 0, 0, 0, -2 ] ],
      gensplcons := [ [ 0, 1, 0, 0, 0, 0, 0, 0 ], [ 0, 0, 1, 0, 0, 0, 0, 0 ], [ 0, 0, 0, 1, 0, 0, 0, 0 ], [ 0, 0, 0, 0, 1, 0, 0, 0 ], 
          [ 0, 0, 0, 0, 0, 1, 0, 0 ], [ 0, 0, 0, 0, 0, 0, 1, 0 ], [ 0, 0, 0, 0, 0, 0, 0, 1 ] ],
      h := [ 1, 0, 0, 0, 0, 0, 0, 0 ],
      isgemo := true,
      kk := 7,
      scons := [ [ [ 1, 0, 0, 0, 0, 0, -1, 1 ], [ 1, 0, 0, 0, 0, 0, 1, -1 ] ], [ [ 2, 0, 0, 0, 0, 0, -1, 0 ], [ 0, 0, 0, 0, 0, 0, 1, 0 ] ], 
          [ [ 1, 1, 0, 0, 0, 0, -1, 0 ], [ 1, -1, 0, 0, 0, 0, 1, 0 ] ], [ [ 1, 0, 1, 0, 0, 0, -1, 0 ], [ 1, 0, -1, 0, 0, 0, 1, 0 ] ], 
          [ [ 1, 0, 0, 1, 0, 0, -1, 0 ], [ 1, 0, 0, -1, 0, 0, 1, 0 ] ], [ [ 1, 0, 0, 0, 1, 0, -1, 0 ], [ 1, 0, 0, 0, -1, 0, 1, 0 ] ], 
          [ [ 1, 0, 0, 0, 0, 1, -1, 0 ], [ 1, 0, 0, 0, 0, -1, 1, 0 ] ], [ [ 1, 0, 0, 0, 0, -1, 0, 1 ], [ 1, 0, 0, 0, 0, 1, 0, -1 ] ], 
          [ [ 2, 0, 0, 0, 0, -1, 0, 0 ], [ 0, 0, 0, 0, 0, 1, 0, 0 ] ], [ [ 1, 1, 0, 0, 0, -1, 0, 0 ], [ 1, -1, 0, 0, 0, 1, 0, 0 ] ], 
          [ [ 1, 0, 1, 0, 0, -1, 0, 0 ], [ 1, 0, -1, 0, 0, 1, 0, 0 ] ], [ [ 1, 0, 0, 1, 0, -1, 0, 0 ], [ 1, 0, 0, -1, 0, 1, 0, 0 ] ], 
          [ [ 1, 0, 0, 0, 1, -1, 0, 0 ], [ 1, 0, 0, 0, -1, 1, 0, 0 ] ], [ [ 1, 0, 0, 0, -1, 0, 0, 1 ], [ 1, 0, 0, 0, 1, 0, 0, -1 ] ], 
          [ [ 2, 0, 0, 0, -1, 0, 0, 0 ], [ 0, 0, 0, 0, 1, 0, 0, 0 ] ], [ [ 1, 1, 0, 0, -1, 0, 0, 0 ], [ 1, -1, 0, 0, 1, 0, 0, 0 ] ], 
          [ [ 1, 0, 1, 0, -1, 0, 0, 0 ], [ 1, 0, -1, 0, 1, 0, 0, 0 ] ], [ [ 1, 0, 0, 1, -1, 0, 0, 0 ], [ 1, 0, 0, -1, 1, 0, 0, 0 ] ], 
          [ [ 1, 0, 0, -1, 0, 0, 0, 1 ], [ 1, 0, 0, 1, 0, 0, 0, -1 ] ], [ [ 2, 0, 0, -1, 0, 0, 0, 0 ], [ 0, 0, 0, 1, 0, 0, 0, 0 ] ], 
          [ [ 1, 1, 0, -1, 0, 0, 0, 0 ], [ 1, -1, 0, 1, 0, 0, 0, 0 ] ], [ [ 1, 0, 1, -1, 0, 0, 0, 0 ], [ 1, 0, -1, 1, 0, 0, 0, 0 ] ], 
          [ [ 1, 0, -1, 0, 0, 0, 0, 1 ], [ 1, 0, 1, 0, 0, 0, 0, -1 ] ], [ [ 2, 0, -1, 0, 0, 0, 0, 0 ], [ 0, 0, 1, 0, 0, 0, 0, 0 ] ], 
          [ [ 1, 1, -1, 0, 0, 0, 0, 0 ], [ 1, -1, 1, 0, 0, 0, 0, 0 ] ], [ [ 1, -1, 0, 0, 0, 0, 0, 1 ], [ 1, 1, 0, 0, 0, 0, 0, -1 ] ], 
          [ [ 2, -1, 0, 0, 0, 0, 0, 0 ], [ 0, 1, 0, 0, 0, 0, 0, 0 ] ], [ [ 0, 0, 0, 0, 0, 0, 0, 1 ], [ 2, 0, 0, 0, 0, 0, 0, -1 ] ] ] ), rec(
      Gram := [ [ 2, 2, 2, 2, 2, 2, 2, 2, 2 ], [ 2, -2, 0, 0, 0, 0, 0, 0, 0 ], [ 2, 0, -2, 0, 0, 0, 0, 0, 0 ], [ 2, 0, 0, -2, 0, 0, 0, 0, 0 ], 
          [ 2, 0, 0, 0, -2, 0, 0, 0, 0 ], [ 2, 0, 0, 0, 0, -2, 0, 0, 0 ], [ 2, 0, 0, 0, 0, 0, -2, 0, 0 ], [ 2, 0, 0, 0, 0, 0, 0, -2, 0 ], [ 2, 0, 0, 0, 0, 0, 0, 0, -2 ] ],
      Trec := rec(
          count := 1,
          grams := [ [ [ 0, 0, 0, 0, 0, 0, 0, 0, 0, 0, 0, 0, 2 ], [ 0, 0, 0, 0, 0, 0, 0, 0, 0, 0, 0, 2, 0 ], [ 0, 0, -2, 1, -1, 0, 0, 0, 1, 0, 0, 0, 0 ], 
                  [ 0, 0, 1, -2, 0, 0, 0, 0, 0, 0, 0, 0, 0 ], [ 0, 0, -1, 0, -2, 0, 0, 0, 0, 0, 0, 0, 0 ], [ 0, 0, 0, 0, 0, -2, 1, 1, -1, 0, 1, 0, 0 ], 
                  [ 0, 0, 0, 0, 0, 1, -2, 0, 0, 0, -1, 0, 0 ], [ 0, 0, 0, 0, 0, 1, 0, -2, 0, 0, -1, 0, 0 ], [ 0, 0, 1, 0, 0, -1, 0, 0, -4, 0, 1, 0, 0 ], 
                  [ 0, 0, 0, 0, 0, 0, 0, 0, 0, -2, 0, 0, 0 ], [ 0, 0, 0, 0, 0, 1, -1, -1, 1, 0, -6, 0, 0 ], [ 0, 2, 0, 0, 0, 0, 0, 0, 0, 0, 0, 0, 0 ], 
                  [ 2, 0, 0, 0, 0, 0, 0, 0, 0, 0, 0, 0, 0 ] ] ],
          method := "Nikulin uniqueness",
          spinorPrimes := [  ] ),
      adj := [ [ -2, 0, 0, 0, 0, 0, 0, 0 ], [ 0, -2, 0, 0, 0, 0, 0, 0 ], [ 0, 0, -2, 0, 0, 0, 0, 0 ], [ 0, 0, 0, -2, 0, 0, 0, 0 ], 
          [ 0, 0, 0, 0, -2, 0, 0, 0 ], [ 0, 0, 0, 0, 0, -2, 0, 0 ], [ 0, 0, 0, 0, 0, 0, -2, 0 ], [ 0, 0, 0, 0, 0, 0, 0, -2 ] ],
      gensplcons := [ [ 0, 1, 0, 0, 0, 0, 0, 0, 0 ], [ 0, 0, 1, 0, 0, 0, 0, 0, 0 ], [ 0, 0, 0, 1, 0, 0, 0, 0, 0 ], [ 0, 0, 0, 0, 1, 0, 0, 0, 0 ], 
          [ 0, 0, 0, 0, 0, 1, 0, 0, 0 ], [ 0, 0, 0, 0, 0, 0, 1, 0, 0 ], [ 0, 0, 0, 0, 0, 0, 0, 1, 0 ], [ 0, 0, 0, 0, 0, 0, 0, 0, 1 ] ],
      h := [ 1, 0, 0, 0, 0, 0, 0, 0, 0 ],
      isgemo := true,
      kk := 8,
      scons := [ [ [ 1, 0, 0, 0, 0, 0, 0, -1, 1 ], [ 1, 0, 0, 0, 0, 0, 0, 1, -1 ] ], [ [ 2, 0, 0, 0, 0, 0, 0, -1, 0 ], [ 0, 0, 0, 0, 0, 0, 0, 1, 0 ] ], 
          [ [ 1, 1, 0, 0, 0, 0, 0, -1, 0 ], [ 1, -1, 0, 0, 0, 0, 0, 1, 0 ] ], [ [ 1, 0, 1, 0, 0, 0, 0, -1, 0 ], [ 1, 0, -1, 0, 0, 0, 0, 1, 0 ] ], 
          [ [ 1, 0, 0, 1, 0, 0, 0, -1, 0 ], [ 1, 0, 0, -1, 0, 0, 0, 1, 0 ] ], [ [ 1, 0, 0, 0, 1, 0, 0, -1, 0 ], [ 1, 0, 0, 0, -1, 0, 0, 1, 0 ] ], 
          [ [ 1, 0, 0, 0, 0, 1, 0, -1, 0 ], [ 1, 0, 0, 0, 0, -1, 0, 1, 0 ] ], [ [ 1, 0, 0, 0, 0, 0, 1, -1, 0 ], [ 1, 0, 0, 0, 0, 0, -1, 1, 0 ] ], 
          [ [ 1, 0, 0, 0, 0, 0, -1, 0, 1 ], [ 1, 0, 0, 0, 0, 0, 1, 0, -1 ] ], [ [ 2, 0, 0, 0, 0, 0, -1, 0, 0 ], [ 0, 0, 0, 0, 0, 0, 1, 0, 0 ] ], 
          [ [ 1, 1, 0, 0, 0, 0, -1, 0, 0 ], [ 1, -1, 0, 0, 0, 0, 1, 0, 0 ] ], [ [ 1, 0, 1, 0, 0, 0, -1, 0, 0 ], [ 1, 0, -1, 0, 0, 0, 1, 0, 0 ] ], 
          [ [ 1, 0, 0, 1, 0, 0, -1, 0, 0 ], [ 1, 0, 0, -1, 0, 0, 1, 0, 0 ] ], [ [ 1, 0, 0, 0, 1, 0, -1, 0, 0 ], [ 1, 0, 0, 0, -1, 0, 1, 0, 0 ] ], 
          [ [ 1, 0, 0, 0, 0, 1, -1, 0, 0 ], [ 1, 0, 0, 0, 0, -1, 1, 0, 0 ] ], [ [ 1, 0, 0, 0, 0, -1, 0, 0, 1 ], [ 1, 0, 0, 0, 0, 1, 0, 0, -1 ] ], 
          [ [ 2, 0, 0, 0, 0, -1, 0, 0, 0 ], [ 0, 0, 0, 0, 0, 1, 0, 0, 0 ] ], [ [ 1, 1, 0, 0, 0, -1, 0, 0, 0 ], [ 1, -1, 0, 0, 0, 1, 0, 0, 0 ] ], 
          [ [ 1, 0, 1, 0, 0, -1, 0, 0, 0 ], [ 1, 0, -1, 0, 0, 1, 0, 0, 0 ] ], [ [ 1, 0, 0, 1, 0, -1, 0, 0, 0 ], [ 1, 0, 0, -1, 0, 1, 0, 0, 0 ] ], 
          [ [ 1, 0, 0, 0, 1, -1, 0, 0, 0 ], [ 1, 0, 0, 0, -1, 1, 0, 0, 0 ] ], [ [ 1, 0, 0, 0, -1, 0, 0, 0, 1 ], [ 1, 0, 0, 0, 1, 0, 0, 0, -1 ] ], 
          [ [ 2, 0, 0, 0, -1, 0, 0, 0, 0 ], [ 0, 0, 0, 0, 1, 0, 0, 0, 0 ] ], [ [ 1, 1, 0, 0, -1, 0, 0, 0, 0 ], [ 1, -1, 0, 0, 1, 0, 0, 0, 0 ] ], 
          [ [ 1, 0, 1, 0, -1, 0, 0, 0, 0 ], [ 1, 0, -1, 0, 1, 0, 0, 0, 0 ] ], [ [ 1, 0, 0, 1, -1, 0, 0, 0, 0 ], [ 1, 0, 0, -1, 1, 0, 0, 0, 0 ] ], 
          [ [ 1, 0, 0, -1, 0, 0, 0, 0, 1 ], [ 1, 0, 0, 1, 0, 0, 0, 0, -1 ] ], [ [ 2, 0, 0, -1, 0, 0, 0, 0, 0 ], [ 0, 0, 0, 1, 0, 0, 0, 0, 0 ] ], 
          [ [ 1, 1, 0, -1, 0, 0, 0, 0, 0 ], [ 1, -1, 0, 1, 0, 0, 0, 0, 0 ] ], [ [ 1, 0, 1, -1, 0, 0, 0, 0, 0 ], [ 1, 0, -1, 1, 0, 0, 0, 0, 0 ] ], 
          [ [ 1, 0, -1, 0, 0, 0, 0, 0, 1 ], [ 1, 0, 1, 0, 0, 0, 0, 0, -1 ] ], [ [ 2, 0, -1, 0, 0, 0, 0, 0, 0 ], [ 0, 0, 1, 0, 0, 0, 0, 0, 0 ] ], 
          [ [ 1, 1, -1, 0, 0, 0, 0, 0, 0 ], [ 1, -1, 1, 0, 0, 0, 0, 0, 0 ] ], [ [ 1, -1, 0, 0, 0, 0, 0, 0, 1 ], [ 1, 1, 0, 0, 0, 0, 0, 0, -1 ] ], 
          [ [ 2, -1, 0, 0, 0, 0, 0, 0, 0 ], [ 0, 1, 0, 0, 0, 0, 0, 0, 0 ] ], [ [ 0, 0, 0, 0, 0, 0, 0, 0, 1 ], [ 2, 0, 0, 0, 0, 0, 0, 0, -1 ] ] ] ), rec(
      Gram := [ [ 2, 2, 2, 2, 2, 2, 2, 2, 2, 2 ], [ 2, -2, 0, 0, 0, 0, 0, 0, 0, 0 ], [ 2, 0, -2, 0, 0, 0, 0, 0, 0, 0 ], 
          [ 2, 0, 0, -2, 0, 0, 0, 0, 0, 0 ], [ 2, 0, 0, 0, -2, 0, 0, 0, 0, 0 ], [ 2, 0, 0, 0, 0, -2, 0, 0, 0, 0 ], [ 2, 0, 0, 0, 0, 0, -2, 0, 0, 0 ], 
          [ 2, 0, 0, 0, 0, 0, 0, -2, 0, 0 ], [ 2, 0, 0, 0, 0, 0, 0, 0, -2, 0 ], [ 2, 0, 0, 0, 0, 0, 0, 0, 0, -2 ] ],
      Trec := rec(
          count := 1,
          grams := [ [ [ 0, 0, 0, 0, 0, 0, 0, 0, 0, 0, 0, 1 ], [ 0, -4, -2, 2, -2, 2, 2, 2, -2, 0, 0, 0 ], [ 0, -2, -4, 0, -2, 2, 0, 2, -2, 0, 0, 0 ], 
                  [ 0, 2, 0, -4, 2, 0, 0, -2, 0, 0, 0, 0 ], [ 0, -2, -2, 2, -4, 2, 0, 2, 0, 0, 0, 0 ], [ 0, 2, 2, 0, 2, -4, -2, -2, 0, 0, 0, 0 ], 
                  [ 0, 2, 0, 0, 0, -2, -4, 0, 0, 0, 0, 0 ], [ 0, 2, 2, -2, 2, -2, 0, -4, 0, 0, 0, 0 ], 
                  [ 0, -2, -2, 0, 0, 0, 0, 0, -4, 0, 0, 0 ], [ 0, 0, 0, 0, 0, 0, 0, 0, 0, 2, 0, 0 ], [ 0, 0, 0, 0, 0, 0, 0, 0, 0, 0, -20, 0 ], 
                  [ 1, 0, 0, 0, 0, 0, 0, 0, 0, 0, 0, 0 ] ] ],
          method := "Nikulin uniqueness",
          spinorPrimes := [  ] ),
      adj := [ [ -2, 0, 0, 0, 0, 0, 0, 0, 0 ], [ 0, -2, 0, 0, 0, 0, 0, 0, 0 ], [ 0, 0, -2, 0, 0, 0, 0, 0, 0 ], [ 0, 0, 0, -2, 0, 0, 0, 0, 0 ], 
          [ 0, 0, 0, 0, -2, 0, 0, 0, 0 ], [ 0, 0, 0, 0, 0, -2, 0, 0, 0 ], [ 0, 0, 0, 0, 0, 0, -2, 0, 0 ], [ 0, 0, 0, 0, 0, 0, 0, -2, 0 ], [ 0, 0, 0, 0, 0, 0, 0, 0, -2 ] ],
      gensplcons := [ [ 0, 1, 0, 0, 0, 0, 0, 0, 0, 0 ], [ 0, 0, 1, 0, 0, 0, 0, 0, 0, 0 ], [ 0, 0, 0, 1, 0, 0, 0, 0, 0, 0 ], 
          [ 0, 0, 0, 0, 1, 0, 0, 0, 0, 0 ], [ 0, 0, 0, 0, 0, 1, 0, 0, 0, 0 ], [ 0, 0, 0, 0, 0, 0, 1, 0, 0, 0 ], [ 0, 0, 0, 0, 0, 0, 0, 1, 0, 0 ], 
          [ 0, 0, 0, 0, 0, 0, 0, 0, 1, 0 ], [ 0, 0, 0, 0, 0, 0, 0, 0, 0, 1 ] ],
      h := [ 1, 0, 0, 0, 0, 0, 0, 0, 0, 0 ],
      isgemo := true,
      kk := 9,
      scons := [ [ [ 1, 0, 0, 0, 0, 0, 0, 0, -1, 1 ], [ 1, 0, 0, 0, 0, 0, 0, 0, 1, -1 ] ], [ [ 2, 0, 0, 0, 0, 0, 0, 0, -1, 0 ], [ 0, 0, 0, 0, 0, 0, 0, 0, 1, 0 ] ], 
          [ [ 1, 1, 0, 0, 0, 0, 0, 0, -1, 0 ], [ 1, -1, 0, 0, 0, 0, 0, 0, 1, 0 ] ], [ [ 1, 0, 1, 0, 0, 0, 0, 0, -1, 0 ], [ 1, 0, -1, 0, 0, 0, 0, 0, 1, 0 ] ], 
          [ [ 1, 0, 0, 1, 0, 0, 0, 0, -1, 0 ], [ 1, 0, 0, -1, 0, 0, 0, 0, 1, 0 ] ], [ [ 1, 0, 0, 0, 1, 0, 0, 0, -1, 0 ], [ 1, 0, 0, 0, -1, 0, 0, 0, 1, 0 ] ], 
          [ [ 1, 0, 0, 0, 0, 1, 0, 0, -1, 0 ], [ 1, 0, 0, 0, 0, -1, 0, 0, 1, 0 ] ], [ [ 1, 0, 0, 0, 0, 0, 1, 0, -1, 0 ], [ 1, 0, 0, 0, 0, 0, -1, 0, 1, 0 ] ], 
          [ [ 1, 0, 0, 0, 0, 0, 0, 1, -1, 0 ], [ 1, 0, 0, 0, 0, 0, 0, -1, 1, 0 ] ], [ [ 1, 0, 0, 0, 0, 0, 0, -1, 0, 1 ], [ 1, 0, 0, 0, 0, 0, 0, 1, 0, -1 ] ], 
          [ [ 2, 0, 0, 0, 0, 0, 0, -1, 0, 0 ], [ 0, 0, 0, 0, 0, 0, 0, 1, 0, 0 ] ], [ [ 1, 1, 0, 0, 0, 0, 0, -1, 0, 0 ], [ 1, -1, 0, 0, 0, 0, 0, 1, 0, 0 ] ], 
          [ [ 1, 0, 1, 0, 0, 0, 0, -1, 0, 0 ], [ 1, 0, -1, 0, 0, 0, 0, 1, 0, 0 ] ], [ [ 1, 0, 0, 1, 0, 0, 0, -1, 0, 0 ], [ 1, 0, 0, -1, 0, 0, 0, 1, 0, 0 ] ], 
          [ [ 1, 0, 0, 0, 1, 0, 0, -1, 0, 0 ], [ 1, 0, 0, 0, -1, 0, 0, 1, 0, 0 ] ], [ [ 1, 0, 0, 0, 0, 1, 0, -1, 0, 0 ], [ 1, 0, 0, 0, 0, -1, 0, 1, 0, 0 ] ], 
          [ [ 1, 0, 0, 0, 0, 0, 1, -1, 0, 0 ], [ 1, 0, 0, 0, 0, 0, -1, 1, 0, 0 ] ], [ [ 1, 0, 0, 0, 0, 0, -1, 0, 0, 1 ], [ 1, 0, 0, 0, 0, 0, 1, 0, 0, -1 ] ], 
          [ [ 2, 0, 0, 0, 0, 0, -1, 0, 0, 0 ], [ 0, 0, 0, 0, 0, 0, 1, 0, 0, 0 ] ], [ [ 1, 1, 0, 0, 0, 0, -1, 0, 0, 0 ], [ 1, -1, 0, 0, 0, 0, 1, 0, 0, 0 ] ], 
          [ [ 1, 0, 1, 0, 0, 0, -1, 0, 0, 0 ], [ 1, 0, -1, 0, 0, 0, 1, 0, 0, 0 ] ], [ [ 1, 0, 0, 1, 0, 0, -1, 0, 0, 0 ], [ 1, 0, 0, -1, 0, 0, 1, 0, 0, 0 ] ], 
          [ [ 1, 0, 0, 0, 1, 0, -1, 0, 0, 0 ], [ 1, 0, 0, 0, -1, 0, 1, 0, 0, 0 ] ], [ [ 1, 0, 0, 0, 0, 1, -1, 0, 0, 0 ], [ 1, 0, 0, 0, 0, -1, 1, 0, 0, 0 ] ], 
          [ [ 1, 0, 0, 0, 0, -1, 0, 0, 0, 1 ], [ 1, 0, 0, 0, 0, 1, 0, 0, 0, -1 ] ], [ [ 2, 0, 0, 0, 0, -1, 0, 0, 0, 0 ], [ 0, 0, 0, 0, 0, 1, 0, 0, 0, 0 ] ], 
          [ [ 1, 1, 0, 0, 0, -1, 0, 0, 0, 0 ], [ 1, -1, 0, 0, 0, 1, 0, 0, 0, 0 ] ], [ [ 1, 0, 1, 0, 0, -1, 0, 0, 0, 0 ], [ 1, 0, -1, 0, 0, 1, 0, 0, 0, 0 ] ], 
          [ [ 1, 0, 0, 1, 0, -1, 0, 0, 0, 0 ], [ 1, 0, 0, -1, 0, 1, 0, 0, 0, 0 ] ], [ [ 1, 0, 0, 0, 1, -1, 0, 0, 0, 0 ], [ 1, 0, 0, 0, -1, 1, 0, 0, 0, 0 ] ], 
          [ [ 1, 0, 0, 0, -1, 0, 0, 0, 0, 1 ], [ 1, 0, 0, 0, 1, 0, 0, 0, 0, -1 ] ], [ [ 2, 0, 0, 0, -1, 0, 0, 0, 0, 0 ], [ 0, 0, 0, 0, 1, 0, 0, 0, 0, 0 ] ], 
          [ [ 1, 1, 0, 0, -1, 0, 0, 0, 0, 0 ], [ 1, -1, 0, 0, 1, 0, 0, 0, 0, 0 ] ], [ [ 1, 0, 1, 0, -1, 0, 0, 0, 0, 0 ], [ 1, 0, -1, 0, 1, 0, 0, 0, 0, 0 ] ], 
          [ [ 1, 0, 0, 1, -1, 0, 0, 0, 0, 0 ], [ 1, 0, 0, -1, 1, 0, 0, 0, 0, 0 ] ], [ [ 1, 0, 0, -1, 0, 0, 0, 0, 0, 1 ], [ 1, 0, 0, 1, 0, 0, 0, 0, 0, -1 ] ], 
          [ [ 2, 0, 0, -1, 0, 0, 0, 0, 0, 0 ], [ 0, 0, 0, 1, 0, 0, 0, 0, 0, 0 ] ], [ [ 1, 1, 0, -1, 0, 0, 0, 0, 0, 0 ], [ 1, -1, 0, 1, 0, 0, 0, 0, 0, 0 ] ], 
          [ [ 1, 0, 1, -1, 0, 0, 0, 0, 0, 0 ], [ 1, 0, -1, 1, 0, 0, 0, 0, 0, 0 ] ], [ [ 1, 0, -1, 0, 0, 0, 0, 0, 0, 1 ], [ 1, 0, 1, 0, 0, 0, 0, 0, 0, -1 ] ], 
          [ [ 2, 0, -1, 0, 0, 0, 0, 0, 0, 0 ], [ 0, 0, 1, 0, 0, 0, 0, 0, 0, 0 ] ], [ [ 1, 1, -1, 0, 0, 0, 0, 0, 0, 0 ], [ 1, -1, 1, 0, 0, 0, 0, 0, 0, 0 ] ], 
          [ [ 1, -1, 0, 0, 0, 0, 0, 0, 0, 1 ], [ 1, 1, 0, 0, 0, 0, 0, 0, 0, -1 ] ], [ [ 2, -1, 0, 0, 0, 0, 0, 0, 0, 0 ], [ 0, 1, 0, 0, 0, 0, 0, 0, 0, 0 ] ], 
          [ [ 0, 0, 0, 0, 0, 0, 0, 0, 0, 1 ], [ 2, 0, 0, 0, 0, 0, 0, 0, 0, -1 ] ] ] ), rec(
      Gram := [ [ 2, 2, 2, 2, 2, 2, 2, 2, 2, 2, 2 ], [ 2, -2, 0, 0, 0, 0, 0, 0, 0, 0, 0 ], [ 2, 0, -2, 0, 0, 0, 0, 0, 0, 0, 0 ], 
          [ 2, 0, 0, -2, 0, 0, 0, 0, 0, 0, 0 ], [ 2, 0, 0, 0, -2, 0, 0, 0, 0, 0, 0 ], [ 2, 0, 0, 0, 0, -2, 0, 0, 0, 0, 0 ], [ 2, 0, 0, 0, 0, 0, -2, 0, 0, 0, 0 ], 
          [ 2, 0, 0, 0, 0, 0, 0, -2, 0, 0, 0 ], [ 2, 0, 0, 0, 0, 0, 0, 0, -2, 0, 0 ], [ 2, 0, 0, 0, 0, 0, 0, 0, 0, -2, 0 ], [ 2, 0, 0, 0, 0, 0, 0, 0, 0, 0, -2 ] ],
      Trec := rec(
          count := 1,
          grams := [ [ [ -4, -2, 2, -2, -2, -2, 2, 2, 0, 0, 0 ], [ -2, -4, 0, -2, -2, 0, 0, 2, 0, 0, 0 ], [ 2, 0, -4, 2, 0, 2, -2, -2, 0, 0, 0 ], 
                  [ -2, -2, 2, -4, -2, -2, 2, 2, 0, 0, 0 ], [ -2, -2, 0, -2, -4, -2, 2, 0, 0, 0, 0 ], [ -2, 0, 2, -2, -2, -4, 2, 0, 0, 0, 0 ], 
                  [ 2, 0, -2, 2, 2, 2, -4, 0, 0, 0, 0 ], [ 2, 2, -2, 2, 0, 0, 0, -4, 0, 0, 0 ], [ 0, 0, 0, 0, 0, 0, 0, 0, 2, 0, 0 ], 
                  [ 0, 0, 0, 0, 0, 0, 0, 0, 0, -4, 2 ], [ 0, 0, 0, 0, 0, 0, 0, 0, 0, 2, 10 ] ] ],
          method := "all improper spinor classes",
          spinorPrimes := [ 0 ] ),
      adj := [ [ -2, 0, 0, 0, 0, 0, 0, 0, 0, 0 ], [ 0, -2, 0, 0, 0, 0, 0, 0, 0, 0 ], [ 0, 0, -2, 0, 0, 0, 0, 0, 0, 0 ], 
          [ 0, 0, 0, -2, 0, 0, 0, 0, 0, 0 ], [ 0, 0, 0, 0, -2, 0, 0, 0, 0, 0 ], [ 0, 0, 0, 0, 0, -2, 0, 0, 0, 0 ], [ 0, 0, 0, 0, 0, 0, -2, 0, 0, 0 ], 
          [ 0, 0, 0, 0, 0, 0, 0, -2, 0, 0 ], [ 0, 0, 0, 0, 0, 0, 0, 0, -2, 0 ], [ 0, 0, 0, 0, 0, 0, 0, 0, 0, -2 ] ],
      gensplcons := [ [ 0, 1, 0, 0, 0, 0, 0, 0, 0, 0, 0 ], [ 0, 0, 1, 0, 0, 0, 0, 0, 0, 0, 0 ], [ 0, 0, 0, 1, 0, 0, 0, 0, 0, 0, 0 ], 
          [ 0, 0, 0, 0, 1, 0, 0, 0, 0, 0, 0 ], [ 0, 0, 0, 0, 0, 1, 0, 0, 0, 0, 0 ], [ 0, 0, 0, 0, 0, 0, 1, 0, 0, 0, 0 ], [ 0, 0, 0, 0, 0, 0, 0, 1, 0, 0, 0 ], 
          [ 0, 0, 0, 0, 0, 0, 0, 0, 1, 0, 0 ], [ 0, 0, 0, 0, 0, 0, 0, 0, 0, 1, 0 ], [ 0, 0, 0, 0, 0, 0, 0, 0, 0, 0, 1 ] ],
      h := [ 1, 0, 0, 0, 0, 0, 0, 0, 0, 0, 0 ],
      isgemo := true,
      kk := 10,
      scons := [ [ [ 1, 0, 0, 0, 0, 0, 0, 0, 0, -1, 1 ], [ 1, 0, 0, 0, 0, 0, 0, 0, 0, 1, -1 ] ], [ [ 2, 0, 0, 0, 0, 0, 0, 0, 0, -1, 0 ], [ 0, 0, 0, 0, 0, 0, 0, 0, 0, 1, 0 ] ]
            , [ [ 1, 1, 0, 0, 0, 0, 0, 0, 0, -1, 0 ], [ 1, -1, 0, 0, 0, 0, 0, 0, 0, 1, 0 ] ], [ [ 1, 0, 1, 0, 0, 0, 0, 0, 0, -1, 0 ], [ 1, 0, -1, 0, 0, 0, 0, 0, 0, 1, 0 ] ], 
          [ [ 1, 0, 0, 1, 0, 0, 0, 0, 0, -1, 0 ], [ 1, 0, 0, -1, 0, 0, 0, 0, 0, 1, 0 ] ], [ [ 1, 0, 0, 0, 1, 0, 0, 0, 0, -1, 0 ], [ 1, 0, 0, 0, -1, 0, 0, 0, 0, 1, 0 ] ], 
          [ [ 1, 0, 0, 0, 0, 1, 0, 0, 0, -1, 0 ], [ 1, 0, 0, 0, 0, -1, 0, 0, 0, 1, 0 ] ], [ [ 1, 0, 0, 0, 0, 0, 1, 0, 0, -1, 0 ], [ 1, 0, 0, 0, 0, 0, -1, 0, 0, 1, 0 ] ], 
          [ [ 1, 0, 0, 0, 0, 0, 0, 1, 0, -1, 0 ], [ 1, 0, 0, 0, 0, 0, 0, -1, 0, 1, 0 ] ], [ [ 1, 0, 0, 0, 0, 0, 0, 0, 1, -1, 0 ], [ 1, 0, 0, 0, 0, 0, 0, 0, -1, 1, 0 ] ], 
          [ [ 1, 0, 0, 0, 0, 0, 0, 0, -1, 0, 1 ], [ 1, 0, 0, 0, 0, 0, 0, 0, 1, 0, -1 ] ], [ [ 2, 0, 0, 0, 0, 0, 0, 0, -1, 0, 0 ], [ 0, 0, 0, 0, 0, 0, 0, 0, 1, 0, 0 ] ], 
          [ [ 1, 1, 0, 0, 0, 0, 0, 0, -1, 0, 0 ], [ 1, -1, 0, 0, 0, 0, 0, 0, 1, 0, 0 ] ], [ [ 1, 0, 1, 0, 0, 0, 0, 0, -1, 0, 0 ], [ 1, 0, -1, 0, 0, 0, 0, 0, 1, 0, 0 ] ], 
          [ [ 1, 0, 0, 1, 0, 0, 0, 0, -1, 0, 0 ], [ 1, 0, 0, -1, 0, 0, 0, 0, 1, 0, 0 ] ], [ [ 1, 0, 0, 0, 1, 0, 0, 0, -1, 0, 0 ], [ 1, 0, 0, 0, -1, 0, 0, 0, 1, 0, 0 ] ], 
          [ [ 1, 0, 0, 0, 0, 1, 0, 0, -1, 0, 0 ], [ 1, 0, 0, 0, 0, -1, 0, 0, 1, 0, 0 ] ], [ [ 1, 0, 0, 0, 0, 0, 1, 0, -1, 0, 0 ], [ 1, 0, 0, 0, 0, 0, -1, 0, 1, 0, 0 ] ], 
          [ [ 1, 0, 0, 0, 0, 0, 0, 1, -1, 0, 0 ], [ 1, 0, 0, 0, 0, 0, 0, -1, 1, 0, 0 ] ], [ [ 1, 0, 0, 0, 0, 0, 0, -1, 0, 0, 1 ], [ 1, 0, 0, 0, 0, 0, 0, 1, 0, 0, -1 ] ], 
          [ [ 2, 0, 0, 0, 0, 0, 0, -1, 0, 0, 0 ], [ 0, 0, 0, 0, 0, 0, 0, 1, 0, 0, 0 ] ], [ [ 1, 1, 0, 0, 0, 0, 0, -1, 0, 0, 0 ], [ 1, -1, 0, 0, 0, 0, 0, 1, 0, 0, 0 ] ], 
          [ [ 1, 0, 1, 0, 0, 0, 0, -1, 0, 0, 0 ], [ 1, 0, -1, 0, 0, 0, 0, 1, 0, 0, 0 ] ], [ [ 1, 0, 0, 1, 0, 0, 0, -1, 0, 0, 0 ], [ 1, 0, 0, -1, 0, 0, 0, 1, 0, 0, 0 ] ], 
          [ [ 1, 0, 0, 0, 1, 0, 0, -1, 0, 0, 0 ], [ 1, 0, 0, 0, -1, 0, 0, 1, 0, 0, 0 ] ], [ [ 1, 0, 0, 0, 0, 1, 0, -1, 0, 0, 0 ], [ 1, 0, 0, 0, 0, -1, 0, 1, 0, 0, 0 ] ], 
          [ [ 1, 0, 0, 0, 0, 0, 1, -1, 0, 0, 0 ], [ 1, 0, 0, 0, 0, 0, -1, 1, 0, 0, 0 ] ], [ [ 1, 0, 0, 0, 0, 0, -1, 0, 0, 0, 1 ], [ 1, 0, 0, 0, 0, 0, 1, 0, 0, 0, -1 ] ], 
          [ [ 2, 0, 0, 0, 0, 0, -1, 0, 0, 0, 0 ], [ 0, 0, 0, 0, 0, 0, 1, 0, 0, 0, 0 ] ], [ [ 1, 1, 0, 0, 0, 0, -1, 0, 0, 0, 0 ], [ 1, -1, 0, 0, 0, 0, 1, 0, 0, 0, 0 ] ], 
          [ [ 1, 0, 1, 0, 0, 0, -1, 0, 0, 0, 0 ], [ 1, 0, -1, 0, 0, 0, 1, 0, 0, 0, 0 ] ], [ [ 1, 0, 0, 1, 0, 0, -1, 0, 0, 0, 0 ], [ 1, 0, 0, -1, 0, 0, 1, 0, 0, 0, 0 ] ], 
          [ [ 1, 0, 0, 0, 1, 0, -1, 0, 0, 0, 0 ], [ 1, 0, 0, 0, -1, 0, 1, 0, 0, 0, 0 ] ], [ [ 1, 0, 0, 0, 0, 1, -1, 0, 0, 0, 0 ], [ 1, 0, 0, 0, 0, -1, 1, 0, 0, 0, 0 ] ], 
          [ [ 1, 0, 0, 0, 0, -1, 0, 0, 0, 0, 1 ], [ 1, 0, 0, 0, 0, 1, 0, 0, 0, 0, -1 ] ], [ [ 2, 0, 0, 0, 0, -1, 0, 0, 0, 0, 0 ], [ 0, 0, 0, 0, 0, 1, 0, 0, 0, 0, 0 ] ], 
          [ [ 1, 1, 0, 0, 0, -1, 0, 0, 0, 0, 0 ], [ 1, -1, 0, 0, 0, 1, 0, 0, 0, 0, 0 ] ], [ [ 1, 0, 1, 0, 0, -1, 0, 0, 0, 0, 0 ], [ 1, 0, -1, 0, 0, 1, 0, 0, 0, 0, 0 ] ], 
          [ [ 1, 0, 0, 1, 0, -1, 0, 0, 0, 0, 0 ], [ 1, 0, 0, -1, 0, 1, 0, 0, 0, 0, 0 ] ], [ [ 1, 0, 0, 0, 1, -1, 0, 0, 0, 0, 0 ], [ 1, 0, 0, 0, -1, 1, 0, 0, 0, 0, 0 ] ], 
          [ [ 1, 0, 0, 0, -1, 0, 0, 0, 0, 0, 1 ], [ 1, 0, 0, 0, 1, 0, 0, 0, 0, 0, -1 ] ], [ [ 2, 0, 0, 0, -1, 0, 0, 0, 0, 0, 0 ], [ 0, 0, 0, 0, 1, 0, 0, 0, 0, 0, 0 ] ], 
          [ [ 1, 1, 0, 0, -1, 0, 0, 0, 0, 0, 0 ], [ 1, -1, 0, 0, 1, 0, 0, 0, 0, 0, 0 ] ], [ [ 1, 0, 1, 0, -1, 0, 0, 0, 0, 0, 0 ], [ 1, 0, -1, 0, 1, 0, 0, 0, 0, 0, 0 ] ], 
          [ [ 1, 0, 0, 1, -1, 0, 0, 0, 0, 0, 0 ], [ 1, 0, 0, -1, 1, 0, 0, 0, 0, 0, 0 ] ], [ [ 1, 0, 0, -1, 0, 0, 0, 0, 0, 0, 1 ], [ 1, 0, 0, 1, 0, 0, 0, 0, 0, 0, -1 ] ], 
          [ [ 2, 0, 0, -1, 0, 0, 0, 0, 0, 0, 0 ], [ 0, 0, 0, 1, 0, 0, 0, 0, 0, 0, 0 ] ], [ [ 1, 1, 0, -1, 0, 0, 0, 0, 0, 0, 0 ], [ 1, -1, 0, 1, 0, 0, 0, 0, 0, 0, 0 ] ], 
          [ [ 1, 0, 1, -1, 0, 0, 0, 0, 0, 0, 0 ], [ 1, 0, -1, 1, 0, 0, 0, 0, 0, 0, 0 ] ], [ [ 1, 0, -1, 0, 0, 0, 0, 0, 0, 0, 1 ], [ 1, 0, 1, 0, 0, 0, 0, 0, 0, 0, -1 ] ], 
          [ [ 2, 0, -1, 0, 0, 0, 0, 0, 0, 0, 0 ], [ 0, 0, 1, 0, 0, 0, 0, 0, 0, 0, 0 ] ], [ [ 1, 1, -1, 0, 0, 0, 0, 0, 0, 0, 0 ], [ 1, -1, 1, 0, 0, 0, 0, 0, 0, 0, 0 ] ], 
          [ [ 1, -1, 0, 0, 0, 0, 0, 0, 0, 0, 1 ], [ 1, 1, 0, 0, 0, 0, 0, 0, 0, 0, -1 ] ], [ [ 2, -1, 0, 0, 0, 0, 0, 0, 0, 0, 0 ], [ 0, 1, 0, 0, 0, 0, 0, 0, 0, 0, 0 ] ], 
          [ [ 0, 0, 0, 0, 0, 0, 0, 0, 0, 0, 1 ], [ 2, 0, 0, 0, 0, 0, 0, 0, 0, 0, -1 ] ] ] ), rec(
      Gram := [ [ 2, 2, 2, 2, 2, 2, 2, 2, 2, 2, 2, 2 ], [ 2, -2, 0, 0, 0, 0, 0, 0, 0, 0, 0, 0 ], [ 2, 0, -2, 0, 0, 0, 0, 0, 0, 0, 0, 0 ], 
          [ 2, 0, 0, -2, 0, 0, 0, 0, 0, 0, 0, 0 ], [ 2, 0, 0, 0, -2, 0, 0, 0, 0, 0, 0, 0 ], [ 2, 0, 0, 0, 0, -2, 0, 0, 0, 0, 0, 0 ], [ 2, 0, 0, 0, 0, 0, -2, 0, 0, 0, 0, 0 ], 
          [ 2, 0, 0, 0, 0, 0, 0, -2, 0, 0, 0, 0 ], [ 2, 0, 0, 0, 0, 0, 0, 0, -2, 0, 0, 0 ], [ 2, 0, 0, 0, 0, 0, 0, 0, 0, -2, 0, 0 ], 
          [ 2, 0, 0, 0, 0, 0, 0, 0, 0, 0, -2, 0 ], [ 2, 0, 0, 0, 0, 0, 0, 0, 0, 0, 0, -2 ] ],
      adj := [ [ -2, 0, 0, 0, 0, 0, 0, 0, 0, 0, 0 ], [ 0, -2, 0, 0, 0, 0, 0, 0, 0, 0, 0 ], [ 0, 0, -2, 0, 0, 0, 0, 0, 0, 0, 0 ], 
          [ 0, 0, 0, -2, 0, 0, 0, 0, 0, 0, 0 ], [ 0, 0, 0, 0, -2, 0, 0, 0, 0, 0, 0 ], [ 0, 0, 0, 0, 0, -2, 0, 0, 0, 0, 0 ], [ 0, 0, 0, 0, 0, 0, -2, 0, 0, 0, 0 ], 
          [ 0, 0, 0, 0, 0, 0, 0, -2, 0, 0, 0 ], [ 0, 0, 0, 0, 0, 0, 0, 0, -2, 0, 0 ], [ 0, 0, 0, 0, 0, 0, 0, 0, 0, -2, 0 ], [ 0, 0, 0, 0, 0, 0, 0, 0, 0, 0, -2 ] ],
      gensplcons := [ [ 0, 1, 0, 0, 0, 0, 0, 0, 0, 0, 0, 0 ], [ 0, 0, 1, 0, 0, 0, 0, 0, 0, 0, 0, 0 ], [ 0, 0, 0, 1, 0, 0, 0, 0, 0, 0, 0, 0 ], 
          [ 0, 0, 0, 0, 1, 0, 0, 0, 0, 0, 0, 0 ], [ 0, 0, 0, 0, 0, 1, 0, 0, 0, 0, 0, 0 ], [ 0, 0, 0, 0, 0, 0, 1, 0, 0, 0, 0, 0 ], [ 0, 0, 0, 0, 0, 0, 0, 1, 0, 0, 0, 0 ], 
          [ 0, 0, 0, 0, 0, 0, 0, 0, 1, 0, 0, 0 ], [ 0, 0, 0, 0, 0, 0, 0, 0, 0, 1, 0, 0 ], [ 0, 0, 0, 0, 0, 0, 0, 0, 0, 0, 1, 0 ], [ 0, 0, 0, 0, 0, 0, 0, 0, 0, 0, 0, 1 ] ],
      h := [ 1, 0, 0, 0, 0, 0, 0, 0, 0, 0, 0, 0 ],
      isgemo := [ false, 4 ],
      kk := 11 ), rec(
      Gram := [ [ 2, 2, 2, 2, 2, 2, 2, 2, 2, 2, 2, 2, 2 ], [ 2, -2, 0, 0, 0, 0, 0, 0, 0, 0, 0, 0, 0 ], [ 2, 0, -2, 0, 0, 0, 0, 0, 0, 0, 0, 0, 0 ], 
          [ 2, 0, 0, -2, 0, 0, 0, 0, 0, 0, 0, 0, 0 ], [ 2, 0, 0, 0, -2, 0, 0, 0, 0, 0, 0, 0, 0 ], [ 2, 0, 0, 0, 0, -2, 0, 0, 0, 0, 0, 0, 0 ], 
          [ 2, 0, 0, 0, 0, 0, -2, 0, 0, 0, 0, 0, 0 ], [ 2, 0, 0, 0, 0, 0, 0, -2, 0, 0, 0, 0, 0 ], [ 2, 0, 0, 0, 0, 0, 0, 0, -2, 0, 0, 0, 0 ], 
          [ 2, 0, 0, 0, 0, 0, 0, 0, 0, -2, 0, 0, 0 ], [ 2, 0, 0, 0, 0, 0, 0, 0, 0, 0, -2, 0, 0 ], 
          [ 2, 0, 0, 0, 0, 0, 0, 0, 0, 0, 0, -2, 0 ], [ 2, 0, 0, 0, 0, 0, 0, 0, 0, 0, 0, 0, -2 ] ],
      adj := [ [ -2, 0, 0, 0, 0, 0, 0, 0, 0, 0, 0, 0 ], [ 0, -2, 0, 0, 0, 0, 0, 0, 0, 0, 0, 0 ], [ 0, 0, -2, 0, 0, 0, 0, 0, 0, 0, 0, 0 ], 
          [ 0, 0, 0, -2, 0, 0, 0, 0, 0, 0, 0, 0 ], [ 0, 0, 0, 0, -2, 0, 0, 0, 0, 0, 0, 0 ], [ 0, 0, 0, 0, 0, -2, 0, 0, 0, 0, 0, 0 ], [ 0, 0, 0, 0, 0, 0, -2, 0, 0, 0, 0, 0 ], 
          [ 0, 0, 0, 0, 0, 0, 0, -2, 0, 0, 0, 0 ], [ 0, 0, 0, 0, 0, 0, 0, 0, -2, 0, 0, 0 ], [ 0, 0, 0, 0, 0, 0, 0, 0, 0, -2, 0, 0 ], 
          [ 0, 0, 0, 0, 0, 0, 0, 0, 0, 0, -2, 0 ], [ 0, 0, 0, 0, 0, 0, 0, 0, 0, 0, 0, -2 ] ],
      gensplcons := [ [ 0, 1, 0, 0, 0, 0, 0, 0, 0, 0, 0, 0, 0 ], [ 0, 0, 1, 0, 0, 0, 0, 0, 0, 0, 0, 0, 0 ], [ 0, 0, 0, 1, 0, 0, 0, 0, 0, 0, 0, 0, 0 ], 
          [ 0, 0, 0, 0, 1, 0, 0, 0, 0, 0, 0, 0, 0 ], [ 0, 0, 0, 0, 0, 1, 0, 0, 0, 0, 0, 0, 0 ], [ 0, 0, 0, 0, 0, 0, 1, 0, 0, 0, 0, 0, 0 ], 
          [ 0, 0, 0, 0, 0, 0, 0, 1, 0, 0, 0, 0, 0 ], [ 0, 0, 0, 0, 0, 0, 0, 0, 1, 0, 0, 0, 0 ], [ 0, 0, 0, 0, 0, 0, 0, 0, 0, 1, 0, 0, 0 ], 
          [ 0, 0, 0, 0, 0, 0, 0, 0, 0, 0, 1, 0, 0 ], [ 0, 0, 0, 0, 0, 0, 0, 0, 0, 0, 0, 1, 0 ], [ 0, 0, 0, 0, 0, 0, 0, 0, 0, 0, 0, 0, 1 ] ],
      h := [ 1, 0, 0, 0, 0, 0, 0, 0, 0, 0, 0, 0, 0 ],
      isgemo := [ false, 4 ],
      kk := 12 ), rec(
      Gram := [ [ 2, 2, 2, 2, 2, 2, 2, 2, 2, 2, 2, 2, 2, 2 ], [ 2, -2, 0, 0, 0, 0, 0, 0, 0, 0, 0, 0, 0, 0 ], [ 2, 0, -2, 0, 0, 0, 0, 0, 0, 0, 0, 0, 0, 0 ], 
          [ 2, 0, 0, -2, 0, 0, 0, 0, 0, 0, 0, 0, 0, 0 ], [ 2, 0, 0, 0, -2, 0, 0, 0, 0, 0, 0, 0, 0, 0 ], [ 2, 0, 0, 0, 0, -2, 0, 0, 0, 0, 0, 0, 0, 0 ], 
          [ 2, 0, 0, 0, 0, 0, -2, 0, 0, 0, 0, 0, 0, 0 ], [ 2, 0, 0, 0, 0, 0, 0, -2, 0, 0, 0, 0, 0, 0 ], [ 2, 0, 0, 0, 0, 0, 0, 0, -2, 0, 0, 0, 0, 0 ], 
          [ 2, 0, 0, 0, 0, 0, 0, 0, 0, -2, 0, 0, 0, 0 ], [ 2, 0, 0, 0, 0, 0, 0, 0, 0, 0, -2, 0, 0, 0 ], [ 2, 0, 0, 0, 0, 0, 0, 0, 0, 0, 0, -2, 0, 0 ], 
          [ 2, 0, 0, 0, 0, 0, 0, 0, 0, 0, 0, 0, -2, 0 ], [ 2, 0, 0, 0, 0, 0, 0, 0, 0, 0, 0, 0, 0, -2 ] ],
      adj := [ [ -2, 0, 0, 0, 0, 0, 0, 0, 0, 0, 0, 0, 0 ], [ 0, -2, 0, 0, 0, 0, 0, 0, 0, 0, 0, 0, 0 ], [ 0, 0, -2, 0, 0, 0, 0, 0, 0, 0, 0, 0, 0 ], 
          [ 0, 0, 0, -2, 0, 0, 0, 0, 0, 0, 0, 0, 0 ], [ 0, 0, 0, 0, -2, 0, 0, 0, 0, 0, 0, 0, 0 ], [ 0, 0, 0, 0, 0, -2, 0, 0, 0, 0, 0, 0, 0 ], 
          [ 0, 0, 0, 0, 0, 0, -2, 0, 0, 0, 0, 0, 0 ], [ 0, 0, 0, 0, 0, 0, 0, -2, 0, 0, 0, 0, 0 ], [ 0, 0, 0, 0, 0, 0, 0, 0, -2, 0, 0, 0, 0 ], 
          [ 0, 0, 0, 0, 0, 0, 0, 0, 0, -2, 0, 0, 0 ], [ 0, 0, 0, 0, 0, 0, 0, 0, 0, 0, -2, 0, 0 ], 
          [ 0, 0, 0, 0, 0, 0, 0, 0, 0, 0, 0, -2, 0 ], [ 0, 0, 0, 0, 0, 0, 0, 0, 0, 0, 0, 0, -2 ] ],
      gensplcons := [ [ 0, 1, 0, 0, 0, 0, 0, 0, 0, 0, 0, 0, 0, 0 ], [ 0, 0, 1, 0, 0, 0, 0, 0, 0, 0, 0, 0, 0, 0 ], [ 0, 0, 0, 1, 0, 0, 0, 0, 0, 0, 0, 0, 0, 0 ], 
          [ 0, 0, 0, 0, 1, 0, 0, 0, 0, 0, 0, 0, 0, 0 ], [ 0, 0, 0, 0, 0, 1, 0, 0, 0, 0, 0, 0, 0, 0 ], [ 0, 0, 0, 0, 0, 0, 1, 0, 0, 0, 0, 0, 0, 0 ], 
          [ 0, 0, 0, 0, 0, 0, 0, 1, 0, 0, 0, 0, 0, 0 ], [ 0, 0, 0, 0, 0, 0, 0, 0, 1, 0, 0, 0, 0, 0 ], [ 0, 0, 0, 0, 0, 0, 0, 0, 0, 1, 0, 0, 0, 0 ], 
          [ 0, 0, 0, 0, 0, 0, 0, 0, 0, 0, 1, 0, 0, 0 ], [ 0, 0, 0, 0, 0, 0, 0, 0, 0, 0, 0, 1, 0, 0 ], [ 0, 0, 0, 0, 0, 0, 0, 0, 0, 0, 0, 0, 1, 0 ], 
          [ 0, 0, 0, 0, 0, 0, 0, 0, 0, 0, 0, 0, 0, 1 ] ],
      h := [ 1, 0, 0, 0, 0, 0, 0, 0, 0, 0, 0, 0, 0, 0 ],
      isgemo := [ false, 4 ],
      kk := 13 ), rec(
      Gram := [ [ 2, 2, 2, 2, 2, 2, 2, 2, 2, 2, 2, 2, 2, 2, 2 ], [ 2, -2, 0, 0, 0, 0, 0, 0, 0, 0, 0, 0, 0, 0, 0 ], [ 2, 0, -2, 0, 0, 0, 0, 0, 0, 0, 0, 0, 0, 0, 0 ], 
          [ 2, 0, 0, -2, 0, 0, 0, 0, 0, 0, 0, 0, 0, 0, 0 ], [ 2, 0, 0, 0, -2, 0, 0, 0, 0, 0, 0, 0, 0, 0, 0 ], [ 2, 0, 0, 0, 0, -2, 0, 0, 0, 0, 0, 0, 0, 0, 0 ], 
          [ 2, 0, 0, 0, 0, 0, -2, 0, 0, 0, 0, 0, 0, 0, 0 ], [ 2, 0, 0, 0, 0, 0, 0, -2, 0, 0, 0, 0, 0, 0, 0 ], [ 2, 0, 0, 0, 0, 0, 0, 0, -2, 0, 0, 0, 0, 0, 0 ], 
          [ 2, 0, 0, 0, 0, 0, 0, 0, 0, -2, 0, 0, 0, 0, 0 ], [ 2, 0, 0, 0, 0, 0, 0, 0, 0, 0, -2, 0, 0, 0, 0 ], [ 2, 0, 0, 0, 0, 0, 0, 0, 0, 0, 0, -2, 0, 0, 0 ], 
          [ 2, 0, 0, 0, 0, 0, 0, 0, 0, 0, 0, 0, -2, 0, 0 ], [ 2, 0, 0, 0, 0, 0, 0, 0, 0, 0, 0, 0, 0, -2, 0 ], [ 2, 0, 0, 0, 0, 0, 0, 0, 0, 0, 0, 0, 0, 0, -2 ] ],
      adj := [ [ -2, 0, 0, 0, 0, 0, 0, 0, 0, 0, 0, 0, 0, 0 ], [ 0, -2, 0, 0, 0, 0, 0, 0, 0, 0, 0, 0, 0, 0 ], [ 0, 0, -2, 0, 0, 0, 0, 0, 0, 0, 0, 0, 0, 0 ], 
          [ 0, 0, 0, -2, 0, 0, 0, 0, 0, 0, 0, 0, 0, 0 ], [ 0, 0, 0, 0, -2, 0, 0, 0, 0, 0, 0, 0, 0, 0 ], [ 0, 0, 0, 0, 0, -2, 0, 0, 0, 0, 0, 0, 0, 0 ], 
          [ 0, 0, 0, 0, 0, 0, -2, 0, 0, 0, 0, 0, 0, 0 ], [ 0, 0, 0, 0, 0, 0, 0, -2, 0, 0, 0, 0, 0, 0 ], [ 0, 0, 0, 0, 0, 0, 0, 0, -2, 0, 0, 0, 0, 0 ], 
          [ 0, 0, 0, 0, 0, 0, 0, 0, 0, -2, 0, 0, 0, 0 ], [ 0, 0, 0, 0, 0, 0, 0, 0, 0, 0, -2, 0, 0, 0 ], [ 0, 0, 0, 0, 0, 0, 0, 0, 0, 0, 0, -2, 0, 0 ], 
          [ 0, 0, 0, 0, 0, 0, 0, 0, 0, 0, 0, 0, -2, 0 ], [ 0, 0, 0, 0, 0, 0, 0, 0, 0, 0, 0, 0, 0, -2 ] ],
      gensplcons := [ [ 0, 1, 0, 0, 0, 0, 0, 0, 0, 0, 0, 0, 0, 0, 0 ], [ 0, 0, 1, 0, 0, 0, 0, 0, 0, 0, 0, 0, 0, 0, 0 ], [ 0, 0, 0, 1, 0, 0, 0, 0, 0, 0, 0, 0, 0, 0, 0 ], 
          [ 0, 0, 0, 0, 1, 0, 0, 0, 0, 0, 0, 0, 0, 0, 0 ], [ 0, 0, 0, 0, 0, 1, 0, 0, 0, 0, 0, 0, 0, 0, 0 ], [ 0, 0, 0, 0, 0, 0, 1, 0, 0, 0, 0, 0, 0, 0, 0 ], 
          [ 0, 0, 0, 0, 0, 0, 0, 1, 0, 0, 0, 0, 0, 0, 0 ], [ 0, 0, 0, 0, 0, 0, 0, 0, 1, 0, 0, 0, 0, 0, 0 ], [ 0, 0, 0, 0, 0, 0, 0, 0, 0, 1, 0, 0, 0, 0, 0 ], 
          [ 0, 0, 0, 0, 0, 0, 0, 0, 0, 0, 1, 0, 0, 0, 0 ], [ 0, 0, 0, 0, 0, 0, 0, 0, 0, 0, 0, 1, 0, 0, 0 ], [ 0, 0, 0, 0, 0, 0, 0, 0, 0, 0, 0, 0, 1, 0, 0 ], 
          [ 0, 0, 0, 0, 0, 0, 0, 0, 0, 0, 0, 0, 0, 1, 0 ], [ 0, 0, 0, 0, 0, 0, 0, 0, 0, 0, 0, 0, 0, 0, 1 ] ],
      h := [ 1, 0, 0, 0, 0, 0, 0, 0, 0, 0, 0, 0, 0, 0, 0 ],
      isgemo := [ false, 4 ],
      kk := 14 ), rec(
      Gram := [ [ 2, 2, 2, 2, 2, 2, 2, 2, 2, 2, 2, 2, 2, 2, 2, 2 ], [ 2, -2, 0, 0, 0, 0, 0, 0, 0, 0, 0, 0, 0, 0, 0, 0 ], 
          [ 2, 0, -2, 0, 0, 0, 0, 0, 0, 0, 0, 0, 0, 0, 0, 0 ], [ 2, 0, 0, -2, 0, 0, 0, 0, 0, 0, 0, 0, 0, 0, 0, 0 ], [ 2, 0, 0, 0, -2, 0, 0, 0, 0, 0, 0, 0, 0, 0, 0, 0 ], 
          [ 2, 0, 0, 0, 0, -2, 0, 0, 0, 0, 0, 0, 0, 0, 0, 0 ], [ 2, 0, 0, 0, 0, 0, -2, 0, 0, 0, 0, 0, 0, 0, 0, 0 ], [ 2, 0, 0, 0, 0, 0, 0, -2, 0, 0, 0, 0, 0, 0, 0, 0 ], 
          [ 2, 0, 0, 0, 0, 0, 0, 0, -2, 0, 0, 0, 0, 0, 0, 0 ], [ 2, 0, 0, 0, 0, 0, 0, 0, 0, -2, 0, 0, 0, 0, 0, 0 ], [ 2, 0, 0, 0, 0, 0, 0, 0, 0, 0, -2, 0, 0, 0, 0, 0 ], 
          [ 2, 0, 0, 0, 0, 0, 0, 0, 0, 0, 0, -2, 0, 0, 0, 0 ], [ 2, 0, 0, 0, 0, 0, 0, 0, 0, 0, 0, 0, -2, 0, 0, 0 ], [ 2, 0, 0, 0, 0, 0, 0, 0, 0, 0, 0, 0, 0, -2, 0, 0 ], 
          [ 2, 0, 0, 0, 0, 0, 0, 0, 0, 0, 0, 0, 0, 0, -2, 0 ], [ 2, 0, 0, 0, 0, 0, 0, 0, 0, 0, 0, 0, 0, 0, 0, -2 ] ],
      adj := [ [ -2, 0, 0, 0, 0, 0, 0, 0, 0, 0, 0, 0, 0, 0, 0 ], [ 0, -2, 0, 0, 0, 0, 0, 0, 0, 0, 0, 0, 0, 0, 0 ], [ 0, 0, -2, 0, 0, 0, 0, 0, 0, 0, 0, 0, 0, 0, 0 ], 
          [ 0, 0, 0, -2, 0, 0, 0, 0, 0, 0, 0, 0, 0, 0, 0 ], [ 0, 0, 0, 0, -2, 0, 0, 0, 0, 0, 0, 0, 0, 0, 0 ], [ 0, 0, 0, 0, 0, -2, 0, 0, 0, 0, 0, 0, 0, 0, 0 ], 
          [ 0, 0, 0, 0, 0, 0, -2, 0, 0, 0, 0, 0, 0, 0, 0 ], [ 0, 0, 0, 0, 0, 0, 0, -2, 0, 0, 0, 0, 0, 0, 0 ], [ 0, 0, 0, 0, 0, 0, 0, 0, -2, 0, 0, 0, 0, 0, 0 ], 
          [ 0, 0, 0, 0, 0, 0, 0, 0, 0, -2, 0, 0, 0, 0, 0 ], [ 0, 0, 0, 0, 0, 0, 0, 0, 0, 0, -2, 0, 0, 0, 0 ], [ 0, 0, 0, 0, 0, 0, 0, 0, 0, 0, 0, -2, 0, 0, 0 ], 
          [ 0, 0, 0, 0, 0, 0, 0, 0, 0, 0, 0, 0, -2, 0, 0 ], [ 0, 0, 0, 0, 0, 0, 0, 0, 0, 0, 0, 0, 0, -2, 0 ], [ 0, 0, 0, 0, 0, 0, 0, 0, 0, 0, 0, 0, 0, 0, -2 ] ],
      gensplcons := [ [ 0, 1, 0, 0, 0, 0, 0, 0, 0, 0, 0, 0, 0, 0, 0, 0 ], [ 0, 0, 1, 0, 0, 0, 0, 0, 0, 0, 0, 0, 0, 0, 0, 0 ], 
          [ 0, 0, 0, 1, 0, 0, 0, 0, 0, 0, 0, 0, 0, 0, 0, 0 ], [ 0, 0, 0, 0, 1, 0, 0, 0, 0, 0, 0, 0, 0, 0, 0, 0 ], [ 0, 0, 0, 0, 0, 1, 0, 0, 0, 0, 0, 0, 0, 0, 0, 0 ], 
          [ 0, 0, 0, 0, 0, 0, 1, 0, 0, 0, 0, 0, 0, 0, 0, 0 ], [ 0, 0, 0, 0, 0, 0, 0, 1, 0, 0, 0, 0, 0, 0, 0, 0 ], [ 0, 0, 0, 0, 0, 0, 0, 0, 1, 0, 0, 0, 0, 0, 0, 0 ], 
          [ 0, 0, 0, 0, 0, 0, 0, 0, 0, 1, 0, 0, 0, 0, 0, 0 ], [ 0, 0, 0, 0, 0, 0, 0, 0, 0, 0, 1, 0, 0, 0, 0, 0 ], [ 0, 0, 0, 0, 0, 0, 0, 0, 0, 0, 0, 1, 0, 0, 0, 0 ], 
          [ 0, 0, 0, 0, 0, 0, 0, 0, 0, 0, 0, 0, 1, 0, 0, 0 ], [ 0, 0, 0, 0, 0, 0, 0, 0, 0, 0, 0, 0, 0, 1, 0, 0 ], [ 0, 0, 0, 0, 0, 0, 0, 0, 0, 0, 0, 0, 0, 0, 1, 0 ], 
          [ 0, 0, 0, 0, 0, 0, 0, 0, 0, 0, 0, 0, 0, 0, 0, 1 ] ],
      h := [ 1, 0, 0, 0, 0, 0, 0, 0, 0, 0, 0, 0, 0, 0, 0, 0 ],
      isgemo := [ false, 4 ],
      kk := 15 ), rec(
      Gram := [ [ 2, 2, 2, 2, 2, 2, 2, 2, 2, 2, 2, 2, 2, 2, 2, 2, 2 ], [ 2, -2, 0, 0, 0, 0, 0, 0, 0, 0, 0, 0, 0, 0, 0, 0, 0 ], 
          [ 2, 0, -2, 0, 0, 0, 0, 0, 0, 0, 0, 0, 0, 0, 0, 0, 0 ], [ 2, 0, 0, -2, 0, 0, 0, 0, 0, 0, 0, 0, 0, 0, 0, 0, 0 ], 
          [ 2, 0, 0, 0, -2, 0, 0, 0, 0, 0, 0, 0, 0, 0, 0, 0, 0 ], [ 2, 0, 0, 0, 0, -2, 0, 0, 0, 0, 0, 0, 0, 0, 0, 0, 0 ], 
          [ 2, 0, 0, 0, 0, 0, -2, 0, 0, 0, 0, 0, 0, 0, 0, 0, 0 ], [ 2, 0, 0, 0, 0, 0, 0, -2, 0, 0, 0, 0, 0, 0, 0, 0, 0 ], 
          [ 2, 0, 0, 0, 0, 0, 0, 0, -2, 0, 0, 0, 0, 0, 0, 0, 0 ], [ 2, 0, 0, 0, 0, 0, 0, 0, 0, -2, 0, 0, 0, 0, 0, 0, 0 ], 
          [ 2, 0, 0, 0, 0, 0, 0, 0, 0, 0, -2, 0, 0, 0, 0, 0, 0 ], [ 2, 0, 0, 0, 0, 0, 0, 0, 0, 0, 0, -2, 0, 0, 0, 0, 0 ], 
          [ 2, 0, 0, 0, 0, 0, 0, 0, 0, 0, 0, 0, -2, 0, 0, 0, 0 ], [ 2, 0, 0, 0, 0, 0, 0, 0, 0, 0, 0, 0, 0, -2, 0, 0, 0 ], 
          [ 2, 0, 0, 0, 0, 0, 0, 0, 0, 0, 0, 0, 0, 0, -2, 0, 0 ], [ 2, 0, 0, 0, 0, 0, 0, 0, 0, 0, 0, 0, 0, 0, 0, -2, 0 ], 
          [ 2, 0, 0, 0, 0, 0, 0, 0, 0, 0, 0, 0, 0, 0, 0, 0, -2 ] ],
      adj := [ [ -2, 0, 0, 0, 0, 0, 0, 0, 0, 0, 0, 0, 0, 0, 0, 0 ], [ 0, -2, 0, 0, 0, 0, 0, 0, 0, 0, 0, 0, 0, 0, 0, 0 ], 
          [ 0, 0, -2, 0, 0, 0, 0, 0, 0, 0, 0, 0, 0, 0, 0, 0 ], [ 0, 0, 0, -2, 0, 0, 0, 0, 0, 0, 0, 0, 0, 0, 0, 0 ], [ 0, 0, 0, 0, -2, 0, 0, 0, 0, 0, 0, 0, 0, 0, 0, 0 ], 
          [ 0, 0, 0, 0, 0, -2, 0, 0, 0, 0, 0, 0, 0, 0, 0, 0 ], [ 0, 0, 0, 0, 0, 0, -2, 0, 0, 0, 0, 0, 0, 0, 0, 0 ], [ 0, 0, 0, 0, 0, 0, 0, -2, 0, 0, 0, 0, 0, 0, 0, 0 ], 
          [ 0, 0, 0, 0, 0, 0, 0, 0, -2, 0, 0, 0, 0, 0, 0, 0 ], [ 0, 0, 0, 0, 0, 0, 0, 0, 0, -2, 0, 0, 0, 0, 0, 0 ], [ 0, 0, 0, 0, 0, 0, 0, 0, 0, 0, -2, 0, 0, 0, 0, 0 ], 
          [ 0, 0, 0, 0, 0, 0, 0, 0, 0, 0, 0, -2, 0, 0, 0, 0 ], [ 0, 0, 0, 0, 0, 0, 0, 0, 0, 0, 0, 0, -2, 0, 0, 0 ], [ 0, 0, 0, 0, 0, 0, 0, 0, 0, 0, 0, 0, 0, -2, 0, 0 ], 
          [ 0, 0, 0, 0, 0, 0, 0, 0, 0, 0, 0, 0, 0, 0, -2, 0 ], [ 0, 0, 0, 0, 0, 0, 0, 0, 0, 0, 0, 0, 0, 0, 0, -2 ] ],
      gensplcons := [ [ 0, 1, 0, 0, 0, 0, 0, 0, 0, 0, 0, 0, 0, 0, 0, 0, 0 ], [ 0, 0, 1, 0, 0, 0, 0, 0, 0, 0, 0, 0, 0, 0, 0, 0, 0 ], 
          [ 0, 0, 0, 1, 0, 0, 0, 0, 0, 0, 0, 0, 0, 0, 0, 0, 0 ], [ 0, 0, 0, 0, 1, 0, 0, 0, 0, 0, 0, 0, 0, 0, 0, 0, 0 ], [ 0, 0, 0, 0, 0, 1, 0, 0, 0, 0, 0, 0, 0, 0, 0, 0, 0 ],
          [ 0, 0, 0, 0, 0, 0, 1, 0, 0, 0, 0, 0, 0, 0, 0, 0, 0 ], [ 0, 0, 0, 0, 0, 0, 0, 1, 0, 0, 0, 0, 0, 0, 0, 0, 0 ], 
          [ 0, 0, 0, 0, 0, 0, 0, 0, 1, 0, 0, 0, 0, 0, 0, 0, 0 ], [ 0, 0, 0, 0, 0, 0, 0, 0, 0, 1, 0, 0, 0, 0, 0, 0, 0 ], [ 0, 0, 0, 0, 0, 0, 0, 0, 0, 0, 1, 0, 0, 0, 0, 0, 0 ],
          [ 0, 0, 0, 0, 0, 0, 0, 0, 0, 0, 0, 1, 0, 0, 0, 0, 0 ], [ 0, 0, 0, 0, 0, 0, 0, 0, 0, 0, 0, 0, 1, 0, 0, 0, 0 ], 
          [ 0, 0, 0, 0, 0, 0, 0, 0, 0, 0, 0, 0, 0, 1, 0, 0, 0 ], [ 0, 0, 0, 0, 0, 0, 0, 0, 0, 0, 0, 0, 0, 0, 1, 0, 0 ], [ 0, 0, 0, 0, 0, 0, 0, 0, 0, 0, 0, 0, 0, 0, 0, 1, 0 ],
          [ 0, 0, 0, 0, 0, 0, 0, 0, 0, 0, 0, 0, 0, 0, 0, 0, 1 ] ],
      h := [ 1, 0, 0, 0, 0, 0, 0, 0, 0, 0, 0, 0, 0, 0, 0, 0, 0 ],
      isgemo := [ false, 4 ],
      kk := 16 ), rec(
      Gram := [ [ 2, 2, 2, 2, 2, 2, 2, 2, 2, 2, 2, 2, 2, 2, 2, 2, 2, 2 ], [ 2, -2, 0, 0, 0, 0, 0, 0, 0, 0, 0, 0, 0, 0, 0, 0, 0, 0 ], 
          [ 2, 0, -2, 0, 0, 0, 0, 0, 0, 0, 0, 0, 0, 0, 0, 0, 0, 0 ], [ 2, 0, 0, -2, 0, 0, 0, 0, 0, 0, 0, 0, 0, 0, 0, 0, 0, 0 ], 
          [ 2, 0, 0, 0, -2, 0, 0, 0, 0, 0, 0, 0, 0, 0, 0, 0, 0, 0 ], [ 2, 0, 0, 0, 0, -2, 0, 0, 0, 0, 0, 0, 0, 0, 0, 0, 0, 0 ], 
          [ 2, 0, 0, 0, 0, 0, -2, 0, 0, 0, 0, 0, 0, 0, 0, 0, 0, 0 ], [ 2, 0, 0, 0, 0, 0, 0, -2, 0, 0, 0, 0, 0, 0, 0, 0, 0, 0 ], 
          [ 2, 0, 0, 0, 0, 0, 0, 0, -2, 0, 0, 0, 0, 0, 0, 0, 0, 0 ], [ 2, 0, 0, 0, 0, 0, 0, 0, 0, -2, 0, 0, 0, 0, 0, 0, 0, 0 ], 
          [ 2, 0, 0, 0, 0, 0, 0, 0, 0, 0, -2, 0, 0, 0, 0, 0, 0, 0 ], [ 2, 0, 0, 0, 0, 0, 0, 0, 0, 0, 0, -2, 0, 0, 0, 0, 0, 0 ], 
          [ 2, 0, 0, 0, 0, 0, 0, 0, 0, 0, 0, 0, -2, 0, 0, 0, 0, 0 ], [ 2, 0, 0, 0, 0, 0, 0, 0, 0, 0, 0, 0, 0, -2, 0, 0, 0, 0 ], 
          [ 2, 0, 0, 0, 0, 0, 0, 0, 0, 0, 0, 0, 0, 0, -2, 0, 0, 0 ], [ 2, 0, 0, 0, 0, 0, 0, 0, 0, 0, 0, 0, 0, 0, 0, -2, 0, 0 ], 
          [ 2, 0, 0, 0, 0, 0, 0, 0, 0, 0, 0, 0, 0, 0, 0, 0, -2, 0 ], [ 2, 0, 0, 0, 0, 0, 0, 0, 0, 0, 0, 0, 0, 0, 0, 0, 0, -2 ] ],
      adj := [ [ -2, 0, 0, 0, 0, 0, 0, 0, 0, 0, 0, 0, 0, 0, 0, 0, 0 ], [ 0, -2, 0, 0, 0, 0, 0, 0, 0, 0, 0, 0, 0, 0, 0, 0, 0 ], 
          [ 0, 0, -2, 0, 0, 0, 0, 0, 0, 0, 0, 0, 0, 0, 0, 0, 0 ], [ 0, 0, 0, -2, 0, 0, 0, 0, 0, 0, 0, 0, 0, 0, 0, 0, 0 ], 
          [ 0, 0, 0, 0, -2, 0, 0, 0, 0, 0, 0, 0, 0, 0, 0, 0, 0 ], [ 0, 0, 0, 0, 0, -2, 0, 0, 0, 0, 0, 0, 0, 0, 0, 0, 0 ], 
          [ 0, 0, 0, 0, 0, 0, -2, 0, 0, 0, 0, 0, 0, 0, 0, 0, 0 ], [ 0, 0, 0, 0, 0, 0, 0, -2, 0, 0, 0, 0, 0, 0, 0, 0, 0 ], 
          [ 0, 0, 0, 0, 0, 0, 0, 0, -2, 0, 0, 0, 0, 0, 0, 0, 0 ], [ 0, 0, 0, 0, 0, 0, 0, 0, 0, -2, 0, 0, 0, 0, 0, 0, 0 ], 
          [ 0, 0, 0, 0, 0, 0, 0, 0, 0, 0, -2, 0, 0, 0, 0, 0, 0 ], [ 0, 0, 0, 0, 0, 0, 0, 0, 0, 0, 0, -2, 0, 0, 0, 0, 0 ], 
          [ 0, 0, 0, 0, 0, 0, 0, 0, 0, 0, 0, 0, -2, 0, 0, 0, 0 ], [ 0, 0, 0, 0, 0, 0, 0, 0, 0, 0, 0, 0, 0, -2, 0, 0, 0 ], 
          [ 0, 0, 0, 0, 0, 0, 0, 0, 0, 0, 0, 0, 0, 0, -2, 0, 0 ], [ 0, 0, 0, 0, 0, 0, 0, 0, 0, 0, 0, 0, 0, 0, 0, -2, 0 ], 
          [ 0, 0, 0, 0, 0, 0, 0, 0, 0, 0, 0, 0, 0, 0, 0, 0, -2 ] ],
      gensplcons := [ [ 0, 1, 0, 0, 0, 0, 0, 0, 0, 0, 0, 0, 0, 0, 0, 0, 0, 0 ], [ 0, 0, 1, 0, 0, 0, 0, 0, 0, 0, 0, 0, 0, 0, 0, 0, 0, 0 ], 
          [ 0, 0, 0, 1, 0, 0, 0, 0, 0, 0, 0, 0, 0, 0, 0, 0, 0, 0 ], [ 0, 0, 0, 0, 1, 0, 0, 0, 0, 0, 0, 0, 0, 0, 0, 0, 0, 0 ], 
          [ 0, 0, 0, 0, 0, 1, 0, 0, 0, 0, 0, 0, 0, 0, 0, 0, 0, 0 ], [ 0, 0, 0, 0, 0, 0, 1, 0, 0, 0, 0, 0, 0, 0, 0, 0, 0, 0 ], 
          [ 0, 0, 0, 0, 0, 0, 0, 1, 0, 0, 0, 0, 0, 0, 0, 0, 0, 0 ], [ 0, 0, 0, 0, 0, 0, 0, 0, 1, 0, 0, 0, 0, 0, 0, 0, 0, 0 ], 
          [ 0, 0, 0, 0, 0, 0, 0, 0, 0, 1, 0, 0, 0, 0, 0, 0, 0, 0 ], [ 0, 0, 0, 0, 0, 0, 0, 0, 0, 0, 1, 0, 0, 0, 0, 0, 0, 0 ], 
          [ 0, 0, 0, 0, 0, 0, 0, 0, 0, 0, 0, 1, 0, 0, 0, 0, 0, 0 ], [ 0, 0, 0, 0, 0, 0, 0, 0, 0, 0, 0, 0, 1, 0, 0, 0, 0, 0 ], 
          [ 0, 0, 0, 0, 0, 0, 0, 0, 0, 0, 0, 0, 0, 1, 0, 0, 0, 0 ], [ 0, 0, 0, 0, 0, 0, 0, 0, 0, 0, 0, 0, 0, 0, 1, 0, 0, 0 ], 
          [ 0, 0, 0, 0, 0, 0, 0, 0, 0, 0, 0, 0, 0, 0, 0, 1, 0, 0 ], [ 0, 0, 0, 0, 0, 0, 0, 0, 0, 0, 0, 0, 0, 0, 0, 0, 1, 0 ], 
          [ 0, 0, 0, 0, 0, 0, 0, 0, 0, 0, 0, 0, 0, 0, 0, 0, 0, 1 ] ],
      h := [ 1, 0, 0, 0, 0, 0, 0, 0, 0, 0, 0, 0, 0, 0, 0, 0, 0, 0 ],
      isgemo := [ false, 4 ],
      kk := 17 ), rec(
      Gram := [ [ 2, 2, 2, 2, 2, 2, 2, 2, 2, 2, 2, 2, 2, 2, 2, 2, 2, 2, 2 ], [ 2, -2, 0, 0, 0, 0, 0, 0, 0, 0, 0, 0, 0, 0, 0, 0, 0, 0, 0 ], 
          [ 2, 0, -2, 0, 0, 0, 0, 0, 0, 0, 0, 0, 0, 0, 0, 0, 0, 0, 0 ], [ 2, 0, 0, -2, 0, 0, 0, 0, 0, 0, 0, 0, 0, 0, 0, 0, 0, 0, 0 ], 
          [ 2, 0, 0, 0, -2, 0, 0, 0, 0, 0, 0, 0, 0, 0, 0, 0, 0, 0, 0 ], [ 2, 0, 0, 0, 0, -2, 0, 0, 0, 0, 0, 0, 0, 0, 0, 0, 0, 0, 0 ], 
          [ 2, 0, 0, 0, 0, 0, -2, 0, 0, 0, 0, 0, 0, 0, 0, 0, 0, 0, 0 ], [ 2, 0, 0, 0, 0, 0, 0, -2, 0, 0, 0, 0, 0, 0, 0, 0, 0, 0, 0 ], 
          [ 2, 0, 0, 0, 0, 0, 0, 0, -2, 0, 0, 0, 0, 0, 0, 0, 0, 0, 0 ], [ 2, 0, 0, 0, 0, 0, 0, 0, 0, -2, 0, 0, 0, 0, 0, 0, 0, 0, 0 ], 
          [ 2, 0, 0, 0, 0, 0, 0, 0, 0, 0, -2, 0, 0, 0, 0, 0, 0, 0, 0 ], [ 2, 0, 0, 0, 0, 0, 0, 0, 0, 0, 0, -2, 0, 0, 0, 0, 0, 0, 0 ], 
          [ 2, 0, 0, 0, 0, 0, 0, 0, 0, 0, 0, 0, -2, 0, 0, 0, 0, 0, 0 ], [ 2, 0, 0, 0, 0, 0, 0, 0, 0, 0, 0, 0, 0, -2, 0, 0, 0, 0, 0 ], 
          [ 2, 0, 0, 0, 0, 0, 0, 0, 0, 0, 0, 0, 0, 0, -2, 0, 0, 0, 0 ], [ 2, 0, 0, 0, 0, 0, 0, 0, 0, 0, 0, 0, 0, 0, 0, -2, 0, 0, 0 ], 
          [ 2, 0, 0, 0, 0, 0, 0, 0, 0, 0, 0, 0, 0, 0, 0, 0, -2, 0, 0 ], [ 2, 0, 0, 0, 0, 0, 0, 0, 0, 0, 0, 0, 0, 0, 0, 0, 0, -2, 0 ], 
          [ 2, 0, 0, 0, 0, 0, 0, 0, 0, 0, 0, 0, 0, 0, 0, 0, 0, 0, -2 ] ],
      adj := [ [ -2, 0, 0, 0, 0, 0, 0, 0, 0, 0, 0, 0, 0, 0, 0, 0, 0, 0 ], [ 0, -2, 0, 0, 0, 0, 0, 0, 0, 0, 0, 0, 0, 0, 0, 0, 0, 0 ], 
          [ 0, 0, -2, 0, 0, 0, 0, 0, 0, 0, 0, 0, 0, 0, 0, 0, 0, 0 ], [ 0, 0, 0, -2, 0, 0, 0, 0, 0, 0, 0, 0, 0, 0, 0, 0, 0, 0 ], 
          [ 0, 0, 0, 0, -2, 0, 0, 0, 0, 0, 0, 0, 0, 0, 0, 0, 0, 0 ], [ 0, 0, 0, 0, 0, -2, 0, 0, 0, 0, 0, 0, 0, 0, 0, 0, 0, 0 ], 
          [ 0, 0, 0, 0, 0, 0, -2, 0, 0, 0, 0, 0, 0, 0, 0, 0, 0, 0 ], [ 0, 0, 0, 0, 0, 0, 0, -2, 0, 0, 0, 0, 0, 0, 0, 0, 0, 0 ], 
          [ 0, 0, 0, 0, 0, 0, 0, 0, -2, 0, 0, 0, 0, 0, 0, 0, 0, 0 ], [ 0, 0, 0, 0, 0, 0, 0, 0, 0, -2, 0, 0, 0, 0, 0, 0, 0, 0 ], 
          [ 0, 0, 0, 0, 0, 0, 0, 0, 0, 0, -2, 0, 0, 0, 0, 0, 0, 0 ], [ 0, 0, 0, 0, 0, 0, 0, 0, 0, 0, 0, -2, 0, 0, 0, 0, 0, 0 ], 
          [ 0, 0, 0, 0, 0, 0, 0, 0, 0, 0, 0, 0, -2, 0, 0, 0, 0, 0 ], [ 0, 0, 0, 0, 0, 0, 0, 0, 0, 0, 0, 0, 0, -2, 0, 0, 0, 0 ], 
          [ 0, 0, 0, 0, 0, 0, 0, 0, 0, 0, 0, 0, 0, 0, -2, 0, 0, 0 ], [ 0, 0, 0, 0, 0, 0, 0, 0, 0, 0, 0, 0, 0, 0, 0, -2, 0, 0 ], 
          [ 0, 0, 0, 0, 0, 0, 0, 0, 0, 0, 0, 0, 0, 0, 0, 0, -2, 0 ], [ 0, 0, 0, 0, 0, 0, 0, 0, 0, 0, 0, 0, 0, 0, 0, 0, 0, -2 ] ],
      gensplcons := [ [ 0, 1, 0, 0, 0, 0, 0, 0, 0, 0, 0, 0, 0, 0, 0, 0, 0, 0, 0 ], [ 0, 0, 1, 0, 0, 0, 0, 0, 0, 0, 0, 0, 0, 0, 0, 0, 0, 0, 0 ], 
          [ 0, 0, 0, 1, 0, 0, 0, 0, 0, 0, 0, 0, 0, 0, 0, 0, 0, 0, 0 ], [ 0, 0, 0, 0, 1, 0, 0, 0, 0, 0, 0, 0, 0, 0, 0, 0, 0, 0, 0 ], 
          [ 0, 0, 0, 0, 0, 1, 0, 0, 0, 0, 0, 0, 0, 0, 0, 0, 0, 0, 0 ], [ 0, 0, 0, 0, 0, 0, 1, 0, 0, 0, 0, 0, 0, 0, 0, 0, 0, 0, 0 ], 
          [ 0, 0, 0, 0, 0, 0, 0, 1, 0, 0, 0, 0, 0, 0, 0, 0, 0, 0, 0 ], [ 0, 0, 0, 0, 0, 0, 0, 0, 1, 0, 0, 0, 0, 0, 0, 0, 0, 0, 0 ], 
          [ 0, 0, 0, 0, 0, 0, 0, 0, 0, 1, 0, 0, 0, 0, 0, 0, 0, 0, 0 ], [ 0, 0, 0, 0, 0, 0, 0, 0, 0, 0, 1, 0, 0, 0, 0, 0, 0, 0, 0 ], 
          [ 0, 0, 0, 0, 0, 0, 0, 0, 0, 0, 0, 1, 0, 0, 0, 0, 0, 0, 0 ], [ 0, 0, 0, 0, 0, 0, 0, 0, 0, 0, 0, 0, 1, 0, 0, 0, 0, 0, 0 ], 
          [ 0, 0, 0, 0, 0, 0, 0, 0, 0, 0, 0, 0, 0, 1, 0, 0, 0, 0, 0 ], [ 0, 0, 0, 0, 0, 0, 0, 0, 0, 0, 0, 0, 0, 0, 1, 0, 0, 0, 0 ], 
          [ 0, 0, 0, 0, 0, 0, 0, 0, 0, 0, 0, 0, 0, 0, 0, 1, 0, 0, 0 ], [ 0, 0, 0, 0, 0, 0, 0, 0, 0, 0, 0, 0, 0, 0, 0, 0, 1, 0, 0 ], 
          [ 0, 0, 0, 0, 0, 0, 0, 0, 0, 0, 0, 0, 0, 0, 0, 0, 0, 1, 0 ], [ 0, 0, 0, 0, 0, 0, 0, 0, 0, 0, 0, 0, 0, 0, 0, 0, 0, 0, 1 ] ],
      h := [ 1, 0, 0, 0, 0, 0, 0, 0, 0, 0, 0, 0, 0, 0, 0, 0, 0, 0, 0 ],
      isgemo := [ false, 4 ],
      kk := 18 ), rec(
      Gram := [ [ 2, 2, 2, 2, 2, 2, 2, 2, 2, 2, 2, 2, 2, 2, 2, 2, 2, 2, 2, 2 ], [ 2, -2, 0, 0, 0, 0, 0, 0, 0, 0, 0, 0, 0, 0, 0, 0, 0, 0, 0, 0 ], 
          [ 2, 0, -2, 0, 0, 0, 0, 0, 0, 0, 0, 0, 0, 0, 0, 0, 0, 0, 0, 0 ], [ 2, 0, 0, -2, 0, 0, 0, 0, 0, 0, 0, 0, 0, 0, 0, 0, 0, 0, 0, 0 ], 
          [ 2, 0, 0, 0, -2, 0, 0, 0, 0, 0, 0, 0, 0, 0, 0, 0, 0, 0, 0, 0 ], [ 2, 0, 0, 0, 0, -2, 0, 0, 0, 0, 0, 0, 0, 0, 0, 0, 0, 0, 0, 0 ], 
          [ 2, 0, 0, 0, 0, 0, -2, 0, 0, 0, 0, 0, 0, 0, 0, 0, 0, 0, 0, 0 ], [ 2, 0, 0, 0, 0, 0, 0, -2, 0, 0, 0, 0, 0, 0, 0, 0, 0, 0, 0, 0 ], 
          [ 2, 0, 0, 0, 0, 0, 0, 0, -2, 0, 0, 0, 0, 0, 0, 0, 0, 0, 0, 0 ], [ 2, 0, 0, 0, 0, 0, 0, 0, 0, -2, 0, 0, 0, 0, 0, 0, 0, 0, 0, 0 ], 
          [ 2, 0, 0, 0, 0, 0, 0, 0, 0, 0, -2, 0, 0, 0, 0, 0, 0, 0, 0, 0 ], [ 2, 0, 0, 0, 0, 0, 0, 0, 0, 0, 0, -2, 0, 0, 0, 0, 0, 0, 0, 0 ], 
          [ 2, 0, 0, 0, 0, 0, 0, 0, 0, 0, 0, 0, -2, 0, 0, 0, 0, 0, 0, 0 ], [ 2, 0, 0, 0, 0, 0, 0, 0, 0, 0, 0, 0, 0, -2, 0, 0, 0, 0, 0, 0 ], 
          [ 2, 0, 0, 0, 0, 0, 0, 0, 0, 0, 0, 0, 0, 0, -2, 0, 0, 0, 0, 0 ], [ 2, 0, 0, 0, 0, 0, 0, 0, 0, 0, 0, 0, 0, 0, 0, -2, 0, 0, 0, 0 ], 
          [ 2, 0, 0, 0, 0, 0, 0, 0, 0, 0, 0, 0, 0, 0, 0, 0, -2, 0, 0, 0 ], [ 2, 0, 0, 0, 0, 0, 0, 0, 0, 0, 0, 0, 0, 0, 0, 0, 0, -2, 0, 0 ], 
          [ 2, 0, 0, 0, 0, 0, 0, 0, 0, 0, 0, 0, 0, 0, 0, 0, 0, 0, -2, 0 ], [ 2, 0, 0, 0, 0, 0, 0, 0, 0, 0, 0, 0, 0, 0, 0, 0, 0, 0, 0, -2 ] ],
      adj := [ [ -2, 0, 0, 0, 0, 0, 0, 0, 0, 0, 0, 0, 0, 0, 0, 0, 0, 0, 0 ], [ 0, -2, 0, 0, 0, 0, 0, 0, 0, 0, 0, 0, 0, 0, 0, 0, 0, 0, 0 ], 
          [ 0, 0, -2, 0, 0, 0, 0, 0, 0, 0, 0, 0, 0, 0, 0, 0, 0, 0, 0 ], [ 0, 0, 0, -2, 0, 0, 0, 0, 0, 0, 0, 0, 0, 0, 0, 0, 0, 0, 0 ], 
          [ 0, 0, 0, 0, -2, 0, 0, 0, 0, 0, 0, 0, 0, 0, 0, 0, 0, 0, 0 ], [ 0, 0, 0, 0, 0, -2, 0, 0, 0, 0, 0, 0, 0, 0, 0, 0, 0, 0, 0 ], 
          [ 0, 0, 0, 0, 0, 0, -2, 0, 0, 0, 0, 0, 0, 0, 0, 0, 0, 0, 0 ], [ 0, 0, 0, 0, 0, 0, 0, -2, 0, 0, 0, 0, 0, 0, 0, 0, 0, 0, 0 ], 
          [ 0, 0, 0, 0, 0, 0, 0, 0, -2, 0, 0, 0, 0, 0, 0, 0, 0, 0, 0 ], [ 0, 0, 0, 0, 0, 0, 0, 0, 0, -2, 0, 0, 0, 0, 0, 0, 0, 0, 0 ], 
          [ 0, 0, 0, 0, 0, 0, 0, 0, 0, 0, -2, 0, 0, 0, 0, 0, 0, 0, 0 ], [ 0, 0, 0, 0, 0, 0, 0, 0, 0, 0, 0, -2, 0, 0, 0, 0, 0, 0, 0 ], 
          [ 0, 0, 0, 0, 0, 0, 0, 0, 0, 0, 0, 0, -2, 0, 0, 0, 0, 0, 0 ], [ 0, 0, 0, 0, 0, 0, 0, 0, 0, 0, 0, 0, 0, -2, 0, 0, 0, 0, 0 ], 
          [ 0, 0, 0, 0, 0, 0, 0, 0, 0, 0, 0, 0, 0, 0, -2, 0, 0, 0, 0 ], [ 0, 0, 0, 0, 0, 0, 0, 0, 0, 0, 0, 0, 0, 0, 0, -2, 0, 0, 0 ], 
          [ 0, 0, 0, 0, 0, 0, 0, 0, 0, 0, 0, 0, 0, 0, 0, 0, -2, 0, 0 ], [ 0, 0, 0, 0, 0, 0, 0, 0, 0, 0, 0, 0, 0, 0, 0, 0, 0, -2, 0 ], 
          [ 0, 0, 0, 0, 0, 0, 0, 0, 0, 0, 0, 0, 0, 0, 0, 0, 0, 0, -2 ] ],
      gensplcons := [ [ 0, 1, 0, 0, 0, 0, 0, 0, 0, 0, 0, 0, 0, 0, 0, 0, 0, 0, 0, 0 ], [ 0, 0, 1, 0, 0, 0, 0, 0, 0, 0, 0, 0, 0, 0, 0, 0, 0, 0, 0, 0 ], 
          [ 0, 0, 0, 1, 0, 0, 0, 0, 0, 0, 0, 0, 0, 0, 0, 0, 0, 0, 0, 0 ], [ 0, 0, 0, 0, 1, 0, 0, 0, 0, 0, 0, 0, 0, 0, 0, 0, 0, 0, 0, 0 ], 
          [ 0, 0, 0, 0, 0, 1, 0, 0, 0, 0, 0, 0, 0, 0, 0, 0, 0, 0, 0, 0 ], [ 0, 0, 0, 0, 0, 0, 1, 0, 0, 0, 0, 0, 0, 0, 0, 0, 0, 0, 0, 0 ], 
          [ 0, 0, 0, 0, 0, 0, 0, 1, 0, 0, 0, 0, 0, 0, 0, 0, 0, 0, 0, 0 ], [ 0, 0, 0, 0, 0, 0, 0, 0, 1, 0, 0, 0, 0, 0, 0, 0, 0, 0, 0, 0 ], 
          [ 0, 0, 0, 0, 0, 0, 0, 0, 0, 1, 0, 0, 0, 0, 0, 0, 0, 0, 0, 0 ], [ 0, 0, 0, 0, 0, 0, 0, 0, 0, 0, 1, 0, 0, 0, 0, 0, 0, 0, 0, 0 ], 
          [ 0, 0, 0, 0, 0, 0, 0, 0, 0, 0, 0, 1, 0, 0, 0, 0, 0, 0, 0, 0 ], [ 0, 0, 0, 0, 0, 0, 0, 0, 0, 0, 0, 0, 1, 0, 0, 0, 0, 0, 0, 0 ], 
          [ 0, 0, 0, 0, 0, 0, 0, 0, 0, 0, 0, 0, 0, 1, 0, 0, 0, 0, 0, 0 ], [ 0, 0, 0, 0, 0, 0, 0, 0, 0, 0, 0, 0, 0, 0, 1, 0, 0, 0, 0, 0 ], 
          [ 0, 0, 0, 0, 0, 0, 0, 0, 0, 0, 0, 0, 0, 0, 0, 1, 0, 0, 0, 0 ], [ 0, 0, 0, 0, 0, 0, 0, 0, 0, 0, 0, 0, 0, 0, 0, 0, 1, 0, 0, 0 ], 
          [ 0, 0, 0, 0, 0, 0, 0, 0, 0, 0, 0, 0, 0, 0, 0, 0, 0, 1, 0, 0 ], [ 0, 0, 0, 0, 0, 0, 0, 0, 0, 0, 0, 0, 0, 0, 0, 0, 0, 0, 1, 0 ], 
          [ 0, 0, 0, 0, 0, 0, 0, 0, 0, 0, 0, 0, 0, 0, 0, 0, 0, 0, 0, 1 ] ],
      h := [ 1, 0, 0, 0, 0, 0, 0, 0, 0, 0, 0, 0, 0, 0, 0, 0, 0, 0, 0, 0 ],
      isgemo := [ false, 4 ],
      kk := 19 ) ];
