randomPro20261001175756:=[ [ [ 0, 751 ], [ [ -2, 3, 1, 3, 1, 1, 1, 3, 3, 1, 3, 1, 3, 3, 3, 1, 1 ], [ 3, -2, 3, 1, 3, 3, 3, 1, 1, 1, 3, 3, 1, 1, 1, 3, 3 ], 
          [ 1, 3, -2, 3, 3, 1, 1, 3, 1, 3, 1, 1, 3, 3, 3, 1, 3 ], [ 3, 1, 3, -2, 3, 3, 3, 1, 3, 3, 1, 3, 1, 1, 3, 3, 3 ], 
          [ 1, 3, 3, 3, -2, 3, 3, 3, 3, 1, 3, 3, 3, 3, 3, 3, 1 ], [ 1, 3, 1, 3, 3, -2, 3, 3, 3, 1, 1, 1, 3, 1, 3, 1, 1 ], 
          [ 1, 3, 1, 3, 3, 3, -2, 1, 1, 3, 3, 1, 1, 3, 1, 1, 3 ], [ 3, 1, 3, 1, 3, 3, 1, -2, 3, 1, 3, 3, 1, 1, 1, 3, 3 ], 
          [ 3, 1, 1, 3, 3, 3, 1, 3, -2, 3, 1, 1, 1, 3, 1, 1, 3 ], [ 1, 1, 3, 3, 1, 1, 3, 1, 3, -2, 3, 3, 3, 1, 1, 3, 1 ], 
          [ 3, 3, 1, 1, 3, 1, 3, 3, 1, 3, -2, 1, 1, 3, 3, 1, 3 ], [ 1, 3, 1, 3, 3, 1, 1, 3, 1, 3, 1, -2, 3, 3, 3, 1, 3 ], 
          [ 3, 1, 3, 1, 3, 3, 1, 1, 1, 3, 1, 3, -2, 3, 1, 1, 3 ], [ 3, 1, 3, 1, 3, 1, 3, 1, 3, 1, 3, 3, 3, -2, 1, 3, 1 ], 
          [ 3, 1, 3, 3, 3, 3, 1, 1, 1, 1, 3, 3, 1, 1, -2, 1, 1 ], [ 1, 3, 1, 3, 3, 1, 1, 3, 1, 3, 1, 1, 1, 3, 1, -2, 1 ], 
          [ 1, 3, 3, 3, 1, 1, 3, 3, 3, 1, 3, 3, 3, 1, 1, 1, -2 ] ] ], 
  [ [ 0, 314 ], [ [ -2, 3, 1, 3, 1, 1, 1, 3, 3, 1, 3, 1, 3, 1, 1, 3, 1 ], [ 3, -2, 3, 1, 3, 3, 3, 1, 1, 1, 1, 3, 1, 3, 1, 1, 3 ], 
          [ 1, 3, -2, 3, 3, 1, 1, 3, 1, 3, 1, 1, 3, 1, 3, 3, 3 ], [ 3, 1, 3, -2, 3, 3, 3, 1, 3, 3, 3, 3, 1, 3, 1, 1, 3 ], 
          [ 1, 3, 3, 3, -2, 3, 3, 3, 3, 1, 3, 3, 3, 1, 1, 3, 1 ], [ 1, 3, 1, 3, 3, -2, 3, 3, 3, 1, 1, 1, 1, 1, 3, 1, 3 ], 
          [ 1, 3, 1, 3, 3, 3, -2, 1, 1, 3, 3, 1, 3, 3, 3, 3, 1 ], [ 3, 1, 3, 1, 3, 3, 1, -2, 3, 1, 3, 3, 1, 3, 1, 1, 1 ], 
          [ 3, 1, 1, 3, 3, 3, 1, 3, -2, 3, 1, 1, 3, 3, 3, 3, 3 ], [ 1, 1, 3, 3, 1, 1, 3, 1, 3, -2, 1, 3, 1, 1, 1, 1, 1 ], 
          [ 3, 1, 1, 3, 3, 1, 3, 3, 1, 1, -2, 3, 1, 1, 3, 1, 3 ], [ 1, 3, 1, 3, 3, 1, 1, 3, 1, 3, 3, -2, 3, 3, 3, 3, 1 ], 
          [ 3, 1, 3, 1, 3, 1, 3, 1, 3, 1, 1, 3, -2, 3, 3, 1, 3 ], [ 1, 3, 1, 3, 1, 1, 3, 3, 3, 1, 1, 3, 3, -2, 1, 3, 1 ], 
          [ 1, 1, 3, 1, 1, 3, 3, 1, 3, 1, 3, 3, 3, 1, -2, 3, 1 ], [ 3, 1, 3, 1, 3, 1, 3, 1, 3, 1, 1, 3, 1, 3, 3, -2, 3 ], 
          [ 1, 3, 3, 3, 1, 3, 1, 1, 3, 1, 3, 1, 3, 1, 1, 3, -2 ] ] ], [ [ 0, 258 ], [ [ -2, 3, 1, 3, 1, 1, 1, 3, 3, 1, 3, 1, 3, 1, 1, 3, 3 ], 
          [ 3, -2, 3, 1, 3, 3, 3, 1, 1, 1, 1, 3, 1, 3, 1, 1, 3 ], [ 1, 3, -2, 3, 3, 1, 1, 3, 1, 3, 1, 1, 3, 1, 3, 3, 1 ], 
          [ 3, 1, 3, -2, 3, 3, 3, 1, 3, 3, 3, 3, 1, 3, 1, 1, 3 ], [ 1, 3, 3, 3, -2, 3, 3, 3, 3, 1, 3, 3, 3, 1, 1, 3, 1 ], 
          [ 1, 3, 1, 3, 3, -2, 3, 3, 3, 1, 1, 1, 1, 1, 3, 1, 3 ], [ 1, 3, 1, 3, 3, 3, -2, 1, 1, 3, 3, 1, 3, 3, 3, 3, 1 ], 
          [ 3, 1, 3, 1, 3, 3, 1, -2, 3, 1, 3, 3, 1, 3, 1, 1, 3 ], [ 3, 1, 1, 3, 3, 3, 1, 3, -2, 3, 1, 1, 3, 3, 3, 3, 1 ], 
          [ 1, 1, 3, 3, 1, 1, 3, 1, 3, -2, 1, 3, 1, 1, 1, 1, 3 ], [ 3, 1, 1, 3, 3, 1, 3, 3, 1, 1, -2, 3, 1, 1, 3, 1, 1 ], 
          [ 1, 3, 1, 3, 3, 1, 1, 3, 1, 3, 3, -2, 3, 3, 3, 3, 3 ], [ 3, 1, 3, 1, 3, 1, 3, 1, 3, 1, 1, 3, -2, 3, 3, 1, 3 ], 
          [ 1, 3, 1, 3, 1, 1, 3, 3, 3, 1, 1, 3, 3, -2, 1, 3, 1 ], [ 1, 1, 3, 1, 1, 3, 3, 1, 3, 1, 3, 3, 3, 1, -2, 3, 3 ], 
          [ 3, 1, 3, 1, 3, 1, 3, 1, 3, 1, 1, 3, 1, 3, 3, -2, 3 ], [ 3, 3, 1, 3, 1, 3, 1, 3, 1, 3, 1, 3, 3, 1, 3, 3, -2 ] ] ], 
  [ [ 0, 314 ], [ [ -2, 3, 1, 3, 1, 1, 1, 3, 3, 1, 3, 1, 3, 1, 1, 3, 3 ], [ 3, -2, 3, 1, 3, 3, 3, 1, 1, 1, 1, 3, 1, 3, 1, 1, 1 ], 
          [ 1, 3, -2, 3, 3, 1, 1, 3, 1, 3, 1, 1, 3, 1, 3, 3, 1 ], [ 3, 1, 3, -2, 3, 3, 3, 1, 3, 3, 3, 3, 1, 3, 1, 1, 1 ], 
          [ 1, 3, 3, 3, -2, 3, 3, 3, 3, 1, 3, 3, 3, 1, 1, 3, 3 ], [ 1, 3, 1, 3, 3, -2, 3, 3, 3, 1, 1, 1, 1, 1, 3, 1, 1 ], 
          [ 1, 3, 1, 3, 3, 3, -2, 1, 1, 3, 3, 1, 3, 3, 3, 3, 3 ], [ 3, 1, 3, 1, 3, 3, 1, -2, 3, 1, 3, 3, 1, 3, 1, 1, 3 ], 
          [ 3, 1, 1, 3, 3, 3, 1, 3, -2, 3, 1, 1, 3, 3, 3, 3, 1 ], [ 1, 1, 3, 3, 1, 1, 3, 1, 3, -2, 1, 3, 1, 1, 1, 1, 3 ], 
          [ 3, 1, 1, 3, 3, 1, 3, 3, 1, 1, -2, 3, 1, 1, 3, 1, 1 ], [ 1, 3, 1, 3, 3, 1, 1, 3, 1, 3, 3, -2, 3, 3, 3, 3, 3 ], 
          [ 3, 1, 3, 1, 3, 1, 3, 1, 3, 1, 1, 3, -2, 3, 3, 1, 1 ], [ 1, 3, 1, 3, 1, 1, 3, 3, 3, 1, 1, 3, 3, -2, 1, 3, 3 ], 
          [ 1, 1, 3, 1, 1, 3, 3, 1, 3, 1, 3, 3, 3, 1, -2, 3, 3 ], [ 3, 1, 3, 1, 3, 1, 3, 1, 3, 1, 1, 3, 1, 3, 3, -2, 1 ], 
          [ 3, 1, 1, 1, 3, 1, 3, 3, 1, 3, 1, 3, 1, 3, 3, 1, -2 ] ] ], 
  [ [ 0, 438 ], [ [ -2, 3, 1, 3, 1, 1, 1, 3, 3, 1, 3, 1, 1, 1, 3, 1, 1 ], [ 3, -2, 3, 1, 3, 3, 3, 1, 1, 1, 1, 3, 3, 3, 1, 3, 3 ], 
          [ 1, 3, -2, 3, 3, 1, 1, 3, 1, 3, 1, 1, 1, 3, 1, 1, 1 ], [ 3, 1, 3, -2, 3, 3, 3, 1, 3, 3, 3, 3, 3, 3, 3, 3, 3 ], 
          [ 1, 3, 3, 3, -2, 3, 3, 3, 3, 1, 3, 3, 1, 1, 3, 1, 1 ], [ 1, 3, 1, 3, 3, -2, 3, 3, 3, 1, 1, 1, 3, 3, 1, 3, 1 ], 
          [ 1, 3, 1, 3, 3, 3, -2, 1, 1, 3, 3, 1, 1, 1, 3, 1, 3 ], [ 3, 1, 3, 1, 3, 3, 1, -2, 3, 1, 3, 3, 3, 1, 3, 3, 3 ], 
          [ 3, 1, 1, 3, 3, 3, 1, 3, -2, 3, 1, 1, 1, 3, 1, 1, 3 ], [ 1, 1, 3, 3, 1, 1, 3, 1, 3, -2, 1, 3, 3, 1, 3, 3, 1 ], 
          [ 3, 1, 1, 3, 3, 1, 3, 3, 1, 1, -2, 3, 3, 3, 1, 3, 1 ], [ 1, 3, 1, 3, 3, 1, 1, 3, 1, 3, 3, -2, 1, 1, 1, 1, 1 ], 
          [ 1, 3, 1, 3, 1, 3, 1, 3, 1, 3, 3, 1, -2, 1, 3, 1, 1 ], [ 1, 3, 3, 3, 1, 3, 1, 1, 3, 1, 3, 1, 1, -2, 3, 1, 1 ], 
          [ 3, 1, 1, 3, 3, 1, 3, 3, 1, 3, 1, 1, 3, 3, -2, 1, 3 ], [ 1, 3, 1, 3, 1, 3, 1, 3, 1, 3, 3, 1, 1, 1, 1, -2, 3 ], 
          [ 1, 3, 1, 3, 1, 1, 3, 3, 3, 1, 1, 1, 1, 1, 3, 3, -2 ] ] ], [ [ 0, 573 ], [ [ -2, 3, 1, 3, 1, 1, 1, 3, 3, 1, 3, 3, 3, 1, 1, 1, 3 ], 
          [ 3, -2, 3, 1, 3, 3, 3, 1, 1, 1, 1, 1, 3, 3, 3, 3, 1 ], [ 1, 3, -2, 3, 3, 1, 1, 3, 1, 3, 1, 1, 1, 1, 1, 1, 3 ], 
          [ 3, 1, 3, -2, 3, 3, 3, 1, 3, 3, 3, 3, 3, 3, 3, 3, 1 ], [ 1, 3, 3, 3, -2, 3, 3, 3, 3, 1, 3, 3, 3, 3, 1, 3, 3 ], 
          [ 1, 3, 1, 3, 3, -2, 3, 3, 3, 1, 1, 3, 1, 1, 1, 1, 1 ], [ 1, 3, 1, 3, 3, 3, -2, 1, 1, 3, 3, 1, 1, 1, 3, 1, 3 ], 
          [ 3, 1, 3, 1, 3, 3, 1, -2, 3, 1, 3, 1, 3, 1, 3, 3, 1 ], [ 3, 1, 1, 3, 3, 3, 1, 3, -2, 3, 1, 1, 1, 3, 3, 1, 3 ], 
          [ 1, 1, 3, 3, 1, 1, 3, 1, 3, -2, 1, 3, 3, 1, 1, 3, 1 ], [ 3, 1, 1, 3, 3, 1, 3, 3, 1, 1, -2, 1, 1, 1, 1, 1, 1 ], 
          [ 3, 1, 1, 3, 3, 3, 1, 1, 1, 3, 1, -2, 1, 1, 3, 1, 3 ], [ 3, 3, 1, 3, 3, 1, 1, 3, 1, 3, 1, 1, -2, 1, 3, 1, 3 ], 
          [ 1, 3, 1, 3, 3, 1, 1, 1, 3, 1, 1, 1, 1, -2, 1, 1, 3 ], [ 1, 3, 1, 3, 1, 1, 3, 3, 3, 1, 1, 3, 3, 1, -2, 3, 1 ], 
          [ 1, 3, 1, 3, 3, 1, 1, 3, 1, 3, 1, 1, 1, 1, 3, -2, 3 ], [ 3, 1, 3, 1, 3, 1, 3, 1, 3, 1, 1, 3, 3, 3, 1, 3, -2 ] ] ], 
  [ [ 0, 650 ], [ [ -2, 3, 1, 3, 1, 1, 1, 3, 3, 1, 1, 1, 3, 3, 1, 1, 1 ], [ 3, -2, 3, 1, 3, 3, 3, 1, 1, 1, 1, 3, 1, 1, 1, 3, 3 ], 
          [ 1, 3, -2, 3, 3, 1, 1, 3, 1, 3, 1, 3, 3, 3, 1, 3, 1 ], [ 3, 1, 3, -2, 3, 3, 3, 1, 3, 3, 1, 3, 1, 1, 3, 3, 3 ], 
          [ 1, 3, 3, 3, -2, 3, 3, 3, 3, 1, 3, 1, 3, 3, 3, 1, 3 ], [ 1, 3, 1, 3, 3, -2, 3, 3, 3, 1, 1, 1, 1, 1, 1, 3, 1 ], 
          [ 1, 3, 1, 3, 3, 3, -2, 1, 1, 3, 3, 3, 3, 3, 1, 1, 1 ], [ 3, 1, 3, 1, 3, 3, 1, -2, 3, 1, 1, 3, 1, 1, 1, 1, 1 ], 
          [ 3, 1, 1, 3, 3, 3, 1, 3, -2, 3, 3, 3, 3, 3, 1, 3, 3 ], [ 1, 1, 3, 3, 1, 1, 3, 1, 3, -2, 1, 1, 1, 1, 1, 1, 1 ], 
          [ 1, 1, 1, 1, 3, 1, 3, 1, 3, 1, -2, 3, 1, 1, 1, 3, 1 ], [ 1, 3, 3, 3, 1, 1, 3, 3, 3, 1, 3, -2, 3, 1, 3, 1, 1 ], 
          [ 3, 1, 3, 1, 3, 1, 3, 1, 3, 1, 1, 3, -2, 1, 1, 3, 1 ], [ 3, 1, 3, 1, 3, 1, 3, 1, 3, 1, 1, 1, 1, -2, 3, 3, 1 ], 
          [ 1, 1, 1, 3, 3, 1, 1, 1, 1, 1, 1, 3, 1, 3, -2, 3, 1 ], [ 1, 3, 3, 3, 1, 3, 1, 1, 3, 1, 3, 1, 3, 3, 3, -2, 1 ], 
          [ 1, 3, 1, 3, 3, 1, 1, 1, 3, 1, 1, 1, 1, 1, 1, 1, -2 ] ] ], 
  [ [ 0, 119 ], [ [ -2, 3, 1, 3, 1, 1, 1, 3, 3, 1, 1, 1, 3, 3, 3, 3, 3 ], [ 3, -2, 3, 1, 3, 3, 3, 1, 1, 1, 1, 3, 1, 1, 1, 3, 1 ], 
          [ 1, 3, -2, 3, 3, 1, 1, 3, 1, 3, 1, 1, 3, 3, 1, 3, 3 ], [ 3, 1, 3, -2, 3, 3, 3, 1, 3, 3, 1, 3, 1, 3, 1, 1, 1 ], 
          [ 1, 3, 3, 3, -2, 3, 3, 3, 3, 1, 3, 1, 1, 1, 3, 1, 3 ], [ 1, 3, 1, 3, 3, -2, 3, 3, 3, 1, 1, 3, 3, 3, 3, 3, 3 ], 
          [ 1, 3, 1, 3, 3, 3, -2, 1, 1, 3, 3, 1, 3, 3, 1, 3, 1 ], [ 3, 1, 3, 1, 3, 3, 1, -2, 3, 1, 1, 3, 1, 3, 1, 3, 1 ], 
          [ 3, 1, 1, 3, 3, 3, 1, 3, -2, 3, 3, 1, 3, 1, 1, 3, 1 ], [ 1, 1, 3, 3, 1, 1, 3, 1, 3, -2, 1, 3, 1, 1, 3, 3, 3 ], 
          [ 1, 1, 1, 1, 3, 1, 3, 1, 3, 1, -2, 3, 1, 3, 1, 3, 3 ], [ 1, 3, 1, 3, 1, 3, 1, 3, 1, 3, 3, -2, 3, 1, 3, 1, 3 ], 
          [ 3, 1, 3, 1, 1, 3, 3, 1, 3, 1, 1, 3, -2, 1, 1, 1, 3 ], [ 3, 1, 3, 3, 1, 3, 3, 3, 1, 1, 3, 1, 1, -2, 3, 1, 3 ], 
          [ 3, 1, 1, 1, 3, 3, 1, 1, 1, 3, 1, 3, 1, 3, -2, 3, 1 ], [ 3, 3, 3, 1, 1, 3, 3, 3, 3, 3, 3, 1, 1, 1, 3, -2, 3 ], 
          [ 3, 1, 3, 1, 3, 3, 1, 1, 1, 3, 3, 3, 3, 3, 1, 3, -2 ] ] ], [ [ 0, 141 ], [ [ -2, 3, 1, 3, 1, 1, 1, 3, 3, 1, 1, 1, 3, 1, 3, 3, 3 ], 
          [ 3, -2, 3, 1, 3, 3, 3, 1, 1, 1, 1, 3, 1, 3, 1, 1, 1 ], [ 1, 3, -2, 3, 3, 1, 1, 3, 1, 3, 1, 1, 3, 1, 3, 3, 3 ], 
          [ 3, 1, 3, -2, 3, 3, 3, 1, 3, 3, 1, 3, 1, 3, 1, 1, 1 ], [ 1, 3, 3, 3, -2, 3, 3, 3, 3, 1, 3, 1, 1, 3, 3, 3, 1 ], 
          [ 1, 3, 1, 3, 3, -2, 3, 3, 3, 1, 1, 3, 3, 1, 1, 3, 3 ], [ 1, 3, 1, 3, 3, 3, -2, 1, 1, 3, 3, 1, 3, 1, 3, 1, 3 ], 
          [ 3, 1, 3, 1, 3, 3, 1, -2, 3, 1, 1, 3, 1, 1, 1, 1, 1 ], [ 3, 1, 1, 3, 3, 3, 1, 3, -2, 3, 3, 1, 3, 3, 3, 1, 3 ], 
          [ 1, 1, 3, 3, 1, 1, 3, 1, 3, -2, 1, 3, 1, 1, 1, 3, 1 ], [ 1, 1, 1, 1, 3, 1, 3, 1, 3, 1, -2, 3, 3, 1, 1, 3, 1 ], 
          [ 1, 3, 1, 3, 1, 3, 1, 3, 1, 3, 3, -2, 3, 3, 3, 3, 3 ], [ 3, 1, 3, 1, 1, 3, 3, 1, 3, 1, 3, 3, -2, 3, 1, 1, 1 ], 
          [ 1, 3, 1, 3, 3, 1, 1, 1, 3, 1, 1, 3, 3, -2, 3, 3, 3 ], [ 3, 1, 3, 1, 3, 1, 3, 1, 3, 1, 1, 3, 1, 3, -2, 1, 1 ], 
          [ 3, 1, 3, 1, 3, 3, 1, 1, 1, 3, 3, 3, 1, 3, 1, -2, 3 ], [ 3, 1, 3, 1, 1, 3, 3, 1, 3, 1, 1, 3, 1, 3, 1, 3, -2 ] ] ], 
  [ [ 0, 187 ], [ [ -2, 3, 1, 3, 1, 1, 1, 3, 3, 1, 1, 1, 3, 1, 3, 3, 1 ], [ 3, -2, 3, 1, 3, 3, 3, 1, 1, 1, 1, 3, 1, 3, 1, 1, 3 ], 
          [ 1, 3, -2, 3, 3, 1, 1, 3, 1, 3, 1, 1, 3, 1, 3, 3, 1 ], [ 3, 1, 3, -2, 3, 3, 3, 1, 3, 3, 1, 3, 1, 3, 1, 1, 3 ], 
          [ 1, 3, 3, 3, -2, 3, 3, 3, 3, 1, 3, 1, 1, 3, 3, 3, 1 ], [ 1, 3, 1, 3, 3, -2, 3, 3, 3, 1, 1, 3, 3, 1, 1, 3, 3 ], 
          [ 1, 3, 1, 3, 3, 3, -2, 1, 1, 3, 3, 1, 3, 1, 3, 1, 1 ], [ 3, 1, 3, 1, 3, 3, 1, -2, 3, 1, 1, 3, 1, 1, 1, 1, 3 ], 
          [ 3, 1, 1, 3, 3, 3, 1, 3, -2, 3, 3, 1, 3, 3, 3, 1, 1 ], [ 1, 1, 3, 3, 1, 1, 3, 1, 3, -2, 1, 3, 1, 1, 1, 3, 3 ], 
          [ 1, 1, 1, 1, 3, 1, 3, 1, 3, 1, -2, 3, 3, 1, 1, 3, 3 ], [ 1, 3, 1, 3, 1, 3, 1, 3, 1, 3, 3, -2, 3, 3, 3, 3, 1 ], 
          [ 3, 1, 3, 1, 1, 3, 3, 1, 3, 1, 3, 3, -2, 3, 1, 1, 1 ], [ 1, 3, 1, 3, 3, 1, 1, 1, 3, 1, 1, 3, 3, -2, 3, 3, 3 ], 
          [ 3, 1, 3, 1, 3, 1, 3, 1, 3, 1, 1, 3, 1, 3, -2, 1, 3 ], [ 3, 1, 3, 1, 3, 3, 1, 1, 1, 3, 3, 3, 1, 3, 1, -2, 1 ], 
          [ 1, 3, 1, 3, 1, 3, 1, 3, 1, 3, 3, 1, 1, 3, 3, 1, -2 ] ] ], 
  [ [ 0, 440 ], [ [ -2, 3, 1, 3, 1, 1, 1, 3, 3, 1, 1, 3, 3, 1, 1, 3, 3 ], [ 3, -2, 3, 1, 3, 3, 3, 1, 1, 1, 3, 1, 1, 1, 3, 1, 1 ], 
          [ 1, 3, -2, 3, 3, 1, 1, 3, 1, 3, 3, 1, 1, 3, 1, 1, 1 ], [ 3, 1, 3, -2, 3, 3, 3, 1, 3, 3, 3, 1, 1, 1, 3, 3, 1 ], 
          [ 1, 3, 3, 3, -2, 3, 3, 3, 3, 1, 1, 3, 3, 1, 3, 3, 3 ], [ 1, 3, 1, 3, 3, -2, 3, 3, 3, 1, 3, 1, 3, 3, 1, 1, 3 ], 
          [ 1, 3, 1, 3, 3, 3, -2, 1, 1, 3, 1, 3, 1, 3, 1, 3, 1 ], [ 3, 1, 3, 1, 3, 3, 1, -2, 3, 1, 3, 3, 1, 1, 3, 3, 1 ], 
          [ 3, 1, 1, 3, 3, 3, 1, 3, -2, 3, 1, 1, 1, 3, 1, 1, 1 ], [ 1, 1, 3, 3, 1, 1, 3, 1, 3, -2, 3, 3, 3, 1, 3, 1, 3 ], 
          [ 1, 3, 3, 3, 1, 3, 1, 3, 1, 3, -2, 3, 3, 1, 1, 3, 3 ], [ 3, 1, 1, 1, 3, 1, 3, 3, 1, 3, 3, -2, 1, 3, 3, 1, 1 ], 
          [ 3, 1, 1, 1, 3, 3, 1, 1, 1, 3, 3, 1, -2, 3, 3, 1, 1 ], [ 1, 1, 3, 1, 1, 3, 3, 1, 3, 1, 1, 3, 3, -2, 3, 3, 3 ], 
          [ 1, 3, 1, 3, 3, 1, 1, 3, 1, 3, 1, 3, 3, 3, -2, 3, 1 ], [ 3, 1, 1, 3, 3, 1, 3, 3, 1, 1, 3, 1, 1, 3, 3, -2, 3 ], 
          [ 3, 1, 1, 1, 3, 3, 1, 1, 1, 3, 3, 1, 1, 3, 1, 3, -2 ] ] ], [ [ 0, 304 ], [ [ -2, 3, 1, 3, 1, 1, 1, 3, 3, 1, 3, 3, 1, 3, 1, 1, 3 ], 
          [ 3, -2, 3, 1, 3, 3, 3, 1, 1, 1, 1, 3, 3, 1, 3, 3, 1 ], [ 1, 3, -2, 3, 3, 1, 1, 3, 1, 3, 3, 3, 1, 3, 3, 3, 3 ], 
          [ 3, 1, 3, -2, 3, 3, 3, 1, 3, 3, 3, 3, 3, 1, 3, 3, 1 ], [ 1, 3, 3, 3, -2, 3, 3, 3, 3, 1, 3, 1, 1, 1, 1, 1, 3 ], 
          [ 1, 3, 1, 3, 3, -2, 3, 3, 3, 1, 3, 3, 1, 3, 3, 3, 1 ], [ 1, 3, 1, 3, 3, 3, -2, 1, 1, 3, 1, 1, 3, 3, 1, 1, 3 ], 
          [ 3, 1, 3, 1, 3, 3, 1, -2, 3, 1, 1, 3, 3, 1, 1, 3, 1 ], [ 3, 1, 1, 3, 3, 3, 1, 3, -2, 3, 1, 1, 3, 3, 3, 1, 3 ], 
          [ 1, 1, 3, 3, 1, 1, 3, 1, 3, -2, 3, 3, 1, 1, 1, 3, 1 ], [ 3, 1, 3, 3, 3, 3, 1, 1, 1, 3, -2, 1, 3, 3, 1, 1, 3 ], 
          [ 3, 3, 3, 3, 1, 3, 1, 3, 1, 3, 1, -2, 3, 3, 1, 1, 3 ], [ 1, 3, 1, 3, 1, 1, 3, 3, 3, 1, 3, 3, -2, 1, 1, 3, 3 ], 
          [ 3, 1, 3, 1, 1, 3, 3, 1, 3, 1, 3, 3, 1, -2, 3, 3, 1 ], [ 1, 3, 3, 3, 1, 3, 1, 1, 3, 1, 1, 1, 1, 3, -2, 1, 3 ], 
          [ 1, 3, 3, 3, 1, 3, 1, 3, 1, 3, 1, 1, 3, 3, 1, -2, 3 ], [ 3, 1, 3, 1, 3, 1, 3, 1, 3, 1, 3, 3, 3, 1, 3, 3, -2 ] ] ], 
  [ [ 0, 280 ], [ [ -2, 3, 1, 3, 1, 1, 1, 3, 3, 1, 1, 1, 1, 1, 1, 3, 3 ], [ 3, -2, 3, 1, 3, 3, 3, 1, 1, 1, 1, 3, 3, 3, 3, 1, 1 ], 
          [ 1, 3, -2, 3, 3, 1, 1, 3, 1, 3, 3, 1, 3, 1, 1, 3, 3 ], [ 3, 1, 3, -2, 3, 3, 3, 1, 3, 3, 3, 3, 1, 3, 3, 1, 1 ], 
          [ 1, 3, 3, 3, -2, 3, 3, 3, 3, 1, 1, 1, 1, 3, 1, 3, 3 ], [ 1, 3, 1, 3, 3, -2, 3, 3, 3, 1, 1, 3, 3, 1, 3, 3, 1 ], 
          [ 1, 3, 1, 3, 3, 3, -2, 1, 1, 3, 3, 1, 1, 1, 1, 1, 3 ], [ 3, 1, 3, 1, 3, 3, 1, -2, 3, 1, 3, 1, 1, 3, 3, 1, 1 ], 
          [ 3, 1, 1, 3, 3, 3, 1, 3, -2, 3, 3, 3, 3, 1, 1, 1, 3 ], [ 1, 1, 3, 3, 1, 1, 3, 1, 3, -2, 1, 1, 1, 3, 3, 3, 1 ], 
          [ 1, 1, 3, 3, 1, 1, 3, 3, 3, 1, -2, 3, 3, 3, 3, 3, 1 ], [ 1, 3, 1, 3, 1, 3, 1, 1, 3, 1, 3, -2, 1, 3, 1, 3, 3 ], 
          [ 1, 3, 3, 1, 1, 3, 1, 1, 3, 1, 3, 1, -2, 3, 1, 1, 1 ], [ 1, 3, 1, 3, 3, 1, 1, 3, 1, 3, 3, 3, 3, -2, 1, 1, 3 ], 
          [ 1, 3, 1, 3, 1, 3, 1, 3, 1, 3, 3, 1, 1, 1, -2, 1, 3 ], [ 3, 1, 3, 1, 3, 3, 1, 1, 1, 3, 3, 3, 1, 1, 1, -2, 1 ], 
          [ 3, 1, 3, 1, 3, 1, 3, 1, 3, 1, 1, 3, 1, 3, 3, 1, -2 ] ] ], 
  [ [ 0, 290 ], [ [ -2, 3, 1, 3, 1, 1, 1, 3, 3, 1, 1, 1, 1, 1, 3, 3, 1 ], [ 3, -2, 3, 1, 3, 3, 3, 1, 1, 1, 1, 1, 3, 3, 1, 1, 3 ], 
          [ 1, 3, -2, 3, 3, 1, 1, 3, 1, 3, 3, 1, 1, 1, 3, 3, 3 ], [ 3, 1, 3, -2, 3, 3, 3, 1, 3, 3, 3, 3, 3, 1, 1, 1, 3 ], 
          [ 1, 3, 3, 3, -2, 3, 3, 3, 3, 1, 1, 3, 1, 3, 3, 1, 1 ], [ 1, 3, 1, 3, 3, -2, 3, 3, 3, 1, 1, 1, 3, 1, 3, 3, 1 ], 
          [ 1, 3, 1, 3, 3, 3, -2, 1, 1, 3, 3, 1, 1, 1, 1, 3, 3 ], [ 3, 1, 3, 1, 3, 3, 1, -2, 3, 1, 3, 1, 3, 1, 1, 1, 3 ], 
          [ 3, 1, 1, 3, 3, 3, 1, 3, -2, 3, 3, 1, 1, 3, 1, 3, 3 ], [ 1, 1, 3, 3, 1, 1, 3, 1, 3, -2, 1, 1, 3, 3, 3, 1, 1 ], 
          [ 1, 1, 3, 3, 1, 1, 3, 3, 3, 1, -2, 1, 3, 3, 3, 1, 1 ], [ 1, 1, 1, 3, 3, 1, 1, 1, 1, 1, 1, -2, 3, 1, 1, 3, 3 ], 
          [ 1, 3, 1, 3, 1, 3, 1, 3, 1, 3, 3, 3, -2, 3, 3, 3, 1 ], [ 1, 3, 1, 1, 3, 1, 1, 1, 3, 3, 3, 1, 3, -2, 1, 3, 3 ], 
          [ 3, 1, 3, 1, 3, 3, 1, 1, 1, 3, 3, 1, 3, 1, -2, 3, 3 ], [ 3, 1, 3, 1, 1, 3, 3, 1, 3, 1, 1, 3, 3, 3, 3, -2, 3 ], 
          [ 1, 3, 3, 3, 1, 1, 3, 3, 3, 1, 1, 3, 1, 3, 3, 3, -2 ] ] ], [ [ 0, 306 ], [ [ -2, 3, 1, 3, 1, 1, 1, 3, 3, 1, 1, 3, 1, 1, 1, 3, 3 ], 
          [ 3, -2, 3, 1, 3, 3, 3, 1, 1, 1, 3, 3, 3, 3, 3, 1, 1 ], [ 1, 3, -2, 3, 3, 1, 1, 3, 1, 3, 3, 3, 1, 1, 1, 3, 3 ], 
          [ 3, 1, 3, -2, 3, 3, 3, 1, 3, 3, 3, 3, 3, 3, 3, 1, 3 ], [ 1, 3, 3, 3, -2, 3, 3, 3, 3, 1, 1, 1, 3, 1, 3, 3, 3 ], 
          [ 1, 3, 1, 3, 3, -2, 3, 3, 3, 1, 3, 3, 1, 3, 1, 1, 3 ], [ 1, 3, 1, 3, 3, 3, -2, 1, 1, 3, 1, 1, 1, 1, 1, 3, 1 ], 
          [ 3, 1, 3, 1, 3, 3, 1, -2, 3, 1, 3, 3, 3, 3, 3, 1, 1 ], [ 3, 1, 1, 3, 3, 3, 1, 3, -2, 3, 1, 1, 1, 1, 1, 3, 1 ], 
          [ 1, 1, 3, 3, 1, 1, 3, 1, 3, -2, 3, 3, 3, 3, 3, 1, 3 ], [ 1, 3, 3, 3, 1, 3, 1, 3, 1, 3, -2, 1, 1, 1, 1, 3, 1 ], 
          [ 3, 3, 3, 3, 1, 3, 1, 3, 1, 3, 1, -2, 3, 1, 1, 3, 1 ], [ 1, 3, 1, 3, 3, 1, 1, 3, 1, 3, 1, 3, -2, 1, 1, 3, 1 ], 
          [ 1, 3, 1, 3, 1, 3, 1, 3, 1, 3, 1, 1, 1, -2, 1, 3, 1 ], [ 1, 3, 1, 3, 3, 1, 1, 3, 1, 3, 1, 1, 1, 1, -2, 3, 1 ], 
          [ 3, 1, 3, 1, 3, 1, 3, 1, 3, 1, 3, 3, 3, 3, 3, -2, 3 ], [ 3, 1, 3, 3, 3, 3, 1, 1, 1, 3, 1, 1, 1, 1, 1, 3, -2 ] ] ], 
  [ [ 0, 308 ], [ [ -2, 3, 1, 3, 1, 1, 1, 3, 3, 1, 1, 3, 1, 1, 1, 3, 3 ], [ 3, -2, 3, 1, 3, 3, 3, 1, 1, 1, 3, 3, 3, 3, 3, 1, 1 ], 
          [ 1, 3, -2, 3, 3, 1, 1, 3, 1, 3, 3, 3, 1, 1, 1, 1, 3 ], [ 3, 1, 3, -2, 3, 3, 3, 1, 3, 3, 3, 3, 3, 3, 3, 1, 1 ], 
          [ 1, 3, 3, 3, -2, 3, 3, 3, 3, 1, 1, 1, 3, 1, 3, 3, 1 ], [ 1, 3, 1, 3, 3, -2, 3, 3, 3, 1, 3, 3, 1, 3, 1, 3, 3 ], 
          [ 1, 3, 1, 3, 3, 3, -2, 1, 1, 3, 1, 1, 1, 1, 1, 1, 3 ], [ 3, 1, 3, 1, 3, 3, 1, -2, 3, 1, 3, 3, 3, 3, 3, 1, 3 ], 
          [ 3, 1, 1, 3, 3, 3, 1, 3, -2, 3, 1, 1, 1, 1, 1, 1, 1 ], [ 1, 1, 3, 3, 1, 1, 3, 1, 3, -2, 3, 3, 3, 3, 3, 3, 3 ], 
          [ 1, 3, 3, 3, 1, 3, 1, 3, 1, 3, -2, 1, 1, 1, 1, 3, 1 ], [ 3, 3, 3, 3, 1, 3, 1, 3, 1, 3, 1, -2, 3, 1, 1, 1, 1 ], 
          [ 1, 3, 1, 3, 3, 1, 1, 3, 1, 3, 1, 3, -2, 1, 1, 3, 3 ], [ 1, 3, 1, 3, 1, 3, 1, 3, 1, 3, 1, 1, 1, -2, 1, 1, 1 ], 
          [ 1, 3, 1, 3, 3, 1, 1, 3, 1, 3, 1, 1, 1, 1, -2, 1, 3 ], [ 3, 1, 1, 1, 3, 3, 1, 1, 1, 3, 3, 1, 3, 1, 1, -2, 1 ], 
          [ 3, 1, 3, 1, 1, 3, 3, 3, 1, 3, 1, 1, 3, 1, 3, 1, -2 ] ] ], 
  [ [ 0, 729 ], [ [ -2, 3, 1, 3, 1, 1, 1, 3, 3, 1, 1, 1, 1, 3, 3, 3, 3 ], [ 3, -2, 3, 1, 3, 3, 3, 1, 1, 1, 3, 3, 1, 1, 3, 1, 1 ], 
          [ 1, 3, -2, 3, 3, 1, 1, 3, 1, 3, 3, 1, 1, 3, 3, 3, 3 ], [ 3, 1, 3, -2, 3, 3, 3, 1, 3, 3, 3, 3, 3, 1, 1, 1, 1 ], 
          [ 1, 3, 3, 3, -2, 3, 3, 3, 3, 1, 1, 1, 3, 3, 1, 1, 1 ], [ 1, 3, 1, 3, 3, -2, 3, 3, 3, 1, 3, 1, 1, 3, 3, 3, 3 ], 
          [ 1, 3, 1, 3, 3, 3, -2, 1, 1, 3, 1, 3, 1, 3, 3, 3, 3 ], [ 3, 1, 3, 1, 3, 3, 1, -2, 3, 1, 3, 3, 1, 3, 3, 1, 3 ], 
          [ 3, 1, 1, 3, 3, 3, 1, 3, -2, 3, 1, 3, 3, 1, 3, 3, 1 ], [ 1, 1, 3, 3, 1, 1, 3, 1, 3, -2, 3, 1, 1, 3, 3, 1, 3 ], 
          [ 1, 3, 3, 3, 1, 3, 1, 3, 1, 3, -2, 3, 3, 1, 1, 3, 1 ], [ 1, 3, 1, 3, 1, 1, 3, 3, 3, 1, 3, -2, 1, 3, 1, 1, 3 ], 
          [ 1, 1, 1, 3, 3, 1, 1, 1, 3, 1, 3, 1, -2, 3, 3, 1, 3 ], [ 3, 1, 3, 1, 3, 3, 3, 3, 1, 3, 1, 3, 3, -2, 1, 3, 1 ], 
          [ 3, 3, 3, 1, 1, 3, 3, 3, 3, 3, 1, 1, 3, 1, -2, 1, 1 ], [ 3, 1, 3, 1, 1, 3, 3, 1, 3, 1, 3, 1, 1, 3, 1, -2, 1 ], 
          [ 3, 1, 3, 1, 1, 3, 3, 3, 1, 3, 1, 3, 3, 1, 1, 1, -2 ] ] ], [ [ 0, 689 ], [ [ -2, 3, 1, 3, 1, 1, 1, 3, 3, 1, 1, 3, 1, 3, 3, 1, 3 ], 
          [ 3, -2, 3, 1, 3, 3, 3, 1, 1, 1, 3, 1, 3, 1, 1, 3, 1 ], [ 1, 3, -2, 3, 3, 1, 1, 3, 1, 3, 3, 3, 1, 3, 3, 3, 3 ], 
          [ 3, 1, 3, -2, 3, 3, 3, 1, 3, 3, 3, 1, 1, 1, 1, 3, 1 ], [ 1, 3, 3, 3, -2, 3, 3, 3, 3, 1, 1, 1, 1, 3, 3, 1, 1 ], 
          [ 1, 3, 1, 3, 3, -2, 3, 3, 3, 1, 3, 3, 1, 3, 1, 1, 3 ], [ 1, 3, 1, 3, 3, 3, -2, 1, 1, 3, 1, 3, 3, 1, 3, 3, 3 ], 
          [ 3, 1, 3, 1, 3, 3, 1, -2, 3, 1, 3, 1, 3, 1, 1, 3, 3 ], [ 3, 1, 1, 3, 3, 3, 1, 3, -2, 3, 1, 3, 3, 1, 3, 3, 1 ], 
          [ 1, 1, 3, 3, 1, 1, 3, 1, 3, -2, 3, 1, 3, 3, 1, 1, 3 ], [ 1, 3, 3, 3, 1, 3, 1, 3, 1, 3, -2, 3, 3, 1, 3, 1, 1 ], 
          [ 3, 1, 3, 1, 1, 3, 3, 1, 3, 1, 3, -2, 3, 1, 1, 1, 1 ], [ 1, 3, 1, 1, 1, 1, 3, 3, 3, 3, 3, 3, -2, 3, 3, 3, 1 ], 
          [ 3, 1, 3, 1, 3, 3, 1, 1, 1, 3, 1, 1, 3, -2, 1, 3, 1 ], [ 3, 1, 3, 1, 3, 1, 3, 1, 3, 1, 3, 1, 3, 1, -2, 1, 3 ], 
          [ 1, 3, 3, 3, 1, 1, 3, 3, 3, 1, 1, 1, 3, 3, 1, -2, 3 ], [ 3, 1, 3, 1, 1, 3, 3, 3, 1, 3, 1, 1, 1, 1, 3, 3, -2 ] ] ], 
  [ [ 0, 345 ], [ [ -2, 3, 1, 3, 1, 1, 1, 3, 3, 1, 1, 1, 1, 3, 1, 1, 1 ], [ 3, -2, 3, 1, 3, 3, 3, 1, 1, 1, 3, 3, 3, 1, 3, 3, 1 ], 
          [ 1, 3, -2, 3, 3, 1, 1, 3, 1, 3, 1, 1, 1, 1, 3, 1, 3 ], [ 3, 1, 3, -2, 3, 3, 3, 1, 3, 3, 3, 3, 3, 3, 3, 1, 1 ], 
          [ 1, 3, 3, 3, -2, 3, 3, 3, 3, 1, 1, 1, 1, 3, 1, 1, 1 ], [ 1, 3, 1, 3, 3, -2, 3, 3, 3, 1, 3, 3, 3, 1, 1, 3, 3 ], 
          [ 1, 3, 1, 3, 3, 3, -2, 1, 1, 3, 1, 1, 1, 3, 3, 1, 3 ], [ 3, 1, 3, 1, 3, 3, 1, -2, 3, 1, 1, 3, 3, 3, 3, 1, 1 ], 
          [ 3, 1, 1, 3, 3, 3, 1, 3, -2, 3, 3, 1, 1, 1, 3, 3, 3 ], [ 1, 1, 3, 3, 1, 1, 3, 1, 3, -2, 1, 3, 3, 3, 1, 3, 1 ], 
          [ 1, 3, 1, 3, 1, 3, 1, 1, 3, 1, -2, 1, 1, 3, 1, 1, 1 ], [ 1, 3, 1, 3, 1, 3, 1, 3, 1, 3, 1, -2, 1, 1, 3, 1, 3 ], 
          [ 1, 3, 1, 3, 1, 3, 1, 3, 1, 3, 1, 1, -2, 3, 1, 1, 1 ], [ 3, 1, 1, 3, 3, 1, 3, 3, 1, 3, 3, 1, 3, -2, 3, 3, 3 ], 
          [ 1, 3, 3, 3, 1, 1, 3, 3, 3, 1, 1, 3, 1, 3, -2, 3, 1 ], [ 1, 3, 1, 1, 1, 3, 1, 1, 3, 3, 1, 1, 1, 3, 3, -2, 1 ], 
          [ 1, 1, 3, 1, 1, 3, 3, 1, 3, 1, 1, 3, 1, 3, 1, 1, -2 ] ] ], 
  [ [ 0, 324 ], [ [ -2, 3, 1, 3, 1, 1, 1, 3, 3, 1, 1, 3, 1, 1, 1, 3, 3 ], [ 3, -2, 3, 1, 3, 3, 3, 1, 1, 1, 1, 1, 3, 3, 3, 3, 1 ], 
          [ 1, 3, -2, 3, 3, 1, 1, 3, 1, 3, 1, 1, 1, 1, 1, 1, 3 ], [ 3, 1, 3, -2, 3, 3, 3, 1, 3, 3, 3, 3, 3, 3, 3, 1, 1 ], 
          [ 1, 3, 3, 3, -2, 3, 3, 3, 3, 1, 3, 3, 1, 1, 3, 1, 1 ], [ 1, 3, 1, 3, 3, -2, 3, 3, 3, 1, 1, 3, 3, 1, 1, 3, 3 ], 
          [ 1, 3, 1, 3, 3, 3, -2, 1, 1, 3, 1, 1, 1, 3, 1, 3, 3 ], [ 3, 1, 3, 1, 3, 3, 1, -2, 3, 1, 1, 1, 3, 3, 1, 3, 1 ], 
          [ 3, 1, 1, 3, 3, 3, 1, 3, -2, 3, 1, 1, 1, 3, 3, 1, 3 ], [ 1, 1, 3, 3, 1, 1, 3, 1, 3, -2, 1, 3, 3, 1, 1, 3, 1 ], 
          [ 1, 1, 1, 3, 3, 1, 1, 1, 1, 1, -2, 1, 1, 3, 1, 3, 3 ], [ 3, 1, 1, 3, 3, 3, 1, 1, 1, 3, 1, -2, 1, 3, 1, 3, 3 ], 
          [ 1, 3, 1, 3, 1, 3, 1, 3, 1, 3, 1, 1, -2, 3, 1, 1, 3 ], [ 1, 3, 1, 3, 1, 1, 3, 3, 3, 1, 3, 3, 3, -2, 1, 1, 1 ], 
          [ 1, 3, 1, 3, 3, 1, 1, 1, 3, 1, 1, 1, 1, 1, -2, 3, 3 ], [ 3, 3, 1, 1, 1, 3, 3, 3, 1, 3, 3, 3, 1, 1, 3, -2, 1 ], 
          [ 3, 1, 3, 1, 1, 3, 3, 1, 3, 1, 3, 3, 3, 1, 3, 1, -2 ] ] ], [ [ 0, 397 ], [ [ -2, 3, 1, 3, 1, 1, 1, 3, 3, 1, 1, 3, 3, 1, 1, 3, 1 ], 
          [ 3, -2, 3, 1, 3, 3, 3, 1, 1, 1, 1, 1, 1, 3, 3, 1, 3 ], [ 1, 3, -2, 3, 3, 1, 1, 3, 1, 3, 1, 3, 3, 1, 1, 3, 3 ], 
          [ 3, 1, 3, -2, 3, 3, 3, 1, 3, 3, 3, 1, 1, 3, 3, 1, 1 ], [ 1, 3, 3, 3, -2, 3, 3, 3, 3, 1, 3, 1, 1, 3, 1, 3, 1 ], 
          [ 1, 3, 1, 3, 3, -2, 3, 3, 3, 1, 1, 3, 3, 1, 1, 1, 1 ], [ 1, 3, 1, 3, 3, 3, -2, 1, 1, 3, 1, 3, 3, 1, 3, 3, 3 ], 
          [ 3, 1, 3, 1, 3, 3, 1, -2, 3, 1, 1, 1, 3, 3, 3, 1, 3 ], [ 3, 1, 1, 3, 3, 3, 1, 3, -2, 3, 1, 3, 1, 1, 3, 3, 3 ], 
          [ 1, 1, 3, 3, 1, 1, 3, 1, 3, -2, 1, 1, 3, 3, 1, 1, 1 ], [ 1, 1, 1, 3, 3, 1, 1, 1, 1, 1, -2, 3, 3, 1, 3, 3, 3 ], 
          [ 3, 1, 3, 1, 1, 3, 3, 1, 3, 1, 3, -2, 1, 3, 1, 1, 1 ], [ 3, 1, 3, 1, 1, 3, 3, 3, 1, 3, 3, 1, -2, 3, 3, 1, 1 ], 
          [ 1, 3, 1, 3, 3, 1, 1, 3, 1, 3, 1, 3, 3, -2, 3, 3, 3 ], [ 1, 3, 1, 3, 1, 1, 3, 3, 3, 1, 3, 1, 3, 3, -2, 3, 1 ], 
          [ 3, 1, 3, 1, 3, 1, 3, 1, 3, 1, 3, 1, 1, 3, 3, -2, 1 ], [ 1, 3, 3, 1, 1, 1, 3, 3, 3, 1, 3, 1, 1, 3, 1, 1, -2 ] ] ], 
  [ [ 0, 584 ], [ [ -2, 3, 1, 3, 1, 1, 1, 3, 3, 1, 1, 3, 3, 1, 1, 3, 3 ], [ 3, -2, 3, 1, 3, 3, 3, 1, 1, 1, 1, 1, 1, 3, 3, 1, 3 ], 
          [ 1, 3, -2, 3, 3, 1, 1, 3, 1, 3, 1, 3, 3, 1, 1, 3, 1 ], [ 3, 1, 3, -2, 3, 3, 3, 1, 3, 3, 3, 1, 1, 3, 3, 1, 1 ], 
          [ 1, 3, 3, 3, -2, 3, 3, 3, 3, 1, 3, 1, 1, 3, 1, 3, 3 ], [ 1, 3, 1, 3, 3, -2, 3, 3, 3, 1, 1, 3, 3, 1, 1, 3, 1 ], 
          [ 1, 3, 1, 3, 3, 3, -2, 1, 1, 3, 1, 3, 3, 1, 3, 1, 3 ], [ 3, 1, 3, 1, 3, 3, 1, -2, 3, 1, 1, 1, 3, 3, 3, 1, 3 ], 
          [ 3, 1, 1, 3, 3, 3, 1, 3, -2, 3, 1, 3, 1, 1, 3, 1, 3 ], [ 1, 1, 3, 3, 1, 1, 3, 1, 3, -2, 1, 1, 3, 3, 1, 3, 3 ], 
          [ 1, 1, 1, 3, 3, 1, 1, 1, 1, 1, -2, 3, 3, 1, 3, 1, 3 ], [ 3, 1, 3, 1, 1, 3, 3, 1, 3, 1, 3, -2, 1, 3, 1, 3, 1 ], 
          [ 3, 1, 3, 1, 1, 3, 3, 3, 1, 3, 3, 1, -2, 3, 3, 1, 3 ], [ 1, 3, 1, 3, 3, 1, 1, 3, 1, 3, 1, 3, 3, -2, 3, 3, 1 ], 
          [ 1, 3, 1, 3, 1, 1, 3, 3, 3, 1, 3, 1, 3, 3, -2, 3, 1 ], [ 3, 1, 3, 1, 3, 3, 1, 1, 1, 3, 1, 3, 1, 3, 3, -2, 3 ], 
          [ 3, 3, 1, 1, 3, 1, 3, 3, 3, 3, 3, 1, 3, 1, 1, 3, -2 ] ] ], 
  [ [ 0, 353 ], [ [ -2, 3, 1, 3, 1, 1, 1, 3, 3, 1, 1, 3, 3, 1, 3, 3, 3 ], [ 3, -2, 3, 1, 3, 3, 3, 1, 1, 1, 1, 1, 1, 1, 1, 1, 1 ], 
          [ 1, 3, -2, 3, 3, 1, 1, 3, 1, 3, 1, 3, 1, 1, 1, 3, 3 ], [ 3, 1, 3, -2, 3, 3, 3, 1, 3, 3, 3, 1, 1, 3, 1, 1, 1 ], 
          [ 1, 3, 3, 3, -2, 3, 3, 3, 3, 1, 3, 1, 3, 3, 3, 3, 3 ], [ 1, 3, 1, 3, 3, -2, 3, 3, 3, 1, 1, 3, 1, 1, 3, 1, 1 ], 
          [ 1, 3, 1, 3, 3, 3, -2, 1, 1, 3, 1, 3, 3, 1, 1, 3, 3 ], [ 3, 1, 3, 1, 3, 3, 1, -2, 3, 1, 1, 1, 1, 1, 1, 1, 1 ], 
          [ 3, 1, 1, 3, 3, 3, 1, 3, -2, 3, 1, 3, 3, 3, 1, 3, 3 ], [ 1, 1, 3, 3, 1, 1, 3, 1, 3, -2, 1, 1, 1, 1, 3, 1, 1 ], 
          [ 1, 1, 1, 3, 3, 1, 1, 1, 1, 1, -2, 3, 1, 1, 1, 3, 1 ], [ 3, 1, 3, 1, 1, 3, 3, 1, 3, 1, 3, -2, 1, 1, 1, 1, 1 ], 
          [ 3, 1, 1, 1, 3, 1, 3, 1, 3, 1, 1, 1, -2, 1, 1, 1, 1 ], [ 1, 1, 1, 3, 3, 1, 1, 1, 3, 1, 1, 1, 1, -2, 1, 1, 1 ], 
          [ 3, 1, 1, 1, 3, 3, 1, 1, 1, 3, 1, 1, 1, 1, -2, 1, 1 ], [ 3, 1, 3, 1, 3, 1, 3, 1, 3, 1, 3, 1, 1, 1, 1, -2, 1 ], 
          [ 3, 1, 3, 1, 3, 1, 3, 1, 3, 1, 1, 1, 1, 1, 1, 1, -2 ] ] ], [ [ 0, 516 ], [ [ -2, 3, 1, 3, 1, 1, 1, 3, 3, 1, 3, 3, 3, 3, 3, 3, 3 ], 
          [ 3, -2, 3, 1, 3, 3, 3, 1, 1, 1, 1, 1, 1, 3, 1, 3, 1 ], [ 1, 3, -2, 3, 3, 1, 1, 3, 1, 3, 1, 3, 3, 1, 3, 1, 1 ], 
          [ 3, 1, 3, -2, 3, 3, 3, 1, 3, 3, 1, 1, 1, 1, 1, 1, 1 ], [ 1, 3, 3, 3, -2, 3, 3, 3, 3, 1, 3, 3, 1, 3, 1, 3, 3 ], 
          [ 1, 3, 1, 3, 3, -2, 3, 3, 3, 1, 3, 1, 3, 1, 3, 1, 3 ], [ 1, 3, 1, 3, 3, 3, -2, 1, 1, 3, 3, 3, 3, 3, 3, 3, 1 ], 
          [ 3, 1, 3, 1, 3, 3, 1, -2, 3, 1, 3, 1, 3, 3, 1, 3, 1 ], [ 3, 1, 1, 3, 3, 3, 1, 3, -2, 3, 1, 3, 1, 1, 3, 3, 1 ], 
          [ 1, 1, 3, 3, 1, 1, 3, 1, 3, -2, 3, 1, 3, 3, 1, 3, 3 ], [ 3, 1, 1, 1, 3, 3, 3, 3, 1, 3, -2, 3, 1, 1, 1, 1, 1 ], 
          [ 3, 1, 3, 1, 3, 1, 3, 1, 3, 1, 3, -2, 3, 3, 1, 1, 3 ], [ 3, 1, 3, 1, 1, 3, 3, 3, 1, 3, 1, 3, -2, 1, 1, 3, 1 ], 
          [ 3, 3, 1, 1, 3, 1, 3, 3, 1, 3, 1, 3, 1, -2, 3, 1, 1 ], [ 3, 1, 3, 1, 1, 3, 3, 1, 3, 1, 1, 1, 1, 3, -2, 3, 1 ], 
          [ 3, 3, 1, 1, 3, 1, 3, 3, 3, 3, 1, 1, 3, 1, 3, -2, 3 ], [ 3, 1, 1, 1, 3, 3, 1, 1, 1, 3, 1, 3, 1, 1, 1, 3, -2 ] ] ], 
  [ [ 0, 257 ], [ [ -2, 3, 1, 3, 1, 1, 1, 3, 3, 1, 3, 3, 3, 1, 1, 3, 1 ], [ 3, -2, 3, 1, 3, 3, 3, 1, 1, 1, 1, 1, 1, 3, 3, 1, 3 ], 
          [ 1, 3, -2, 3, 3, 1, 1, 3, 1, 3, 1, 3, 3, 1, 1, 3, 3 ], [ 3, 1, 3, -2, 3, 3, 3, 1, 3, 3, 1, 1, 1, 3, 3, 3, 3 ], 
          [ 1, 3, 3, 3, -2, 3, 3, 3, 3, 1, 3, 3, 1, 1, 3, 1, 1 ], [ 1, 3, 1, 3, 3, -2, 3, 3, 3, 1, 3, 1, 3, 1, 1, 3, 1 ], 
          [ 1, 3, 1, 3, 3, 3, -2, 1, 1, 3, 3, 3, 3, 3, 1, 3, 3 ], [ 3, 1, 3, 1, 3, 3, 1, -2, 3, 1, 3, 1, 3, 3, 3, 3, 3 ], 
          [ 3, 1, 1, 3, 3, 3, 1, 3, -2, 3, 1, 3, 1, 3, 1, 1, 3 ], [ 1, 1, 3, 3, 1, 1, 3, 1, 3, -2, 3, 1, 3, 1, 3, 1, 1 ], 
          [ 3, 1, 1, 1, 3, 3, 3, 3, 1, 3, -2, 3, 1, 1, 3, 1, 3 ], [ 3, 1, 3, 1, 3, 1, 3, 1, 3, 1, 3, -2, 3, 3, 1, 3, 1 ], 
          [ 3, 1, 3, 1, 1, 3, 3, 3, 1, 3, 1, 3, -2, 3, 3, 1, 3 ], [ 1, 3, 1, 3, 1, 1, 3, 3, 3, 1, 1, 3, 3, -2, 3, 1, 1 ], 
          [ 1, 3, 1, 3, 3, 1, 1, 3, 1, 3, 3, 1, 3, 3, -2, 3, 1 ], [ 3, 1, 3, 3, 1, 3, 3, 3, 1, 1, 1, 3, 1, 1, 3, -2, 1 ], 
          [ 1, 3, 3, 3, 1, 1, 3, 3, 3, 1, 3, 1, 3, 1, 1, 1, -2 ] ] ], 
  [ [ 0, 773 ], [ [ -2, 3, 1, 3, 1, 1, 1, 3, 3, 1, 3, 3, 1, 3, 1, 1, 3 ], [ 3, -2, 3, 1, 3, 3, 3, 1, 1, 1, 3, 1, 3, 3, 3, 3, 1 ], 
          [ 1, 3, -2, 3, 3, 1, 1, 3, 1, 3, 1, 3, 3, 1, 3, 3, 3 ], [ 3, 1, 3, -2, 3, 3, 3, 1, 3, 3, 1, 1, 1, 1, 3, 1, 1 ], 
          [ 1, 3, 3, 3, -2, 3, 3, 3, 3, 1, 1, 1, 1, 3, 1, 1, 3 ], [ 1, 3, 1, 3, 3, -2, 3, 3, 3, 1, 3, 3, 3, 1, 1, 1, 1 ], 
          [ 1, 3, 1, 3, 3, 3, -2, 1, 1, 3, 3, 3, 1, 3, 1, 3, 3 ], [ 3, 1, 3, 1, 3, 3, 1, -2, 3, 1, 3, 1, 1, 3, 1, 3, 1 ], 
          [ 3, 1, 1, 3, 3, 3, 1, 3, -2, 3, 1, 3, 3, 3, 3, 3, 3 ], [ 1, 1, 3, 3, 1, 1, 3, 1, 3, -2, 3, 1, 1, 3, 1, 1, 1 ], 
          [ 3, 3, 1, 1, 1, 3, 3, 3, 1, 3, -2, 1, 1, 1, 3, 1, 3 ], [ 3, 1, 3, 1, 1, 3, 3, 1, 3, 1, 1, -2, 1, 1, 1, 1, 1 ], 
          [ 1, 3, 3, 1, 1, 3, 1, 1, 3, 1, 1, 1, -2, 3, 1, 1, 3 ], [ 3, 3, 1, 1, 3, 1, 3, 3, 3, 3, 1, 1, 3, -2, 3, 1, 1 ], 
          [ 1, 3, 3, 3, 1, 1, 1, 1, 3, 1, 3, 1, 1, 3, -2, 1, 1 ], [ 1, 3, 3, 1, 1, 1, 3, 3, 3, 1, 1, 1, 1, 1, 1, -2, 1 ], 
          [ 3, 1, 3, 1, 3, 1, 3, 1, 3, 1, 3, 1, 3, 1, 1, 1, -2 ] ] ], [ [ 0, 1192 ], [ [ -2, 3, 1, 3, 1, 1, 1, 3, 3, 1, 1, 3, 1, 3, 3, 3, 1 ], 
          [ 3, -2, 3, 1, 3, 3, 3, 1, 1, 1, 3, 3, 3, 1, 3, 1, 3 ], [ 1, 3, -2, 3, 3, 1, 1, 3, 1, 3, 1, 1, 1, 3, 3, 3, 3 ], 
          [ 3, 1, 3, -2, 3, 3, 3, 1, 3, 3, 3, 1, 1, 1, 1, 1, 1 ], [ 1, 3, 3, 3, -2, 3, 3, 3, 3, 1, 1, 3, 3, 1, 1, 3, 1 ], 
          [ 1, 3, 1, 3, 3, -2, 3, 3, 3, 1, 1, 1, 1, 3, 3, 1, 1 ], [ 1, 3, 1, 3, 3, 3, -2, 1, 1, 3, 1, 3, 1, 3, 3, 3, 3 ], 
          [ 3, 1, 3, 1, 3, 3, 1, -2, 3, 1, 1, 3, 1, 1, 3, 1, 3 ], [ 3, 1, 1, 3, 3, 3, 1, 3, -2, 3, 3, 1, 3, 3, 3, 3, 3 ], 
          [ 1, 1, 3, 3, 1, 1, 3, 1, 3, -2, 1, 3, 1, 1, 3, 1, 1 ], [ 1, 3, 1, 3, 1, 1, 1, 1, 3, 1, -2, 3, 1, 1, 3, 1, 1 ], 
          [ 3, 3, 1, 1, 3, 1, 3, 3, 1, 3, 3, -2, 1, 3, 1, 3, 1 ], [ 1, 3, 1, 1, 3, 1, 1, 1, 3, 1, 1, 1, -2, 3, 3, 1, 1 ], 
          [ 3, 1, 3, 1, 1, 3, 3, 1, 3, 1, 1, 3, 3, -2, 1, 1, 1 ], [ 3, 3, 3, 1, 1, 3, 3, 3, 3, 3, 3, 1, 3, 1, -2, 3, 1 ], 
          [ 3, 1, 3, 1, 3, 1, 3, 1, 3, 1, 1, 3, 1, 1, 3, -2, 1 ], [ 1, 3, 3, 1, 1, 1, 3, 3, 3, 1, 1, 1, 1, 1, 1, 1, -2 ] ] ], 
  [ [ 0, 544 ], [ [ -2, 3, 1, 3, 1, 1, 1, 3, 3, 1, 3, 3, 1, 1, 3, 3, 1 ], [ 3, -2, 3, 1, 3, 3, 3, 1, 1, 1, 1, 1, 3, 3, 1, 1, 3 ], 
          [ 1, 3, -2, 3, 3, 1, 1, 3, 1, 3, 3, 1, 1, 1, 1, 3, 1 ], [ 3, 1, 3, -2, 3, 3, 3, 1, 3, 3, 1, 3, 3, 1, 1, 1, 3 ], 
          [ 1, 3, 3, 3, -2, 3, 3, 3, 3, 1, 3, 3, 1, 3, 3, 3, 3 ], [ 1, 3, 1, 3, 3, -2, 3, 3, 3, 1, 1, 1, 1, 1, 3, 1, 1 ], 
          [ 1, 3, 1, 3, 3, 3, -2, 1, 1, 3, 3, 3, 3, 1, 1, 3, 1 ], [ 3, 1, 3, 1, 3, 3, 1, -2, 3, 1, 3, 3, 3, 1, 1, 1, 1 ], 
          [ 3, 1, 1, 3, 3, 3, 1, 3, -2, 3, 1, 1, 3, 3, 1, 3, 3 ], [ 1, 1, 3, 3, 1, 1, 3, 1, 3, -2, 3, 3, 1, 3, 3, 1, 1 ], 
          [ 3, 1, 3, 1, 3, 1, 3, 3, 1, 3, -2, 1, 3, 1, 1, 1, 3 ], [ 3, 1, 1, 3, 3, 1, 3, 3, 1, 3, 1, -2, 1, 3, 1, 3, 3 ], 
          [ 1, 3, 1, 3, 1, 1, 3, 3, 3, 1, 3, 1, -2, 3, 3, 3, 1 ], [ 1, 3, 1, 1, 3, 1, 1, 1, 3, 3, 1, 3, 3, -2, 1, 1, 1 ], 
          [ 3, 1, 1, 1, 3, 3, 1, 1, 1, 3, 1, 1, 3, 1, -2, 3, 3 ], [ 3, 1, 3, 1, 3, 1, 3, 1, 3, 1, 1, 3, 3, 1, 3, -2, 1 ], 
          [ 1, 3, 1, 3, 3, 1, 1, 1, 3, 1, 3, 3, 1, 1, 3, 1, -2 ] ] ], 
  [ [ 0, 304 ], [ [ -2, 3, 1, 3, 1, 1, 1, 3, 3, 1, 3, 1, 3, 3, 1, 1, 3 ], [ 3, -2, 3, 1, 3, 3, 3, 1, 1, 1, 1, 3, 1, 1, 1, 3, 1 ], 
          [ 1, 3, -2, 3, 3, 1, 1, 3, 1, 3, 3, 3, 3, 1, 1, 1, 3 ], [ 3, 1, 3, -2, 3, 3, 3, 1, 3, 3, 1, 3, 1, 1, 1, 3, 3 ], 
          [ 1, 3, 3, 3, -2, 3, 3, 3, 3, 1, 3, 1, 3, 3, 3, 3, 3 ], [ 1, 3, 1, 3, 3, -2, 3, 3, 3, 1, 3, 3, 1, 1, 1, 1, 3 ], 
          [ 1, 3, 1, 3, 3, 3, -2, 1, 1, 3, 1, 1, 3, 3, 3, 1, 1 ], [ 3, 1, 3, 1, 3, 3, 1, -2, 3, 1, 1, 3, 1, 3, 1, 3, 1 ], 
          [ 3, 1, 1, 3, 3, 3, 1, 3, -2, 3, 1, 1, 3, 1, 3, 1, 1 ], [ 1, 1, 3, 3, 1, 1, 3, 1, 3, -2, 3, 3, 1, 3, 1, 3, 3 ], 
          [ 3, 1, 3, 1, 3, 3, 1, 1, 1, 3, -2, 1, 1, 1, 3, 1, 1 ], [ 1, 3, 3, 3, 1, 3, 1, 3, 1, 3, 1, -2, 3, 3, 3, 1, 1 ], 
          [ 3, 1, 3, 1, 3, 1, 3, 1, 3, 1, 1, 3, -2, 1, 1, 3, 3 ], [ 3, 1, 1, 1, 3, 1, 3, 3, 1, 3, 1, 3, 1, -2, 1, 3, 3 ], 
          [ 1, 1, 1, 1, 3, 1, 3, 1, 3, 1, 3, 3, 1, 1, -2, 3, 3 ], [ 1, 3, 1, 3, 3, 1, 1, 3, 1, 3, 1, 1, 3, 3, 3, -2, 1 ], 
          [ 3, 1, 3, 3, 3, 3, 1, 1, 1, 3, 1, 1, 3, 3, 3, 1, -2 ] ] ], [ [ 0, 259 ], [ [ -2, 3, 1, 3, 1, 1, 1, 3, 3, 1, 3, 1, 1, 1, 3, 3, 3 ], 
          [ 3, -2, 3, 1, 3, 3, 3, 1, 1, 1, 1, 3, 1, 1, 1, 1, 1 ], [ 1, 3, -2, 3, 3, 1, 1, 3, 1, 3, 3, 1, 1, 3, 3, 3, 1 ], 
          [ 3, 1, 3, -2, 3, 3, 3, 1, 3, 3, 1, 3, 1, 1, 1, 1, 1 ], [ 1, 3, 3, 3, -2, 3, 3, 3, 3, 1, 3, 1, 3, 1, 3, 1, 3 ], 
          [ 1, 3, 1, 3, 3, -2, 3, 3, 3, 1, 3, 3, 1, 3, 3, 3, 3 ], [ 1, 3, 1, 3, 3, 3, -2, 1, 1, 3, 1, 1, 3, 3, 1, 3, 1 ], 
          [ 3, 1, 3, 1, 3, 3, 1, -2, 3, 1, 1, 3, 1, 1, 1, 1, 1 ], [ 3, 1, 1, 3, 3, 3, 1, 3, -2, 3, 1, 1, 3, 3, 1, 3, 1 ], 
          [ 1, 1, 3, 3, 1, 1, 3, 1, 3, -2, 3, 3, 1, 1, 3, 1, 3 ], [ 3, 1, 3, 1, 3, 3, 1, 1, 1, 3, -2, 3, 3, 3, 1, 3, 1 ], 
          [ 1, 3, 1, 3, 1, 3, 1, 3, 1, 3, 3, -2, 3, 1, 1, 3, 3 ], [ 1, 1, 1, 1, 3, 1, 3, 1, 3, 1, 3, 3, -2, 1, 3, 1, 1 ], 
          [ 1, 1, 3, 1, 1, 3, 3, 1, 3, 1, 3, 1, 1, -2, 1, 1, 3 ], [ 3, 1, 3, 1, 3, 3, 1, 1, 1, 3, 1, 1, 3, 1, -2, 3, 1 ], 
          [ 3, 1, 3, 1, 1, 3, 3, 1, 3, 1, 3, 3, 1, 1, 3, -2, 1 ], [ 3, 1, 1, 1, 3, 3, 1, 1, 1, 3, 1, 3, 1, 3, 1, 1, -2 ] ] ], 
  [ [ 0, 313 ], [ [ -2, 3, 1, 3, 1, 1, 1, 3, 3, 1, 3, 1, 3, 1, 3, 3, 3 ], [ 3, -2, 3, 1, 3, 3, 3, 1, 1, 1, 1, 3, 1, 3, 1, 3, 1 ], 
          [ 1, 3, -2, 3, 3, 1, 1, 3, 1, 3, 3, 1, 1, 1, 3, 1, 1 ], [ 3, 1, 3, -2, 3, 3, 3, 1, 3, 3, 1, 3, 1, 3, 1, 3, 1 ], 
          [ 1, 3, 3, 3, -2, 3, 3, 3, 3, 1, 3, 1, 3, 3, 3, 3, 3 ], [ 1, 3, 1, 3, 3, -2, 3, 3, 3, 1, 3, 3, 1, 1, 1, 1, 3 ], 
          [ 1, 3, 1, 3, 3, 3, -2, 1, 1, 3, 1, 1, 3, 1, 3, 1, 1 ], [ 3, 1, 3, 1, 3, 3, 1, -2, 3, 1, 1, 3, 1, 3, 1, 3, 1 ], 
          [ 3, 1, 1, 3, 3, 3, 1, 3, -2, 3, 1, 1, 3, 1, 3, 1, 1 ], [ 1, 1, 3, 3, 1, 1, 3, 1, 3, -2, 3, 3, 1, 3, 1, 3, 3 ], 
          [ 3, 1, 3, 1, 3, 3, 1, 1, 1, 3, -2, 3, 3, 1, 3, 3, 1 ], [ 1, 3, 1, 3, 1, 3, 1, 3, 1, 3, 3, -2, 3, 1, 3, 1, 1 ], 
          [ 3, 1, 1, 1, 3, 1, 3, 1, 3, 1, 3, 3, -2, 3, 1, 1, 1 ], [ 1, 3, 1, 3, 3, 1, 1, 3, 1, 3, 1, 1, 3, -2, 3, 1, 1 ], 
          [ 3, 1, 3, 1, 3, 1, 3, 1, 3, 1, 3, 3, 1, 3, -2, 1, 1 ], [ 3, 3, 1, 3, 3, 1, 1, 3, 1, 3, 3, 1, 1, 1, 1, -2, 1 ], 
          [ 3, 1, 1, 1, 3, 3, 1, 1, 1, 3, 1, 1, 1, 1, 1, 1, -2 ] ] ], 
  [ [ 0, 286 ], [ [ -2, 3, 1, 3, 1, 1, 1, 3, 3, 1, 3, 3, 1, 1, 3, 1, 1 ], [ 3, -2, 3, 1, 3, 3, 3, 1, 1, 1, 1, 3, 3, 1, 1, 3, 3 ], 
          [ 1, 3, -2, 3, 3, 1, 1, 3, 1, 3, 3, 1, 3, 1, 3, 1, 1 ], [ 3, 1, 3, -2, 3, 3, 3, 1, 3, 3, 1, 3, 3, 3, 1, 3, 3 ], 
          [ 1, 3, 3, 3, -2, 3, 3, 3, 3, 1, 3, 3, 1, 1, 1, 1, 1 ], [ 1, 3, 1, 3, 3, -2, 3, 3, 3, 1, 3, 1, 1, 3, 3, 3, 3 ], 
          [ 1, 3, 1, 3, 3, 3, -2, 1, 1, 3, 1, 1, 3, 1, 3, 1, 1 ], [ 3, 1, 3, 1, 3, 3, 1, -2, 3, 1, 1, 3, 3, 1, 1, 1, 3 ], 
          [ 3, 1, 1, 3, 3, 3, 1, 3, -2, 3, 1, 1, 3, 1, 3, 3, 1 ], [ 1, 1, 3, 3, 1, 1, 3, 1, 3, -2, 3, 3, 1, 1, 1, 1, 3 ], 
          [ 3, 1, 3, 1, 3, 3, 1, 1, 1, 3, -2, 1, 3, 1, 1, 3, 3 ], [ 3, 3, 1, 3, 3, 1, 1, 3, 1, 3, 1, -2, 3, 3, 3, 3, 3 ], 
          [ 1, 3, 3, 3, 1, 1, 3, 3, 3, 1, 3, 3, -2, 3, 3, 1, 1 ], [ 1, 1, 1, 3, 1, 3, 1, 1, 1, 1, 1, 3, 3, -2, 1, 1, 1 ], 
          [ 3, 1, 3, 1, 1, 3, 3, 1, 3, 1, 1, 3, 3, 1, -2, 1, 3 ], [ 1, 3, 1, 3, 1, 3, 1, 1, 3, 1, 3, 3, 1, 1, 1, -2, 1 ], 
          [ 1, 3, 1, 3, 1, 3, 1, 3, 1, 3, 3, 3, 1, 1, 3, 1, -2 ] ] ], [ [ 0, 644 ], [ [ -2, 3, 1, 3, 1, 1, 1, 3, 3, 1, 3, 3, 3, 3, 3, 1, 1 ], 
          [ 3, -2, 3, 1, 3, 3, 3, 1, 1, 1, 1, 1, 1, 1, 1, 3, 3 ], [ 1, 3, -2, 3, 3, 1, 1, 3, 1, 3, 3, 3, 3, 3, 1, 3, 1 ], 
          [ 3, 1, 3, -2, 3, 3, 3, 1, 3, 3, 1, 1, 3, 1, 1, 3, 3 ], [ 1, 3, 3, 3, -2, 3, 3, 3, 3, 1, 3, 3, 3, 1, 3, 1, 1 ], 
          [ 1, 3, 1, 3, 3, -2, 3, 3, 3, 1, 3, 1, 3, 3, 3, 1, 3 ], [ 1, 3, 1, 3, 3, 3, -2, 1, 1, 3, 1, 3, 1, 3, 1, 3, 1 ], 
          [ 3, 1, 3, 1, 3, 3, 1, -2, 3, 1, 1, 1, 1, 1, 1, 3, 3 ], [ 3, 1, 1, 3, 3, 3, 1, 3, -2, 3, 1, 3, 1, 3, 1, 3, 1 ], 
          [ 1, 1, 3, 3, 1, 1, 3, 1, 3, -2, 3, 1, 1, 1, 3, 1, 3 ], [ 3, 1, 3, 1, 3, 3, 1, 1, 1, 3, -2, 3, 1, 3, 1, 3, 3 ], 
          [ 3, 1, 3, 1, 3, 1, 3, 1, 3, 1, 3, -2, 1, 1, 1, 1, 3 ], [ 3, 1, 3, 3, 3, 3, 1, 1, 1, 1, 1, 1, -2, 3, 1, 1, 3 ], 
          [ 3, 1, 3, 1, 1, 3, 3, 1, 3, 1, 3, 1, 3, -2, 3, 3, 1 ], [ 3, 1, 1, 1, 3, 3, 1, 1, 1, 3, 1, 1, 1, 3, -2, 3, 3 ], 
          [ 1, 3, 3, 3, 1, 1, 3, 3, 3, 1, 3, 1, 1, 3, 3, -2, 3 ], [ 1, 3, 1, 3, 1, 3, 1, 3, 1, 3, 3, 3, 3, 1, 3, 3, -2 ] ] ], 
  [ [ 0, 276 ], [ [ -2, 3, 1, 3, 1, 1, 1, 3, 3, 1, 3, 3, 3, 1, 1, 1, 1 ], [ 3, -2, 3, 1, 3, 3, 3, 1, 1, 1, 1, 1, 1, 3, 3, 3, 3 ], 
          [ 1, 3, -2, 3, 3, 1, 1, 3, 1, 3, 3, 3, 3, 3, 1, 1, 1 ], [ 3, 1, 3, -2, 3, 3, 3, 1, 3, 3, 1, 1, 1, 1, 3, 3, 3 ], 
          [ 1, 3, 3, 3, -2, 3, 3, 3, 3, 1, 3, 3, 1, 1, 1, 1, 3 ], [ 1, 3, 1, 3, 3, -2, 3, 3, 3, 1, 3, 1, 3, 3, 1, 1, 1 ], 
          [ 1, 3, 1, 3, 3, 3, -2, 1, 1, 3, 1, 3, 3, 1, 3, 3, 1 ], [ 3, 1, 3, 1, 3, 3, 1, -2, 3, 1, 1, 1, 1, 1, 3, 3, 3 ], 
          [ 3, 1, 1, 3, 3, 3, 1, 3, -2, 3, 1, 3, 3, 3, 3, 3, 1 ], [ 1, 1, 3, 3, 1, 1, 3, 1, 3, -2, 3, 1, 1, 1, 1, 1, 3 ], 
          [ 3, 1, 3, 1, 3, 3, 1, 1, 1, 3, -2, 3, 3, 3, 3, 3, 1 ], [ 3, 1, 3, 1, 3, 1, 3, 1, 3, 1, 3, -2, 1, 1, 3, 3, 3 ], 
          [ 3, 1, 3, 1, 1, 3, 3, 1, 3, 1, 3, 1, -2, 1, 1, 3, 3 ], [ 1, 3, 3, 1, 1, 3, 1, 1, 3, 1, 3, 1, 1, -2, 3, 3, 3 ], 
          [ 1, 3, 1, 3, 1, 1, 3, 3, 3, 1, 3, 3, 1, 3, -2, 1, 1 ], [ 1, 3, 1, 3, 1, 1, 3, 3, 3, 1, 3, 3, 3, 3, 1, -2, 3 ], 
          [ 1, 3, 1, 3, 3, 1, 1, 3, 1, 3, 1, 3, 3, 3, 1, 3, -2 ] ] ], 
  [ [ 0, 270 ], [ [ -2, 3, 1, 3, 1, 1, 1, 3, 3, 1, 3, 3, 1, 3, 1, 1, 3 ], [ 3, -2, 3, 1, 3, 3, 3, 1, 1, 1, 1, 1, 1, 1, 3, 3, 1 ], 
          [ 1, 3, -2, 3, 3, 1, 1, 3, 1, 3, 3, 3, 3, 3, 1, 1, 3 ], [ 3, 1, 3, -2, 3, 3, 3, 1, 3, 3, 1, 1, 1, 1, 3, 3, 1 ], 
          [ 1, 3, 3, 3, -2, 3, 3, 3, 3, 1, 3, 3, 1, 3, 1, 1, 1 ], [ 1, 3, 1, 3, 3, -2, 3, 3, 3, 1, 3, 1, 3, 1, 1, 3, 3 ], 
          [ 1, 3, 1, 3, 3, 3, -2, 1, 1, 3, 1, 3, 3, 3, 3, 1, 3 ], [ 3, 1, 3, 1, 3, 3, 1, -2, 3, 1, 1, 1, 1, 1, 3, 3, 1 ], 
          [ 3, 1, 1, 3, 3, 3, 1, 3, -2, 3, 1, 3, 3, 3, 3, 1, 3 ], [ 1, 1, 3, 3, 1, 1, 3, 1, 3, -2, 3, 1, 1, 1, 1, 3, 1 ], 
          [ 3, 1, 3, 1, 3, 3, 1, 1, 1, 3, -2, 3, 3, 1, 3, 3, 3 ], [ 3, 1, 3, 1, 3, 1, 3, 1, 3, 1, 3, -2, 1, 1, 3, 3, 1 ], 
          [ 1, 1, 3, 1, 1, 3, 3, 1, 3, 1, 3, 1, -2, 1, 3, 1, 1 ], [ 3, 1, 3, 1, 3, 1, 3, 1, 3, 1, 1, 1, 1, -2, 3, 3, 1 ], 
          [ 1, 3, 1, 3, 1, 1, 3, 3, 3, 1, 3, 3, 3, 3, -2, 3, 3 ], [ 1, 3, 1, 3, 1, 3, 1, 3, 1, 3, 3, 3, 1, 3, 3, -2, 1 ], 
          [ 3, 1, 3, 1, 1, 3, 3, 1, 3, 1, 3, 1, 1, 1, 3, 1, -2 ] ] ], [ [ 0, 724 ], [ [ -2, 3, 1, 3, 1, 1, 1, 3, 3, 1, 3, 3, 1, 1, 1, 1, 3 ], 
          [ 3, -2, 3, 1, 3, 3, 3, 1, 1, 1, 1, 1, 3, 1, 1, 3, 1 ], [ 1, 3, -2, 3, 3, 1, 1, 3, 1, 3, 3, 3, 3, 1, 3, 3, 3 ], 
          [ 3, 1, 3, -2, 3, 3, 3, 1, 3, 3, 1, 1, 1, 3, 3, 3, 1 ], [ 1, 3, 3, 3, -2, 3, 3, 3, 3, 1, 3, 3, 1, 3, 1, 1, 1 ], 
          [ 1, 3, 1, 3, 3, -2, 3, 3, 3, 1, 3, 1, 3, 1, 3, 1, 3 ], [ 1, 3, 1, 3, 3, 3, -2, 1, 1, 3, 1, 3, 1, 1, 1, 3, 3 ], 
          [ 3, 1, 3, 1, 3, 3, 1, -2, 3, 1, 1, 1, 1, 1, 1, 3, 1 ], [ 3, 1, 1, 3, 3, 3, 1, 3, -2, 3, 1, 3, 3, 1, 1, 3, 3 ], 
          [ 1, 1, 3, 3, 1, 1, 3, 1, 3, -2, 3, 1, 1, 1, 1, 1, 1 ], [ 3, 1, 3, 1, 3, 3, 1, 1, 1, 3, -2, 3, 1, 3, 1, 3, 1 ], 
          [ 3, 1, 3, 1, 3, 1, 3, 1, 3, 1, 3, -2, 3, 1, 3, 3, 1 ], [ 1, 3, 3, 1, 1, 3, 1, 1, 3, 1, 1, 3, -2, 3, 1, 1, 1 ], 
          [ 1, 1, 1, 3, 3, 1, 1, 1, 1, 1, 3, 1, 3, -2, 1, 3, 3 ], [ 1, 1, 3, 3, 1, 3, 1, 1, 1, 1, 1, 3, 1, 1, -2, 1, 3 ], 
          [ 1, 3, 3, 3, 1, 1, 3, 3, 3, 1, 3, 3, 1, 3, 1, -2, 3 ], [ 3, 1, 3, 1, 1, 3, 3, 1, 3, 1, 1, 1, 1, 3, 3, 3, -2 ] ] ], 
  [ [ 0, 156 ], [ [ -2, 3, 1, 3, 1, 1, 1, 3, 3, 1, 3, 3, 3, 1, 1, 1, 1 ], [ 3, -2, 3, 1, 3, 3, 3, 1, 1, 1, 1, 1, 1, 1, 3, 3, 3 ], 
          [ 1, 3, -2, 3, 3, 1, 1, 3, 1, 3, 3, 3, 3, 3, 1, 1, 1 ], [ 3, 1, 3, -2, 3, 3, 3, 1, 3, 3, 1, 1, 1, 1, 3, 3, 3 ], 
          [ 1, 3, 3, 3, -2, 3, 3, 3, 3, 1, 3, 1, 3, 1, 1, 3, 3 ], [ 1, 3, 1, 3, 3, -2, 3, 3, 3, 1, 3, 3, 1, 3, 3, 1, 1 ], 
          [ 1, 3, 1, 3, 3, 3, -2, 1, 1, 3, 1, 3, 3, 3, 1, 1, 1 ], [ 3, 1, 3, 1, 3, 3, 1, -2, 3, 1, 1, 1, 1, 1, 3, 3, 3 ], 
          [ 3, 1, 1, 3, 3, 3, 1, 3, -2, 3, 1, 3, 3, 3, 1, 1, 1 ], [ 1, 1, 3, 3, 1, 1, 3, 1, 3, -2, 3, 1, 1, 1, 3, 3, 3 ], 
          [ 3, 1, 3, 1, 3, 3, 1, 1, 1, 3, -2, 1, 1, 1, 1, 1, 3 ], [ 3, 1, 3, 1, 1, 3, 3, 1, 3, 1, 1, -2, 1, 1, 3, 3, 3 ], 
          [ 3, 1, 3, 1, 3, 1, 3, 1, 3, 1, 1, 1, -2, 1, 3, 3, 3 ], [ 1, 1, 3, 1, 1, 3, 3, 1, 3, 1, 1, 1, 1, -2, 1, 3, 3 ], 
          [ 1, 3, 1, 3, 1, 3, 1, 3, 1, 3, 1, 3, 3, 1, -2, 1, 3 ], [ 1, 3, 1, 3, 3, 1, 1, 3, 1, 3, 1, 3, 3, 3, 1, -2, 1 ], 
          [ 1, 3, 1, 3, 3, 1, 1, 3, 1, 3, 3, 3, 3, 3, 3, 1, -2 ] ] ], 
  [ [ 0, 145 ], [ [ -2, 3, 1, 3, 1, 1, 1, 3, 3, 1, 3, 1, 3, 1, 3, 1, 3 ], [ 3, -2, 3, 1, 3, 3, 3, 1, 1, 1, 1, 3, 1, 3, 1, 3, 1 ], 
          [ 1, 3, -2, 3, 3, 1, 1, 3, 1, 3, 3, 1, 3, 1, 3, 1, 3 ], [ 3, 1, 3, -2, 3, 3, 3, 1, 3, 3, 1, 3, 1, 3, 1, 3, 1 ], 
          [ 1, 3, 3, 3, -2, 3, 3, 3, 3, 1, 3, 1, 3, 1, 1, 3, 3 ], [ 1, 3, 1, 3, 3, -2, 3, 3, 3, 1, 3, 3, 1, 3, 3, 1, 3 ], 
          [ 1, 3, 1, 3, 3, 3, -2, 1, 1, 3, 1, 1, 3, 1, 3, 1, 1 ], [ 3, 1, 3, 1, 3, 3, 1, -2, 3, 1, 1, 1, 1, 3, 1, 3, 1 ], 
          [ 3, 1, 1, 3, 3, 3, 1, 3, -2, 3, 1, 3, 3, 1, 3, 1, 1 ], [ 1, 1, 3, 3, 1, 1, 3, 1, 3, -2, 3, 1, 1, 3, 1, 3, 3 ], 
          [ 3, 1, 3, 1, 3, 3, 1, 1, 1, 3, -2, 3, 1, 1, 1, 1, 1 ], [ 1, 3, 1, 3, 1, 3, 1, 1, 3, 1, 3, -2, 3, 1, 1, 3, 3 ], 
          [ 3, 1, 3, 1, 3, 1, 3, 1, 3, 1, 1, 3, -2, 3, 1, 3, 3 ], [ 1, 3, 1, 3, 1, 3, 1, 3, 1, 3, 1, 1, 3, -2, 1, 1, 3 ], 
          [ 3, 1, 3, 1, 1, 3, 3, 1, 3, 1, 1, 1, 1, 1, -2, 3, 3 ], [ 1, 3, 1, 3, 3, 1, 1, 3, 1, 3, 1, 3, 3, 1, 3, -2, 3 ], 
          [ 3, 1, 3, 1, 3, 3, 1, 1, 1, 3, 1, 3, 3, 3, 3, 3, -2 ] ] ], [ [ 0, 290 ], [ [ -2, 3, 1, 3, 1, 1, 1, 3, 3, 1, 1, 3, 3, 3, 1, 3, 3 ], 
          [ 3, -2, 3, 1, 3, 3, 3, 1, 1, 1, 3, 1, 1, 1, 3, 1, 3 ], [ 1, 3, -2, 3, 3, 1, 1, 3, 1, 3, 1, 3, 3, 3, 3, 3, 3 ], 
          [ 3, 1, 3, -2, 3, 3, 3, 1, 3, 3, 1, 3, 1, 1, 3, 1, 3 ], [ 1, 3, 3, 3, -2, 3, 3, 3, 3, 1, 1, 1, 3, 1, 1, 3, 1 ], 
          [ 1, 3, 1, 3, 3, -2, 3, 3, 3, 1, 3, 3, 1, 3, 1, 3, 3 ], [ 1, 3, 1, 3, 3, 3, -2, 1, 1, 3, 1, 3, 3, 3, 3, 1, 1 ], 
          [ 3, 1, 3, 1, 3, 3, 1, -2, 3, 1, 1, 3, 1, 1, 3, 1, 3 ], [ 3, 1, 1, 3, 3, 3, 1, 3, -2, 3, 3, 1, 3, 3, 3, 1, 1 ], 
          [ 1, 1, 3, 3, 1, 1, 3, 1, 3, -2, 3, 1, 1, 1, 1, 3, 3 ], [ 1, 3, 1, 1, 1, 3, 1, 1, 3, 3, -2, 3, 3, 1, 3, 3, 3 ], 
          [ 3, 1, 3, 3, 1, 3, 3, 3, 1, 1, 3, -2, 3, 1, 1, 3, 1 ], [ 3, 1, 3, 1, 3, 1, 3, 1, 3, 1, 3, 3, -2, 1, 3, 1, 3 ], 
          [ 3, 1, 3, 1, 1, 3, 3, 1, 3, 1, 1, 1, 1, -2, 3, 3, 3 ], [ 1, 3, 3, 3, 1, 1, 3, 3, 3, 1, 3, 1, 3, 3, -2, 3, 1 ], 
          [ 3, 1, 3, 1, 3, 3, 1, 1, 1, 3, 3, 3, 1, 3, 3, -2, 1 ], [ 3, 3, 3, 3, 1, 3, 1, 3, 1, 3, 3, 1, 3, 3, 1, 1, -2 ] ] ], 
  [ [ 0, 755 ], [ [ -2, 3, 1, 3, 1, 1, 1, 3, 3, 1, 1, 3, 1, 1, 1, 3, 1 ], [ 3, -2, 3, 1, 3, 3, 3, 1, 1, 1, 3, 1, 3, 3, 1, 1, 1 ], 
          [ 1, 3, -2, 3, 3, 1, 1, 3, 1, 3, 1, 3, 3, 1, 1, 3, 3 ], [ 3, 1, 3, -2, 3, 3, 3, 1, 3, 3, 1, 1, 3, 3, 3, 1, 3 ], 
          [ 1, 3, 3, 3, -2, 3, 3, 3, 3, 1, 1, 3, 1, 1, 1, 3, 1 ], [ 1, 3, 1, 3, 3, -2, 3, 3, 3, 1, 3, 3, 1, 3, 3, 1, 3 ], 
          [ 1, 3, 1, 3, 3, 3, -2, 1, 1, 3, 1, 1, 3, 1, 1, 3, 1 ], [ 3, 1, 3, 1, 3, 3, 1, -2, 3, 1, 1, 1, 3, 3, 1, 3, 1 ], 
          [ 3, 1, 1, 3, 3, 3, 1, 3, -2, 3, 3, 1, 3, 1, 1, 1, 3 ], [ 1, 1, 3, 3, 1, 1, 3, 1, 3, -2, 3, 3, 1, 3, 1, 3, 1 ], 
          [ 1, 3, 1, 1, 1, 3, 1, 1, 3, 3, -2, 3, 3, 1, 1, 3, 1 ], [ 3, 1, 3, 1, 3, 3, 1, 1, 1, 3, 3, -2, 3, 3, 1, 1, 3 ], 
          [ 1, 3, 3, 3, 1, 1, 3, 3, 3, 1, 3, 3, -2, 1, 3, 3, 1 ], [ 1, 3, 1, 3, 1, 3, 1, 3, 1, 3, 1, 3, 1, -2, 1, 3, 1 ], 
          [ 1, 1, 1, 3, 1, 3, 1, 1, 1, 1, 1, 1, 3, 1, -2, 3, 1 ], [ 3, 1, 3, 1, 3, 1, 3, 3, 1, 3, 3, 1, 3, 3, 3, -2, 3 ], 
          [ 1, 1, 3, 3, 1, 3, 1, 1, 3, 1, 1, 3, 1, 1, 1, 3, -2 ] ] ], 
  [ [ 0, 776 ], [ [ -2, 3, 1, 3, 1, 1, 1, 3, 3, 1, 1, 1, 3, 3, 1, 3, 3 ], [ 3, -2, 3, 1, 3, 3, 3, 1, 1, 1, 1, 3, 3, 3, 3, 3, 1 ], 
          [ 1, 3, -2, 3, 3, 1, 1, 3, 1, 3, 1, 1, 1, 3, 3, 3, 1 ], [ 3, 1, 3, -2, 3, 3, 3, 1, 3, 3, 1, 3, 3, 1, 1, 1, 1 ], 
          [ 1, 3, 3, 3, -2, 3, 3, 3, 3, 1, 3, 1, 3, 1, 1, 1, 3 ], [ 1, 3, 1, 3, 3, -2, 3, 3, 3, 1, 1, 1, 1, 3, 3, 3, 3 ], 
          [ 1, 3, 1, 3, 3, 3, -2, 1, 1, 3, 3, 3, 1, 3, 1, 3, 1 ], [ 3, 1, 3, 1, 3, 3, 1, -2, 3, 1, 1, 3, 3, 3, 1, 3, 1 ], 
          [ 3, 1, 1, 3, 3, 3, 1, 3, -2, 3, 3, 3, 1, 3, 3, 1, 1 ], [ 1, 1, 3, 3, 1, 1, 3, 1, 3, -2, 1, 1, 3, 3, 1, 3, 3 ], 
          [ 1, 1, 1, 1, 3, 1, 3, 1, 3, 1, -2, 1, 3, 3, 3, 3, 1 ], [ 1, 3, 1, 3, 1, 1, 3, 3, 3, 1, 1, -2, 1, 1, 3, 3, 3 ], 
          [ 3, 3, 1, 3, 3, 1, 1, 3, 1, 3, 3, 1, -2, 1, 3, 3, 1 ], [ 3, 3, 3, 1, 1, 3, 3, 3, 3, 3, 3, 1, 1, -2, 1, 1, 3 ], 
          [ 1, 3, 3, 1, 1, 3, 1, 1, 3, 1, 3, 3, 3, 1, -2, 1, 3 ], [ 3, 3, 3, 1, 1, 3, 3, 3, 1, 3, 3, 3, 3, 1, 1, -2, 3 ], 
          [ 3, 1, 1, 1, 3, 3, 1, 1, 1, 3, 1, 3, 1, 3, 3, 3, -2 ] ] ], [ [ 0, 283 ], [ [ -2, 3, 1, 3, 1, 1, 1, 3, 3, 1, 1, 1, 1, 3, 1, 3, 3 ], 
          [ 3, -2, 3, 1, 3, 3, 3, 1, 1, 1, 1, 3, 3, 1, 3, 1, 1 ], [ 1, 3, -2, 3, 3, 1, 1, 3, 1, 3, 1, 1, 1, 3, 1, 3, 3 ], 
          [ 3, 1, 3, -2, 3, 3, 3, 1, 3, 3, 1, 3, 1, 1, 3, 1, 1 ], [ 1, 3, 3, 3, -2, 3, 3, 3, 3, 1, 3, 1, 3, 3, 1, 1, 1 ], 
          [ 1, 3, 1, 3, 3, -2, 3, 3, 3, 1, 1, 1, 1, 1, 1, 3, 3 ], [ 1, 3, 1, 3, 3, 3, -2, 1, 1, 3, 3, 3, 1, 3, 3, 3, 3 ], 
          [ 3, 1, 3, 1, 3, 3, 1, -2, 3, 1, 1, 3, 1, 1, 3, 3, 1 ], [ 3, 1, 1, 3, 3, 3, 1, 3, -2, 3, 3, 3, 3, 3, 3, 1, 3 ], 
          [ 1, 1, 3, 3, 1, 1, 3, 1, 3, -2, 1, 1, 3, 1, 1, 3, 1 ], [ 1, 1, 1, 1, 3, 1, 3, 1, 3, 1, -2, 1, 1, 1, 1, 3, 3 ], 
          [ 1, 3, 1, 3, 1, 1, 3, 3, 3, 1, 1, -2, 3, 3, 1, 3, 3 ], [ 1, 3, 1, 1, 3, 1, 1, 1, 3, 3, 1, 3, -2, 1, 3, 3, 3 ], 
          [ 3, 1, 3, 1, 3, 1, 3, 1, 3, 1, 1, 3, 1, -2, 1, 3, 1 ], [ 1, 3, 1, 3, 1, 1, 3, 3, 3, 1, 1, 1, 3, 1, -2, 3, 1 ], 
          [ 3, 1, 3, 1, 1, 3, 3, 3, 1, 3, 3, 3, 3, 3, 3, -2, 1 ], [ 3, 1, 3, 1, 1, 3, 3, 1, 3, 1, 3, 3, 3, 1, 1, 1, -2 ] ] ], 
  [ [ 0, 519 ], [ [ -2, 3, 1, 3, 1, 1, 1, 3, 3, 1, 1, 1, 3, 3, 1, 1, 3 ], [ 3, -2, 3, 1, 3, 3, 3, 1, 1, 1, 1, 3, 1, 1, 3, 3, 3 ], 
          [ 1, 3, -2, 3, 3, 1, 1, 3, 1, 3, 1, 1, 3, 3, 1, 3, 3 ], [ 3, 1, 3, -2, 3, 3, 3, 1, 3, 3, 1, 3, 1, 1, 3, 1, 1 ], 
          [ 1, 3, 3, 3, -2, 3, 3, 3, 3, 1, 3, 1, 1, 3, 3, 1, 1 ], [ 1, 3, 1, 3, 3, -2, 3, 3, 3, 1, 1, 1, 3, 1, 1, 1, 3 ], 
          [ 1, 3, 1, 3, 3, 3, -2, 1, 1, 3, 3, 3, 3, 3, 1, 3, 3 ], [ 3, 1, 3, 1, 3, 3, 1, -2, 3, 1, 1, 3, 1, 1, 3, 3, 3 ], 
          [ 3, 1, 1, 3, 3, 3, 1, 3, -2, 3, 3, 3, 3, 3, 1, 3, 3 ], [ 1, 1, 3, 3, 1, 1, 3, 1, 3, -2, 1, 1, 1, 1, 3, 1, 3 ], 
          [ 1, 1, 1, 1, 3, 1, 3, 1, 3, 1, -2, 1, 1, 1, 1, 1, 3 ], [ 1, 3, 1, 3, 1, 1, 3, 3, 3, 1, 1, -2, 1, 1, 1, 1, 1 ], 
          [ 3, 1, 3, 1, 1, 3, 3, 1, 3, 1, 1, 1, -2, 1, 3, 1, 1 ], [ 3, 1, 3, 1, 3, 1, 3, 1, 3, 1, 1, 1, 1, -2, 1, 1, 3 ], 
          [ 1, 3, 1, 3, 3, 1, 1, 3, 1, 3, 1, 1, 3, 1, -2, 1, 3 ], [ 1, 3, 3, 1, 1, 1, 3, 3, 3, 1, 1, 1, 1, 1, 1, -2, 1 ], 
          [ 3, 3, 3, 1, 1, 3, 3, 3, 3, 3, 3, 1, 1, 3, 3, 1, -2 ] ] ], 
  [ [ 0, 218 ], [ [ -2, 3, 1, 3, 1, 1, 1, 3, 3, 1, 1, 3, 1, 1, 1, 1, 3 ], [ 3, -2, 3, 1, 3, 3, 3, 1, 1, 1, 1, 1, 3, 3, 3, 3, 1 ], 
          [ 1, 3, -2, 3, 3, 1, 1, 3, 1, 3, 1, 3, 1, 1, 1, 3, 3 ], [ 3, 1, 3, -2, 3, 3, 3, 1, 3, 3, 1, 1, 3, 3, 3, 3, 3 ], 
          [ 1, 3, 3, 3, -2, 3, 3, 3, 3, 1, 3, 3, 1, 3, 3, 1, 1 ], [ 1, 3, 1, 3, 3, -2, 3, 3, 3, 1, 1, 3, 3, 1, 1, 1, 3 ], 
          [ 1, 3, 1, 3, 3, 3, -2, 1, 1, 3, 3, 1, 1, 1, 1, 3, 3 ], [ 3, 1, 3, 1, 3, 3, 1, -2, 3, 1, 1, 1, 3, 3, 1, 3, 3 ], 
          [ 3, 1, 1, 3, 3, 3, 1, 3, -2, 3, 3, 1, 1, 1, 3, 3, 1 ], [ 1, 1, 3, 3, 1, 1, 3, 1, 3, -2, 1, 3, 3, 3, 1, 1, 1 ], 
          [ 1, 1, 1, 1, 3, 1, 3, 1, 3, 1, -2, 3, 3, 3, 1, 3, 3 ], [ 3, 1, 3, 1, 3, 3, 1, 1, 1, 3, 3, -2, 1, 1, 3, 3, 3 ], 
          [ 1, 3, 1, 3, 1, 3, 1, 3, 1, 3, 3, 1, -2, 1, 3, 3, 3 ], [ 1, 3, 1, 3, 3, 1, 1, 3, 1, 3, 3, 1, 1, -2, 1, 1, 3 ], 
          [ 1, 3, 1, 3, 3, 1, 1, 1, 3, 1, 1, 3, 3, 1, -2, 1, 3 ], [ 1, 3, 3, 3, 1, 1, 3, 3, 3, 1, 3, 3, 3, 1, 1, -2, 1 ], 
          [ 3, 1, 3, 3, 1, 3, 3, 3, 1, 1, 3, 3, 3, 3, 3, 1, -2 ] ] ], [ [ 0, 304 ], [ [ -2, 3, 1, 3, 1, 1, 1, 3, 3, 1, 1, 1, 3, 3, 1, 1, 1 ], 
          [ 3, -2, 3, 1, 3, 3, 3, 1, 1, 1, 3, 3, 3, 1, 3, 3, 3 ], [ 1, 3, -2, 3, 3, 1, 1, 3, 1, 3, 1, 1, 1, 3, 1, 1, 1 ], 
          [ 3, 1, 3, -2, 3, 3, 3, 1, 3, 3, 3, 3, 3, 1, 3, 3, 1 ], [ 1, 3, 3, 3, -2, 3, 3, 3, 3, 1, 1, 1, 1, 1, 3, 1, 3 ], 
          [ 1, 3, 1, 3, 3, -2, 3, 3, 3, 1, 1, 3, 3, 3, 1, 3, 1 ], [ 1, 3, 1, 3, 3, 3, -2, 1, 1, 3, 3, 1, 1, 3, 1, 1, 1 ], 
          [ 3, 1, 3, 1, 3, 3, 1, -2, 3, 1, 3, 3, 3, 3, 3, 3, 1 ], [ 3, 1, 1, 3, 3, 3, 1, 3, -2, 3, 3, 1, 1, 1, 1, 1, 3 ], 
          [ 1, 1, 3, 3, 1, 1, 3, 1, 3, -2, 1, 3, 3, 3, 3, 3, 3 ], [ 1, 3, 1, 3, 1, 1, 3, 3, 3, 1, -2, 1, 1, 3, 3, 1, 3 ], 
          [ 1, 3, 1, 3, 1, 3, 1, 3, 1, 3, 1, -2, 1, 1, 3, 1, 3 ], [ 3, 3, 1, 3, 1, 3, 1, 3, 1, 3, 1, 1, -2, 1, 3, 1, 3 ], 
          [ 3, 1, 3, 1, 1, 3, 3, 3, 1, 3, 3, 1, 1, -2, 3, 3, 3 ], [ 1, 3, 1, 3, 3, 1, 1, 3, 1, 3, 3, 3, 3, 3, -2, 1, 1 ], 
          [ 1, 3, 1, 3, 1, 3, 1, 3, 1, 3, 1, 1, 1, 3, 1, -2, 1 ], [ 1, 3, 1, 1, 3, 1, 1, 1, 3, 3, 3, 3, 3, 3, 1, 1, -2 ] ] ], 
  [ [ 0, 524 ], [ [ -2, 3, 1, 3, 1, 1, 1, 3, 3, 1, 1, 1, 1, 1, 1, 1, 3 ], [ 3, -2, 3, 1, 3, 3, 3, 1, 1, 1, 3, 3, 3, 3, 3, 3, 1 ], 
          [ 1, 3, -2, 3, 3, 1, 1, 3, 1, 3, 1, 1, 3, 3, 1, 3, 1 ], [ 3, 1, 3, -2, 3, 3, 3, 1, 3, 3, 3, 3, 1, 3, 3, 3, 1 ], 
          [ 1, 3, 3, 3, -2, 3, 3, 3, 3, 1, 1, 1, 1, 1, 1, 1, 3 ], [ 1, 3, 1, 3, 3, -2, 3, 3, 3, 1, 1, 3, 3, 3, 1, 1, 1 ], 
          [ 1, 3, 1, 3, 3, 3, -2, 1, 1, 3, 3, 1, 1, 1, 3, 3, 3 ], [ 3, 1, 3, 1, 3, 3, 1, -2, 3, 1, 3, 3, 1, 3, 3, 3, 3 ], 
          [ 3, 1, 1, 3, 3, 3, 1, 3, -2, 3, 3, 1, 3, 1, 3, 3, 1 ], [ 1, 1, 3, 3, 1, 1, 3, 1, 3, -2, 1, 3, 3, 3, 1, 1, 3 ], 
          [ 1, 3, 1, 3, 1, 1, 3, 3, 3, 1, -2, 1, 3, 3, 1, 1, 3 ], [ 1, 3, 1, 3, 1, 3, 1, 3, 1, 3, 1, -2, 1, 1, 3, 1, 3 ], 
          [ 1, 3, 3, 1, 1, 3, 1, 1, 3, 3, 3, 1, -2, 1, 3, 3, 3 ], [ 1, 3, 3, 3, 1, 3, 1, 3, 1, 3, 3, 1, 1, -2, 3, 1, 3 ], 
          [ 1, 3, 1, 3, 1, 1, 3, 3, 3, 1, 1, 3, 3, 3, -2, 1, 3 ], [ 1, 3, 3, 3, 1, 1, 3, 3, 3, 1, 1, 1, 3, 1, 1, -2, 3 ], 
          [ 3, 1, 1, 1, 3, 1, 3, 3, 1, 3, 3, 3, 3, 3, 3, 3, -2 ] ] ], 
  [ [ 0, 575 ], [ [ -2, 3, 1, 3, 1, 1, 1, 3, 3, 1, 1, 1, 3, 3, 1, 3, 3 ], [ 3, -2, 3, 1, 3, 3, 3, 1, 1, 1, 3, 3, 1, 1, 3, 3, 1 ], 
          [ 1, 3, -2, 3, 3, 1, 1, 3, 1, 3, 1, 1, 1, 3, 3, 1, 3 ], [ 3, 1, 3, -2, 3, 3, 3, 1, 3, 3, 3, 3, 3, 1, 3, 1, 1 ], 
          [ 1, 3, 3, 3, -2, 3, 3, 3, 3, 1, 1, 1, 3, 1, 1, 1, 3 ], [ 1, 3, 1, 3, 3, -2, 3, 3, 3, 1, 1, 3, 3, 3, 1, 3, 1 ], 
          [ 1, 3, 1, 3, 3, 3, -2, 1, 1, 3, 3, 1, 1, 3, 3, 3, 3 ], [ 3, 1, 3, 1, 3, 3, 1, -2, 3, 1, 3, 3, 1, 3, 3, 3, 1 ], 
          [ 3, 1, 1, 3, 3, 3, 1, 3, -2, 3, 3, 1, 1, 1, 3, 1, 3 ], [ 1, 1, 3, 3, 1, 1, 3, 1, 3, -2, 1, 3, 3, 3, 1, 3, 1 ], 
          [ 1, 3, 1, 3, 1, 1, 3, 3, 3, 1, -2, 1, 3, 3, 1, 1, 3 ], [ 1, 3, 1, 3, 1, 3, 1, 3, 1, 3, 1, -2, 1, 1, 3, 1, 3 ], 
          [ 3, 1, 1, 3, 3, 3, 1, 1, 1, 3, 3, 1, -2, 3, 3, 3, 1 ], [ 3, 1, 3, 1, 1, 3, 3, 3, 1, 3, 3, 1, 3, -2, 3, 1, 3 ], 
          [ 1, 3, 3, 3, 1, 1, 3, 3, 3, 1, 1, 3, 3, 3, -2, 3, 3 ], [ 3, 3, 1, 1, 1, 3, 3, 3, 1, 3, 1, 1, 3, 1, 3, -2, 3 ], 
          [ 3, 1, 3, 1, 3, 1, 3, 1, 3, 1, 3, 3, 1, 3, 3, 3, -2 ] ] ], [ [ 0, 406 ], [ [ -2, 3, 1, 3, 1, 1, 1, 3, 3, 1, 1, 1, 1, 3, 3, 1, 1 ], 
          [ 3, -2, 3, 1, 3, 3, 3, 1, 1, 1, 3, 3, 1, 1, 1, 3, 1 ], [ 1, 3, -2, 3, 3, 1, 1, 3, 1, 3, 1, 1, 3, 1, 3, 1, 3 ], 
          [ 3, 1, 3, -2, 3, 3, 3, 1, 3, 3, 3, 3, 3, 3, 1, 3, 1 ], [ 1, 3, 3, 3, -2, 3, 3, 3, 3, 1, 1, 1, 1, 3, 1, 1, 1 ], 
          [ 1, 3, 1, 3, 3, -2, 3, 3, 3, 1, 1, 3, 3, 3, 3, 1, 3 ], [ 1, 3, 1, 3, 3, 3, -2, 1, 1, 3, 3, 1, 1, 1, 3, 3, 3 ], 
          [ 3, 1, 3, 1, 3, 3, 1, -2, 3, 1, 3, 3, 1, 1, 1, 3, 1 ], [ 3, 1, 1, 3, 3, 3, 1, 3, -2, 3, 3, 1, 1, 1, 3, 3, 3 ], 
          [ 1, 1, 3, 3, 1, 1, 3, 1, 3, -2, 1, 3, 1, 3, 1, 1, 1 ], [ 1, 3, 1, 3, 1, 1, 3, 3, 3, 1, -2, 1, 3, 3, 1, 1, 1 ], 
          [ 1, 3, 1, 3, 1, 3, 1, 3, 1, 3, 1, -2, 1, 1, 3, 3, 3 ], [ 1, 1, 3, 3, 1, 3, 1, 1, 1, 1, 3, 1, -2, 1, 3, 3, 1 ], 
          [ 3, 1, 1, 3, 3, 3, 1, 1, 1, 3, 3, 1, 1, -2, 3, 3, 3 ], [ 3, 1, 3, 1, 1, 3, 3, 1, 3, 1, 1, 3, 3, 3, -2, 3, 1 ], 
          [ 1, 3, 1, 3, 1, 1, 3, 3, 3, 1, 1, 3, 3, 3, 3, -2, 1 ], [ 1, 1, 3, 1, 1, 3, 3, 1, 3, 1, 1, 3, 1, 3, 1, 1, -2 ] ] ], 
  [ [ 0, 580 ], [ [ -2, 3, 1, 3, 1, 1, 1, 3, 3, 1, 1, 3, 1, 1, 1, 1, 1 ], [ 3, -2, 3, 1, 3, 3, 3, 1, 1, 1, 3, 3, 3, 3, 3, 3, 3 ], 
          [ 1, 3, -2, 3, 3, 1, 1, 3, 1, 3, 1, 1, 3, 1, 1, 1, 1 ], [ 3, 1, 3, -2, 3, 3, 3, 1, 3, 3, 3, 3, 1, 1, 3, 3, 3 ], 
          [ 1, 3, 3, 3, -2, 3, 3, 3, 3, 1, 1, 3, 1, 1, 1, 1, 1 ], [ 1, 3, 1, 3, 3, -2, 3, 3, 3, 1, 1, 1, 1, 1, 3, 3, 3 ], 
          [ 1, 3, 1, 3, 3, 3, -2, 1, 1, 3, 3, 1, 3, 3, 1, 1, 1 ], [ 3, 1, 3, 1, 3, 3, 1, -2, 3, 1, 3, 3, 3, 3, 3, 3, 1 ], 
          [ 3, 1, 1, 3, 3, 3, 1, 3, -2, 3, 3, 1, 3, 3, 1, 1, 3 ], [ 1, 1, 3, 3, 1, 1, 3, 1, 3, -2, 1, 3, 1, 3, 3, 3, 1 ], 
          [ 1, 3, 1, 3, 1, 1, 3, 3, 3, 1, -2, 3, 1, 1, 3, 1, 1 ], [ 3, 3, 1, 3, 3, 1, 1, 3, 1, 3, 3, -2, 3, 3, 1, 3, 3 ], 
          [ 1, 3, 3, 1, 1, 1, 3, 3, 3, 1, 1, 3, -2, 1, 3, 3, 3 ], [ 1, 3, 1, 1, 1, 1, 3, 3, 3, 3, 1, 3, 1, -2, 3, 1, 3 ], 
          [ 1, 3, 1, 3, 1, 3, 1, 3, 1, 3, 3, 1, 3, 3, -2, 1, 1 ], [ 1, 3, 1, 3, 1, 3, 1, 3, 1, 3, 1, 3, 3, 1, 1, -2, 1 ], 
          [ 1, 3, 1, 3, 1, 3, 1, 1, 3, 1, 1, 3, 3, 3, 1, 1, -2 ] ] ], 
  [ [ 0, 754 ], [ [ -2, 3, 1, 3, 1, 1, 1, 3, 3, 1, 3, 1, 3, 1, 1, 1, 3 ], [ 3, -2, 3, 1, 3, 3, 3, 1, 1, 1, 1, 3, 1, 3, 3, 1, 3 ], 
          [ 1, 3, -2, 3, 3, 1, 1, 3, 1, 3, 1, 3, 1, 1, 1, 1, 3 ], [ 3, 1, 3, -2, 3, 3, 3, 1, 3, 3, 1, 3, 3, 3, 3, 3, 1 ], 
          [ 1, 3, 3, 3, -2, 3, 3, 3, 3, 1, 3, 1, 3, 1, 1, 3, 1 ], [ 1, 3, 1, 3, 3, -2, 3, 3, 3, 1, 3, 3, 3, 3, 3, 1, 3 ], 
          [ 1, 3, 1, 3, 3, 3, -2, 1, 1, 3, 3, 1, 1, 1, 1, 1, 3 ], [ 3, 1, 3, 1, 3, 3, 1, -2, 3, 1, 3, 3, 1, 3, 3, 1, 3 ], 
          [ 3, 1, 1, 3, 3, 3, 1, 3, -2, 3, 1, 1, 1, 1, 1, 1, 1 ], [ 1, 1, 3, 3, 1, 1, 3, 1, 3, -2, 3, 3, 3, 3, 3, 1, 3 ], 
          [ 3, 1, 1, 1, 3, 3, 3, 3, 1, 3, -2, 3, 1, 1, 1, 3, 1 ], [ 1, 3, 3, 3, 1, 3, 1, 3, 1, 3, 3, -2, 3, 1, 1, 3, 1 ], 
          [ 3, 1, 1, 3, 3, 3, 1, 1, 1, 3, 1, 3, -2, 1, 1, 1, 3 ], [ 1, 3, 1, 3, 1, 3, 1, 3, 1, 3, 1, 1, 1, -2, 1, 3, 1 ], 
          [ 1, 3, 1, 3, 1, 3, 1, 3, 1, 3, 1, 1, 1, 1, -2, 1, 1 ], [ 1, 1, 1, 3, 3, 1, 1, 1, 1, 1, 3, 3, 1, 3, 1, -2, 3 ], 
          [ 3, 3, 3, 1, 1, 3, 3, 3, 1, 3, 1, 1, 3, 1, 1, 3, -2 ] ] ], [ [ 0, 192 ], [ [ -2, 3, 1, 3, 1, 1, 1, 3, 3, 1, 3, 1, 1, 3, 1, 1, 1 ], 
          [ 3, -2, 3, 1, 3, 3, 3, 1, 1, 1, 1, 3, 1, 1, 3, 1, 3 ], [ 1, 3, -2, 3, 3, 1, 1, 3, 1, 3, 3, 1, 3, 3, 1, 1, 1 ], 
          [ 3, 1, 3, -2, 3, 3, 3, 1, 3, 3, 1, 3, 1, 1, 3, 3, 3 ], [ 1, 3, 3, 3, -2, 3, 3, 3, 3, 1, 3, 1, 1, 3, 1, 1, 3 ], 
          [ 1, 3, 1, 3, 3, -2, 3, 3, 3, 1, 1, 3, 3, 1, 1, 3, 1 ], [ 1, 3, 1, 3, 3, 3, -2, 1, 1, 3, 3, 1, 3, 3, 3, 1, 1 ], 
          [ 3, 1, 3, 1, 3, 3, 1, -2, 3, 1, 3, 3, 1, 1, 3, 1, 3 ], [ 3, 1, 1, 3, 3, 3, 1, 3, -2, 3, 1, 1, 3, 3, 3, 1, 1 ], 
          [ 1, 1, 3, 3, 1, 1, 3, 1, 3, -2, 3, 3, 1, 1, 1, 1, 3 ], [ 3, 1, 3, 1, 3, 1, 3, 3, 1, 3, -2, 3, 3, 1, 3, 3, 1 ], 
          [ 1, 3, 1, 3, 1, 3, 1, 3, 1, 3, 3, -2, 3, 3, 1, 1, 1 ], [ 1, 1, 3, 1, 1, 3, 3, 1, 3, 1, 3, 3, -2, 3, 3, 1, 3 ], 
          [ 3, 1, 3, 1, 3, 1, 3, 1, 3, 1, 1, 3, 3, -2, 1, 3, 3 ], [ 1, 3, 1, 3, 1, 1, 3, 3, 3, 1, 3, 1, 3, 1, -2, 3, 1 ], 
          [ 1, 1, 1, 3, 1, 3, 1, 1, 1, 1, 3, 1, 1, 3, 3, -2, 3 ], [ 1, 3, 1, 3, 3, 1, 1, 3, 1, 3, 1, 1, 3, 3, 1, 3, -2 ] ] ], 
  [ [ 0, 438 ], [ [ -2, 3, 1, 3, 1, 1, 1, 3, 3, 1, 3, 1, 1, 3, 1, 3, 3 ], [ 3, -2, 3, 1, 3, 3, 3, 1, 1, 1, 1, 3, 3, 3, 3, 3, 1 ], 
          [ 1, 3, -2, 3, 3, 1, 1, 3, 1, 3, 3, 1, 1, 3, 1, 1, 3 ], [ 3, 1, 3, -2, 3, 3, 3, 1, 3, 3, 1, 3, 3, 1, 3, 1, 1 ], 
          [ 1, 3, 3, 3, -2, 3, 3, 3, 3, 1, 3, 1, 1, 3, 1, 3, 1 ], [ 1, 3, 1, 3, 3, -2, 3, 3, 3, 1, 1, 3, 3, 1, 1, 1, 3 ], 
          [ 1, 3, 1, 3, 3, 3, -2, 1, 1, 3, 3, 1, 1, 3, 3, 3, 3 ], [ 3, 1, 3, 1, 3, 3, 1, -2, 3, 1, 3, 3, 3, 3, 3, 3, 1 ], 
          [ 3, 1, 1, 3, 3, 3, 1, 3, -2, 3, 1, 1, 1, 3, 3, 1, 3 ], [ 1, 1, 3, 3, 1, 1, 3, 1, 3, -2, 3, 3, 3, 3, 1, 3, 1 ], 
          [ 3, 1, 3, 1, 3, 1, 3, 3, 1, 3, -2, 3, 3, 1, 3, 1, 3 ], [ 1, 3, 1, 3, 1, 3, 1, 3, 1, 3, 3, -2, 1, 3, 3, 1, 3 ], 
          [ 1, 3, 1, 3, 1, 3, 1, 3, 1, 3, 3, 1, -2, 3, 1, 3, 3 ], [ 3, 3, 3, 1, 3, 1, 3, 3, 3, 3, 1, 3, 3, -2, 1, 1, 3 ], 
          [ 1, 3, 1, 3, 1, 1, 3, 3, 3, 1, 3, 3, 1, 1, -2, 3, 3 ], [ 3, 3, 1, 1, 3, 1, 3, 3, 1, 3, 1, 1, 3, 1, 3, -2, 3 ], 
          [ 3, 1, 3, 1, 1, 3, 3, 1, 3, 1, 3, 3, 3, 3, 3, 3, -2 ] ] ], 
  [ [ 0, 294 ], [ [ -2, 3, 1, 3, 1, 1, 1, 3, 3, 1, 3, 1, 3, 3, 1, 1, 3 ], [ 3, -2, 3, 1, 3, 3, 3, 1, 1, 1, 1, 3, 3, 3, 3, 3, 1 ], 
          [ 1, 3, -2, 3, 3, 1, 1, 3, 1, 3, 3, 1, 1, 3, 3, 1, 3 ], [ 3, 1, 3, -2, 3, 3, 3, 1, 3, 3, 1, 3, 3, 1, 1, 3, 1 ], 
          [ 1, 3, 3, 3, -2, 3, 3, 3, 3, 1, 3, 3, 3, 3, 1, 1, 3 ], [ 1, 3, 1, 3, 3, -2, 3, 3, 3, 1, 1, 1, 1, 1, 3, 3, 3 ], 
          [ 1, 3, 1, 3, 3, 3, -2, 1, 1, 3, 3, 1, 1, 3, 1, 1, 1 ], [ 3, 1, 3, 1, 3, 3, 1, -2, 3, 1, 3, 3, 3, 3, 1, 3, 1 ], 
          [ 3, 1, 1, 3, 3, 3, 1, 3, -2, 3, 1, 1, 1, 3, 3, 1, 1 ], [ 1, 1, 3, 3, 1, 1, 3, 1, 3, -2, 3, 3, 3, 3, 1, 3, 3 ], 
          [ 3, 1, 3, 1, 3, 1, 3, 3, 1, 3, -2, 1, 1, 1, 3, 3, 1 ], [ 1, 3, 1, 3, 3, 1, 1, 3, 1, 3, 1, -2, 1, 1, 3, 1, 3 ], 
          [ 3, 3, 1, 3, 3, 1, 1, 3, 1, 3, 1, 1, -2, 1, 3, 3, 3 ], [ 3, 3, 3, 1, 3, 1, 3, 3, 3, 3, 1, 1, 1, -2, 3, 3, 3 ], 
          [ 1, 3, 3, 1, 1, 3, 1, 1, 3, 1, 3, 3, 3, 3, -2, 1, 1 ], [ 1, 3, 1, 3, 1, 3, 1, 3, 1, 3, 3, 1, 3, 3, 1, -2, 1 ], 
          [ 3, 1, 3, 1, 3, 3, 1, 1, 1, 3, 1, 3, 3, 3, 1, 1, -2 ] ] ], [ [ 0, 660 ], [ [ -2, 3, 1, 3, 1, 1, 1, 3, 3, 1, 3, 3, 1, 1, 1, 3, 1 ], 
          [ 3, -2, 3, 1, 3, 3, 3, 1, 1, 1, 1, 1, 3, 3, 1, 1, 3 ], [ 1, 3, -2, 3, 3, 1, 1, 3, 1, 3, 3, 3, 3, 1, 3, 3, 1 ], 
          [ 3, 1, 3, -2, 3, 3, 3, 1, 3, 3, 1, 1, 1, 3, 3, 1, 1 ], [ 1, 3, 3, 3, -2, 3, 3, 3, 3, 1, 3, 1, 1, 1, 1, 3, 1 ], 
          [ 1, 3, 1, 3, 3, -2, 3, 3, 3, 1, 1, 3, 3, 1, 1, 1, 3 ], [ 1, 3, 1, 3, 3, 3, -2, 1, 1, 3, 3, 3, 1, 3, 3, 3, 1 ], 
          [ 3, 1, 3, 1, 3, 3, 1, -2, 3, 1, 3, 1, 1, 3, 3, 1, 1 ], [ 3, 1, 1, 3, 3, 3, 1, 3, -2, 3, 1, 3, 3, 3, 3, 3, 3 ], 
          [ 1, 1, 3, 3, 1, 1, 3, 1, 3, -2, 3, 1, 1, 1, 1, 1, 3 ], [ 3, 1, 3, 1, 3, 1, 3, 3, 1, 3, -2, 3, 3, 3, 1, 1, 3 ], 
          [ 3, 1, 3, 1, 1, 3, 3, 1, 3, 1, 3, -2, 1, 3, 3, 1, 1 ], [ 1, 3, 3, 1, 1, 3, 1, 1, 3, 1, 3, 1, -2, 1, 3, 1, 1 ], 
          [ 1, 3, 1, 3, 1, 1, 3, 3, 3, 1, 3, 3, 1, -2, 1, 1, 3 ], [ 1, 1, 3, 3, 1, 1, 3, 3, 3, 1, 1, 3, 3, 1, -2, 1, 3 ], 
          [ 3, 1, 3, 1, 3, 1, 3, 1, 3, 1, 1, 1, 1, 1, 1, -2, 3 ], [ 1, 3, 1, 1, 1, 3, 1, 1, 3, 3, 3, 1, 1, 3, 3, 3, -2 ] ] ], 
  [ [ 0, 660 ], [ [ -2, 3, 1, 3, 1, 1, 1, 3, 3, 1, 3, 1, 1, 1, 3, 1, 1 ], [ 3, -2, 3, 1, 3, 3, 3, 1, 1, 1, 1, 1, 3, 3, 3, 3, 3 ], 
          [ 1, 3, -2, 3, 3, 1, 1, 3, 1, 3, 3, 1, 1, 1, 3, 1, 1 ], [ 3, 1, 3, -2, 3, 3, 3, 1, 3, 3, 1, 3, 3, 3, 1, 3, 1 ], 
          [ 1, 3, 3, 3, -2, 3, 3, 3, 3, 1, 3, 1, 1, 3, 1, 3, 3 ], [ 1, 3, 1, 3, 3, -2, 3, 3, 3, 1, 1, 1, 3, 1, 3, 1, 1 ], 
          [ 1, 3, 1, 3, 3, 3, -2, 1, 1, 3, 3, 3, 1, 1, 3, 1, 1 ], [ 3, 1, 3, 1, 3, 3, 1, -2, 3, 1, 3, 3, 3, 3, 1, 1, 1 ], 
          [ 3, 1, 1, 3, 3, 3, 1, 3, -2, 3, 1, 1, 1, 1, 3, 3, 3 ], [ 1, 1, 3, 3, 1, 1, 3, 1, 3, -2, 3, 1, 3, 3, 3, 1, 1 ], 
          [ 3, 1, 3, 1, 3, 1, 3, 3, 1, 3, -2, 1, 3, 1, 3, 3, 3 ], [ 1, 1, 1, 3, 1, 1, 3, 3, 1, 1, 1, -2, 1, 1, 3, 3, 3 ], 
          [ 1, 3, 1, 3, 1, 3, 1, 3, 1, 3, 3, 1, -2, 1, 1, 3, 3 ], [ 1, 3, 1, 3, 3, 1, 1, 3, 1, 3, 1, 1, 1, -2, 3, 1, 3 ], 
          [ 3, 3, 3, 1, 1, 3, 3, 1, 3, 3, 3, 3, 1, 3, -2, 3, 3 ], [ 1, 3, 1, 3, 3, 1, 1, 1, 3, 1, 3, 3, 3, 1, 3, -2, 1 ], 
          [ 1, 3, 1, 1, 3, 1, 1, 1, 3, 1, 3, 3, 3, 3, 3, 1, -2 ] ] ], 
  [ [ 0, 314 ], [ [ -2, 3, 1, 3, 1, 1, 1, 3, 3, 1, 3, 1, 3, 1, 1, 3, 1 ], [ 3, -2, 3, 1, 3, 3, 3, 1, 1, 1, 1, 3, 1, 3, 3, 1, 3 ], 
          [ 1, 3, -2, 3, 3, 1, 1, 3, 1, 3, 1, 3, 3, 1, 1, 3, 1 ], [ 3, 1, 3, -2, 3, 3, 3, 1, 3, 3, 1, 1, 1, 3, 3, 1, 3 ], 
          [ 1, 3, 3, 3, -2, 3, 3, 3, 3, 1, 3, 1, 3, 1, 1, 1, 1 ], [ 1, 3, 1, 3, 3, -2, 3, 3, 3, 1, 1, 3, 3, 1, 3, 3, 3 ], 
          [ 1, 3, 1, 3, 3, 3, -2, 1, 1, 3, 3, 1, 1, 3, 1, 3, 1 ], [ 3, 1, 3, 1, 3, 3, 1, -2, 3, 1, 3, 1, 1, 3, 3, 1, 3 ], 
          [ 3, 1, 1, 3, 3, 3, 1, 3, -2, 3, 1, 3, 1, 3, 1, 3, 1 ], [ 1, 1, 3, 3, 1, 1, 3, 1, 3, -2, 3, 1, 3, 1, 3, 1, 3 ], 
          [ 3, 1, 1, 1, 3, 1, 3, 3, 1, 3, -2, 3, 1, 3, 3, 3, 3 ], [ 1, 3, 3, 1, 1, 3, 1, 1, 3, 1, 3, -2, 1, 1, 1, 1, 3 ], 
          [ 3, 1, 3, 1, 3, 3, 1, 1, 1, 3, 1, 1, -2, 3, 1, 1, 3 ], [ 1, 3, 1, 3, 1, 1, 3, 3, 3, 1, 3, 1, 3, -2, 1, 1, 3 ], 
          [ 1, 3, 1, 3, 1, 3, 1, 3, 1, 3, 3, 1, 1, 1, -2, 1, 1 ], [ 3, 1, 3, 1, 1, 3, 3, 1, 3, 1, 3, 1, 1, 1, 1, -2, 3 ], 
          [ 1, 3, 1, 3, 1, 3, 1, 3, 1, 3, 3, 3, 3, 3, 1, 3, -2 ] ] ], [ [ 0, 222 ], [ [ -2, 3, 1, 3, 1, 1, 1, 3, 3, 1, 1, 1, 3, 3, 3, 1, 1 ], 
          [ 3, -2, 3, 1, 3, 3, 3, 1, 1, 1, 3, 3, 1, 1, 1, 3, 3 ], [ 1, 3, -2, 3, 3, 1, 1, 3, 1, 3, 3, 3, 1, 3, 3, 1, 1 ], 
          [ 3, 1, 3, -2, 3, 3, 3, 1, 3, 3, 3, 3, 3, 1, 3, 3, 3 ], [ 1, 3, 3, 3, -2, 3, 3, 3, 3, 1, 1, 1, 1, 1, 1, 1, 1 ], 
          [ 1, 3, 1, 3, 3, -2, 3, 3, 3, 1, 3, 1, 3, 3, 3, 1, 3 ], [ 1, 3, 1, 3, 3, 3, -2, 1, 1, 3, 1, 3, 3, 3, 3, 3, 1 ], 
          [ 3, 1, 3, 1, 3, 3, 1, -2, 3, 1, 1, 3, 3, 3, 3, 3, 3 ], [ 3, 1, 1, 3, 3, 3, 1, 3, -2, 3, 3, 3, 1, 1, 1, 3, 1 ], 
          [ 1, 1, 3, 3, 1, 1, 3, 1, 3, -2, 1, 1, 3, 3, 1, 1, 3 ], [ 1, 3, 3, 3, 1, 3, 1, 1, 3, 1, -2, 1, 3, 3, 1, 1, 1 ], 
          [ 1, 3, 3, 3, 1, 1, 3, 3, 3, 1, 1, -2, 3, 3, 1, 1, 1 ], [ 3, 1, 1, 3, 1, 3, 3, 3, 1, 3, 3, 3, -2, 1, 1, 1, 1 ], 
          [ 3, 1, 3, 1, 1, 3, 3, 3, 1, 3, 3, 3, 1, -2, 1, 3, 1 ], [ 3, 1, 3, 3, 1, 3, 3, 3, 1, 1, 1, 1, 1, 1, -2, 1, 1 ], 
          [ 1, 3, 1, 3, 1, 1, 3, 3, 3, 1, 1, 1, 1, 3, 1, -2, 1 ], [ 1, 3, 1, 3, 1, 3, 1, 3, 1, 3, 1, 1, 1, 1, 1, 1, -2 ] ] ], 
  [ [ 0, 248 ], [ [ -2, 3, 1, 3, 1, 1, 1, 3, 3, 1, 1, 1, 1, 1, 3, 3, 1 ], [ 3, -2, 3, 1, 3, 3, 3, 1, 1, 1, 3, 3, 3, 3, 1, 1, 3 ], 
          [ 1, 3, -2, 3, 3, 1, 1, 3, 1, 3, 3, 1, 1, 1, 3, 1, 1 ], [ 3, 1, 3, -2, 3, 3, 3, 1, 3, 3, 3, 1, 3, 3, 1, 1, 1 ], 
          [ 1, 3, 3, 3, -2, 3, 3, 3, 3, 1, 1, 3, 3, 1, 3, 3, 1 ], [ 1, 3, 1, 3, 3, -2, 3, 3, 3, 1, 3, 1, 1, 3, 3, 3, 1 ], 
          [ 1, 3, 1, 3, 3, 3, -2, 1, 1, 3, 1, 1, 1, 1, 1, 1, 3 ], [ 3, 1, 3, 1, 3, 3, 1, -2, 3, 1, 1, 1, 1, 3, 1, 1, 3 ], 
          [ 3, 1, 1, 3, 3, 3, 1, 3, -2, 3, 3, 3, 3, 1, 1, 1, 3 ], [ 1, 1, 3, 3, 1, 1, 3, 1, 3, -2, 1, 3, 1, 3, 3, 3, 3 ], 
          [ 1, 3, 3, 3, 1, 3, 1, 1, 3, 1, -2, 3, 1, 1, 3, 3, 3 ], [ 1, 3, 1, 1, 3, 1, 1, 1, 3, 3, 3, -2, 1, 3, 1, 1, 1 ], 
          [ 1, 3, 1, 3, 3, 1, 1, 1, 3, 1, 1, 1, -2, 3, 3, 3, 3 ], [ 1, 3, 1, 3, 1, 3, 1, 3, 1, 3, 1, 3, 3, -2, 3, 1, 1 ], 
          [ 3, 1, 3, 1, 3, 3, 1, 1, 1, 3, 3, 1, 3, 3, -2, 1, 3 ], [ 3, 1, 1, 1, 3, 3, 1, 1, 1, 3, 3, 1, 3, 1, 1, -2, 1 ], 
          [ 1, 3, 1, 1, 1, 1, 3, 3, 3, 3, 3, 1, 3, 1, 3, 1, -2 ] ] ], 
  [ [ 0, 511 ], [ [ -2, 3, 1, 3, 1, 1, 1, 3, 3, 1, 1, 1, 1, 1, 1, 1, 1 ], [ 3, -2, 3, 1, 3, 3, 3, 1, 1, 1, 3, 3, 1, 3, 3, 3, 3 ], 
          [ 1, 3, -2, 3, 3, 1, 1, 3, 1, 3, 3, 1, 3, 1, 3, 1, 1 ], [ 3, 1, 3, -2, 3, 3, 3, 1, 3, 3, 3, 3, 3, 3, 3, 1, 3 ], 
          [ 1, 3, 3, 3, -2, 3, 3, 3, 3, 1, 1, 3, 1, 1, 1, 1, 1 ], [ 1, 3, 1, 3, 3, -2, 3, 3, 3, 1, 3, 1, 3, 1, 1, 1, 1 ], 
          [ 1, 3, 1, 3, 3, 3, -2, 1, 1, 3, 1, 1, 1, 3, 3, 3, 3 ], [ 3, 1, 3, 1, 3, 3, 1, -2, 3, 1, 1, 1, 1, 3, 3, 3, 3 ], 
          [ 3, 1, 1, 3, 3, 3, 1, 3, -2, 3, 3, 3, 3, 3, 3, 3, 3 ], [ 1, 1, 3, 3, 1, 1, 3, 1, 3, -2, 1, 1, 1, 1, 1, 3, 1 ], 
          [ 1, 3, 3, 3, 1, 3, 1, 1, 3, 1, -2, 1, 1, 1, 1, 3, 1 ], [ 1, 3, 1, 3, 3, 1, 1, 1, 3, 1, 1, -2, 1, 1, 1, 3, 1 ], 
          [ 1, 1, 3, 3, 1, 3, 1, 1, 3, 1, 1, 1, -2, 3, 1, 3, 1 ], [ 1, 3, 1, 3, 1, 1, 3, 3, 3, 1, 1, 1, 3, -2, 1, 1, 1 ], 
          [ 1, 3, 3, 3, 1, 1, 3, 3, 3, 1, 1, 1, 1, 1, -2, 3, 1 ], [ 1, 3, 1, 1, 1, 1, 3, 3, 3, 3, 3, 3, 3, 1, 3, -2, 1 ], 
          [ 1, 3, 1, 3, 1, 1, 3, 3, 3, 1, 1, 1, 1, 1, 1, 1, -2 ] ] ], [ [ 0, 308 ], [ [ -2, 3, 1, 3, 1, 1, 1, 3, 3, 1, 1, 3, 3, 1, 3, 3, 3 ], 
          [ 3, -2, 3, 1, 3, 3, 3, 1, 1, 1, 3, 1, 1, 3, 1, 1, 1 ], [ 1, 3, -2, 3, 3, 1, 1, 3, 1, 3, 3, 1, 3, 3, 3, 3, 3 ], 
          [ 3, 1, 3, -2, 3, 3, 3, 1, 3, 3, 3, 1, 1, 1, 1, 1, 1 ], [ 1, 3, 3, 3, -2, 3, 3, 3, 3, 1, 1, 3, 3, 1, 3, 3, 1 ], 
          [ 1, 3, 1, 3, 3, -2, 3, 3, 3, 1, 3, 3, 3, 3, 3, 3, 3 ], [ 1, 3, 1, 3, 3, 3, -2, 1, 1, 3, 1, 1, 1, 1, 1, 1, 3 ], 
          [ 3, 1, 3, 1, 3, 3, 1, -2, 3, 1, 1, 1, 1, 1, 1, 1, 1 ], [ 3, 1, 1, 3, 3, 3, 1, 3, -2, 3, 3, 1, 1, 3, 1, 1, 3 ], 
          [ 1, 1, 3, 3, 1, 1, 3, 1, 3, -2, 1, 3, 3, 3, 3, 3, 1 ], [ 1, 3, 3, 3, 1, 3, 1, 1, 3, 1, -2, 3, 1, 1, 3, 3, 3 ], 
          [ 3, 1, 1, 1, 3, 3, 1, 1, 1, 3, 3, -2, 1, 3, 1, 1, 1 ], [ 3, 1, 3, 1, 3, 3, 1, 1, 1, 3, 1, 1, -2, 1, 1, 1, 3 ], 
          [ 1, 3, 3, 1, 1, 3, 1, 1, 3, 3, 1, 3, 1, -2, 1, 1, 3 ], [ 3, 1, 3, 1, 3, 3, 1, 1, 1, 3, 3, 1, 1, 1, -2, 1, 1 ], 
          [ 3, 1, 3, 1, 3, 3, 1, 1, 1, 3, 3, 1, 1, 1, 1, -2, 3 ], [ 3, 1, 3, 1, 1, 3, 3, 1, 3, 1, 3, 1, 3, 3, 1, 3, -2 ] ] ], 
  [ [ 0, 560 ], [ [ -2, 3, 1, 3, 1, 1, 1, 3, 3, 1, 1, 1, 3, 3, 3, 3, 1 ], [ 3, -2, 3, 1, 3, 3, 3, 1, 1, 1, 3, 3, 1, 1, 1, 1, 3 ], 
          [ 1, 3, -2, 3, 3, 1, 1, 3, 1, 3, 3, 1, 1, 3, 3, 1, 1 ], [ 3, 1, 3, -2, 3, 3, 3, 1, 3, 3, 3, 1, 1, 1, 1, 1, 3 ], 
          [ 1, 3, 3, 3, -2, 3, 3, 3, 3, 1, 1, 3, 3, 1, 3, 3, 3 ], [ 1, 3, 1, 3, 3, -2, 3, 3, 3, 1, 3, 1, 3, 3, 3, 1, 1 ], 
          [ 1, 3, 1, 3, 3, 3, -2, 1, 1, 3, 1, 1, 1, 3, 1, 3, 1 ], [ 3, 1, 3, 1, 3, 3, 1, -2, 3, 1, 1, 3, 1, 1, 1, 1, 3 ], 
          [ 3, 1, 1, 3, 3, 3, 1, 3, -2, 3, 3, 3, 1, 3, 1, 3, 1 ], [ 1, 1, 3, 3, 1, 1, 3, 1, 3, -2, 1, 3, 3, 1, 3, 1, 3 ], 
          [ 1, 3, 3, 3, 1, 3, 1, 1, 3, 1, -2, 3, 3, 3, 3, 3, 3 ], [ 1, 3, 1, 1, 3, 1, 1, 3, 3, 3, 3, -2, 1, 3, 3, 1, 1 ], 
          [ 3, 1, 1, 1, 3, 3, 1, 1, 1, 3, 3, 1, -2, 3, 1, 1, 3 ], [ 3, 1, 3, 1, 1, 3, 3, 1, 3, 1, 3, 3, 3, -2, 1, 1, 3 ], 
          [ 3, 1, 3, 1, 3, 3, 1, 1, 1, 3, 3, 3, 1, 1, -2, 3, 3 ], [ 3, 1, 1, 1, 3, 1, 3, 1, 3, 1, 3, 1, 1, 1, 3, -2, 3 ], 
          [ 1, 3, 1, 3, 3, 1, 1, 3, 1, 3, 3, 1, 3, 3, 3, 3, -2 ] ] ], 
  [ [ 0, 548 ], [ [ -2, 3, 1, 3, 1, 1, 1, 3, 3, 1, 3, 3, 3, 1, 1, 1, 3 ], [ 3, -2, 3, 1, 3, 3, 3, 1, 1, 3, 1, 1, 1, 3, 1, 1, 1 ], 
          [ 1, 3, -2, 3, 3, 1, 1, 3, 1, 1, 1, 3, 3, 1, 3, 1, 1 ], [ 3, 1, 3, -2, 3, 3, 3, 1, 3, 1, 1, 1, 1, 3, 3, 3, 3 ], 
          [ 1, 3, 3, 3, -2, 3, 3, 3, 3, 3, 3, 1, 1, 1, 1, 3, 3 ], [ 1, 3, 1, 3, 3, -2, 3, 3, 3, 1, 1, 3, 3, 1, 3, 1, 1 ], 
          [ 1, 3, 1, 3, 3, 3, -2, 1, 1, 1, 3, 3, 3, 3, 1, 1, 3 ], [ 3, 1, 3, 1, 3, 3, 1, -2, 3, 1, 3, 1, 3, 3, 1, 3, 3 ], 
          [ 3, 1, 1, 3, 3, 3, 1, 3, -2, 3, 1, 3, 1, 3, 1, 1, 1 ], [ 1, 3, 1, 1, 3, 1, 1, 1, 3, -2, 3, 3, 3, 1, 3, 3, 3 ], 
          [ 3, 1, 1, 1, 3, 1, 3, 3, 1, 3, -2, 1, 1, 3, 3, 1, 1 ], [ 3, 1, 3, 1, 1, 3, 3, 1, 3, 3, 1, -2, 1, 3, 1, 3, 3 ], 
          [ 3, 1, 3, 1, 1, 3, 3, 3, 1, 3, 1, 1, -2, 3, 1, 1, 3 ], [ 1, 3, 1, 3, 1, 1, 3, 3, 3, 1, 3, 3, 3, -2, 3, 3, 1 ], 
          [ 1, 1, 3, 3, 1, 3, 1, 1, 1, 3, 3, 1, 1, 3, -2, 1, 3 ], [ 1, 1, 1, 3, 3, 1, 1, 3, 1, 3, 1, 3, 1, 3, 1, -2, 1 ], 
          [ 3, 1, 1, 3, 3, 1, 3, 3, 1, 3, 1, 3, 3, 1, 3, 1, -2 ] ] ], [ [ 0, 124 ], [ [ -2, 3, 1, 3, 1, 1, 1, 3, 3, 1, 3, 3, 3, 1, 3, 3, 3 ], 
          [ 3, -2, 3, 1, 3, 3, 3, 1, 1, 3, 1, 1, 1, 3, 1, 1, 1 ], [ 1, 3, -2, 3, 3, 1, 1, 3, 1, 1, 1, 3, 3, 1, 3, 1, 3 ], 
          [ 3, 1, 3, -2, 3, 3, 3, 1, 3, 1, 1, 1, 1, 3, 1, 1, 3 ], [ 1, 3, 3, 3, -2, 3, 3, 3, 3, 3, 3, 1, 1, 1, 1, 3, 1 ], 
          [ 1, 3, 1, 3, 3, -2, 3, 3, 3, 1, 1, 3, 3, 1, 3, 3, 3 ], [ 1, 3, 1, 3, 3, 3, -2, 1, 1, 1, 3, 3, 3, 3, 3, 1, 3 ], 
          [ 3, 1, 3, 1, 3, 3, 1, -2, 3, 1, 3, 1, 3, 3, 1, 1, 3 ], [ 3, 1, 1, 3, 3, 3, 1, 3, -2, 3, 1, 3, 1, 3, 3, 1, 1 ], 
          [ 1, 3, 1, 1, 3, 1, 1, 1, 3, -2, 3, 3, 3, 1, 1, 1, 3 ], [ 3, 1, 1, 1, 3, 1, 3, 3, 1, 3, -2, 1, 1, 3, 3, 1, 3 ], 
          [ 3, 1, 3, 1, 1, 3, 3, 1, 3, 3, 1, -2, 1, 3, 1, 1, 3 ], [ 3, 1, 3, 1, 1, 3, 3, 3, 1, 3, 1, 1, -2, 3, 1, 1, 1 ], 
          [ 1, 3, 1, 3, 1, 1, 3, 3, 3, 1, 3, 3, 3, -2, 1, 3, 1 ], [ 3, 1, 3, 1, 1, 3, 3, 1, 3, 1, 3, 1, 1, 1, -2, 1, 1 ], 
          [ 3, 1, 1, 1, 3, 3, 1, 1, 1, 1, 1, 1, 1, 3, 1, -2, 3 ], [ 3, 1, 3, 3, 1, 3, 3, 3, 1, 3, 3, 3, 1, 1, 1, 3, -2 ] ] ], 
  [ [ 0, 200 ], [ [ -2, 3, 1, 3, 1, 1, 1, 3, 3, 1, 3, 3, 3, 1, 3, 3, 3, 1 ], [ 3, -2, 3, 1, 3, 3, 3, 1, 1, 3, 1, 1, 1, 3, 1, 1, 1, 3 ], 
          [ 1, 3, -2, 3, 3, 1, 1, 3, 1, 1, 1, 3, 3, 1, 3, 1, 3, 3 ], [ 3, 1, 3, -2, 3, 3, 3, 1, 3, 1, 1, 1, 1, 3, 1, 1, 3, 3 ], 
          [ 1, 3, 3, 3, -2, 3, 3, 3, 3, 3, 3, 1, 1, 1, 1, 3, 1, 1 ], [ 1, 3, 1, 3, 3, -2, 3, 3, 3, 1, 1, 3, 3, 1, 3, 3, 3, 3 ], 
          [ 1, 3, 1, 3, 3, 3, -2, 1, 1, 1, 3, 3, 3, 3, 3, 1, 3, 1 ], [ 3, 1, 3, 1, 3, 3, 1, -2, 3, 1, 3, 1, 3, 3, 1, 1, 3, 3 ], 
          [ 3, 1, 1, 3, 3, 3, 1, 3, -2, 3, 1, 3, 1, 3, 3, 1, 1, 1 ], [ 1, 3, 1, 1, 3, 1, 1, 1, 3, -2, 3, 3, 3, 1, 1, 1, 3, 3 ], 
          [ 3, 1, 1, 1, 3, 1, 3, 3, 1, 3, -2, 1, 1, 3, 3, 1, 3, 3 ], [ 3, 1, 3, 1, 1, 3, 3, 1, 3, 3, 1, -2, 1, 3, 1, 1, 3, 3 ], 
          [ 3, 1, 3, 1, 1, 3, 3, 3, 1, 3, 1, 1, -2, 3, 1, 1, 1, 1 ], [ 1, 3, 1, 3, 1, 1, 3, 3, 3, 1, 3, 3, 3, -2, 1, 3, 1, 3 ], 
          [ 3, 1, 3, 1, 1, 3, 3, 1, 3, 1, 3, 1, 1, 1, -2, 1, 1, 3 ], [ 3, 1, 1, 1, 3, 3, 1, 1, 1, 1, 1, 1, 1, 3, 1, -2, 3, 3 ], 
          [ 3, 1, 3, 3, 1, 3, 3, 3, 1, 3, 3, 3, 1, 1, 1, 3, -2, 1 ], [ 1, 3, 3, 3, 1, 3, 1, 3, 1, 3, 3, 3, 1, 3, 3, 3, 1, -2 ] ] ], 
  [ [ 0, 369 ], [ [ -2, 3, 1, 3, 1, 1, 1, 3, 3, 1, 3, 3, 1, 3, 3, 3, 1 ], [ 3, -2, 3, 1, 3, 3, 3, 1, 1, 3, 1, 1, 1, 1, 3, 1, 3 ], 
          [ 1, 3, -2, 3, 3, 1, 1, 3, 1, 1, 1, 3, 3, 1, 3, 1, 1 ], [ 3, 1, 3, -2, 3, 3, 3, 1, 3, 1, 1, 1, 3, 3, 1, 3, 3 ], 
          [ 1, 3, 3, 3, -2, 3, 3, 3, 3, 3, 3, 3, 1, 3, 1, 3, 1 ], [ 1, 3, 1, 3, 3, -2, 3, 3, 3, 1, 1, 3, 3, 1, 3, 1, 3 ], 
          [ 1, 3, 1, 3, 3, 3, -2, 1, 1, 1, 3, 1, 1, 3, 3, 3, 1 ], [ 3, 1, 3, 1, 3, 3, 1, -2, 3, 1, 3, 1, 1, 3, 1, 3, 3 ], 
          [ 3, 1, 1, 3, 3, 3, 1, 3, -2, 3, 1, 1, 1, 1, 3, 1, 1 ], [ 1, 3, 1, 1, 3, 1, 1, 1, 3, -2, 3, 3, 3, 3, 1, 3, 3 ], 
          [ 3, 1, 1, 1, 3, 1, 3, 3, 1, 3, -2, 1, 3, 1, 3, 1, 3 ], [ 3, 1, 3, 1, 3, 3, 1, 1, 1, 3, 1, -2, 1, 3, 3, 1, 1 ], 
          [ 1, 1, 3, 3, 1, 3, 1, 1, 1, 3, 3, 1, -2, 3, 3, 3, 1 ], [ 3, 1, 1, 3, 3, 1, 3, 3, 1, 3, 1, 3, 3, -2, 3, 1, 3 ], 
          [ 3, 3, 3, 1, 1, 3, 3, 1, 3, 1, 3, 3, 3, 3, -2, 3, 3 ], [ 3, 1, 1, 3, 3, 1, 3, 3, 1, 3, 1, 1, 3, 1, 3, -2, 1 ], 
          [ 1, 3, 1, 3, 1, 3, 1, 3, 1, 3, 3, 1, 1, 3, 3, 1, -2 ] ] ], [ [ 0, 434 ], [ [ -2, 3, 1, 3, 1, 1, 1, 3, 3, 1, 3, 1, 3, 3, 3, 1, 3 ], 
          [ 3, -2, 3, 1, 3, 3, 3, 1, 1, 3, 1, 3, 1, 3, 1, 3, 1 ], [ 1, 3, -2, 3, 3, 1, 1, 3, 1, 1, 1, 3, 3, 1, 1, 1, 3 ], 
          [ 3, 1, 3, -2, 3, 3, 3, 1, 3, 1, 1, 3, 1, 1, 1, 3, 1 ], [ 1, 3, 3, 3, -2, 3, 3, 3, 3, 3, 3, 1, 1, 3, 3, 3, 3 ], 
          [ 1, 3, 1, 3, 3, -2, 3, 3, 3, 1, 1, 3, 3, 3, 3, 1, 3 ], [ 1, 3, 1, 3, 3, 3, -2, 1, 1, 1, 3, 1, 3, 1, 1, 1, 1 ], 
          [ 3, 1, 3, 1, 3, 3, 1, -2, 3, 1, 3, 3, 1, 1, 1, 1, 1 ], [ 3, 1, 1, 3, 3, 3, 1, 3, -2, 3, 1, 1, 3, 3, 1, 3, 1 ], 
          [ 1, 3, 1, 1, 3, 1, 1, 1, 3, -2, 1, 3, 3, 1, 1, 1, 3 ], [ 3, 1, 1, 1, 3, 1, 3, 3, 1, 1, -2, 3, 3, 3, 1, 3, 1 ], 
          [ 1, 3, 3, 3, 1, 3, 1, 3, 1, 3, 3, -2, 3, 3, 3, 3, 1 ], [ 3, 1, 3, 1, 1, 3, 3, 1, 3, 3, 3, 3, -2, 1, 1, 3, 3 ], 
          [ 3, 3, 1, 1, 3, 3, 1, 1, 3, 1, 3, 3, 1, -2, 1, 1, 3 ], [ 3, 1, 1, 1, 3, 3, 1, 1, 1, 1, 1, 3, 1, 1, -2, 3, 1 ], 
          [ 1, 3, 1, 3, 3, 1, 1, 1, 3, 1, 3, 3, 3, 1, 3, -2, 3 ], [ 3, 1, 3, 1, 3, 3, 1, 1, 1, 3, 1, 1, 3, 3, 1, 3, -2 ] ] ], 
  [ [ 0, 522 ], [ [ -2, 3, 1, 3, 1, 1, 1, 3, 3, 1, 3, 1, 3, 1, 1, 1, 3 ], [ 3, -2, 3, 1, 3, 3, 3, 1, 1, 3, 1, 3, 1, 3, 3, 3, 1 ], 
          [ 1, 3, -2, 3, 3, 1, 1, 3, 1, 1, 1, 3, 3, 1, 1, 1, 1 ], [ 3, 1, 3, -2, 3, 3, 3, 1, 3, 1, 1, 3, 1, 3, 3, 3, 1 ], 
          [ 1, 3, 3, 3, -2, 3, 3, 3, 3, 3, 3, 1, 1, 1, 1, 1, 3 ], [ 1, 3, 1, 3, 3, -2, 3, 3, 3, 1, 1, 3, 3, 3, 1, 3, 3 ], 
          [ 1, 3, 1, 3, 3, 3, -2, 1, 1, 1, 3, 1, 3, 1, 3, 1, 1 ], [ 3, 1, 3, 1, 3, 3, 1, -2, 3, 1, 3, 3, 1, 3, 3, 3, 1 ], 
          [ 3, 1, 1, 3, 3, 3, 1, 3, -2, 3, 1, 1, 3, 1, 3, 1, 1 ], [ 1, 3, 1, 1, 3, 1, 1, 1, 3, -2, 1, 3, 3, 3, 3, 1, 1 ], 
          [ 3, 1, 1, 1, 3, 1, 3, 3, 1, 1, -2, 3, 3, 3, 3, 3, 1 ], [ 1, 3, 3, 3, 1, 3, 1, 3, 1, 3, 3, -2, 3, 1, 3, 1, 3 ], 
          [ 3, 1, 3, 1, 1, 3, 3, 1, 3, 3, 3, 3, -2, 1, 1, 3, 1 ], [ 1, 3, 1, 3, 1, 3, 1, 3, 1, 3, 3, 1, 1, -2, 1, 1, 1 ], 
          [ 1, 3, 1, 3, 1, 1, 3, 3, 3, 3, 3, 3, 1, 1, -2, 3, 3 ], [ 1, 3, 1, 3, 1, 3, 1, 3, 1, 1, 3, 1, 3, 1, 3, -2, 1 ], 
          [ 3, 1, 1, 1, 3, 3, 1, 1, 1, 1, 1, 3, 1, 1, 3, 1, -2 ] ] ], 
  [ [ 0, 268 ], [ [ -2, 3, 1, 3, 1, 1, 1, 3, 3, 1, 3, 3, 1, 1, 3, 3, 3 ], [ 3, -2, 3, 1, 3, 3, 3, 1, 1, 3, 1, 3, 3, 1, 1, 1, 1 ], 
          [ 1, 3, -2, 3, 3, 1, 1, 3, 1, 1, 1, 1, 1, 1, 3, 3, 3 ], [ 3, 1, 3, -2, 3, 3, 3, 1, 3, 1, 1, 1, 3, 1, 1, 1, 1 ], 
          [ 1, 3, 3, 3, -2, 3, 3, 3, 3, 3, 3, 3, 1, 3, 1, 1, 3 ], [ 1, 3, 1, 3, 3, -2, 3, 3, 3, 1, 1, 1, 1, 3, 3, 3, 1 ], 
          [ 1, 3, 1, 3, 3, 3, -2, 1, 1, 1, 3, 3, 3, 1, 3, 3, 3 ], [ 3, 1, 3, 1, 3, 3, 1, -2, 3, 1, 3, 1, 3, 3, 3, 1, 1 ], 
          [ 3, 1, 1, 3, 3, 3, 1, 3, -2, 3, 1, 3, 3, 1, 1, 3, 3 ], [ 1, 3, 1, 1, 3, 1, 1, 1, 3, -2, 1, 1, 3, 1, 3, 3, 1 ], 
          [ 3, 1, 1, 1, 3, 1, 3, 3, 1, 1, -2, 1, 3, 1, 1, 1, 1 ], [ 3, 3, 1, 1, 3, 1, 3, 1, 3, 1, 1, -2, 1, 3, 3, 1, 1 ], 
          [ 1, 3, 1, 3, 1, 1, 3, 3, 3, 3, 3, 1, -2, 3, 3, 3, 3 ], [ 1, 1, 1, 1, 3, 3, 1, 3, 1, 1, 1, 3, 3, -2, 1, 3, 3 ], 
          [ 3, 1, 3, 1, 1, 3, 3, 3, 1, 3, 1, 3, 3, 1, -2, 1, 3 ], [ 3, 1, 3, 1, 1, 3, 3, 1, 3, 3, 1, 1, 3, 3, 1, -2, 1 ], 
          [ 3, 1, 3, 1, 3, 1, 3, 1, 3, 1, 1, 1, 3, 3, 3, 1, -2 ] ] ], [ [ 0, 671 ], [ [ -2, 3, 1, 3, 1, 1, 1, 3, 3, 1, 3, 3, 1, 3, 3, 1, 3 ], 
          [ 3, -2, 3, 1, 3, 3, 3, 1, 1, 3, 1, 3, 3, 1, 1, 3, 1 ], [ 1, 3, -2, 3, 3, 1, 1, 3, 1, 1, 1, 1, 1, 1, 1, 1, 1 ], 
          [ 3, 1, 3, -2, 3, 3, 3, 1, 3, 1, 1, 1, 3, 3, 1, 3, 3 ], [ 1, 3, 3, 3, -2, 3, 3, 3, 3, 3, 3, 3, 3, 1, 3, 1, 3 ], 
          [ 1, 3, 1, 3, 3, -2, 3, 3, 3, 1, 1, 1, 1, 3, 1, 3, 1 ], [ 1, 3, 1, 3, 3, 3, -2, 1, 1, 1, 3, 3, 1, 3, 3, 1, 3 ], 
          [ 3, 1, 3, 1, 3, 3, 1, -2, 3, 1, 3, 1, 3, 3, 1, 3, 3 ], [ 3, 1, 1, 3, 3, 3, 1, 3, -2, 3, 1, 3, 1, 1, 3, 1, 1 ], 
          [ 1, 3, 1, 1, 3, 1, 1, 1, 3, -2, 1, 1, 3, 3, 1, 3, 3 ], [ 3, 1, 1, 1, 3, 1, 3, 3, 1, 1, -2, 1, 3, 1, 1, 3, 1 ], 
          [ 3, 3, 1, 1, 3, 1, 3, 1, 3, 1, 1, -2, 3, 3, 1, 3, 1 ], [ 1, 3, 1, 3, 3, 1, 1, 3, 1, 3, 3, 3, -2, 3, 3, 1, 3 ], 
          [ 3, 1, 1, 3, 1, 3, 3, 3, 1, 3, 1, 3, 3, -2, 1, 1, 1 ], [ 3, 1, 1, 1, 3, 1, 3, 1, 3, 1, 1, 1, 3, 1, -2, 3, 1 ], 
          [ 1, 3, 1, 3, 1, 3, 1, 3, 1, 3, 3, 3, 1, 1, 3, -2, 3 ], [ 3, 1, 1, 3, 3, 1, 3, 3, 1, 3, 1, 1, 3, 1, 1, 3, -2 ] ] ], 
  [ [ 0, 509 ], [ [ -2, 3, 1, 3, 1, 1, 1, 3, 3, 1, 3, 3, 3, 3, 1, 3, 1 ], [ 3, -2, 3, 1, 3, 3, 3, 1, 1, 3, 1, 3, 3, 1, 3, 1, 3 ], 
          [ 1, 3, -2, 3, 3, 1, 1, 3, 1, 1, 1, 1, 1, 1, 3, 3, 1 ], [ 3, 1, 3, -2, 3, 3, 3, 1, 3, 1, 1, 1, 1, 1, 1, 1, 3 ], 
          [ 1, 3, 3, 3, -2, 3, 3, 3, 3, 3, 3, 3, 3, 3, 1, 3, 1 ], [ 1, 3, 1, 3, 3, -2, 3, 3, 3, 1, 1, 1, 1, 3, 3, 3, 1 ], 
          [ 1, 3, 1, 3, 3, 3, -2, 1, 1, 1, 3, 3, 3, 1, 1, 1, 3 ], [ 3, 1, 3, 1, 3, 3, 1, -2, 3, 1, 3, 1, 3, 1, 1, 1, 3 ], 
          [ 3, 1, 1, 3, 3, 3, 1, 3, -2, 3, 1, 3, 3, 1, 3, 1, 3 ], [ 1, 3, 1, 1, 3, 1, 1, 1, 3, -2, 1, 1, 1, 1, 1, 1, 1 ], 
          [ 3, 1, 1, 1, 3, 1, 3, 3, 1, 1, -2, 1, 1, 1, 3, 1, 1 ], [ 3, 3, 1, 1, 3, 1, 3, 1, 3, 1, 1, -2, 1, 3, 3, 3, 1 ], 
          [ 3, 3, 1, 1, 3, 1, 3, 3, 3, 1, 1, 1, -2, 1, 3, 3, 1 ], [ 3, 1, 1, 1, 3, 3, 1, 1, 1, 1, 1, 3, 1, -2, 1, 1, 3 ], 
          [ 1, 3, 3, 1, 1, 3, 1, 1, 3, 1, 3, 3, 3, 1, -2, 1, 3 ], [ 3, 1, 3, 1, 3, 3, 1, 1, 1, 1, 1, 3, 3, 1, 1, -2, 3 ], 
          [ 1, 3, 1, 3, 1, 1, 3, 3, 3, 1, 1, 1, 1, 3, 3, 3, -2 ] ] ], 
  [ [ 0, 922 ], [ [ -2, 3, 1, 3, 1, 1, 1, 3, 3, 1, 3, 3, 1, 1, 3, 1, 1 ], [ 3, -2, 3, 1, 3, 3, 3, 1, 1, 3, 1, 3, 3, 3, 1, 3, 3 ], 
          [ 1, 3, -2, 3, 3, 1, 1, 3, 1, 1, 1, 1, 3, 1, 3, 1, 3 ], [ 3, 1, 3, -2, 3, 3, 3, 1, 3, 1, 1, 1, 1, 3, 1, 3, 1 ], 
          [ 1, 3, 3, 3, -2, 3, 3, 3, 3, 3, 3, 3, 3, 3, 1, 1, 1 ], [ 1, 3, 1, 3, 3, -2, 3, 3, 3, 1, 1, 1, 1, 1, 3, 3, 3 ], 
          [ 1, 3, 1, 3, 3, 3, -2, 1, 1, 1, 3, 3, 1, 1, 3, 1, 1 ], [ 3, 1, 3, 1, 3, 3, 1, -2, 3, 1, 3, 1, 1, 3, 3, 3, 1 ], 
          [ 3, 1, 1, 3, 3, 3, 1, 3, -2, 3, 1, 3, 3, 1, 1, 1, 3 ], [ 1, 3, 1, 1, 3, 1, 1, 1, 3, -2, 1, 1, 1, 3, 3, 3, 1 ], 
          [ 3, 1, 1, 1, 3, 1, 3, 3, 1, 1, -2, 1, 3, 3, 1, 3, 3 ], [ 3, 3, 1, 1, 3, 1, 3, 1, 3, 1, 1, -2, 1, 3, 3, 3, 3 ], 
          [ 1, 3, 3, 1, 3, 1, 1, 1, 3, 1, 3, 1, -2, 1, 3, 3, 1 ], [ 1, 3, 1, 3, 3, 1, 1, 3, 1, 3, 3, 3, 1, -2, 3, 1, 1 ], 
          [ 3, 1, 3, 1, 1, 3, 3, 3, 1, 3, 1, 3, 3, 3, -2, 3, 3 ], [ 1, 3, 1, 3, 1, 3, 1, 3, 1, 3, 3, 3, 3, 1, 3, -2, 1 ], 
          [ 1, 3, 3, 1, 1, 3, 1, 1, 3, 1, 3, 3, 1, 1, 3, 1, -2 ] ] ], [ [ 0, 157 ], [ [ -2, 3, 1, 3, 1, 1, 1, 3, 3, 1, 3, 1, 3, 1, 1, 3, 1 ], 
          [ 3, -2, 3, 1, 3, 3, 3, 1, 1, 3, 1, 3, 1, 3, 3, 1, 3 ], [ 1, 3, -2, 3, 3, 1, 1, 3, 1, 1, 1, 1, 3, 1, 3, 3, 1 ], 
          [ 3, 1, 3, -2, 3, 3, 3, 1, 3, 1, 1, 3, 1, 3, 3, 1, 3 ], [ 1, 3, 3, 3, -2, 3, 3, 3, 3, 3, 3, 1, 1, 1, 1, 3, 3 ], 
          [ 1, 3, 1, 3, 3, -2, 3, 3, 3, 1, 1, 1, 3, 1, 1, 3, 1 ], [ 1, 3, 1, 3, 3, 3, -2, 1, 1, 1, 3, 3, 3, 3, 3, 1, 1 ], 
          [ 3, 1, 3, 1, 3, 3, 1, -2, 3, 1, 3, 3, 1, 3, 3, 1, 3 ], [ 3, 1, 1, 3, 3, 3, 1, 3, -2, 3, 1, 3, 3, 3, 3, 1, 1 ], 
          [ 1, 3, 1, 1, 3, 1, 1, 1, 3, -2, 1, 1, 3, 3, 3, 1, 3 ], [ 3, 1, 1, 1, 3, 1, 3, 3, 1, 1, -2, 1, 3, 3, 3, 1, 3 ], 
          [ 1, 3, 1, 3, 1, 1, 3, 3, 3, 1, 1, -2, 3, 1, 1, 3, 3 ], [ 3, 1, 3, 1, 1, 3, 3, 1, 3, 3, 3, 3, -2, 3, 3, 3, 3 ], 
          [ 1, 3, 1, 3, 1, 1, 3, 3, 3, 3, 3, 1, 3, -2, 1, 3, 1 ], [ 1, 3, 3, 3, 1, 1, 3, 3, 3, 3, 3, 1, 3, 1, -2, 3, 1 ], 
          [ 3, 1, 3, 1, 3, 3, 1, 1, 1, 1, 1, 3, 3, 3, 3, -2, 3 ], [ 1, 3, 1, 3, 3, 1, 1, 3, 1, 3, 3, 3, 3, 1, 1, 3, -2 ] ] ], 
  [ [ 0, 578 ], [ [ -2, 3, 1, 3, 1, 1, 1, 3, 3, 1, 3, 3, 3, 3, 1, 3, 1 ], [ 3, -2, 3, 1, 3, 3, 3, 1, 1, 3, 1, 1, 1, 1, 1, 1, 3 ], 
          [ 1, 3, -2, 3, 3, 1, 1, 3, 1, 1, 1, 3, 3, 3, 1, 3, 3 ], [ 3, 1, 3, -2, 3, 3, 3, 1, 3, 1, 1, 1, 3, 1, 3, 1, 1 ], 
          [ 1, 3, 3, 3, -2, 3, 3, 3, 3, 3, 3, 1, 1, 3, 3, 3, 1 ], [ 1, 3, 1, 3, 3, -2, 3, 3, 3, 1, 1, 3, 3, 1, 1, 3, 3 ], 
          [ 1, 3, 1, 3, 3, 3, -2, 1, 1, 1, 3, 3, 3, 3, 1, 1, 1 ], [ 3, 1, 3, 1, 3, 3, 1, -2, 3, 1, 3, 1, 3, 1, 3, 1, 1 ], 
          [ 3, 1, 1, 3, 3, 3, 1, 3, -2, 3, 1, 3, 1, 3, 1, 1, 3 ], [ 1, 3, 1, 1, 3, 1, 1, 1, 3, -2, 1, 3, 3, 1, 1, 1, 1 ], 
          [ 3, 1, 1, 1, 3, 1, 3, 3, 1, 1, -2, 1, 1, 1, 1, 1, 3 ], [ 3, 1, 3, 1, 1, 3, 3, 1, 3, 3, 1, -2, 1, 1, 3, 1, 3 ], 
          [ 3, 1, 3, 3, 1, 3, 3, 3, 1, 3, 1, 1, -2, 1, 1, 1, 3 ], [ 3, 1, 3, 1, 3, 1, 3, 1, 3, 1, 1, 1, 1, -2, 1, 1, 3 ], 
          [ 1, 1, 1, 3, 3, 1, 1, 3, 1, 1, 1, 3, 1, 1, -2, 1, 3 ], [ 3, 1, 3, 1, 3, 3, 1, 1, 1, 1, 1, 1, 1, 1, 1, -2, 3 ], 
          [ 1, 3, 3, 1, 1, 3, 1, 1, 3, 1, 3, 3, 3, 3, 3, 3, -2 ] ] ], 
  [ [ 0, 219 ], [ [ -2, 3, 1, 3, 1, 1, 1, 3, 3, 1, 3, 3, 3, 1, 1, 3, 1 ], [ 3, -2, 3, 1, 3, 3, 3, 1, 1, 3, 1, 1, 1, 3, 3, 1, 3 ], 
          [ 1, 3, -2, 3, 3, 1, 1, 3, 1, 1, 1, 3, 3, 1, 1, 3, 3 ], [ 3, 1, 3, -2, 3, 3, 3, 1, 3, 1, 1, 1, 1, 3, 3, 1, 3 ], 
          [ 1, 3, 3, 3, -2, 3, 3, 3, 3, 3, 3, 3, 3, 3, 1, 1, 1 ], [ 1, 3, 1, 3, 3, -2, 3, 3, 3, 1, 1, 3, 1, 1, 3, 3, 1 ], 
          [ 1, 3, 1, 3, 3, 3, -2, 1, 1, 1, 3, 1, 3, 1, 1, 3, 3 ], [ 3, 1, 3, 1, 3, 3, 1, -2, 3, 1, 3, 1, 1, 1, 3, 1, 3 ], 
          [ 3, 1, 1, 3, 3, 3, 1, 3, -2, 3, 1, 1, 3, 3, 1, 3, 3 ], [ 1, 3, 1, 1, 3, 1, 1, 1, 3, -2, 1, 3, 1, 1, 3, 1, 3 ], 
          [ 3, 1, 1, 1, 3, 1, 3, 3, 1, 1, -2, 3, 1, 3, 3, 1, 3 ], [ 3, 1, 3, 1, 3, 3, 1, 1, 1, 3, 3, -2, 3, 3, 3, 3, 3 ], 
          [ 3, 1, 3, 1, 3, 1, 3, 1, 3, 1, 1, 3, -2, 1, 3, 1, 3 ], [ 1, 3, 1, 3, 3, 1, 1, 1, 3, 1, 3, 3, 1, -2, 1, 3, 1 ], 
          [ 1, 3, 1, 3, 1, 3, 1, 3, 1, 3, 3, 3, 3, 1, -2, 3, 1 ], [ 3, 1, 3, 1, 1, 3, 3, 1, 3, 1, 1, 3, 1, 3, 3, -2, 3 ], 
          [ 1, 3, 3, 3, 1, 1, 3, 3, 3, 3, 3, 3, 3, 1, 1, 3, -2 ] ] ], [ [ 0, 326 ], [ [ -2, 3, 1, 3, 1, 1, 1, 3, 3, 1, 3, 3, 3, 3, 1, 3, 1 ], 
          [ 3, -2, 3, 1, 3, 3, 3, 1, 1, 3, 1, 1, 1, 1, 3, 1, 3 ], [ 1, 3, -2, 3, 3, 1, 1, 3, 1, 1, 1, 3, 3, 3, 1, 1, 3 ], 
          [ 3, 1, 3, -2, 3, 3, 3, 1, 3, 1, 1, 1, 3, 1, 3, 3, 3 ], [ 1, 3, 3, 3, -2, 3, 3, 3, 3, 3, 3, 3, 3, 3, 1, 3, 1 ], 
          [ 1, 3, 1, 3, 3, -2, 3, 3, 3, 1, 1, 3, 3, 1, 3, 3, 1 ], [ 1, 3, 1, 3, 3, 3, -2, 1, 1, 1, 3, 1, 1, 3, 1, 1, 3 ], 
          [ 3, 1, 3, 1, 3, 3, 1, -2, 3, 1, 3, 1, 1, 1, 3, 1, 3 ], [ 3, 1, 1, 3, 3, 3, 1, 3, -2, 3, 1, 1, 1, 3, 1, 1, 3 ], 
          [ 1, 3, 1, 1, 3, 1, 1, 1, 3, -2, 1, 3, 3, 1, 3, 3, 3 ], [ 3, 1, 1, 1, 3, 1, 3, 3, 1, 1, -2, 3, 3, 1, 3, 3, 3 ], 
          [ 3, 1, 3, 1, 3, 3, 1, 1, 1, 3, 3, -2, 1, 3, 3, 1, 3 ], [ 3, 1, 3, 3, 3, 3, 1, 1, 1, 3, 3, 1, -2, 3, 3, 1, 3 ], 
          [ 3, 1, 3, 1, 3, 1, 3, 1, 3, 1, 1, 3, 3, -2, 3, 3, 1 ], [ 1, 3, 1, 3, 1, 3, 1, 3, 1, 3, 3, 3, 3, 3, -2, 1, 1 ], 
          [ 3, 1, 1, 3, 3, 3, 1, 1, 1, 3, 3, 1, 1, 3, 1, -2, 3 ], [ 1, 3, 3, 3, 1, 1, 3, 3, 3, 3, 3, 3, 3, 1, 1, 3, -2 ] ] ], 
  [ [ 0, 258 ], [ [ -2, 3, 1, 3, 1, 1, 1, 3, 3, 1, 3, 1, 1, 1, 3, 3, 1 ], [ 3, -2, 3, 1, 3, 3, 3, 1, 1, 3, 1, 3, 1, 3, 1, 1, 3 ], 
          [ 1, 3, -2, 3, 3, 1, 1, 3, 1, 1, 1, 1, 3, 1, 3, 3, 1 ], [ 3, 1, 3, -2, 3, 3, 3, 1, 3, 1, 1, 1, 3, 3, 3, 1, 3 ], 
          [ 1, 3, 3, 3, -2, 3, 3, 3, 3, 3, 3, 1, 1, 3, 1, 1, 3 ], [ 1, 3, 1, 3, 3, -2, 3, 3, 3, 1, 1, 1, 3, 1, 3, 3, 1 ], 
          [ 1, 3, 1, 3, 3, 3, -2, 1, 1, 1, 3, 3, 1, 1, 3, 3, 1 ], [ 3, 1, 3, 1, 3, 3, 1, -2, 3, 1, 3, 3, 3, 1, 3, 1, 1 ], 
          [ 3, 1, 1, 3, 3, 3, 1, 3, -2, 3, 1, 3, 1, 3, 1, 3, 3 ], [ 1, 3, 1, 1, 3, 1, 1, 1, 3, -2, 1, 1, 3, 1, 3, 3, 1 ], 
          [ 3, 1, 1, 1, 3, 1, 3, 3, 1, 1, -2, 1, 3, 3, 1, 1, 3 ], [ 1, 3, 1, 1, 1, 1, 3, 3, 3, 1, 1, -2, 3, 3, 3, 1, 3 ], 
          [ 1, 1, 3, 3, 1, 3, 1, 3, 1, 3, 3, 3, -2, 3, 1, 3, 3 ], [ 1, 3, 1, 3, 3, 1, 1, 1, 3, 1, 3, 3, 3, -2, 3, 3, 1 ], 
          [ 3, 1, 3, 3, 1, 3, 3, 3, 1, 3, 1, 3, 1, 3, -2, 1, 3 ], [ 3, 1, 3, 1, 1, 3, 3, 1, 3, 3, 1, 1, 3, 3, 1, -2, 3 ], 
          [ 1, 3, 1, 3, 3, 1, 1, 1, 3, 1, 3, 3, 3, 1, 3, 3, -2 ] ] ] ];
