AllOneAdjRecs:=[ rec(
      Gram := [ [ 2, 2, 2 ], [ 2, -2, 1 ], [ 2, 1, -2 ] ],
      Trec := rec(
          count := 1,
          grams := [ [ [ -2, 1, 1, 1, -1, 1, -1, 1, 0, 0, 0, 0, 0, 0, 0, 0, 0, 0, 0 ], [ 1, -2, -1, 0, 0, 0, 1, -1, 0, 0, 0, 0, 0, 0, 0, 0, 0, 0, 0 ], 
                  [ 1, -1, -2, -1, 0, -1, 0, -1, 0, 0, 0, 0, 0, 0, 0, 0, 0, 0, 0 ], [ 1, 0, -1, -2, 1, -1, 0, -1, 0, 0, 0, 0, 0, 0, 0, 0, 0, 0, 0 ], 
                  [ -1, 0, 0, 1, -2, 1, 0, 1, 0, 0, 0, 0, 0, 0, 0, 0, 0, 0, 0 ], [ 1, 0, -1, -1, 1, -2, 0, -1, 0, 0, 0, 0, 0, 0, 0, 0, 0, 0, 0 ], 
                  [ -1, 1, 0, 0, 0, 0, -2, 0, 0, 0, 0, 0, 0, 0, 0, 0, 0, 0, 0 ], [ 1, -1, -1, -1, 1, -1, 0, -2, 0, 0, 0, 0, 0, 0, 0, 0, 0, 0, 0 ], 
                  [ 0, 0, 0, 0, 0, 0, 0, 0, -2, 1, 1, 1, -1, 1, -1, 1, 0, 0, 0 ], [ 0, 0, 0, 0, 0, 0, 0, 0, 1, -2, -1, 0, 0, 0, 1, -1, 0, 0, 0 ], 
                  [ 0, 0, 0, 0, 0, 0, 0, 0, 1, -1, -2, -1, 0, -1, 0, -1, 0, 0, 0 ], [ 0, 0, 0, 0, 0, 0, 0, 0, 1, 0, -1, -2, 1, -1, 0, -1, 0, 0, 0 ], 
                  [ 0, 0, 0, 0, 0, 0, 0, 0, -1, 0, 0, 1, -2, 1, 0, 1, 0, 0, 0 ], [ 0, 0, 0, 0, 0, 0, 0, 0, 1, 0, -1, -1, 1, -2, 0, -1, 0, 0, 0 ], 
                  [ 0, 0, 0, 0, 0, 0, 0, 0, -1, 1, 0, 0, 0, 0, -2, 0, 0, 0, 0 ], [ 0, 0, 0, 0, 0, 0, 0, 0, 1, -1, -1, -1, 1, -1, 0, -2, 0, 0, 0 ], 
                  [ 0, 0, 0, 0, 0, 0, 0, 0, 0, 0, 0, 0, 0, 0, 0, 0, -2, 0, 0 ], [ 0, 0, 0, 0, 0, 0, 0, 0, 0, 0, 0, 0, 0, 0, 0, 0, 0, 4, -1 ], 
                  [ 0, 0, 0, 0, 0, 0, 0, 0, 0, 0, 0, 0, 0, 0, 0, 0, 0, -1, 4 ] ] ],
          method := "Nikulin uniqueness",
          spinorPrimes := [  ] ),
      adj := [ [ -2, 1 ], [ 1, -2 ] ],
      gensplcons := [ [ 0, 1, 0 ], [ 0, 0, 1 ] ],
      h := [ 1, 0, 0 ],
      isgemo := true,
      kk := 2,
      scons := [ [ [ 0, 0, 1 ], [ 2, 0, -1 ] ], [ [ 2, -1, 0 ], [ 0, 1, 0 ] ] ] ), rec(
      Gram := [ [ 2, 2, 2, 2 ], [ 2, -2, 1, 1 ], [ 2, 1, -2, 1 ], [ 2, 1, 1, -2 ] ],
      Trec := rec(
          count := 1,
          grams := [ [ [ 0, 0, 0, 0, 0, 0, 0, 0, 0, 0, 0, 0, 0, 0, 0, 0, 0, 1 ], [ 0, 0, 0, 0, 0, 0, 0, 0, 0, 0, 0, 0, 0, 0, 0, 0, 1, 0 ], 
                  [ 0, 0, -2, -1, -1, 1, 1, 1, -1, 0, 0, 0, 0, 0, 0, 1, 0, 0 ], [ 0, 0, -1, -2, 0, 1, 1, 1, 0, 0, 0, 0, 0, 0, 0, 1, 0, 0 ], 
                  [ 0, 0, -1, 0, -2, 1, 0, 0, -1, 0, 0, 0, 0, 0, 0, 0, 0, 0 ], [ 0, 0, 1, 1, 1, -2, -1, 0, 1, 0, 0, 0, 0, 0, 0, 0, 0, 0 ], 
                  [ 0, 0, 1, 1, 0, -1, -2, -1, 1, 0, 0, 0, 0, 0, 0, 0, 0, 0 ], [ 0, 0, 1, 1, 0, 0, -1, -2, 0, 0, 0, 0, 0, 0, 0, -1, 0, 0 ], 
                  [ 0, 0, -1, 0, -1, 1, 1, 0, -2, 0, 0, 0, 0, 0, 0, 0, 0, 0 ], [ 0, 0, 0, 0, 0, 0, 0, 0, 0, -2, -1, -1, -1, -1, 0, 0, 0, 0 ], 
                  [ 0, 0, 0, 0, 0, 0, 0, 0, 0, -1, -2, -1, 0, 0, 0, 0, 0, 0 ], [ 0, 0, 0, 0, 0, 0, 0, 0, 0, -1, -1, -2, 0, 0, 0, 0, 0, 0 ], 
                  [ 0, 0, 0, 0, 0, 0, 0, 0, 0, -1, 0, 0, -2, -1, 0, 0, 0, 0 ], [ 0, 0, 0, 0, 0, 0, 0, 0, 0, -1, 0, 0, -1, -2, 0, 0, 0, 0 ], 
                  [ 0, 0, 0, 0, 0, 0, 0, 0, 0, 0, 0, 0, 0, 0, -2, 0, 0, 0 ], [ 0, 0, 1, 1, 0, 0, 0, -1, 0, 0, 0, 0, 0, 0, 0, -6, 0, 0 ], 
                  [ 0, 1, 0, 0, 0, 0, 0, 0, 0, 0, 0, 0, 0, 0, 0, 0, 0, 0 ], [ 1, 0, 0, 0, 0, 0, 0, 0, 0, 0, 0, 0, 0, 0, 0, 0, 0, 0 ] ] ],
          method := "Nikulin uniqueness",
          spinorPrimes := [  ] ),
      adj := [ [ -2, 1, 1 ], [ 1, -2, 1 ], [ 1, 1, -2 ] ],
      gensplcons := [ [ 0, 1, 0, 0 ], [ 0, 0, 1, 0 ], [ 0, 0, 0, 1 ] ],
      h := [ 1, 0, 0, 0 ],
      isgemo := true,
      kk := 3,
      scons := [ [ [ 0, 0, 0, 1 ], [ 2, 0, 0, -1 ] ], [ [ 2, 0, -1, 0 ], [ 0, 0, 1, 0 ] ], [ [ 2, -1, 0, 0 ], [ 0, 1, 0, 0 ] ] ] ), rec(
      Gram := [ [ 2, 2, 2, 2, 2 ], [ 2, -2, 1, 1, 1 ], [ 2, 1, -2, 1, 1 ], [ 2, 1, 1, -2, 1 ], [ 2, 1, 1, 1, -2 ] ],
      Trec := rec(
          count := 1,
          grams := [ [ [ 0, 0, 0, 0, 0, 0, 0, 0, 0, 0, 0, 0, 0, 0, 0, 0, 1 ], [ 0, -2, -1, -1, 1, 1, 1, 0, 0, 0, 0, 0, 0, 0, 0, 0, 0 ], 
                  [ 0, -1, -2, 0, 1, 1, 0, 0, 0, 0, 0, 0, 0, 0, 0, 0, 0 ], [ 0, -1, 0, -2, 1, 0, 1, 0, 0, 0, 0, 0, 0, 0, 0, 0, 0 ], 
                  [ 0, 1, 1, 1, -2, -1, -1, 0, 0, 0, 0, 0, 0, 0, 0, 0, 0 ], [ 0, 1, 1, 0, -1, -2, 0, 0, 0, 0, 0, 0, 0, 0, 0, 0, 0 ], 
                  [ 0, 1, 0, 1, -1, 0, -2, 0, 0, 0, 0, 0, 0, 0, 0, 0, 0 ], [ 0, 0, 0, 0, 0, 0, 0, -2, -1, 0, 0, 0, 0, 0, 0, 0, 0 ], 
                  [ 0, 0, 0, 0, 0, 0, 0, -1, -2, 0, 0, 0, 0, 0, 0, 0, 0 ], [ 0, 0, 0, 0, 0, 0, 0, 0, 0, -2, -1, 1, -1, 1, -1, 0, 0 ], 
                  [ 0, 0, 0, 0, 0, 0, 0, 0, 0, -1, -2, 1, 0, 1, 0, 0, 0 ], [ 0, 0, 0, 0, 0, 0, 0, 0, 0, 1, 1, -2, 0, -1, 0, 0, 0 ], 
                  [ 0, 0, 0, 0, 0, 0, 0, 0, 0, -1, 0, 0, -2, 0, -1, 0, 0 ], [ 0, 0, 0, 0, 0, 0, 0, 0, 0, 1, 1, -1, 0, -2, 0, 0, 0 ], 
                  [ 0, 0, 0, 0, 0, 0, 0, 0, 0, -1, 0, 0, -1, 0, -2, 0, 0 ], [ 0, 0, 0, 0, 0, 0, 0, 0, 0, 0, 0, 0, 0, 0, 0, 6, 0 ], 
                  [ 1, 0, 0, 0, 0, 0, 0, 0, 0, 0, 0, 0, 0, 0, 0, 0, 0 ] ] ],
          method := "Nikulin uniqueness",
          spinorPrimes := [  ] ),
      adj := [ [ -2, 1, 1, 1 ], [ 1, -2, 1, 1 ], [ 1, 1, -2, 1 ], [ 1, 1, 1, -2 ] ],
      gensplcons := [ [ 0, 1, 0, 0, 0 ], [ 0, 0, 1, 0, 0 ], [ 0, 0, 0, 1, 0 ], [ 0, 0, 0, 0, 1 ] ],
      h := [ 1, 0, 0, 0, 0 ],
      isgemo := true,
      kk := 4,
      scons := [ [ [ 0, 0, 0, 0, 1 ], [ 2, 0, 0, 0, -1 ] ], [ [ 2, 0, 0, -1, 0 ], [ 0, 0, 0, 1, 0 ] ], [ [ 2, 0, -1, 0, 0 ], [ 0, 0, 1, 0, 0 ] ], 
          [ [ 2, -1, 0, 0, 0 ], [ 0, 1, 0, 0, 0 ] ] ] ), rec(
      Gram := [ [ 2, 2, 2, 2, 2, 2 ], [ 2, -2, 1, 1, 1, 1 ], [ 2, 1, -2, 1, 1, 1 ], [ 2, 1, 1, -2, 1, 1 ], [ 2, 1, 1, 1, -2, 1 ], [ 2, 1, 1, 1, 1, -2 ] ],
      Trec := rec(
          count := 1,
          grams := [ [ [ 0, 0, 0, 0, 0, 0, 0, 0, 0, 0, 0, 0, 0, 0, 0, 1 ], [ 0, 0, 0, 0, 0, 0, 0, 0, 0, 0, 0, 0, 0, 0, 3, 0 ], 
                  [ 0, 0, -2, 1, 1, 1, -1, -1, 1, 1, 0, 0, 0, 0, 0, 0 ], [ 0, 0, 1, -2, -1, -1, 0, 0, -1, -1, 0, 0, 0, 0, 0, 0 ], 
                  [ 0, 0, 1, -1, -2, 0, 0, 1, 0, -1, 0, 0, 0, 0, 0, 0 ], [ 0, 0, 1, -1, 0, -2, 1, 0, -1, -1, 0, 0, 0, 0, -1, 0 ], 
                  [ 0, 0, -1, 0, 0, 1, -2, -1, 0, 1, 0, 0, 0, 0, -1, 0 ], [ 0, 0, -1, 0, 1, 0, -1, -2, 0, 1, 0, 0, 0, 0, 2, 0 ], 
                  [ 0, 0, 1, -1, 0, -1, 0, 0, -2, 0, 0, 0, 0, 0, -2, 0 ], [ 0, 0, 1, -1, -1, -1, 1, 1, 0, -2, 0, 0, 0, 0, 0, 0 ], 
                  [ 0, 0, 0, 0, 0, 0, 0, 0, 0, 0, -2, -1, 0, 0, 0, 0 ], [ 0, 0, 0, 0, 0, 0, 0, 0, 0, 0, -1, -2, 0, 0, 0, 0 ], 
                  [ 0, 0, 0, 0, 0, 0, 0, 0, 0, 0, 0, 0, -2, 0, 0, 0 ], [ 0, 0, 0, 0, 0, 0, 0, 0, 0, 0, 0, 0, 0, -24, 0, 0 ], 
                  [ 0, 3, 0, 0, 0, -1, -1, 2, -2, 0, 0, 0, 0, 0, -2, 0 ], [ 1, 0, 0, 0, 0, 0, 0, 0, 0, 0, 0, 0, 0, 0, 0, 0 ] ] ],
          method := "Nikulin uniqueness",
          spinorPrimes := [  ] ),
      adj := [ [ -2, 1, 1, 1, 1 ], [ 1, -2, 1, 1, 1 ], [ 1, 1, -2, 1, 1 ], [ 1, 1, 1, -2, 1 ], [ 1, 1, 1, 1, -2 ] ],
      gensplcons := [ [ 0, 1, 0, 0, 0, 0 ], [ 0, 0, 1, 0, 0, 0 ], [ 0, 0, 0, 1, 0, 0 ], [ 0, 0, 0, 0, 1, 0 ], [ 0, 0, 0, 0, 0, 1 ] ],
      h := [ 1, 0, 0, 0, 0, 0 ],
      isgemo := true,
      kk := 5,
      scons := [ [ [ 0, 0, 0, 0, 0, 1 ], [ 2, 0, 0, 0, 0, -1 ] ], [ [ 2, 0, 0, 0, -1, 0 ], [ 0, 0, 0, 0, 1, 0 ] ], [ [ 2, 0, 0, -1, 0, 0 ], [ 0, 0, 0, 1, 0, 0 ] ], 
          [ [ 2, 0, -1, 0, 0, 0 ], [ 0, 0, 1, 0, 0, 0 ] ], [ [ 2, -1, 0, 0, 0, 0 ], [ 0, 1, 0, 0, 0, 0 ] ] ] ), rec(
      Gram := [ [ 2, 2, 2, 2, 2, 2, 2 ], [ 2, -2, 1, 1, 1, 1, 1 ], [ 2, 1, -2, 1, 1, 1, 1 ], [ 2, 1, 1, -2, 1, 1, 1 ], [ 2, 1, 1, 1, -2, 1, 1 ], 
          [ 2, 1, 1, 1, 1, -2, 1 ], [ 2, 1, 1, 1, 1, 1, -2 ] ],
      Trec := rec(
          count := 1,
          grams := [ [ [ 0, 0, 0, 0, 0, 0, 0, 0, 0, 0, 0, 0, 0, 0, 1 ], [ 0, 0, 0, 0, 0, 0, 0, 0, 0, 0, 0, 0, 0, 3, 0 ], 
                  [ 0, 0, -2, 1, -1, -1, 1, -1, 0, 0, 0, 0, 0, 0, 0 ], [ 0, 0, 1, -2, 0, 1, 0, 0, 0, 0, 0, 0, 0, 0, 0 ], [ 0, 0, -1, 0, -2, -1, 1, -1, 0, 0, 0, 0, 0, 0, 0 ], 
                  [ 0, 0, -1, 1, -1, -2, 0, -1, 0, 0, 0, 0, 0, 0, 0 ], [ 0, 0, 1, 0, 1, 0, -2, 1, 0, 0, 0, 0, 0, 0, 0 ], [ 0, 0, -1, 0, -1, -1, 1, -2, 0, 0, 0, 0, 0, 0, 0 ], 
                  [ 0, 0, 0, 0, 0, 0, 0, 0, -2, 0, 0, 1, 0, 1, 0 ], [ 0, 0, 0, 0, 0, 0, 0, 0, 0, -2, 0, 0, 0, 0, 0 ], [ 0, 0, 0, 0, 0, 0, 0, 0, 0, 0, -2, -1, 1, 0, 0 ], 
                  [ 0, 0, 0, 0, 0, 0, 0, 0, 1, 0, -1, -4, 2, 1, 0 ], [ 0, 0, 0, 0, 0, 0, 0, 0, 0, 0, 1, 2, -8, 0, 0 ], [ 0, 3, 0, 0, 0, 0, 0, 0, 1, 0, 0, 1, 0, -2, 0 ], 
                  [ 1, 0, 0, 0, 0, 0, 0, 0, 0, 0, 0, 0, 0, 0, 0 ] ] ],
          method := "Nikulin uniqueness",
          spinorPrimes := [  ] ),
      adj := [ [ -2, 1, 1, 1, 1, 1 ], [ 1, -2, 1, 1, 1, 1 ], [ 1, 1, -2, 1, 1, 1 ], [ 1, 1, 1, -2, 1, 1 ], [ 1, 1, 1, 1, -2, 1 ], [ 1, 1, 1, 1, 1, -2 ] ],
      gensplcons := [ [ 0, 1, 0, 0, 0, 0, 0 ], [ 0, 0, 1, 0, 0, 0, 0 ], [ 0, 0, 0, 1, 0, 0, 0 ], [ 0, 0, 0, 0, 1, 0, 0 ], [ 0, 0, 0, 0, 0, 1, 0 ], [ 0, 0, 0, 0, 0, 0, 1 ] ],
      h := [ 1, 0, 0, 0, 0, 0, 0 ],
      isgemo := true,
      kk := 6,
      scons := [ [ [ 0, 0, 0, 0, 0, 0, 1 ], [ 2, 0, 0, 0, 0, 0, -1 ] ], [ [ 2, 0, 0, 0, 0, -1, 0 ], [ 0, 0, 0, 0, 0, 1, 0 ] ], 
          [ [ 2, 0, 0, 0, -1, 0, 0 ], [ 0, 0, 0, 0, 1, 0, 0 ] ], [ [ 2, 0, 0, -1, 0, 0, 0 ], [ 0, 0, 0, 1, 0, 0, 0 ] ], [ [ 2, 0, -1, 0, 0, 0, 0 ], [ 0, 0, 1, 0, 0, 0, 0 ] ],
          [ [ 2, -1, 0, 0, 0, 0, 0 ], [ 0, 1, 0, 0, 0, 0, 0 ] ] ] ), rec(
      Gram := [ [ 2, 2, 2, 2, 2, 2, 2, 2 ], [ 2, -2, 1, 1, 1, 1, 1, 1 ], [ 2, 1, -2, 1, 1, 1, 1, 1 ], [ 2, 1, 1, -2, 1, 1, 1, 1 ], 
          [ 2, 1, 1, 1, -2, 1, 1, 1 ], [ 2, 1, 1, 1, 1, -2, 1, 1 ], [ 2, 1, 1, 1, 1, 1, -2, 1 ], [ 2, 1, 1, 1, 1, 1, 1, -2 ] ],
      Trec := rec(
          count := 1,
          grams := [ [ [ -2, 1, -1, 1, -1, 1, 1, 1, 0, 0, 0, 0, 0, 0 ], [ 1, -2, 1, -1, 0, -1, -1, 0, 0, 0, 0, 0, 0, 0 ], [ -1, 1, -2, 1, 0, 1, 1, 0, 0, 0, 0, 0, 0, 0 ], 
                  [ 1, -1, 1, -2, 1, 0, 0, 0, 0, 0, 0, 0, 0, 0 ], [ -1, 0, 0, 1, -2, 1, 0, 0, 0, 0, 0, 0, 0, 0 ], [ 1, -1, 1, 0, 1, -2, 0, -1, 0, 0, 0, 1, 0, 0 ], 
                  [ 1, -1, 1, 0, 0, 0, -2, -1, 0, 0, 0, 0, 0, 0 ], [ 1, 0, 0, 0, 0, -1, -1, -2, 0, 0, 0, 0, 0, 0 ], [ 0, 0, 0, 0, 0, 0, 0, 0, -2, -1, 0, 0, 0, 0 ], 
                  [ 0, 0, 0, 0, 0, 0, 0, 0, -1, -2, 0, 0, 0, 0 ], [ 0, 0, 0, 0, 0, 0, 0, 0, 0, 0, -2, 0, 0, 0 ], [ 0, 0, 0, 0, 0, 1, 0, 0, 0, 0, 0, -2, 0, 0 ], 
                  [ 0, 0, 0, 0, 0, 0, 0, 0, 0, 0, 0, 0, 6, 3 ], [ 0, 0, 0, 0, 0, 0, 0, 0, 0, 0, 0, 0, 3, -6 ] ] ],
          method := "Nikulin uniqueness",
          spinorPrimes := [  ] ),
      adj := [ [ -2, 1, 1, 1, 1, 1, 1 ], [ 1, -2, 1, 1, 1, 1, 1 ], [ 1, 1, -2, 1, 1, 1, 1 ], [ 1, 1, 1, -2, 1, 1, 1 ], [ 1, 1, 1, 1, -2, 1, 1 ], 
          [ 1, 1, 1, 1, 1, -2, 1 ], [ 1, 1, 1, 1, 1, 1, -2 ] ],
      gensplcons := [ [ 0, 1, 0, 0, 0, 0, 0, 0 ], [ 0, 0, 1, 0, 0, 0, 0, 0 ], [ 0, 0, 0, 1, 0, 0, 0, 0 ], [ 0, 0, 0, 0, 1, 0, 0, 0 ], 
          [ 0, 0, 0, 0, 0, 1, 0, 0 ], [ 0, 0, 0, 0, 0, 0, 1, 0 ], [ 0, 0, 0, 0, 0, 0, 0, 1 ] ],
      h := [ 1, 0, 0, 0, 0, 0, 0, 0 ],
      isgemo := true,
      kk := 7,
      scons := [ [ [ 0, 0, 0, 0, 0, 0, 0, 1 ], [ 2, 0, 0, 0, 0, 0, 0, -1 ] ], [ [ 2, 0, 0, 0, 0, 0, -1, 0 ], [ 0, 0, 0, 0, 0, 0, 1, 0 ] ], 
          [ [ 2, 0, 0, 0, 0, -1, 0, 0 ], [ 0, 0, 0, 0, 0, 1, 0, 0 ] ], [ [ 2, 0, 0, 0, -1, 0, 0, 0 ], [ 0, 0, 0, 0, 1, 0, 0, 0 ] ], 
          [ [ 2, 0, 0, -1, 0, 0, 0, 0 ], [ 0, 0, 0, 1, 0, 0, 0, 0 ] ], [ [ 2, 0, -1, 0, 0, 0, 0, 0 ], [ 0, 0, 1, 0, 0, 0, 0, 0 ] ], 
          [ [ 2, -1, 0, 0, 0, 0, 0, 0 ], [ 0, 1, 0, 0, 0, 0, 0, 0 ] ] ] ), rec(
      Gram := [ [ 2, 2, 2, 2, 2, 2, 2, 2, 2 ], [ 2, -2, 1, 1, 1, 1, 1, 1, 1 ], [ 2, 1, -2, 1, 1, 1, 1, 1, 1 ], [ 2, 1, 1, -2, 1, 1, 1, 1, 1 ], 
          [ 2, 1, 1, 1, -2, 1, 1, 1, 1 ], [ 2, 1, 1, 1, 1, -2, 1, 1, 1 ], [ 2, 1, 1, 1, 1, 1, -2, 1, 1 ], [ 2, 1, 1, 1, 1, 1, 1, -2, 1 ], [ 2, 1, 1, 1, 1, 1, 1, 1, -2 ] ],
      Trec := rec(
          count := 1,
          grams := [ [ [ 0, 0, 0, 0, 0, 0, 0, 0, 0, 0, 0, 0, 3 ], [ 0, -2, 1, 1, -1, -1, 1, -1, -1, 1, 1, -1, -1 ], [ 0, 1, -2, 0, 1, 1, 0, 0, 1, -1, -1, 1, 0 ], 
                  [ 0, 1, 0, -2, 0, 0, -1, 0, 1, -1, -1, 1, 1 ], [ 0, -1, 1, 0, -2, -1, 0, 0, -1, 1, 1, -1, 1 ], [ 0, -1, 1, 0, -1, -2, 0, 0, -1, 1, 0, -1, -1 ], 
                  [ 0, 1, 0, -1, 0, 0, -2, 1, 0, 0, -1, 0, 0 ], [ 0, -1, 0, 0, 0, 0, 1, -4, 0, 0, 1, 0, 0 ], [ 0, -1, 1, 1, -1, -1, 0, 0, -4, 1, 0, -1, -1 ], 
                  [ 0, 1, -1, -1, 1, 1, 0, 0, 1, -4, 0, 1, 1 ], [ 0, 1, -1, -1, 1, 0, -1, 1, 0, 0, -6, 0, -3 ], [ 0, -1, 1, 1, -1, -1, 0, 0, -1, 1, 0, 14, -1 ], 
                  [ 3, -1, 0, 1, 1, -1, 0, 0, -1, 1, -3, -1, 0 ] ] ],
          method := "Nikulin uniqueness",
          spinorPrimes := [  ] ),
      adj := [ [ -2, 1, 1, 1, 1, 1, 1, 1 ], [ 1, -2, 1, 1, 1, 1, 1, 1 ], [ 1, 1, -2, 1, 1, 1, 1, 1 ], [ 1, 1, 1, -2, 1, 1, 1, 1 ], 
          [ 1, 1, 1, 1, -2, 1, 1, 1 ], [ 1, 1, 1, 1, 1, -2, 1, 1 ], [ 1, 1, 1, 1, 1, 1, -2, 1 ], [ 1, 1, 1, 1, 1, 1, 1, -2 ] ],
      gensplcons := [ [ 0, 1, 0, 0, 0, 0, 0, 0, 0 ], [ 0, 0, 1, 0, 0, 0, 0, 0, 0 ], [ 0, 0, 0, 1, 0, 0, 0, 0, 0 ], [ 0, 0, 0, 0, 1, 0, 0, 0, 0 ], 
          [ 0, 0, 0, 0, 0, 1, 0, 0, 0 ], [ 0, 0, 0, 0, 0, 0, 1, 0, 0 ], [ 0, 0, 0, 0, 0, 0, 0, 1, 0 ], [ 0, 0, 0, 0, 0, 0, 0, 0, 1 ] ],
      h := [ 1, 0, 0, 0, 0, 0, 0, 0, 0 ],
      isgemo := true,
      kk := 8,
      scons := [ [ [ 0, 0, 0, 0, 0, 0, 0, 0, 1 ], [ 2, 0, 0, 0, 0, 0, 0, 0, -1 ] ], [ [ 2, 0, 0, 0, 0, 0, 0, -1, 0 ], [ 0, 0, 0, 0, 0, 0, 0, 1, 0 ] ], 
          [ [ 2, 0, 0, 0, 0, 0, -1, 0, 0 ], [ 0, 0, 0, 0, 0, 0, 1, 0, 0 ] ], [ [ 2, 0, 0, 0, 0, -1, 0, 0, 0 ], [ 0, 0, 0, 0, 0, 1, 0, 0, 0 ] ], 
          [ [ 2, 0, 0, 0, -1, 0, 0, 0, 0 ], [ 0, 0, 0, 0, 1, 0, 0, 0, 0 ] ], [ [ 2, 0, 0, -1, 0, 0, 0, 0, 0 ], [ 0, 0, 0, 1, 0, 0, 0, 0, 0 ] ], 
          [ [ 2, 0, -1, 0, 0, 0, 0, 0, 0 ], [ 0, 0, 1, 0, 0, 0, 0, 0, 0 ] ], [ [ 2, -1, 0, 0, 0, 0, 0, 0, 0 ], [ 0, 1, 0, 0, 0, 0, 0, 0, 0 ] ] ] ), rec(
      Gram := [ [ 2, 2, 2, 2, 2, 2, 2, 2, 2, 2 ], [ 2, -2, 1, 1, 1, 1, 1, 1, 1, 1 ], [ 2, 1, -2, 1, 1, 1, 1, 1, 1, 1 ], 
          [ 2, 1, 1, -2, 1, 1, 1, 1, 1, 1 ], [ 2, 1, 1, 1, -2, 1, 1, 1, 1, 1 ], [ 2, 1, 1, 1, 1, -2, 1, 1, 1, 1 ], [ 2, 1, 1, 1, 1, 1, -2, 1, 1, 1 ], 
          [ 2, 1, 1, 1, 1, 1, 1, -2, 1, 1 ], [ 2, 1, 1, 1, 1, 1, 1, 1, -2, 1 ], [ 2, 1, 1, 1, 1, 1, 1, 1, 1, -2 ] ],
      Trec := rec(
          count := 1,
          grams := [ [ [ 0, 0, 0, 0, 0, 0, 0, 0, 0, 0, 0, 1 ], [ 0, -2, 0, 1, -1, -1, -1, 1, 0, 1, 0, 0 ], [ 0, 0, -2, -1, 1, -1, -1, -1, 1, 0, 1, 0 ], 
                  [ 0, 1, -1, -4, 1, 0, 0, -1, -1, -2, 2, 0 ], [ 0, -1, 1, 1, -4, 0, 0, 1, -2, 2, -2, 0 ], [ 0, -1, -1, 0, 0, -4, -1, 0, 2, 2, 2, 0 ], 
                  [ 0, -1, -1, 0, 0, -1, -4, 0, 2, 2, 2, 0 ], [ 0, 1, -1, -1, 1, 0, 0, -4, 2, -2, 2, 0 ], [ 0, 0, 1, -1, -2, 2, 2, 2, -8, 0, -2, 0 ], 
                  [ 0, 1, 0, -2, 2, 2, 2, -2, 0, -8, -3, 0 ], [ 0, 0, 1, 2, -2, 2, 2, 2, -2, -3, 4, 0 ], [ 1, 0, 0, 0, 0, 0, 0, 0, 0, 0, 0, 0 ] ] ],
          method := "Nikulin uniqueness",
          spinorPrimes := [  ] ),
      adj := [ [ -2, 1, 1, 1, 1, 1, 1, 1, 1 ], [ 1, -2, 1, 1, 1, 1, 1, 1, 1 ], [ 1, 1, -2, 1, 1, 1, 1, 1, 1 ], [ 1, 1, 1, -2, 1, 1, 1, 1, 1 ], 
          [ 1, 1, 1, 1, -2, 1, 1, 1, 1 ], [ 1, 1, 1, 1, 1, -2, 1, 1, 1 ], [ 1, 1, 1, 1, 1, 1, -2, 1, 1 ], [ 1, 1, 1, 1, 1, 1, 1, -2, 1 ], [ 1, 1, 1, 1, 1, 1, 1, 1, -2 ] ],
      gensplcons := [ [ 0, 1, 0, 0, 0, 0, 0, 0, 0, 0 ], [ 0, 0, 1, 0, 0, 0, 0, 0, 0, 0 ], [ 0, 0, 0, 1, 0, 0, 0, 0, 0, 0 ], 
          [ 0, 0, 0, 0, 1, 0, 0, 0, 0, 0 ], [ 0, 0, 0, 0, 0, 1, 0, 0, 0, 0 ], [ 0, 0, 0, 0, 0, 0, 1, 0, 0, 0 ], [ 0, 0, 0, 0, 0, 0, 0, 1, 0, 0 ], 
          [ 0, 0, 0, 0, 0, 0, 0, 0, 1, 0 ], [ 0, 0, 0, 0, 0, 0, 0, 0, 0, 1 ] ],
      h := [ 1, 0, 0, 0, 0, 0, 0, 0, 0, 0 ],
      isgemo := true,
      kk := 9,
      scons := [ [ [ 0, 0, 0, 0, 0, 0, 0, 0, 0, 1 ], [ 2, 0, 0, 0, 0, 0, 0, 0, 0, -1 ] ], [ [ 2, 0, 0, 0, 0, 0, 0, 0, -1, 0 ], [ 0, 0, 0, 0, 0, 0, 0, 0, 1, 0 ] ], 
          [ [ 2, 0, 0, 0, 0, 0, 0, -1, 0, 0 ], [ 0, 0, 0, 0, 0, 0, 0, 1, 0, 0 ] ], [ [ 2, 0, 0, 0, 0, 0, -1, 0, 0, 0 ], [ 0, 0, 0, 0, 0, 0, 1, 0, 0, 0 ] ], 
          [ [ 2, 0, 0, 0, 0, -1, 0, 0, 0, 0 ], [ 0, 0, 0, 0, 0, 1, 0, 0, 0, 0 ] ], [ [ 2, 0, 0, 0, -1, 0, 0, 0, 0, 0 ], [ 0, 0, 0, 0, 1, 0, 0, 0, 0, 0 ] ], 
          [ [ 2, 0, 0, -1, 0, 0, 0, 0, 0, 0 ], [ 0, 0, 0, 1, 0, 0, 0, 0, 0, 0 ] ], [ [ 2, 0, -1, 0, 0, 0, 0, 0, 0, 0 ], [ 0, 0, 1, 0, 0, 0, 0, 0, 0, 0 ] ], 
          [ [ 2, -1, 0, 0, 0, 0, 0, 0, 0, 0 ], [ 0, 1, 0, 0, 0, 0, 0, 0, 0, 0 ] ] ] ), rec(
      Gram := [ [ 2, 2, 2, 2, 2, 2, 2, 2, 2, 2, 2 ], [ 2, -2, 1, 1, 1, 1, 1, 1, 1, 1, 1 ], [ 2, 1, -2, 1, 1, 1, 1, 1, 1, 1, 1 ], 
          [ 2, 1, 1, -2, 1, 1, 1, 1, 1, 1, 1 ], [ 2, 1, 1, 1, -2, 1, 1, 1, 1, 1, 1 ], [ 2, 1, 1, 1, 1, -2, 1, 1, 1, 1, 1 ], [ 2, 1, 1, 1, 1, 1, -2, 1, 1, 1, 1 ], 
          [ 2, 1, 1, 1, 1, 1, 1, -2, 1, 1, 1 ], [ 2, 1, 1, 1, 1, 1, 1, 1, -2, 1, 1 ], [ 2, 1, 1, 1, 1, 1, 1, 1, 1, -2, 1 ], [ 2, 1, 1, 1, 1, 1, 1, 1, 1, 1, -2 ] ],
      Trec := rec(
          count := 1,
          grams := [ [ [ 0, 0, 0, 0, 0, 0, 0, 0, 0, 0, 3 ], [ 0, 0, 0, 0, 0, 0, 0, 0, 0, 3, 0 ], [ 0, 0, -2, 0, 0, -1, 0, 0, 0, -1, 0 ], 
                  [ 0, 0, 0, -2, -1, 0, 0, 0, 0, 0, 0 ], [ 0, 0, 0, -1, -2, 0, 0, 0, 0, 0, 0 ], [ 0, 0, -1, 0, 0, -2, 0, 0, 0, -2, 0 ], [ 0, 0, 0, 0, 0, 0, -6, -3, 0, 0, 0 ],
                  [ 0, 0, 0, 0, 0, 0, -3, -12, -3, 0, 0 ], [ 0, 0, 0, 0, 0, 0, 0, -3, -12, 0, 0 ], [ 0, 3, -1, 0, 0, -2, 0, 0, 0, -2, 0 ], 
                  [ 3, 0, 0, 0, 0, 0, 0, 0, 0, 0, 0 ] ] ],
          method := "Nikulin uniqueness",
          spinorPrimes := [  ] ),
      adj := [ [ -2, 1, 1, 1, 1, 1, 1, 1, 1, 1 ], [ 1, -2, 1, 1, 1, 1, 1, 1, 1, 1 ], [ 1, 1, -2, 1, 1, 1, 1, 1, 1, 1 ], 
          [ 1, 1, 1, -2, 1, 1, 1, 1, 1, 1 ], [ 1, 1, 1, 1, -2, 1, 1, 1, 1, 1 ], [ 1, 1, 1, 1, 1, -2, 1, 1, 1, 1 ], [ 1, 1, 1, 1, 1, 1, -2, 1, 1, 1 ], 
          [ 1, 1, 1, 1, 1, 1, 1, -2, 1, 1 ], [ 1, 1, 1, 1, 1, 1, 1, 1, -2, 1 ], [ 1, 1, 1, 1, 1, 1, 1, 1, 1, -2 ] ],
      gensplcons := [ [ 0, 1, 0, 0, 0, 0, 0, 0, 0, 0, 0 ], [ 0, 0, 1, 0, 0, 0, 0, 0, 0, 0, 0 ], [ 0, 0, 0, 1, 0, 0, 0, 0, 0, 0, 0 ], 
          [ 0, 0, 0, 0, 1, 0, 0, 0, 0, 0, 0 ], [ 0, 0, 0, 0, 0, 1, 0, 0, 0, 0, 0 ], [ 0, 0, 0, 0, 0, 0, 1, 0, 0, 0, 0 ], [ 0, 0, 0, 0, 0, 0, 0, 1, 0, 0, 0 ], 
          [ 0, 0, 0, 0, 0, 0, 0, 0, 1, 0, 0 ], [ 0, 0, 0, 0, 0, 0, 0, 0, 0, 1, 0 ], [ 0, 0, 0, 0, 0, 0, 0, 0, 0, 0, 1 ] ],
      h := [ 1, 0, 0, 0, 0, 0, 0, 0, 0, 0, 0 ],
      isgemo := true,
      kk := 10,
      scons := [ [ [ 0, 0, 0, 0, 0, 0, 0, 0, 0, 0, 1 ], [ 2, 0, 0, 0, 0, 0, 0, 0, 0, 0, -1 ] ], [ [ 2, 0, 0, 0, 0, 0, 0, 0, 0, -1, 0 ], [ 0, 0, 0, 0, 0, 0, 0, 0, 0, 1, 0 ] ],
          [ [ 2, 0, 0, 0, 0, 0, 0, 0, -1, 0, 0 ], [ 0, 0, 0, 0, 0, 0, 0, 0, 1, 0, 0 ] ], [ [ 2, 0, 0, 0, 0, 0, 0, -1, 0, 0, 0 ], [ 0, 0, 0, 0, 0, 0, 0, 1, 0, 0, 0 ] ], 
          [ [ 2, 0, 0, 0, 0, 0, -1, 0, 0, 0, 0 ], [ 0, 0, 0, 0, 0, 0, 1, 0, 0, 0, 0 ] ], [ [ 2, 0, 0, 0, 0, -1, 0, 0, 0, 0, 0 ], [ 0, 0, 0, 0, 0, 1, 0, 0, 0, 0, 0 ] ], 
          [ [ 2, 0, 0, 0, -1, 0, 0, 0, 0, 0, 0 ], [ 0, 0, 0, 0, 1, 0, 0, 0, 0, 0, 0 ] ], [ [ 2, 0, 0, -1, 0, 0, 0, 0, 0, 0, 0 ], [ 0, 0, 0, 1, 0, 0, 0, 0, 0, 0, 0 ] ], 
          [ [ 2, 0, -1, 0, 0, 0, 0, 0, 0, 0, 0 ], [ 0, 0, 1, 0, 0, 0, 0, 0, 0, 0, 0 ] ], [ [ 2, -1, 0, 0, 0, 0, 0, 0, 0, 0, 0 ], [ 0, 1, 0, 0, 0, 0, 0, 0, 0, 0, 0 ] ] ] ), 
  rec(
      Gram := [ [ 2, 2, 2, 2, 2, 2, 2, 2, 2, 2, 2, 2 ], [ 2, -2, 1, 1, 1, 1, 1, 1, 1, 1, 1, 1 ], [ 2, 1, -2, 1, 1, 1, 1, 1, 1, 1, 1, 1 ], 
          [ 2, 1, 1, -2, 1, 1, 1, 1, 1, 1, 1, 1 ], [ 2, 1, 1, 1, -2, 1, 1, 1, 1, 1, 1, 1 ], [ 2, 1, 1, 1, 1, -2, 1, 1, 1, 1, 1, 1 ], [ 2, 1, 1, 1, 1, 1, -2, 1, 1, 1, 1, 1 ], 
          [ 2, 1, 1, 1, 1, 1, 1, -2, 1, 1, 1, 1 ], [ 2, 1, 1, 1, 1, 1, 1, 1, -2, 1, 1, 1 ], [ 2, 1, 1, 1, 1, 1, 1, 1, 1, -2, 1, 1 ], 
          [ 2, 1, 1, 1, 1, 1, 1, 1, 1, 1, -2, 1 ], [ 2, 1, 1, 1, 1, 1, 1, 1, 1, 1, 1, -2 ] ],
      adj := [ [ -2, 1, 1, 1, 1, 1, 1, 1, 1, 1, 1 ], [ 1, -2, 1, 1, 1, 1, 1, 1, 1, 1, 1 ], [ 1, 1, -2, 1, 1, 1, 1, 1, 1, 1, 1 ], 
          [ 1, 1, 1, -2, 1, 1, 1, 1, 1, 1, 1 ], [ 1, 1, 1, 1, -2, 1, 1, 1, 1, 1, 1 ], [ 1, 1, 1, 1, 1, -2, 1, 1, 1, 1, 1 ], [ 1, 1, 1, 1, 1, 1, -2, 1, 1, 1, 1 ], 
          [ 1, 1, 1, 1, 1, 1, 1, -2, 1, 1, 1 ], [ 1, 1, 1, 1, 1, 1, 1, 1, -2, 1, 1 ], [ 1, 1, 1, 1, 1, 1, 1, 1, 1, -2, 1 ], [ 1, 1, 1, 1, 1, 1, 1, 1, 1, 1, -2 ] ],
      gensplcons := [ [ 0, 1, 0, 0, 0, 0, 0, 0, 0, 0, 0, 0 ], [ 0, 0, 1, 0, 0, 0, 0, 0, 0, 0, 0, 0 ], [ 0, 0, 0, 1, 0, 0, 0, 0, 0, 0, 0, 0 ], 
          [ 0, 0, 0, 0, 1, 0, 0, 0, 0, 0, 0, 0 ], [ 0, 0, 0, 0, 0, 1, 0, 0, 0, 0, 0, 0 ], [ 0, 0, 0, 0, 0, 0, 1, 0, 0, 0, 0, 0 ], [ 0, 0, 0, 0, 0, 0, 0, 1, 0, 0, 0, 0 ], 
          [ 0, 0, 0, 0, 0, 0, 0, 0, 1, 0, 0, 0 ], [ 0, 0, 0, 0, 0, 0, 0, 0, 0, 1, 0, 0 ], [ 0, 0, 0, 0, 0, 0, 0, 0, 0, 0, 1, 0 ], [ 0, 0, 0, 0, 0, 0, 0, 0, 0, 0, 0, 1 ] ],
      h := [ 1, 0, 0, 0, 0, 0, 0, 0, 0, 0, 0, 0 ],
      isgemo := [ false, 4 ],
      kk := 11 ), rec(
      Gram := [ [ 2, 2, 2, 2, 2, 2, 2, 2, 2, 2, 2, 2, 2 ], [ 2, -2, 1, 1, 1, 1, 1, 1, 1, 1, 1, 1, 1 ], [ 2, 1, -2, 1, 1, 1, 1, 1, 1, 1, 1, 1, 1 ], 
          [ 2, 1, 1, -2, 1, 1, 1, 1, 1, 1, 1, 1, 1 ], [ 2, 1, 1, 1, -2, 1, 1, 1, 1, 1, 1, 1, 1 ], [ 2, 1, 1, 1, 1, -2, 1, 1, 1, 1, 1, 1, 1 ], 
          [ 2, 1, 1, 1, 1, 1, -2, 1, 1, 1, 1, 1, 1 ], [ 2, 1, 1, 1, 1, 1, 1, -2, 1, 1, 1, 1, 1 ], [ 2, 1, 1, 1, 1, 1, 1, 1, -2, 1, 1, 1, 1 ], 
          [ 2, 1, 1, 1, 1, 1, 1, 1, 1, -2, 1, 1, 1 ], [ 2, 1, 1, 1, 1, 1, 1, 1, 1, 1, -2, 1, 1 ], 
          [ 2, 1, 1, 1, 1, 1, 1, 1, 1, 1, 1, -2, 1 ], [ 2, 1, 1, 1, 1, 1, 1, 1, 1, 1, 1, 1, -2 ] ],
      adj := [ [ -2, 1, 1, 1, 1, 1, 1, 1, 1, 1, 1, 1 ], [ 1, -2, 1, 1, 1, 1, 1, 1, 1, 1, 1, 1 ], [ 1, 1, -2, 1, 1, 1, 1, 1, 1, 1, 1, 1 ], 
          [ 1, 1, 1, -2, 1, 1, 1, 1, 1, 1, 1, 1 ], [ 1, 1, 1, 1, -2, 1, 1, 1, 1, 1, 1, 1 ], [ 1, 1, 1, 1, 1, -2, 1, 1, 1, 1, 1, 1 ], [ 1, 1, 1, 1, 1, 1, -2, 1, 1, 1, 1, 1 ], 
          [ 1, 1, 1, 1, 1, 1, 1, -2, 1, 1, 1, 1 ], [ 1, 1, 1, 1, 1, 1, 1, 1, -2, 1, 1, 1 ], [ 1, 1, 1, 1, 1, 1, 1, 1, 1, -2, 1, 1 ], 
          [ 1, 1, 1, 1, 1, 1, 1, 1, 1, 1, -2, 1 ], [ 1, 1, 1, 1, 1, 1, 1, 1, 1, 1, 1, -2 ] ],
      gensplcons := [ [ 0, 1, 0, 0, 0, 0, 0, 0, 0, 0, 0, 0, 0 ], [ 0, 0, 1, 0, 0, 0, 0, 0, 0, 0, 0, 0, 0 ], [ 0, 0, 0, 1, 0, 0, 0, 0, 0, 0, 0, 0, 0 ], 
          [ 0, 0, 0, 0, 1, 0, 0, 0, 0, 0, 0, 0, 0 ], [ 0, 0, 0, 0, 0, 1, 0, 0, 0, 0, 0, 0, 0 ], [ 0, 0, 0, 0, 0, 0, 1, 0, 0, 0, 0, 0, 0 ], 
          [ 0, 0, 0, 0, 0, 0, 0, 1, 0, 0, 0, 0, 0 ], [ 0, 0, 0, 0, 0, 0, 0, 0, 1, 0, 0, 0, 0 ], [ 0, 0, 0, 0, 0, 0, 0, 0, 0, 1, 0, 0, 0 ], 
          [ 0, 0, 0, 0, 0, 0, 0, 0, 0, 0, 1, 0, 0 ], [ 0, 0, 0, 0, 0, 0, 0, 0, 0, 0, 0, 1, 0 ], [ 0, 0, 0, 0, 0, 0, 0, 0, 0, 0, 0, 0, 1 ] ],
      h := [ 1, 0, 0, 0, 0, 0, 0, 0, 0, 0, 0, 0, 0 ],
      isgemo := [ false, 4 ],
      kk := 12 ), rec(
      Gram := [ [ 2, 2, 2, 2, 2, 2, 2, 2, 2, 2, 2, 2, 2, 2 ], [ 2, -2, 1, 1, 1, 1, 1, 1, 1, 1, 1, 1, 1, 1 ], [ 2, 1, -2, 1, 1, 1, 1, 1, 1, 1, 1, 1, 1, 1 ], 
          [ 2, 1, 1, -2, 1, 1, 1, 1, 1, 1, 1, 1, 1, 1 ], [ 2, 1, 1, 1, -2, 1, 1, 1, 1, 1, 1, 1, 1, 1 ], [ 2, 1, 1, 1, 1, -2, 1, 1, 1, 1, 1, 1, 1, 1 ], 
          [ 2, 1, 1, 1, 1, 1, -2, 1, 1, 1, 1, 1, 1, 1 ], [ 2, 1, 1, 1, 1, 1, 1, -2, 1, 1, 1, 1, 1, 1 ], [ 2, 1, 1, 1, 1, 1, 1, 1, -2, 1, 1, 1, 1, 1 ], 
          [ 2, 1, 1, 1, 1, 1, 1, 1, 1, -2, 1, 1, 1, 1 ], [ 2, 1, 1, 1, 1, 1, 1, 1, 1, 1, -2, 1, 1, 1 ], [ 2, 1, 1, 1, 1, 1, 1, 1, 1, 1, 1, -2, 1, 1 ], 
          [ 2, 1, 1, 1, 1, 1, 1, 1, 1, 1, 1, 1, -2, 1 ], [ 2, 1, 1, 1, 1, 1, 1, 1, 1, 1, 1, 1, 1, -2 ] ],
      adj := [ [ -2, 1, 1, 1, 1, 1, 1, 1, 1, 1, 1, 1, 1 ], [ 1, -2, 1, 1, 1, 1, 1, 1, 1, 1, 1, 1, 1 ], [ 1, 1, -2, 1, 1, 1, 1, 1, 1, 1, 1, 1, 1 ], 
          [ 1, 1, 1, -2, 1, 1, 1, 1, 1, 1, 1, 1, 1 ], [ 1, 1, 1, 1, -2, 1, 1, 1, 1, 1, 1, 1, 1 ], [ 1, 1, 1, 1, 1, -2, 1, 1, 1, 1, 1, 1, 1 ], 
          [ 1, 1, 1, 1, 1, 1, -2, 1, 1, 1, 1, 1, 1 ], [ 1, 1, 1, 1, 1, 1, 1, -2, 1, 1, 1, 1, 1 ], [ 1, 1, 1, 1, 1, 1, 1, 1, -2, 1, 1, 1, 1 ], 
          [ 1, 1, 1, 1, 1, 1, 1, 1, 1, -2, 1, 1, 1 ], [ 1, 1, 1, 1, 1, 1, 1, 1, 1, 1, -2, 1, 1 ], 
          [ 1, 1, 1, 1, 1, 1, 1, 1, 1, 1, 1, -2, 1 ], [ 1, 1, 1, 1, 1, 1, 1, 1, 1, 1, 1, 1, -2 ] ],
      gensplcons := [ [ 0, 1, 0, 0, 0, 0, 0, 0, 0, 0, 0, 0, 0, 0 ], [ 0, 0, 1, 0, 0, 0, 0, 0, 0, 0, 0, 0, 0, 0 ], [ 0, 0, 0, 1, 0, 0, 0, 0, 0, 0, 0, 0, 0, 0 ], 
          [ 0, 0, 0, 0, 1, 0, 0, 0, 0, 0, 0, 0, 0, 0 ], [ 0, 0, 0, 0, 0, 1, 0, 0, 0, 0, 0, 0, 0, 0 ], [ 0, 0, 0, 0, 0, 0, 1, 0, 0, 0, 0, 0, 0, 0 ], 
          [ 0, 0, 0, 0, 0, 0, 0, 1, 0, 0, 0, 0, 0, 0 ], [ 0, 0, 0, 0, 0, 0, 0, 0, 1, 0, 0, 0, 0, 0 ], [ 0, 0, 0, 0, 0, 0, 0, 0, 0, 1, 0, 0, 0, 0 ], 
          [ 0, 0, 0, 0, 0, 0, 0, 0, 0, 0, 1, 0, 0, 0 ], [ 0, 0, 0, 0, 0, 0, 0, 0, 0, 0, 0, 1, 0, 0 ], [ 0, 0, 0, 0, 0, 0, 0, 0, 0, 0, 0, 0, 1, 0 ], 
          [ 0, 0, 0, 0, 0, 0, 0, 0, 0, 0, 0, 0, 0, 1 ] ],
      h := [ 1, 0, 0, 0, 0, 0, 0, 0, 0, 0, 0, 0, 0, 0 ],
      isgemo := [ false, 4 ],
      kk := 13 ), rec(
      Gram := [ [ 2, 2, 2, 2, 2, 2, 2, 2, 2, 2, 2, 2, 2, 2, 2 ], [ 2, -2, 1, 1, 1, 1, 1, 1, 1, 1, 1, 1, 1, 1, 1 ], [ 2, 1, -2, 1, 1, 1, 1, 1, 1, 1, 1, 1, 1, 1, 1 ], 
          [ 2, 1, 1, -2, 1, 1, 1, 1, 1, 1, 1, 1, 1, 1, 1 ], [ 2, 1, 1, 1, -2, 1, 1, 1, 1, 1, 1, 1, 1, 1, 1 ], [ 2, 1, 1, 1, 1, -2, 1, 1, 1, 1, 1, 1, 1, 1, 1 ], 
          [ 2, 1, 1, 1, 1, 1, -2, 1, 1, 1, 1, 1, 1, 1, 1 ], [ 2, 1, 1, 1, 1, 1, 1, -2, 1, 1, 1, 1, 1, 1, 1 ], [ 2, 1, 1, 1, 1, 1, 1, 1, -2, 1, 1, 1, 1, 1, 1 ], 
          [ 2, 1, 1, 1, 1, 1, 1, 1, 1, -2, 1, 1, 1, 1, 1 ], [ 2, 1, 1, 1, 1, 1, 1, 1, 1, 1, -2, 1, 1, 1, 1 ], [ 2, 1, 1, 1, 1, 1, 1, 1, 1, 1, 1, -2, 1, 1, 1 ], 
          [ 2, 1, 1, 1, 1, 1, 1, 1, 1, 1, 1, 1, -2, 1, 1 ], [ 2, 1, 1, 1, 1, 1, 1, 1, 1, 1, 1, 1, 1, -2, 1 ], [ 2, 1, 1, 1, 1, 1, 1, 1, 1, 1, 1, 1, 1, 1, -2 ] ],
      adj := [ [ -2, 1, 1, 1, 1, 1, 1, 1, 1, 1, 1, 1, 1, 1 ], [ 1, -2, 1, 1, 1, 1, 1, 1, 1, 1, 1, 1, 1, 1 ], [ 1, 1, -2, 1, 1, 1, 1, 1, 1, 1, 1, 1, 1, 1 ], 
          [ 1, 1, 1, -2, 1, 1, 1, 1, 1, 1, 1, 1, 1, 1 ], [ 1, 1, 1, 1, -2, 1, 1, 1, 1, 1, 1, 1, 1, 1 ], [ 1, 1, 1, 1, 1, -2, 1, 1, 1, 1, 1, 1, 1, 1 ], 
          [ 1, 1, 1, 1, 1, 1, -2, 1, 1, 1, 1, 1, 1, 1 ], [ 1, 1, 1, 1, 1, 1, 1, -2, 1, 1, 1, 1, 1, 1 ], [ 1, 1, 1, 1, 1, 1, 1, 1, -2, 1, 1, 1, 1, 1 ], 
          [ 1, 1, 1, 1, 1, 1, 1, 1, 1, -2, 1, 1, 1, 1 ], [ 1, 1, 1, 1, 1, 1, 1, 1, 1, 1, -2, 1, 1, 1 ], [ 1, 1, 1, 1, 1, 1, 1, 1, 1, 1, 1, -2, 1, 1 ], 
          [ 1, 1, 1, 1, 1, 1, 1, 1, 1, 1, 1, 1, -2, 1 ], [ 1, 1, 1, 1, 1, 1, 1, 1, 1, 1, 1, 1, 1, -2 ] ],
      gensplcons := [ [ 0, 1, 0, 0, 0, 0, 0, 0, 0, 0, 0, 0, 0, 0, 0 ], [ 0, 0, 1, 0, 0, 0, 0, 0, 0, 0, 0, 0, 0, 0, 0 ], [ 0, 0, 0, 1, 0, 0, 0, 0, 0, 0, 0, 0, 0, 0, 0 ], 
          [ 0, 0, 0, 0, 1, 0, 0, 0, 0, 0, 0, 0, 0, 0, 0 ], [ 0, 0, 0, 0, 0, 1, 0, 0, 0, 0, 0, 0, 0, 0, 0 ], [ 0, 0, 0, 0, 0, 0, 1, 0, 0, 0, 0, 0, 0, 0, 0 ], 
          [ 0, 0, 0, 0, 0, 0, 0, 1, 0, 0, 0, 0, 0, 0, 0 ], [ 0, 0, 0, 0, 0, 0, 0, 0, 1, 0, 0, 0, 0, 0, 0 ], [ 0, 0, 0, 0, 0, 0, 0, 0, 0, 1, 0, 0, 0, 0, 0 ], 
          [ 0, 0, 0, 0, 0, 0, 0, 0, 0, 0, 1, 0, 0, 0, 0 ], [ 0, 0, 0, 0, 0, 0, 0, 0, 0, 0, 0, 1, 0, 0, 0 ], [ 0, 0, 0, 0, 0, 0, 0, 0, 0, 0, 0, 0, 1, 0, 0 ], 
          [ 0, 0, 0, 0, 0, 0, 0, 0, 0, 0, 0, 0, 0, 1, 0 ], [ 0, 0, 0, 0, 0, 0, 0, 0, 0, 0, 0, 0, 0, 0, 1 ] ],
      h := [ 1, 0, 0, 0, 0, 0, 0, 0, 0, 0, 0, 0, 0, 0, 0 ],
      isgemo := [ false, 4 ],
      kk := 14 ), rec(
      Gram := [ [ 2, 2, 2, 2, 2, 2, 2, 2, 2, 2, 2, 2, 2, 2, 2, 2 ], [ 2, -2, 1, 1, 1, 1, 1, 1, 1, 1, 1, 1, 1, 1, 1, 1 ], 
          [ 2, 1, -2, 1, 1, 1, 1, 1, 1, 1, 1, 1, 1, 1, 1, 1 ], [ 2, 1, 1, -2, 1, 1, 1, 1, 1, 1, 1, 1, 1, 1, 1, 1 ], [ 2, 1, 1, 1, -2, 1, 1, 1, 1, 1, 1, 1, 1, 1, 1, 1 ], 
          [ 2, 1, 1, 1, 1, -2, 1, 1, 1, 1, 1, 1, 1, 1, 1, 1 ], [ 2, 1, 1, 1, 1, 1, -2, 1, 1, 1, 1, 1, 1, 1, 1, 1 ], [ 2, 1, 1, 1, 1, 1, 1, -2, 1, 1, 1, 1, 1, 1, 1, 1 ], 
          [ 2, 1, 1, 1, 1, 1, 1, 1, -2, 1, 1, 1, 1, 1, 1, 1 ], [ 2, 1, 1, 1, 1, 1, 1, 1, 1, -2, 1, 1, 1, 1, 1, 1 ], [ 2, 1, 1, 1, 1, 1, 1, 1, 1, 1, -2, 1, 1, 1, 1, 1 ], 
          [ 2, 1, 1, 1, 1, 1, 1, 1, 1, 1, 1, -2, 1, 1, 1, 1 ], [ 2, 1, 1, 1, 1, 1, 1, 1, 1, 1, 1, 1, -2, 1, 1, 1 ], [ 2, 1, 1, 1, 1, 1, 1, 1, 1, 1, 1, 1, 1, -2, 1, 1 ], 
          [ 2, 1, 1, 1, 1, 1, 1, 1, 1, 1, 1, 1, 1, 1, -2, 1 ], [ 2, 1, 1, 1, 1, 1, 1, 1, 1, 1, 1, 1, 1, 1, 1, -2 ] ],
      adj := [ [ -2, 1, 1, 1, 1, 1, 1, 1, 1, 1, 1, 1, 1, 1, 1 ], [ 1, -2, 1, 1, 1, 1, 1, 1, 1, 1, 1, 1, 1, 1, 1 ], [ 1, 1, -2, 1, 1, 1, 1, 1, 1, 1, 1, 1, 1, 1, 1 ], 
          [ 1, 1, 1, -2, 1, 1, 1, 1, 1, 1, 1, 1, 1, 1, 1 ], [ 1, 1, 1, 1, -2, 1, 1, 1, 1, 1, 1, 1, 1, 1, 1 ], [ 1, 1, 1, 1, 1, -2, 1, 1, 1, 1, 1, 1, 1, 1, 1 ], 
          [ 1, 1, 1, 1, 1, 1, -2, 1, 1, 1, 1, 1, 1, 1, 1 ], [ 1, 1, 1, 1, 1, 1, 1, -2, 1, 1, 1, 1, 1, 1, 1 ], [ 1, 1, 1, 1, 1, 1, 1, 1, -2, 1, 1, 1, 1, 1, 1 ], 
          [ 1, 1, 1, 1, 1, 1, 1, 1, 1, -2, 1, 1, 1, 1, 1 ], [ 1, 1, 1, 1, 1, 1, 1, 1, 1, 1, -2, 1, 1, 1, 1 ], [ 1, 1, 1, 1, 1, 1, 1, 1, 1, 1, 1, -2, 1, 1, 1 ], 
          [ 1, 1, 1, 1, 1, 1, 1, 1, 1, 1, 1, 1, -2, 1, 1 ], [ 1, 1, 1, 1, 1, 1, 1, 1, 1, 1, 1, 1, 1, -2, 1 ], [ 1, 1, 1, 1, 1, 1, 1, 1, 1, 1, 1, 1, 1, 1, -2 ] ],
      gensplcons := [ [ 0, 1, 0, 0, 0, 0, 0, 0, 0, 0, 0, 0, 0, 0, 0, 0 ], [ 0, 0, 1, 0, 0, 0, 0, 0, 0, 0, 0, 0, 0, 0, 0, 0 ], 
          [ 0, 0, 0, 1, 0, 0, 0, 0, 0, 0, 0, 0, 0, 0, 0, 0 ], [ 0, 0, 0, 0, 1, 0, 0, 0, 0, 0, 0, 0, 0, 0, 0, 0 ], [ 0, 0, 0, 0, 0, 1, 0, 0, 0, 0, 0, 0, 0, 0, 0, 0 ], 
          [ 0, 0, 0, 0, 0, 0, 1, 0, 0, 0, 0, 0, 0, 0, 0, 0 ], [ 0, 0, 0, 0, 0, 0, 0, 1, 0, 0, 0, 0, 0, 0, 0, 0 ], [ 0, 0, 0, 0, 0, 0, 0, 0, 1, 0, 0, 0, 0, 0, 0, 0 ], 
          [ 0, 0, 0, 0, 0, 0, 0, 0, 0, 1, 0, 0, 0, 0, 0, 0 ], [ 0, 0, 0, 0, 0, 0, 0, 0, 0, 0, 1, 0, 0, 0, 0, 0 ], [ 0, 0, 0, 0, 0, 0, 0, 0, 0, 0, 0, 1, 0, 0, 0, 0 ], 
          [ 0, 0, 0, 0, 0, 0, 0, 0, 0, 0, 0, 0, 1, 0, 0, 0 ], [ 0, 0, 0, 0, 0, 0, 0, 0, 0, 0, 0, 0, 0, 1, 0, 0 ], [ 0, 0, 0, 0, 0, 0, 0, 0, 0, 0, 0, 0, 0, 0, 1, 0 ], 
          [ 0, 0, 0, 0, 0, 0, 0, 0, 0, 0, 0, 0, 0, 0, 0, 1 ] ],
      h := [ 1, 0, 0, 0, 0, 0, 0, 0, 0, 0, 0, 0, 0, 0, 0, 0 ],
      isgemo := [ false, 4 ],
      kk := 15 ), rec(
      Gram := [ [ 2, 2, 2, 2, 2, 2, 2, 2, 2, 2, 2, 2, 2, 2, 2, 2, 2 ], [ 2, -2, 1, 1, 1, 1, 1, 1, 1, 1, 1, 1, 1, 1, 1, 1, 1 ], 
          [ 2, 1, -2, 1, 1, 1, 1, 1, 1, 1, 1, 1, 1, 1, 1, 1, 1 ], [ 2, 1, 1, -2, 1, 1, 1, 1, 1, 1, 1, 1, 1, 1, 1, 1, 1 ], 
          [ 2, 1, 1, 1, -2, 1, 1, 1, 1, 1, 1, 1, 1, 1, 1, 1, 1 ], [ 2, 1, 1, 1, 1, -2, 1, 1, 1, 1, 1, 1, 1, 1, 1, 1, 1 ], 
          [ 2, 1, 1, 1, 1, 1, -2, 1, 1, 1, 1, 1, 1, 1, 1, 1, 1 ], [ 2, 1, 1, 1, 1, 1, 1, -2, 1, 1, 1, 1, 1, 1, 1, 1, 1 ], 
          [ 2, 1, 1, 1, 1, 1, 1, 1, -2, 1, 1, 1, 1, 1, 1, 1, 1 ], [ 2, 1, 1, 1, 1, 1, 1, 1, 1, -2, 1, 1, 1, 1, 1, 1, 1 ], 
          [ 2, 1, 1, 1, 1, 1, 1, 1, 1, 1, -2, 1, 1, 1, 1, 1, 1 ], [ 2, 1, 1, 1, 1, 1, 1, 1, 1, 1, 1, -2, 1, 1, 1, 1, 1 ], 
          [ 2, 1, 1, 1, 1, 1, 1, 1, 1, 1, 1, 1, -2, 1, 1, 1, 1 ], [ 2, 1, 1, 1, 1, 1, 1, 1, 1, 1, 1, 1, 1, -2, 1, 1, 1 ], 
          [ 2, 1, 1, 1, 1, 1, 1, 1, 1, 1, 1, 1, 1, 1, -2, 1, 1 ], [ 2, 1, 1, 1, 1, 1, 1, 1, 1, 1, 1, 1, 1, 1, 1, -2, 1 ], 
          [ 2, 1, 1, 1, 1, 1, 1, 1, 1, 1, 1, 1, 1, 1, 1, 1, -2 ] ],
      adj := [ [ -2, 1, 1, 1, 1, 1, 1, 1, 1, 1, 1, 1, 1, 1, 1, 1 ], [ 1, -2, 1, 1, 1, 1, 1, 1, 1, 1, 1, 1, 1, 1, 1, 1 ], 
          [ 1, 1, -2, 1, 1, 1, 1, 1, 1, 1, 1, 1, 1, 1, 1, 1 ], [ 1, 1, 1, -2, 1, 1, 1, 1, 1, 1, 1, 1, 1, 1, 1, 1 ], [ 1, 1, 1, 1, -2, 1, 1, 1, 1, 1, 1, 1, 1, 1, 1, 1 ], 
          [ 1, 1, 1, 1, 1, -2, 1, 1, 1, 1, 1, 1, 1, 1, 1, 1 ], [ 1, 1, 1, 1, 1, 1, -2, 1, 1, 1, 1, 1, 1, 1, 1, 1 ], [ 1, 1, 1, 1, 1, 1, 1, -2, 1, 1, 1, 1, 1, 1, 1, 1 ], 
          [ 1, 1, 1, 1, 1, 1, 1, 1, -2, 1, 1, 1, 1, 1, 1, 1 ], [ 1, 1, 1, 1, 1, 1, 1, 1, 1, -2, 1, 1, 1, 1, 1, 1 ], [ 1, 1, 1, 1, 1, 1, 1, 1, 1, 1, -2, 1, 1, 1, 1, 1 ], 
          [ 1, 1, 1, 1, 1, 1, 1, 1, 1, 1, 1, -2, 1, 1, 1, 1 ], [ 1, 1, 1, 1, 1, 1, 1, 1, 1, 1, 1, 1, -2, 1, 1, 1 ], [ 1, 1, 1, 1, 1, 1, 1, 1, 1, 1, 1, 1, 1, -2, 1, 1 ], 
          [ 1, 1, 1, 1, 1, 1, 1, 1, 1, 1, 1, 1, 1, 1, -2, 1 ], [ 1, 1, 1, 1, 1, 1, 1, 1, 1, 1, 1, 1, 1, 1, 1, -2 ] ],
      gensplcons := [ [ 0, 1, 0, 0, 0, 0, 0, 0, 0, 0, 0, 0, 0, 0, 0, 0, 0 ], [ 0, 0, 1, 0, 0, 0, 0, 0, 0, 0, 0, 0, 0, 0, 0, 0, 0 ], 
          [ 0, 0, 0, 1, 0, 0, 0, 0, 0, 0, 0, 0, 0, 0, 0, 0, 0 ], [ 0, 0, 0, 0, 1, 0, 0, 0, 0, 0, 0, 0, 0, 0, 0, 0, 0 ], [ 0, 0, 0, 0, 0, 1, 0, 0, 0, 0, 0, 0, 0, 0, 0, 0, 0 ],
          [ 0, 0, 0, 0, 0, 0, 1, 0, 0, 0, 0, 0, 0, 0, 0, 0, 0 ], [ 0, 0, 0, 0, 0, 0, 0, 1, 0, 0, 0, 0, 0, 0, 0, 0, 0 ], 
          [ 0, 0, 0, 0, 0, 0, 0, 0, 1, 0, 0, 0, 0, 0, 0, 0, 0 ], [ 0, 0, 0, 0, 0, 0, 0, 0, 0, 1, 0, 0, 0, 0, 0, 0, 0 ], [ 0, 0, 0, 0, 0, 0, 0, 0, 0, 0, 1, 0, 0, 0, 0, 0, 0 ],
          [ 0, 0, 0, 0, 0, 0, 0, 0, 0, 0, 0, 1, 0, 0, 0, 0, 0 ], [ 0, 0, 0, 0, 0, 0, 0, 0, 0, 0, 0, 0, 1, 0, 0, 0, 0 ], 
          [ 0, 0, 0, 0, 0, 0, 0, 0, 0, 0, 0, 0, 0, 1, 0, 0, 0 ], [ 0, 0, 0, 0, 0, 0, 0, 0, 0, 0, 0, 0, 0, 0, 1, 0, 0 ], [ 0, 0, 0, 0, 0, 0, 0, 0, 0, 0, 0, 0, 0, 0, 0, 1, 0 ],
          [ 0, 0, 0, 0, 0, 0, 0, 0, 0, 0, 0, 0, 0, 0, 0, 0, 1 ] ],
      h := [ 1, 0, 0, 0, 0, 0, 0, 0, 0, 0, 0, 0, 0, 0, 0, 0, 0 ],
      isgemo := [ false, 4 ],
      kk := 16 ), rec(
      Gram := [ [ 2, 2, 2, 2, 2, 2, 2, 2, 2, 2, 2, 2, 2, 2, 2, 2, 2, 2 ], [ 2, -2, 1, 1, 1, 1, 1, 1, 1, 1, 1, 1, 1, 1, 1, 1, 1, 1 ], 
          [ 2, 1, -2, 1, 1, 1, 1, 1, 1, 1, 1, 1, 1, 1, 1, 1, 1, 1 ], [ 2, 1, 1, -2, 1, 1, 1, 1, 1, 1, 1, 1, 1, 1, 1, 1, 1, 1 ], 
          [ 2, 1, 1, 1, -2, 1, 1, 1, 1, 1, 1, 1, 1, 1, 1, 1, 1, 1 ], [ 2, 1, 1, 1, 1, -2, 1, 1, 1, 1, 1, 1, 1, 1, 1, 1, 1, 1 ], 
          [ 2, 1, 1, 1, 1, 1, -2, 1, 1, 1, 1, 1, 1, 1, 1, 1, 1, 1 ], [ 2, 1, 1, 1, 1, 1, 1, -2, 1, 1, 1, 1, 1, 1, 1, 1, 1, 1 ], 
          [ 2, 1, 1, 1, 1, 1, 1, 1, -2, 1, 1, 1, 1, 1, 1, 1, 1, 1 ], [ 2, 1, 1, 1, 1, 1, 1, 1, 1, -2, 1, 1, 1, 1, 1, 1, 1, 1 ], 
          [ 2, 1, 1, 1, 1, 1, 1, 1, 1, 1, -2, 1, 1, 1, 1, 1, 1, 1 ], [ 2, 1, 1, 1, 1, 1, 1, 1, 1, 1, 1, -2, 1, 1, 1, 1, 1, 1 ], 
          [ 2, 1, 1, 1, 1, 1, 1, 1, 1, 1, 1, 1, -2, 1, 1, 1, 1, 1 ], [ 2, 1, 1, 1, 1, 1, 1, 1, 1, 1, 1, 1, 1, -2, 1, 1, 1, 1 ], 
          [ 2, 1, 1, 1, 1, 1, 1, 1, 1, 1, 1, 1, 1, 1, -2, 1, 1, 1 ], [ 2, 1, 1, 1, 1, 1, 1, 1, 1, 1, 1, 1, 1, 1, 1, -2, 1, 1 ], 
          [ 2, 1, 1, 1, 1, 1, 1, 1, 1, 1, 1, 1, 1, 1, 1, 1, -2, 1 ], [ 2, 1, 1, 1, 1, 1, 1, 1, 1, 1, 1, 1, 1, 1, 1, 1, 1, -2 ] ],
      adj := [ [ -2, 1, 1, 1, 1, 1, 1, 1, 1, 1, 1, 1, 1, 1, 1, 1, 1 ], [ 1, -2, 1, 1, 1, 1, 1, 1, 1, 1, 1, 1, 1, 1, 1, 1, 1 ], 
          [ 1, 1, -2, 1, 1, 1, 1, 1, 1, 1, 1, 1, 1, 1, 1, 1, 1 ], [ 1, 1, 1, -2, 1, 1, 1, 1, 1, 1, 1, 1, 1, 1, 1, 1, 1 ], 
          [ 1, 1, 1, 1, -2, 1, 1, 1, 1, 1, 1, 1, 1, 1, 1, 1, 1 ], [ 1, 1, 1, 1, 1, -2, 1, 1, 1, 1, 1, 1, 1, 1, 1, 1, 1 ], 
          [ 1, 1, 1, 1, 1, 1, -2, 1, 1, 1, 1, 1, 1, 1, 1, 1, 1 ], [ 1, 1, 1, 1, 1, 1, 1, -2, 1, 1, 1, 1, 1, 1, 1, 1, 1 ], 
          [ 1, 1, 1, 1, 1, 1, 1, 1, -2, 1, 1, 1, 1, 1, 1, 1, 1 ], [ 1, 1, 1, 1, 1, 1, 1, 1, 1, -2, 1, 1, 1, 1, 1, 1, 1 ], 
          [ 1, 1, 1, 1, 1, 1, 1, 1, 1, 1, -2, 1, 1, 1, 1, 1, 1 ], [ 1, 1, 1, 1, 1, 1, 1, 1, 1, 1, 1, -2, 1, 1, 1, 1, 1 ], 
          [ 1, 1, 1, 1, 1, 1, 1, 1, 1, 1, 1, 1, -2, 1, 1, 1, 1 ], [ 1, 1, 1, 1, 1, 1, 1, 1, 1, 1, 1, 1, 1, -2, 1, 1, 1 ], 
          [ 1, 1, 1, 1, 1, 1, 1, 1, 1, 1, 1, 1, 1, 1, -2, 1, 1 ], [ 1, 1, 1, 1, 1, 1, 1, 1, 1, 1, 1, 1, 1, 1, 1, -2, 1 ], 
          [ 1, 1, 1, 1, 1, 1, 1, 1, 1, 1, 1, 1, 1, 1, 1, 1, -2 ] ],
      gensplcons := [ [ 0, 1, 0, 0, 0, 0, 0, 0, 0, 0, 0, 0, 0, 0, 0, 0, 0, 0 ], [ 0, 0, 1, 0, 0, 0, 0, 0, 0, 0, 0, 0, 0, 0, 0, 0, 0, 0 ], 
          [ 0, 0, 0, 1, 0, 0, 0, 0, 0, 0, 0, 0, 0, 0, 0, 0, 0, 0 ], [ 0, 0, 0, 0, 1, 0, 0, 0, 0, 0, 0, 0, 0, 0, 0, 0, 0, 0 ], 
          [ 0, 0, 0, 0, 0, 1, 0, 0, 0, 0, 0, 0, 0, 0, 0, 0, 0, 0 ], [ 0, 0, 0, 0, 0, 0, 1, 0, 0, 0, 0, 0, 0, 0, 0, 0, 0, 0 ], 
          [ 0, 0, 0, 0, 0, 0, 0, 1, 0, 0, 0, 0, 0, 0, 0, 0, 0, 0 ], [ 0, 0, 0, 0, 0, 0, 0, 0, 1, 0, 0, 0, 0, 0, 0, 0, 0, 0 ], 
          [ 0, 0, 0, 0, 0, 0, 0, 0, 0, 1, 0, 0, 0, 0, 0, 0, 0, 0 ], [ 0, 0, 0, 0, 0, 0, 0, 0, 0, 0, 1, 0, 0, 0, 0, 0, 0, 0 ], 
          [ 0, 0, 0, 0, 0, 0, 0, 0, 0, 0, 0, 1, 0, 0, 0, 0, 0, 0 ], [ 0, 0, 0, 0, 0, 0, 0, 0, 0, 0, 0, 0, 1, 0, 0, 0, 0, 0 ], 
          [ 0, 0, 0, 0, 0, 0, 0, 0, 0, 0, 0, 0, 0, 1, 0, 0, 0, 0 ], [ 0, 0, 0, 0, 0, 0, 0, 0, 0, 0, 0, 0, 0, 0, 1, 0, 0, 0 ], 
          [ 0, 0, 0, 0, 0, 0, 0, 0, 0, 0, 0, 0, 0, 0, 0, 1, 0, 0 ], [ 0, 0, 0, 0, 0, 0, 0, 0, 0, 0, 0, 0, 0, 0, 0, 0, 1, 0 ], 
          [ 0, 0, 0, 0, 0, 0, 0, 0, 0, 0, 0, 0, 0, 0, 0, 0, 0, 1 ] ],
      h := [ 1, 0, 0, 0, 0, 0, 0, 0, 0, 0, 0, 0, 0, 0, 0, 0, 0, 0 ],
      isgemo := [ false, 4 ],
      kk := 17 ), rec(
      Gram := [ [ 2, 2, 2, 2, 2, 2, 2, 2, 2, 2, 2, 2, 2, 2, 2, 2, 2, 2, 2 ], [ 2, -2, 1, 1, 1, 1, 1, 1, 1, 1, 1, 1, 1, 1, 1, 1, 1, 1, 1 ], 
          [ 2, 1, -2, 1, 1, 1, 1, 1, 1, 1, 1, 1, 1, 1, 1, 1, 1, 1, 1 ], [ 2, 1, 1, -2, 1, 1, 1, 1, 1, 1, 1, 1, 1, 1, 1, 1, 1, 1, 1 ], 
          [ 2, 1, 1, 1, -2, 1, 1, 1, 1, 1, 1, 1, 1, 1, 1, 1, 1, 1, 1 ], [ 2, 1, 1, 1, 1, -2, 1, 1, 1, 1, 1, 1, 1, 1, 1, 1, 1, 1, 1 ], 
          [ 2, 1, 1, 1, 1, 1, -2, 1, 1, 1, 1, 1, 1, 1, 1, 1, 1, 1, 1 ], [ 2, 1, 1, 1, 1, 1, 1, -2, 1, 1, 1, 1, 1, 1, 1, 1, 1, 1, 1 ], 
          [ 2, 1, 1, 1, 1, 1, 1, 1, -2, 1, 1, 1, 1, 1, 1, 1, 1, 1, 1 ], [ 2, 1, 1, 1, 1, 1, 1, 1, 1, -2, 1, 1, 1, 1, 1, 1, 1, 1, 1 ], 
          [ 2, 1, 1, 1, 1, 1, 1, 1, 1, 1, -2, 1, 1, 1, 1, 1, 1, 1, 1 ], [ 2, 1, 1, 1, 1, 1, 1, 1, 1, 1, 1, -2, 1, 1, 1, 1, 1, 1, 1 ], 
          [ 2, 1, 1, 1, 1, 1, 1, 1, 1, 1, 1, 1, -2, 1, 1, 1, 1, 1, 1 ], [ 2, 1, 1, 1, 1, 1, 1, 1, 1, 1, 1, 1, 1, -2, 1, 1, 1, 1, 1 ], 
          [ 2, 1, 1, 1, 1, 1, 1, 1, 1, 1, 1, 1, 1, 1, -2, 1, 1, 1, 1 ], [ 2, 1, 1, 1, 1, 1, 1, 1, 1, 1, 1, 1, 1, 1, 1, -2, 1, 1, 1 ], 
          [ 2, 1, 1, 1, 1, 1, 1, 1, 1, 1, 1, 1, 1, 1, 1, 1, -2, 1, 1 ], [ 2, 1, 1, 1, 1, 1, 1, 1, 1, 1, 1, 1, 1, 1, 1, 1, 1, -2, 1 ], 
          [ 2, 1, 1, 1, 1, 1, 1, 1, 1, 1, 1, 1, 1, 1, 1, 1, 1, 1, -2 ] ],
      adj := [ [ -2, 1, 1, 1, 1, 1, 1, 1, 1, 1, 1, 1, 1, 1, 1, 1, 1, 1 ], [ 1, -2, 1, 1, 1, 1, 1, 1, 1, 1, 1, 1, 1, 1, 1, 1, 1, 1 ], 
          [ 1, 1, -2, 1, 1, 1, 1, 1, 1, 1, 1, 1, 1, 1, 1, 1, 1, 1 ], [ 1, 1, 1, -2, 1, 1, 1, 1, 1, 1, 1, 1, 1, 1, 1, 1, 1, 1 ], 
          [ 1, 1, 1, 1, -2, 1, 1, 1, 1, 1, 1, 1, 1, 1, 1, 1, 1, 1 ], [ 1, 1, 1, 1, 1, -2, 1, 1, 1, 1, 1, 1, 1, 1, 1, 1, 1, 1 ], 
          [ 1, 1, 1, 1, 1, 1, -2, 1, 1, 1, 1, 1, 1, 1, 1, 1, 1, 1 ], [ 1, 1, 1, 1, 1, 1, 1, -2, 1, 1, 1, 1, 1, 1, 1, 1, 1, 1 ], 
          [ 1, 1, 1, 1, 1, 1, 1, 1, -2, 1, 1, 1, 1, 1, 1, 1, 1, 1 ], [ 1, 1, 1, 1, 1, 1, 1, 1, 1, -2, 1, 1, 1, 1, 1, 1, 1, 1 ], 
          [ 1, 1, 1, 1, 1, 1, 1, 1, 1, 1, -2, 1, 1, 1, 1, 1, 1, 1 ], [ 1, 1, 1, 1, 1, 1, 1, 1, 1, 1, 1, -2, 1, 1, 1, 1, 1, 1 ], 
          [ 1, 1, 1, 1, 1, 1, 1, 1, 1, 1, 1, 1, -2, 1, 1, 1, 1, 1 ], [ 1, 1, 1, 1, 1, 1, 1, 1, 1, 1, 1, 1, 1, -2, 1, 1, 1, 1 ], 
          [ 1, 1, 1, 1, 1, 1, 1, 1, 1, 1, 1, 1, 1, 1, -2, 1, 1, 1 ], [ 1, 1, 1, 1, 1, 1, 1, 1, 1, 1, 1, 1, 1, 1, 1, -2, 1, 1 ], 
          [ 1, 1, 1, 1, 1, 1, 1, 1, 1, 1, 1, 1, 1, 1, 1, 1, -2, 1 ], [ 1, 1, 1, 1, 1, 1, 1, 1, 1, 1, 1, 1, 1, 1, 1, 1, 1, -2 ] ],
      gensplcons := [ [ 0, 1, 0, 0, 0, 0, 0, 0, 0, 0, 0, 0, 0, 0, 0, 0, 0, 0, 0 ], [ 0, 0, 1, 0, 0, 0, 0, 0, 0, 0, 0, 0, 0, 0, 0, 0, 0, 0, 0 ], 
          [ 0, 0, 0, 1, 0, 0, 0, 0, 0, 0, 0, 0, 0, 0, 0, 0, 0, 0, 0 ], [ 0, 0, 0, 0, 1, 0, 0, 0, 0, 0, 0, 0, 0, 0, 0, 0, 0, 0, 0 ], 
          [ 0, 0, 0, 0, 0, 1, 0, 0, 0, 0, 0, 0, 0, 0, 0, 0, 0, 0, 0 ], [ 0, 0, 0, 0, 0, 0, 1, 0, 0, 0, 0, 0, 0, 0, 0, 0, 0, 0, 0 ], 
          [ 0, 0, 0, 0, 0, 0, 0, 1, 0, 0, 0, 0, 0, 0, 0, 0, 0, 0, 0 ], [ 0, 0, 0, 0, 0, 0, 0, 0, 1, 0, 0, 0, 0, 0, 0, 0, 0, 0, 0 ], 
          [ 0, 0, 0, 0, 0, 0, 0, 0, 0, 1, 0, 0, 0, 0, 0, 0, 0, 0, 0 ], [ 0, 0, 0, 0, 0, 0, 0, 0, 0, 0, 1, 0, 0, 0, 0, 0, 0, 0, 0 ], 
          [ 0, 0, 0, 0, 0, 0, 0, 0, 0, 0, 0, 1, 0, 0, 0, 0, 0, 0, 0 ], [ 0, 0, 0, 0, 0, 0, 0, 0, 0, 0, 0, 0, 1, 0, 0, 0, 0, 0, 0 ], 
          [ 0, 0, 0, 0, 0, 0, 0, 0, 0, 0, 0, 0, 0, 1, 0, 0, 0, 0, 0 ], [ 0, 0, 0, 0, 0, 0, 0, 0, 0, 0, 0, 0, 0, 0, 1, 0, 0, 0, 0 ], 
          [ 0, 0, 0, 0, 0, 0, 0, 0, 0, 0, 0, 0, 0, 0, 0, 1, 0, 0, 0 ], [ 0, 0, 0, 0, 0, 0, 0, 0, 0, 0, 0, 0, 0, 0, 0, 0, 1, 0, 0 ], 
          [ 0, 0, 0, 0, 0, 0, 0, 0, 0, 0, 0, 0, 0, 0, 0, 0, 0, 1, 0 ], [ 0, 0, 0, 0, 0, 0, 0, 0, 0, 0, 0, 0, 0, 0, 0, 0, 0, 0, 1 ] ],
      h := [ 1, 0, 0, 0, 0, 0, 0, 0, 0, 0, 0, 0, 0, 0, 0, 0, 0, 0, 0 ],
      isgemo := [ false, 4 ],
      kk := 18 ), rec(
      Gram := [ [ 2, 2, 2, 2, 2, 2, 2, 2, 2, 2, 2, 2, 2, 2, 2, 2, 2, 2, 2, 2 ], [ 2, -2, 1, 1, 1, 1, 1, 1, 1, 1, 1, 1, 1, 1, 1, 1, 1, 1, 1, 1 ], 
          [ 2, 1, -2, 1, 1, 1, 1, 1, 1, 1, 1, 1, 1, 1, 1, 1, 1, 1, 1, 1 ], [ 2, 1, 1, -2, 1, 1, 1, 1, 1, 1, 1, 1, 1, 1, 1, 1, 1, 1, 1, 1 ], 
          [ 2, 1, 1, 1, -2, 1, 1, 1, 1, 1, 1, 1, 1, 1, 1, 1, 1, 1, 1, 1 ], [ 2, 1, 1, 1, 1, -2, 1, 1, 1, 1, 1, 1, 1, 1, 1, 1, 1, 1, 1, 1 ], 
          [ 2, 1, 1, 1, 1, 1, -2, 1, 1, 1, 1, 1, 1, 1, 1, 1, 1, 1, 1, 1 ], [ 2, 1, 1, 1, 1, 1, 1, -2, 1, 1, 1, 1, 1, 1, 1, 1, 1, 1, 1, 1 ], 
          [ 2, 1, 1, 1, 1, 1, 1, 1, -2, 1, 1, 1, 1, 1, 1, 1, 1, 1, 1, 1 ], [ 2, 1, 1, 1, 1, 1, 1, 1, 1, -2, 1, 1, 1, 1, 1, 1, 1, 1, 1, 1 ], 
          [ 2, 1, 1, 1, 1, 1, 1, 1, 1, 1, -2, 1, 1, 1, 1, 1, 1, 1, 1, 1 ], [ 2, 1, 1, 1, 1, 1, 1, 1, 1, 1, 1, -2, 1, 1, 1, 1, 1, 1, 1, 1 ], 
          [ 2, 1, 1, 1, 1, 1, 1, 1, 1, 1, 1, 1, -2, 1, 1, 1, 1, 1, 1, 1 ], [ 2, 1, 1, 1, 1, 1, 1, 1, 1, 1, 1, 1, 1, -2, 1, 1, 1, 1, 1, 1 ], 
          [ 2, 1, 1, 1, 1, 1, 1, 1, 1, 1, 1, 1, 1, 1, -2, 1, 1, 1, 1, 1 ], [ 2, 1, 1, 1, 1, 1, 1, 1, 1, 1, 1, 1, 1, 1, 1, -2, 1, 1, 1, 1 ], 
          [ 2, 1, 1, 1, 1, 1, 1, 1, 1, 1, 1, 1, 1, 1, 1, 1, -2, 1, 1, 1 ], [ 2, 1, 1, 1, 1, 1, 1, 1, 1, 1, 1, 1, 1, 1, 1, 1, 1, -2, 1, 1 ], 
          [ 2, 1, 1, 1, 1, 1, 1, 1, 1, 1, 1, 1, 1, 1, 1, 1, 1, 1, -2, 1 ], [ 2, 1, 1, 1, 1, 1, 1, 1, 1, 1, 1, 1, 1, 1, 1, 1, 1, 1, 1, -2 ] ],
      adj := [ [ -2, 1, 1, 1, 1, 1, 1, 1, 1, 1, 1, 1, 1, 1, 1, 1, 1, 1, 1 ], [ 1, -2, 1, 1, 1, 1, 1, 1, 1, 1, 1, 1, 1, 1, 1, 1, 1, 1, 1 ], 
          [ 1, 1, -2, 1, 1, 1, 1, 1, 1, 1, 1, 1, 1, 1, 1, 1, 1, 1, 1 ], [ 1, 1, 1, -2, 1, 1, 1, 1, 1, 1, 1, 1, 1, 1, 1, 1, 1, 1, 1 ], 
          [ 1, 1, 1, 1, -2, 1, 1, 1, 1, 1, 1, 1, 1, 1, 1, 1, 1, 1, 1 ], [ 1, 1, 1, 1, 1, -2, 1, 1, 1, 1, 1, 1, 1, 1, 1, 1, 1, 1, 1 ], 
          [ 1, 1, 1, 1, 1, 1, -2, 1, 1, 1, 1, 1, 1, 1, 1, 1, 1, 1, 1 ], [ 1, 1, 1, 1, 1, 1, 1, -2, 1, 1, 1, 1, 1, 1, 1, 1, 1, 1, 1 ], 
          [ 1, 1, 1, 1, 1, 1, 1, 1, -2, 1, 1, 1, 1, 1, 1, 1, 1, 1, 1 ], [ 1, 1, 1, 1, 1, 1, 1, 1, 1, -2, 1, 1, 1, 1, 1, 1, 1, 1, 1 ], 
          [ 1, 1, 1, 1, 1, 1, 1, 1, 1, 1, -2, 1, 1, 1, 1, 1, 1, 1, 1 ], [ 1, 1, 1, 1, 1, 1, 1, 1, 1, 1, 1, -2, 1, 1, 1, 1, 1, 1, 1 ], 
          [ 1, 1, 1, 1, 1, 1, 1, 1, 1, 1, 1, 1, -2, 1, 1, 1, 1, 1, 1 ], [ 1, 1, 1, 1, 1, 1, 1, 1, 1, 1, 1, 1, 1, -2, 1, 1, 1, 1, 1 ], 
          [ 1, 1, 1, 1, 1, 1, 1, 1, 1, 1, 1, 1, 1, 1, -2, 1, 1, 1, 1 ], [ 1, 1, 1, 1, 1, 1, 1, 1, 1, 1, 1, 1, 1, 1, 1, -2, 1, 1, 1 ], 
          [ 1, 1, 1, 1, 1, 1, 1, 1, 1, 1, 1, 1, 1, 1, 1, 1, -2, 1, 1 ], [ 1, 1, 1, 1, 1, 1, 1, 1, 1, 1, 1, 1, 1, 1, 1, 1, 1, -2, 1 ], 
          [ 1, 1, 1, 1, 1, 1, 1, 1, 1, 1, 1, 1, 1, 1, 1, 1, 1, 1, -2 ] ],
      gensplcons := [ [ 0, 1, 0, 0, 0, 0, 0, 0, 0, 0, 0, 0, 0, 0, 0, 0, 0, 0, 0, 0 ], [ 0, 0, 1, 0, 0, 0, 0, 0, 0, 0, 0, 0, 0, 0, 0, 0, 0, 0, 0, 0 ], 
          [ 0, 0, 0, 1, 0, 0, 0, 0, 0, 0, 0, 0, 0, 0, 0, 0, 0, 0, 0, 0 ], [ 0, 0, 0, 0, 1, 0, 0, 0, 0, 0, 0, 0, 0, 0, 0, 0, 0, 0, 0, 0 ], 
          [ 0, 0, 0, 0, 0, 1, 0, 0, 0, 0, 0, 0, 0, 0, 0, 0, 0, 0, 0, 0 ], [ 0, 0, 0, 0, 0, 0, 1, 0, 0, 0, 0, 0, 0, 0, 0, 0, 0, 0, 0, 0 ], 
          [ 0, 0, 0, 0, 0, 0, 0, 1, 0, 0, 0, 0, 0, 0, 0, 0, 0, 0, 0, 0 ], [ 0, 0, 0, 0, 0, 0, 0, 0, 1, 0, 0, 0, 0, 0, 0, 0, 0, 0, 0, 0 ], 
          [ 0, 0, 0, 0, 0, 0, 0, 0, 0, 1, 0, 0, 0, 0, 0, 0, 0, 0, 0, 0 ], [ 0, 0, 0, 0, 0, 0, 0, 0, 0, 0, 1, 0, 0, 0, 0, 0, 0, 0, 0, 0 ], 
          [ 0, 0, 0, 0, 0, 0, 0, 0, 0, 0, 0, 1, 0, 0, 0, 0, 0, 0, 0, 0 ], [ 0, 0, 0, 0, 0, 0, 0, 0, 0, 0, 0, 0, 1, 0, 0, 0, 0, 0, 0, 0 ], 
          [ 0, 0, 0, 0, 0, 0, 0, 0, 0, 0, 0, 0, 0, 1, 0, 0, 0, 0, 0, 0 ], [ 0, 0, 0, 0, 0, 0, 0, 0, 0, 0, 0, 0, 0, 0, 1, 0, 0, 0, 0, 0 ], 
          [ 0, 0, 0, 0, 0, 0, 0, 0, 0, 0, 0, 0, 0, 0, 0, 1, 0, 0, 0, 0 ], [ 0, 0, 0, 0, 0, 0, 0, 0, 0, 0, 0, 0, 0, 0, 0, 0, 1, 0, 0, 0 ], 
          [ 0, 0, 0, 0, 0, 0, 0, 0, 0, 0, 0, 0, 0, 0, 0, 0, 0, 1, 0, 0 ], [ 0, 0, 0, 0, 0, 0, 0, 0, 0, 0, 0, 0, 0, 0, 0, 0, 0, 0, 1, 0 ], 
          [ 0, 0, 0, 0, 0, 0, 0, 0, 0, 0, 0, 0, 0, 0, 0, 0, 0, 0, 0, 1 ] ],
      h := [ 1, 0, 0, 0, 0, 0, 0, 0, 0, 0, 0, 0, 0, 0, 0, 0, 0, 0, 0, 0 ],
      isgemo := [ false, 4 ],
      kk := 19 ) ];
