evenresultrho20:=[ rec(
      Gram := [ [ 2, 2, 2 ], [ 2, -2, 0 ], [ 2, 0, -2 ] ],
      adj := [ [ -2, 0 ], [ 0, -2 ] ],
      gensplcons := [ [ 0, 1, 0 ], [ 0, 0, 1 ] ],
      h := [ 1, 0, 0 ],
      kk := 2,
      nooverlatflag := true,
      scons := [ [ [ 1, -1, 1 ], [ 1, 1, -1 ] ], [ [ 2, -1, 0 ], [ 0, 1, 0 ] ], 
          [ [ 0, 0, 1 ], [ 2, 0, -1 ] ] ],
      stabssize := 6,
      wg := [ 0 ] ), rec(
      Gram := [ [ 2, 2, 2, 2 ], [ 2, -2, 0, 0 ], [ 2, 0, -2, 0 ], [ 2, 0, 0, -2 ] ],
      adj := [ [ -2, 0, 0 ], [ 0, -2, 0 ], [ 0, 0, -2 ] ],
      gensplcons := [ [ 0, 1, 0, 0 ], [ 0, 0, 1, 0 ], [ 0, 0, 0, 1 ] ],
      h := [ 1, 0, 0, 0 ],
      kk := 3,
      nooverlatflag := true,
      scons := 
       [ [ [ 1, 0, -1, 1 ], [ 1, 0, 1, -1 ] ], [ [ 2, 0, -1, 0 ], [ 0, 0, 1, 0 ] ], 
          [ [ 1, 1, -1, 0 ], [ 1, -1, 1, 0 ] ], [ [ 1, -1, 0, 1 ], [ 1, 1, 0, -1 ] ], 
          [ [ 2, -1, 0, 0 ], [ 0, 1, 0, 0 ] ], [ [ 0, 0, 0, 1 ], [ 2, 0, 0, -1 ] ] ],
      stabssize := 24,
      wg := [ 0, 0, 0 ] ), rec(
      Gram := [ [ 2, 2, 2, 2, 2 ], [ 2, -2, 0, 0, 0 ], [ 2, 0, -2, 0, 0 ], 
          [ 2, 0, 0, -2, 0 ], [ 2, 0, 0, 0, -2 ] ],
      adj := [ [ -2, 0, 0, 0 ], [ 0, -2, 0, 0 ], [ 0, 0, -2, 0 ], [ 0, 0, 0, -2 ] ],
      gensplcons := [ [ 0, 1, 0, 0, 0 ], [ 0, 0, 1, 0, 0 ], [ 0, 0, 0, 1, 0 ], 
          [ 0, 0, 0, 0, 1 ] ],
      h := [ 1, 0, 0, 0, 0 ],
      kk := 4,
      nooverlatflag := true,
      scons := 
       [ [ [ 1, 0, 0, -1, 1 ], [ 1, 0, 0, 1, -1 ] ], 
          [ [ 2, 0, 0, -1, 0 ], [ 0, 0, 0, 1, 0 ] ], 
          [ [ 1, 1, 0, -1, 0 ], [ 1, -1, 0, 1, 0 ] ], 
          [ [ 1, 0, 1, -1, 0 ], [ 1, 0, -1, 1, 0 ] ], 
          [ [ 1, 0, -1, 0, 1 ], [ 1, 0, 1, 0, -1 ] ], 
          [ [ 2, 0, -1, 0, 0 ], [ 0, 0, 1, 0, 0 ] ], 
          [ [ 1, 1, -1, 0, 0 ], [ 1, -1, 1, 0, 0 ] ], 
          [ [ 1, -1, 0, 0, 1 ], [ 1, 1, 0, 0, -1 ] ], 
          [ [ 2, -1, 0, 0, 0 ], [ 0, 1, 0, 0, 0 ] ], 
          [ [ 0, 0, 0, 0, 1 ], [ 2, 0, 0, 0, -1 ] ] ],
      stabssize := 144,
      wg := [ 0, 0, 0, 0, 0, 0 ] ), rec(
      Gram := [ [ 2, 2, 2, 2, 2, 2 ], [ 2, -2, 0, 0, 0, 0 ], [ 2, 0, -2, 0, 0, 0 ], 
          [ 2, 0, 0, -2, 0, 0 ], [ 2, 0, 0, 0, -2, 0 ], [ 2, 0, 0, 0, 0, -2 ] ],
      adj := [ [ -2, 0, 0, 0, 0 ], [ 0, -2, 0, 0, 0 ], [ 0, 0, -2, 0, 0 ], 
          [ 0, 0, 0, -2, 0 ], [ 0, 0, 0, 0, -2 ] ],
      gensplcons := [ [ 0, 1, 0, 0, 0, 0 ], [ 0, 0, 1, 0, 0, 0 ], [ 0, 0, 0, 1, 0, 0 ], 
          [ 0, 0, 0, 0, 1, 0 ], [ 0, 0, 0, 0, 0, 1 ] ],
      h := [ 1, 0, 0, 0, 0, 0 ],
      kk := 5,
      nooverlatflag := true,
      scons := [ [ [ 1, 0, 0, 0, -1, 1 ], [ 1, 0, 0, 0, 1, -1 ] ], 
          [ [ 2, 0, 0, 0, -1, 0 ], [ 0, 0, 0, 0, 1, 0 ] ], 
          [ [ 1, 1, 0, 0, -1, 0 ], [ 1, -1, 0, 0, 1, 0 ] ], 
          [ [ 1, 0, 1, 0, -1, 0 ], [ 1, 0, -1, 0, 1, 0 ] ], 
          [ [ 1, 0, 0, 1, -1, 0 ], [ 1, 0, 0, -1, 1, 0 ] ], 
          [ [ 1, 0, 0, -1, 0, 1 ], [ 1, 0, 0, 1, 0, -1 ] ], 
          [ [ 2, 0, 0, -1, 0, 0 ], [ 0, 0, 0, 1, 0, 0 ] ], 
          [ [ 1, 1, 0, -1, 0, 0 ], [ 1, -1, 0, 1, 0, 0 ] ], 
          [ [ 1, 0, 1, -1, 0, 0 ], [ 1, 0, -1, 1, 0, 0 ] ], 
          [ [ 1, 0, -1, 0, 0, 1 ], [ 1, 0, 1, 0, 0, -1 ] ], 
          [ [ 2, 0, -1, 0, 0, 0 ], [ 0, 0, 1, 0, 0, 0 ] ], 
          [ [ 1, 1, -1, 0, 0, 0 ], [ 1, -1, 1, 0, 0, 0 ] ], 
          [ [ 1, -1, 0, 0, 0, 1 ], [ 1, 1, 0, 0, 0, -1 ] ], 
          [ [ 2, -1, 0, 0, 0, 0 ], [ 0, 1, 0, 0, 0, 0 ] ], 
          [ [ 0, 0, 0, 0, 0, 1 ], [ 2, 0, 0, 0, 0, -1 ] ] ],
      stabssize := 1200,
      wg := [ 0, 0, 0, 0, 0, 0, 0, 0, 0, 0 ] ), rec(
      Gram := [ [ 2, 2, 2, 2, 2, 2, 2 ], [ 2, -2, 0, 0, 0, 0, 0 ], 
          [ 2, 0, -2, 0, 0, 0, 0 ], [ 2, 0, 0, -2, 0, 0, 0 ], [ 2, 0, 0, 0, -2, 0, 0 ], 
          [ 2, 0, 0, 0, 0, -2, 0 ], [ 2, 0, 0, 0, 0, 0, -2 ] ],
      adj := [ [ -2, 0, 0, 0, 0, 0 ], [ 0, -2, 0, 0, 0, 0 ], [ 0, 0, -2, 0, 0, 0 ], 
          [ 0, 0, 0, -2, 0, 0 ], [ 0, 0, 0, 0, -2, 0 ], [ 0, 0, 0, 0, 0, -2 ] ],
      gensplcons := [ [ 0, 1, 0, 0, 0, 0, 0 ], [ 0, 0, 1, 0, 0, 0, 0 ], 
          [ 0, 0, 0, 1, 0, 0, 0 ], [ 0, 0, 0, 0, 1, 0, 0 ], [ 0, 0, 0, 0, 0, 1, 0 ], 
          [ 0, 0, 0, 0, 0, 0, 1 ] ],
      h := [ 1, 0, 0, 0, 0, 0, 0 ],
      kk := 6,
      nooverlatflag := true,
      scons := [ [ [ 1, 0, 0, 0, 0, -1, 1 ], [ 1, 0, 0, 0, 0, 1, -1 ] ], 
          [ [ 2, 0, 0, 0, 0, -1, 0 ], [ 0, 0, 0, 0, 0, 1, 0 ] ], 
          [ [ 1, 1, 0, 0, 0, -1, 0 ], [ 1, -1, 0, 0, 0, 1, 0 ] ], 
          [ [ 1, 0, 1, 0, 0, -1, 0 ], [ 1, 0, -1, 0, 0, 1, 0 ] ], 
          [ [ 1, 0, 0, 1, 0, -1, 0 ], [ 1, 0, 0, -1, 0, 1, 0 ] ], 
          [ [ 1, 0, 0, 0, 1, -1, 0 ], [ 1, 0, 0, 0, -1, 1, 0 ] ], 
          [ [ 1, 0, 0, 0, -1, 0, 1 ], [ 1, 0, 0, 0, 1, 0, -1 ] ], 
          [ [ 2, 0, 0, 0, -1, 0, 0 ], [ 0, 0, 0, 0, 1, 0, 0 ] ], 
          [ [ 1, 1, 0, 0, -1, 0, 0 ], [ 1, -1, 0, 0, 1, 0, 0 ] ], 
          [ [ 1, 0, 1, 0, -1, 0, 0 ], [ 1, 0, -1, 0, 1, 0, 0 ] ], 
          [ [ 1, 0, 0, 1, -1, 0, 0 ], [ 1, 0, 0, -1, 1, 0, 0 ] ], 
          [ [ 1, 0, 0, -1, 0, 0, 1 ], [ 1, 0, 0, 1, 0, 0, -1 ] ], 
          [ [ 2, 0, 0, -1, 0, 0, 0 ], [ 0, 0, 0, 1, 0, 0, 0 ] ], 
          [ [ 1, 1, 0, -1, 0, 0, 0 ], [ 1, -1, 0, 1, 0, 0, 0 ] ], 
          [ [ 1, 0, 1, -1, 0, 0, 0 ], [ 1, 0, -1, 1, 0, 0, 0 ] ], 
          [ [ 1, 0, -1, 0, 0, 0, 1 ], [ 1, 0, 1, 0, 0, 0, -1 ] ], 
          [ [ 2, 0, -1, 0, 0, 0, 0 ], [ 0, 0, 1, 0, 0, 0, 0 ] ], 
          [ [ 1, 1, -1, 0, 0, 0, 0 ], [ 1, -1, 1, 0, 0, 0, 0 ] ], 
          [ [ 1, -1, 0, 0, 0, 0, 1 ], [ 1, 1, 0, 0, 0, 0, -1 ] ], 
          [ [ 2, -1, 0, 0, 0, 0, 0 ], [ 0, 1, 0, 0, 0, 0, 0 ] ], 
          [ [ 0, 0, 0, 0, 0, 0, 1 ], [ 2, 0, 0, 0, 0, 0, -1 ] ] ],
      stabssize := 12960,
      wg := [ 0, 0, 0, 0, 0, 0, 0, 0, 0, 0, 0, 0, 0, 0, 0 ] ), rec(
      Gram := [ [ 2, 2, 2, 2, 2, 2, 2, 2 ], [ 2, -2, 0, 0, 0, 0, 0, 0 ], 
          [ 2, 0, -2, 0, 0, 0, 0, 0 ], [ 2, 0, 0, -2, 0, 0, 0, 0 ], 
          [ 2, 0, 0, 0, -2, 0, 0, 0 ], [ 2, 0, 0, 0, 0, -2, 0, 0 ], 
          [ 2, 0, 0, 0, 0, 0, -2, 0 ], [ 2, 0, 0, 0, 0, 0, 0, -2 ] ],
      adj := [ [ -2, 0, 0, 0, 0, 0, 0 ], [ 0, -2, 0, 0, 0, 0, 0 ], 
          [ 0, 0, -2, 0, 0, 0, 0 ], [ 0, 0, 0, -2, 0, 0, 0 ], [ 0, 0, 0, 0, -2, 0, 0 ], 
          [ 0, 0, 0, 0, 0, -2, 0 ], [ 0, 0, 0, 0, 0, 0, -2 ] ],
      gensplcons := [ [ 0, 1, 0, 0, 0, 0, 0, 0 ], [ 0, 0, 1, 0, 0, 0, 0, 0 ], 
          [ 0, 0, 0, 1, 0, 0, 0, 0 ], [ 0, 0, 0, 0, 1, 0, 0, 0 ], 
          [ 0, 0, 0, 0, 0, 1, 0, 0 ], [ 0, 0, 0, 0, 0, 0, 1, 0 ], 
          [ 0, 0, 0, 0, 0, 0, 0, 1 ] ],
      h := [ 1, 0, 0, 0, 0, 0, 0, 0 ],
      kk := 7,
      nooverlatflag := [ false, [ 1/2, 1/2, 1/2, 1/2, 1/2, 1/2, 1/2, 9/2 ] ],
      scons := [ [ [ 1, 0, 0, 0, 0, 0, -1, 1 ], [ 1, 0, 0, 0, 0, 0, 1, -1 ] ], 
          [ [ 2, 0, 0, 0, 0, 0, -1, 0 ], [ 0, 0, 0, 0, 0, 0, 1, 0 ] ], 
          [ [ 1, 1, 0, 0, 0, 0, -1, 0 ], [ 1, -1, 0, 0, 0, 0, 1, 0 ] ], 
          [ [ 1, 0, 1, 0, 0, 0, -1, 0 ], [ 1, 0, -1, 0, 0, 0, 1, 0 ] ], 
          [ [ 1, 0, 0, 1, 0, 0, -1, 0 ], [ 1, 0, 0, -1, 0, 0, 1, 0 ] ], 
          [ [ 1, 0, 0, 0, 1, 0, -1, 0 ], [ 1, 0, 0, 0, -1, 0, 1, 0 ] ], 
          [ [ 1, 0, 0, 0, 0, 1, -1, 0 ], [ 1, 0, 0, 0, 0, -1, 1, 0 ] ], 
          [ [ 1, 0, 0, 0, 0, -1, 0, 1 ], [ 1, 0, 0, 0, 0, 1, 0, -1 ] ], 
          [ [ 2, 0, 0, 0, 0, -1, 0, 0 ], [ 0, 0, 0, 0, 0, 1, 0, 0 ] ], 
          [ [ 1, 1, 0, 0, 0, -1, 0, 0 ], [ 1, -1, 0, 0, 0, 1, 0, 0 ] ], 
          [ [ 1, 0, 1, 0, 0, -1, 0, 0 ], [ 1, 0, -1, 0, 0, 1, 0, 0 ] ], 
          [ [ 1, 0, 0, 1, 0, -1, 0, 0 ], [ 1, 0, 0, -1, 0, 1, 0, 0 ] ], 
          [ [ 1, 0, 0, 0, 1, -1, 0, 0 ], [ 1, 0, 0, 0, -1, 1, 0, 0 ] ], 
          [ [ 1, 0, 0, 0, -1, 0, 0, 1 ], [ 1, 0, 0, 0, 1, 0, 0, -1 ] ], 
          [ [ 2, 0, 0, 0, -1, 0, 0, 0 ], [ 0, 0, 0, 0, 1, 0, 0, 0 ] ], 
          [ [ 1, 1, 0, 0, -1, 0, 0, 0 ], [ 1, -1, 0, 0, 1, 0, 0, 0 ] ], 
          [ [ 1, 0, 1, 0, -1, 0, 0, 0 ], [ 1, 0, -1, 0, 1, 0, 0, 0 ] ], 
          [ [ 1, 0, 0, 1, -1, 0, 0, 0 ], [ 1, 0, 0, -1, 1, 0, 0, 0 ] ], 
          [ [ 1, 0, 0, -1, 0, 0, 0, 1 ], [ 1, 0, 0, 1, 0, 0, 0, -1 ] ], 
          [ [ 2, 0, 0, -1, 0, 0, 0, 0 ], [ 0, 0, 0, 1, 0, 0, 0, 0 ] ], 
          [ [ 1, 1, 0, -1, 0, 0, 0, 0 ], [ 1, -1, 0, 1, 0, 0, 0, 0 ] ], 
          [ [ 1, 0, 1, -1, 0, 0, 0, 0 ], [ 1, 0, -1, 1, 0, 0, 0, 0 ] ], 
          [ [ 1, 0, -1, 0, 0, 0, 0, 1 ], [ 1, 0, 1, 0, 0, 0, 0, -1 ] ], 
          [ [ 2, 0, -1, 0, 0, 0, 0, 0 ], [ 0, 0, 1, 0, 0, 0, 0, 0 ] ], 
          [ [ 1, 1, -1, 0, 0, 0, 0, 0 ], [ 1, -1, 1, 0, 0, 0, 0, 0 ] ], 
          [ [ 1, -1, 0, 0, 0, 0, 0, 1 ], [ 1, 1, 0, 0, 0, 0, 0, -1 ] ], 
          [ [ 2, -1, 0, 0, 0, 0, 0, 0 ], [ 0, 1, 0, 0, 0, 0, 0, 0 ] ], 
          [ [ 0, 0, 0, 0, 0, 0, 0, 1 ], [ 2, 0, 0, 0, 0, 0, 0, -1 ] ] ],
      stabssize := 171360,
      wg := [ 0, 0, 0, 0, 0, 0, 0, 0, 0, 0, 0, 0, 0, 0, 0, 0, 0, 0, 0, 0, 0 ] ), rec(
      Gram := [ [ 2, 2, 2, 2, 2, 2, 2, 2, 2 ], [ 2, -2, 0, 0, 0, 0, 0, 0, 0 ], 
          [ 2, 0, -2, 0, 0, 0, 0, 0, 0 ], [ 2, 0, 0, -2, 0, 0, 0, 0, 0 ], 
          [ 2, 0, 0, 0, -2, 0, 0, 0, 0 ], [ 2, 0, 0, 0, 0, -2, 0, 0, 0 ], 
          [ 2, 0, 0, 0, 0, 0, -2, 0, 0 ], [ 2, 0, 0, 0, 0, 0, 0, -2, 0 ], 
          [ 2, 0, 0, 0, 0, 0, 0, 0, -2 ] ],
      adj := [ [ -2, 0, 0, 0, 0, 0, 0, 0 ], [ 0, -2, 0, 0, 0, 0, 0, 0 ], 
          [ 0, 0, -2, 0, 0, 0, 0, 0 ], [ 0, 0, 0, -2, 0, 0, 0, 0 ], 
          [ 0, 0, 0, 0, -2, 0, 0, 0 ], [ 0, 0, 0, 0, 0, -2, 0, 0 ], 
          [ 0, 0, 0, 0, 0, 0, -2, 0 ], [ 0, 0, 0, 0, 0, 0, 0, -2 ] ],
      gensplcons := [ [ 0, 1, 0, 0, 0, 0, 0, 0, 0 ], [ 0, 0, 1, 0, 0, 0, 0, 0, 0 ], 
          [ 0, 0, 0, 1, 0, 0, 0, 0, 0 ], [ 0, 0, 0, 0, 1, 0, 0, 0, 0 ], 
          [ 0, 0, 0, 0, 0, 1, 0, 0, 0 ], [ 0, 0, 0, 0, 0, 0, 1, 0, 0 ], 
          [ 0, 0, 0, 0, 0, 0, 0, 1, 0 ], [ 0, 0, 0, 0, 0, 0, 0, 0, 1 ] ],
      h := [ 1, 0, 0, 0, 0, 0, 0, 0, 0 ],
      kk := 8,
      nooverlatflag := [ false, [ 1/3, 1/3, 1/3, 1/3, 1/3, 1/3, 1/3, 1/3, 10/3 ] ],
      scons := [ [ [ 1, 0, 0, 0, 0, 0, 0, -1, 1 ], [ 1, 0, 0, 0, 0, 0, 0, 1, -1 ] ], 
          [ [ 2, 0, 0, 0, 0, 0, 0, -1, 0 ], [ 0, 0, 0, 0, 0, 0, 0, 1, 0 ] ], 
          [ [ 1, 1, 0, 0, 0, 0, 0, -1, 0 ], [ 1, -1, 0, 0, 0, 0, 0, 1, 0 ] ], 
          [ [ 1, 0, 1, 0, 0, 0, 0, -1, 0 ], [ 1, 0, -1, 0, 0, 0, 0, 1, 0 ] ], 
          [ [ 1, 0, 0, 1, 0, 0, 0, -1, 0 ], [ 1, 0, 0, -1, 0, 0, 0, 1, 0 ] ], 
          [ [ 1, 0, 0, 0, 1, 0, 0, -1, 0 ], [ 1, 0, 0, 0, -1, 0, 0, 1, 0 ] ], 
          [ [ 1, 0, 0, 0, 0, 1, 0, -1, 0 ], [ 1, 0, 0, 0, 0, -1, 0, 1, 0 ] ], 
          [ [ 1, 0, 0, 0, 0, 0, 1, -1, 0 ], [ 1, 0, 0, 0, 0, 0, -1, 1, 0 ] ], 
          [ [ 1, 0, 0, 0, 0, 0, -1, 0, 1 ], [ 1, 0, 0, 0, 0, 0, 1, 0, -1 ] ], 
          [ [ 2, 0, 0, 0, 0, 0, -1, 0, 0 ], [ 0, 0, 0, 0, 0, 0, 1, 0, 0 ] ], 
          [ [ 1, 1, 0, 0, 0, 0, -1, 0, 0 ], [ 1, -1, 0, 0, 0, 0, 1, 0, 0 ] ], 
          [ [ 1, 0, 1, 0, 0, 0, -1, 0, 0 ], [ 1, 0, -1, 0, 0, 0, 1, 0, 0 ] ], 
          [ [ 1, 0, 0, 1, 0, 0, -1, 0, 0 ], [ 1, 0, 0, -1, 0, 0, 1, 0, 0 ] ], 
          [ [ 1, 0, 0, 0, 1, 0, -1, 0, 0 ], [ 1, 0, 0, 0, -1, 0, 1, 0, 0 ] ], 
          [ [ 1, 0, 0, 0, 0, 1, -1, 0, 0 ], [ 1, 0, 0, 0, 0, -1, 1, 0, 0 ] ], 
          [ [ 1, 0, 0, 0, 0, -1, 0, 0, 1 ], [ 1, 0, 0, 0, 0, 1, 0, 0, -1 ] ], 
          [ [ 2, 0, 0, 0, 0, -1, 0, 0, 0 ], [ 0, 0, 0, 0, 0, 1, 0, 0, 0 ] ], 
          [ [ 1, 1, 0, 0, 0, -1, 0, 0, 0 ], [ 1, -1, 0, 0, 0, 1, 0, 0, 0 ] ], 
          [ [ 1, 0, 1, 0, 0, -1, 0, 0, 0 ], [ 1, 0, -1, 0, 0, 1, 0, 0, 0 ] ], 
          [ [ 1, 0, 0, 1, 0, -1, 0, 0, 0 ], [ 1, 0, 0, -1, 0, 1, 0, 0, 0 ] ], 
          [ [ 1, 0, 0, 0, 1, -1, 0, 0, 0 ], [ 1, 0, 0, 0, -1, 1, 0, 0, 0 ] ], 
          [ [ 1, 0, 0, 0, -1, 0, 0, 0, 1 ], [ 1, 0, 0, 0, 1, 0, 0, 0, -1 ] ], 
          [ [ 2, 0, 0, 0, -1, 0, 0, 0, 0 ], [ 0, 0, 0, 0, 1, 0, 0, 0, 0 ] ], 
          [ [ 1, 1, 0, 0, -1, 0, 0, 0, 0 ], [ 1, -1, 0, 0, 1, 0, 0, 0, 0 ] ], 
          [ [ 1, 0, 1, 0, -1, 0, 0, 0, 0 ], [ 1, 0, -1, 0, 1, 0, 0, 0, 0 ] ], 
          [ [ 1, 0, 0, 1, -1, 0, 0, 0, 0 ], [ 1, 0, 0, -1, 1, 0, 0, 0, 0 ] ], 
          [ [ 1, 0, 0, -1, 0, 0, 0, 0, 1 ], [ 1, 0, 0, 1, 0, 0, 0, 0, -1 ] ], 
          [ [ 2, 0, 0, -1, 0, 0, 0, 0, 0 ], [ 0, 0, 0, 1, 0, 0, 0, 0, 0 ] ], 
          [ [ 1, 1, 0, -1, 0, 0, 0, 0, 0 ], [ 1, -1, 0, 1, 0, 0, 0, 0, 0 ] ], 
          [ [ 1, 0, 1, -1, 0, 0, 0, 0, 0 ], [ 1, 0, -1, 1, 0, 0, 0, 0, 0 ] ], 
          [ [ 1, 0, -1, 0, 0, 0, 0, 0, 1 ], [ 1, 0, 1, 0, 0, 0, 0, 0, -1 ] ], 
          [ [ 2, 0, -1, 0, 0, 0, 0, 0, 0 ], [ 0, 0, 1, 0, 0, 0, 0, 0, 0 ] ], 
          [ [ 1, 1, -1, 0, 0, 0, 0, 0, 0 ], [ 1, -1, 1, 0, 0, 0, 0, 0, 0 ] ], 
          [ [ 1, -1, 0, 0, 0, 0, 0, 0, 1 ], [ 1, 1, 0, 0, 0, 0, 0, 0, -1 ] ], 
          [ [ 2, -1, 0, 0, 0, 0, 0, 0, 0 ], [ 0, 1, 0, 0, 0, 0, 0, 0, 0 ] ], 
          [ [ 0, 0, 0, 0, 0, 0, 0, 0, 1 ], [ 2, 0, 0, 0, 0, 0, 0, 0, -1 ] ] ],
      stabssize := 2661120,
      wg := [ 0, 0, 0, 0, 0, 0, 0, 0, 0, 0, 0, 0, 0, 0, 0, 0, 0, 0, 0, 0, 0, 0, 0, 0, 0, 
          0, 0, 0 ] ) ];
