Rand19P20261003170006:=[ [ rec(
          nopss := [ 0, 18 ],
          scons := [ [ [ 1, 0, -1, 0, 0, 0, 0, 0, 0, 0, 0, 0, 0, 0, 0, 0, 0, 0, 0 ], [ 1, 0, 1, 0, 0, 0, 0, 0, 0, 0, 0, 0, 0, 0, 0, 0, 0, 0, 0 ] ], 
              [ [ 1, 0, 0, 0, 0, -1, 0, 0, 0, 0, 0, 0, 0, 0, 0, 0, 0, 0, 0 ], [ 1, 0, 0, 0, 0, 1, 0, 0, 0, 0, 0, 0, 0, 0, 0, 0, 0, 0, 0 ] ], 
              [ [ 1, 0, 0, 0, 0, 0, 0, 0, 0, 0, 0, 0, 0, 0, 0, -1, 0, 0, 0 ], [ 1, 0, 0, 0, 0, 0, 0, 0, 0, 0, 0, 0, 0, 0, 0, 1, 0, 0, 0 ] ], 
              [ [ 1, 0, 0, 0, 0, 0, 0, 0, 0, 0, 0, 0, 0, 0, -1, 0, 0, 0, 0 ], [ 1, 0, 0, 0, 0, 0, 0, 0, 0, 0, 0, 0, 0, 0, 1, 0, 0, 0, 0 ] ], 
              [ [ 1, 0, 0, 0, 0, 0, 0, 0, 0, 0, 0, 0, -1, 0, 0, 0, 0, 0, 0 ], [ 1, 0, 0, 0, 0, 0, 0, 0, 0, 0, 0, 0, 1, 0, 0, 0, 0, 0, 0 ] ], 
              [ [ 1, 0, 0, -1, 0, 0, 0, 0, 0, 0, 0, 0, 0, 0, 0, 0, 0, 0, 0 ], [ 1, 0, 0, 1, 0, 0, 0, 0, 0, 0, 0, 0, 0, 0, 0, 0, 0, 0, 0 ] ], 
              [ [ 1, 0, 0, 0, 0, 0, 0, 0, 0, -1, 0, 0, 0, 0, 0, 0, 0, 0, 0 ], [ 1, 0, 0, 0, 0, 0, 0, 0, 0, 1, 0, 0, 0, 0, 0, 0, 0, 0, 0 ] ], 
              [ [ 1, 0, 0, 0, 0, 0, 0, 0, 0, 0, 0, 0, 0, 0, 0, 0, -1, 0, 0 ], [ 1, 0, 0, 0, 0, 0, 0, 0, 0, 0, 0, 0, 0, 0, 0, 0, 1, 0, 0 ] ], 
              [ [ 1, 0, 0, 0, 0, 0, 0, 0, -1, 0, 0, 0, 0, 0, 0, 0, 0, 0, 0 ], [ 1, 0, 0, 0, 0, 0, 0, 0, 1, 0, 0, 0, 0, 0, 0, 0, 0, 0, 0 ] ], 
              [ [ 1, 0, 0, 0, 0, 0, 0, 0, 0, 0, 0, -1, 0, 0, 0, 0, 0, 0, 0 ], [ 1, 0, 0, 0, 0, 0, 0, 0, 0, 0, 0, 1, 0, 0, 0, 0, 0, 0, 0 ] ], 
              [ [ 1, 0, 0, 0, 0, 0, -1, 0, 0, 0, 0, 0, 0, 0, 0, 0, 0, 0, 0 ], [ 1, 0, 0, 0, 0, 0, 1, 0, 0, 0, 0, 0, 0, 0, 0, 0, 0, 0, 0 ] ], 
              [ [ 1, 0, 0, 0, -1, 0, 0, 0, 0, 0, 0, 0, 0, 0, 0, 0, 0, 0, 0 ], [ 1, 0, 0, 0, 1, 0, 0, 0, 0, 0, 0, 0, 0, 0, 0, 0, 0, 0, 0 ] ], 
              [ [ 1, 0, 0, 0, 0, 0, 0, 0, 0, 0, 0, 0, 0, 0, 0, 0, 0, -1, 0 ], [ 1, 0, 0, 0, 0, 0, 0, 0, 0, 0, 0, 0, 0, 0, 0, 0, 0, 1, 0 ] ], 
              [ [ 1, 0, 0, 0, 0, 0, 0, 0, 0, 0, -1, 0, 0, 0, 0, 0, 0, 0, 0 ], [ 1, 0, 0, 0, 0, 0, 0, 0, 0, 0, 1, 0, 0, 0, 0, 0, 0, 0, 0 ] ], 
              [ [ 1, 0, 0, 0, 0, 0, 0, 0, 0, 0, 0, 0, 0, 0, 0, 0, 0, 0, -1 ], [ 1, 0, 0, 0, 0, 0, 0, 0, 0, 0, 0, 0, 0, 0, 0, 0, 0, 0, 1 ] ], 
              [ [ 1, 0, 0, 0, 0, 0, 0, -1, 0, 0, 0, 0, 0, 0, 0, 0, 0, 0, 0 ], [ 1, 0, 0, 0, 0, 0, 0, 1, 0, 0, 0, 0, 0, 0, 0, 0, 0, 0, 0 ] ], 
              [ [ 1, 0, 0, 0, 0, 0, 0, 0, 0, 0, 0, 0, 0, -1, 0, 0, 0, 0, 0 ], [ 1, 0, 0, 0, 0, 0, 0, 0, 0, 0, 0, 0, 0, 1, 0, 0, 0, 0, 0 ] ], 
              [ [ 1, -1, 0, 0, 0, 0, 0, 0, 0, 0, 0, 0, 0, 0, 0, 0, 0, 0, 0 ], [ 1, 1, 0, 0, 0, 0, 0, 0, 0, 0, 0, 0, 0, 0, 0, 0, 0, 0, 0 ] ] ],
          slins := [  ] ), [ [ 4, 0, 0, -1, 0, 1, -1, 1, 0, 0, 0, -1, 1, 1, 0, 0, 0, 0 ], [ 0, 4, 0, 0, 0, 0, 0, 0, -1, 0, 0, 0, 0, 0, 0, 0, 0, 0 ], 
          [ 0, 0, 4, 0, 0, 0, 0, 0, 0, 0, 0, 0, 0, 0, 0, -1, -1, 0 ], [ -1, 0, 0, 4, 0, 1, 0, 1, 0, 1, 1, 0, 0, 0, 0, -1, 0, 1 ], 
          [ 0, 0, 0, 0, 4, -1, 0, 0, 0, 0, 0, 0, 0, -1, 0, 0, 0, 1 ], [ 1, 0, 0, 1, -1, 4, 0, 0, 1, 0, 0, 0, 0, 0, 0, 0, 0, 0 ], 
          [ -1, 0, 0, 0, 0, 0, 4, 0, 1, 1, -1, 1, 0, 1, 0, 0, 1, 1 ], [ 1, 0, 0, 1, 0, 0, 0, 4, 0, -1, 0, 0, -1, 0, 0, -1, 0, 0 ], 
          [ 0, -1, 0, 0, 0, 1, 1, 0, 4, 1, 0, 0, 0, 0, 0, 0, 0, -1 ], [ 0, 0, 0, 1, 0, 0, 1, -1, 1, 4, 0, 0, 0, 0, 0, 0, 1, -1 ], 
          [ 0, 0, 0, 1, 0, 0, -1, 0, 0, 0, 4, 0, 1, 0, 0, 0, -1, -1 ], [ -1, 0, 0, 0, 0, 0, 1, 0, 0, 0, 0, 4, -1, 0, 0, 0, -1, 0 ], 
          [ 1, 0, 0, 0, 0, 0, 0, -1, 0, 0, 1, -1, 4, 0, 0, 0, 0, 0 ], [ 1, 0, 0, 0, -1, 0, 1, 0, 0, 0, 0, 0, 0, 4, 0, 0, 0, 0 ], 
          [ 0, 0, 0, 0, 0, 0, 0, 0, 0, 0, 0, 0, 0, 0, 4, 0, 0, 1 ], [ 0, 0, -1, -1, 0, 0, 0, -1, 0, 0, 0, 0, 0, 0, 0, 4, 0, 0 ], 
          [ 0, 0, -1, 0, 0, 0, 1, 0, 0, 1, -1, -1, 0, 0, 0, 0, 4, 0 ], [ 0, 0, 0, 1, 1, 0, 1, 0, -1, -1, -1, 0, 0, 0, 1, 0, 0, 4 ] ] ], [ rec(
          nopss := [ 0, 18 ],
          scons := [ [ [ 1, 0, -1, 0, 0, 0, 0, 0, 0, 0, 0, 0, 0, 0, 0, 0, 0, 0, 0 ], [ 1, 0, 1, 0, 0, 0, 0, 0, 0, 0, 0, 0, 0, 0, 0, 0, 0, 0, 0 ] ], 
              [ [ 1, 0, 0, 0, 0, 0, 0, 0, 0, 0, 0, 0, 0, 0, 0, -1, 0, 0, 0 ], [ 1, 0, 0, 0, 0, 0, 0, 0, 0, 0, 0, 0, 0, 0, 0, 1, 0, 0, 0 ] ], 
              [ [ 1, 0, 0, 0, 0, 0, 0, 0, 0, 0, 0, 0, 0, 0, -1, 0, 0, 0, 0 ], [ 1, 0, 0, 0, 0, 0, 0, 0, 0, 0, 0, 0, 0, 0, 1, 0, 0, 0, 0 ] ], 
              [ [ 1, 0, 0, 0, 0, 0, 0, 0, 0, 0, 0, 0, -1, 0, 0, 0, 0, 0, 0 ], [ 1, 0, 0, 0, 0, 0, 0, 0, 0, 0, 0, 0, 1, 0, 0, 0, 0, 0, 0 ] ], 
              [ [ 1, 0, 0, 0, 0, 0, 0, 0, 0, -1, 0, 0, 0, 0, 0, 0, 0, 0, 0 ], [ 1, 0, 0, 0, 0, 0, 0, 0, 0, 1, 0, 0, 0, 0, 0, 0, 0, 0, 0 ] ], 
              [ [ 1, 0, 0, 0, 0, -1, 0, 0, 0, 0, 0, 0, 0, 0, 0, 0, 0, 0, 0 ], [ 1, 0, 0, 0, 0, 1, 0, 0, 0, 0, 0, 0, 0, 0, 0, 0, 0, 0, 0 ] ], 
              [ [ 1, 0, 0, -1, 0, 0, 0, 0, 0, 0, 0, 0, 0, 0, 0, 0, 0, 0, 0 ], [ 1, 0, 0, 1, 0, 0, 0, 0, 0, 0, 0, 0, 0, 0, 0, 0, 0, 0, 0 ] ], 
              [ [ 1, 0, 0, 0, 0, 0, 0, 0, 0, 0, 0, 0, 0, 0, 0, 0, -1, 0, 0 ], [ 1, 0, 0, 0, 0, 0, 0, 0, 0, 0, 0, 0, 0, 0, 0, 0, 1, 0, 0 ] ], 
              [ [ 1, 0, 0, 0, 0, 0, 0, 0, -1, 0, 0, 0, 0, 0, 0, 0, 0, 0, 0 ], [ 1, 0, 0, 0, 0, 0, 0, 0, 1, 0, 0, 0, 0, 0, 0, 0, 0, 0, 0 ] ], 
              [ [ 1, 0, 0, 0, 0, 0, 0, 0, 0, 0, 0, -1, 0, 0, 0, 0, 0, 0, 0 ], [ 1, 0, 0, 0, 0, 0, 0, 0, 0, 0, 0, 1, 0, 0, 0, 0, 0, 0, 0 ] ], 
              [ [ 1, 0, 0, 0, 0, 0, -1, 0, 0, 0, 0, 0, 0, 0, 0, 0, 0, 0, 0 ], [ 1, 0, 0, 0, 0, 0, 1, 0, 0, 0, 0, 0, 0, 0, 0, 0, 0, 0, 0 ] ], 
              [ [ 1, 0, 0, 0, 0, 0, 0, 0, 0, 0, 0, 0, 0, 0, 0, 0, 0, -1, 0 ], [ 1, 0, 0, 0, 0, 0, 0, 0, 0, 0, 0, 0, 0, 0, 0, 0, 0, 1, 0 ] ], 
              [ [ 1, 0, 0, 0, -1, 0, 0, 0, 0, 0, 0, 0, 0, 0, 0, 0, 0, 0, 0 ], [ 1, 0, 0, 0, 1, 0, 0, 0, 0, 0, 0, 0, 0, 0, 0, 0, 0, 0, 0 ] ], 
              [ [ 1, 0, 0, 0, 0, 0, 0, 0, 0, 0, -1, 0, 0, 0, 0, 0, 0, 0, 0 ], [ 1, 0, 0, 0, 0, 0, 0, 0, 0, 0, 1, 0, 0, 0, 0, 0, 0, 0, 0 ] ], 
              [ [ 1, 0, 0, 0, 0, 0, 0, -1, 0, 0, 0, 0, 0, 0, 0, 0, 0, 0, 0 ], [ 1, 0, 0, 0, 0, 0, 0, 1, 0, 0, 0, 0, 0, 0, 0, 0, 0, 0, 0 ] ], 
              [ [ 1, 0, 0, 0, 0, 0, 0, 0, 0, 0, 0, 0, 0, -1, 0, 0, 0, 0, 0 ], [ 1, 0, 0, 0, 0, 0, 0, 0, 0, 0, 0, 0, 0, 1, 0, 0, 0, 0, 0 ] ], 
              [ [ 1, 0, 0, 0, 0, 0, 0, 0, 0, 0, 0, 0, 0, 0, 0, 0, 0, 0, -1 ], [ 1, 0, 0, 0, 0, 0, 0, 0, 0, 0, 0, 0, 0, 0, 0, 0, 0, 0, 1 ] ], 
              [ [ 1, -1, 0, 0, 0, 0, 0, 0, 0, 0, 0, 0, 0, 0, 0, 0, 0, 0, 0 ], [ 1, 1, 0, 0, 0, 0, 0, 0, 0, 0, 0, 0, 0, 0, 0, 0, 0, 0, 0 ] ] ],
          slins := [  ] ), [ [ 4, 0, 0, -1, 0, 1, -1, 1, 0, 0, 0, -1, 1, 1, 0, 0, 0, 0 ], [ 0, 4, 0, 0, 0, 0, 0, 0, -1, 0, 0, 0, 0, 0, 0, 0, 0, 0 ], 
          [ 0, 0, 4, 0, 0, 0, 0, 0, 0, 0, 0, 0, 0, 0, 0, -1, -1, 0 ], [ -1, 0, 0, 4, 0, 1, 0, 1, 0, 1, 1, 0, 0, 0, 0, -1, 0, 1 ], 
          [ 0, 0, 0, 0, 4, -1, 0, 0, 0, 0, 0, 0, 0, -1, 0, 0, 0, 1 ], [ 1, 0, 0, 1, -1, 4, 0, 0, 1, 0, 0, 0, 0, 0, 0, 0, 0, 0 ], 
          [ -1, 0, 0, 0, 0, 0, 4, 0, 1, 1, -1, 1, 0, 1, 0, 0, 1, 1 ], [ 1, 0, 0, 1, 0, 0, 0, 4, 0, -1, 0, 0, -1, 0, 0, -1, 0, 0 ], 
          [ 0, -1, 0, 0, 0, 1, 1, 0, 4, 1, 0, 0, 0, 0, 0, 0, 0, -1 ], [ 0, 0, 0, 1, 0, 0, 1, -1, 1, 4, 0, 0, 0, 0, 0, 0, 1, -1 ], 
          [ 0, 0, 0, 1, 0, 0, -1, 0, 0, 0, 4, 0, 1, 0, 0, 0, -1, -1 ], [ -1, 0, 0, 0, 0, 0, 1, 0, 0, 0, 0, 4, -1, 0, 0, 0, -1, 0 ], 
          [ 1, 0, 0, 0, 0, 0, 0, -1, 0, 0, 1, -1, 4, 0, 0, 0, 0, 0 ], [ 1, 0, 0, 0, -1, 0, 1, 0, 0, 0, 0, 0, 0, 4, 0, 0, 0, 0 ], 
          [ 0, 0, 0, 0, 0, 0, 0, 0, 0, 0, 0, 0, 0, 0, 4, 0, 0, 1 ], [ 0, 0, -1, -1, 0, 0, 0, -1, 0, 0, 0, 0, 0, 0, 0, 4, 0, 0 ], 
          [ 0, 0, -1, 0, 0, 0, 1, 0, 0, 1, -1, -1, 0, 0, 0, 0, 4, 0 ], [ 0, 0, 0, 1, 1, 0, 1, 0, -1, -1, -1, 0, 0, 0, 1, 0, 0, 4 ] ] ], [ rec(
          nopss := [ 0, 18 ],
          scons := [ [ [ 1, 0, -1, 0, 0, 0, 0, 0, 0, 0, 0, 0, 0, 0, 0, 0, 0, 0, 0 ], [ 1, 0, 1, 0, 0, 0, 0, 0, 0, 0, 0, 0, 0, 0, 0, 0, 0, 0, 0 ] ], 
              [ [ 1, 0, 0, 0, 0, 0, 0, 0, 0, 0, 0, 0, 0, 0, -1, 0, 0, 0, 0 ], [ 1, 0, 0, 0, 0, 0, 0, 0, 0, 0, 0, 0, 0, 0, 1, 0, 0, 0, 0 ] ], 
              [ [ 1, 0, 0, 0, 0, 0, 0, 0, 0, 0, 0, 0, 0, 0, 0, -1, 0, 0, 0 ], [ 1, 0, 0, 0, 0, 0, 0, 0, 0, 0, 0, 0, 0, 0, 0, 1, 0, 0, 0 ] ], 
              [ [ 1, 0, 0, -1, 0, 0, 0, 0, 0, 0, 0, 0, 0, 0, 0, 0, 0, 0, 0 ], [ 1, 0, 0, 1, 0, 0, 0, 0, 0, 0, 0, 0, 0, 0, 0, 0, 0, 0, 0 ] ], 
              [ [ 1, 0, 0, 0, 0, 0, 0, 0, 0, 0, 0, 0, -1, 0, 0, 0, 0, 0, 0 ], [ 1, 0, 0, 0, 0, 0, 0, 0, 0, 0, 0, 0, 1, 0, 0, 0, 0, 0, 0 ] ], 
              [ [ 1, 0, 0, 0, 0, 0, 0, 0, 0, 0, 0, 0, 0, 0, 0, 0, -1, 0, 0 ], [ 1, 0, 0, 0, 0, 0, 0, 0, 0, 0, 0, 0, 0, 0, 0, 0, 1, 0, 0 ] ], 
              [ [ 1, 0, 0, 0, 0, -1, 0, 0, 0, 0, 0, 0, 0, 0, 0, 0, 0, 0, 0 ], [ 1, 0, 0, 0, 0, 1, 0, 0, 0, 0, 0, 0, 0, 0, 0, 0, 0, 0, 0 ] ], 
              [ [ 1, 0, 0, 0, 0, 0, 0, 0, 0, 0, 0, 0, 0, 0, 0, 0, 0, -1, 0 ], [ 1, 0, 0, 0, 0, 0, 0, 0, 0, 0, 0, 0, 0, 0, 0, 0, 0, 1, 0 ] ], 
              [ [ 1, 0, 0, 0, 0, 0, -1, 0, 0, 0, 0, 0, 0, 0, 0, 0, 0, 0, 0 ], [ 1, 0, 0, 0, 0, 0, 1, 0, 0, 0, 0, 0, 0, 0, 0, 0, 0, 0, 0 ] ], 
              [ [ 1, 0, 0, 0, 0, 0, 0, 0, -1, 0, 0, 0, 0, 0, 0, 0, 0, 0, 0 ], [ 1, 0, 0, 0, 0, 0, 0, 0, 1, 0, 0, 0, 0, 0, 0, 0, 0, 0, 0 ] ], 
              [ [ 1, 0, 0, 0, -1, 0, 0, 0, 0, 0, 0, 0, 0, 0, 0, 0, 0, 0, 0 ], [ 1, 0, 0, 0, 1, 0, 0, 0, 0, 0, 0, 0, 0, 0, 0, 0, 0, 0, 0 ] ], 
              [ [ 1, 0, 0, 0, 0, 0, 0, 0, 0, -1, 0, 0, 0, 0, 0, 0, 0, 0, 0 ], [ 1, 0, 0, 0, 0, 0, 0, 0, 0, 1, 0, 0, 0, 0, 0, 0, 0, 0, 0 ] ], 
              [ [ 1, 0, 0, 0, 0, 0, 0, 0, 0, 0, -1, 0, 0, 0, 0, 0, 0, 0, 0 ], [ 1, 0, 0, 0, 0, 0, 0, 0, 0, 0, 1, 0, 0, 0, 0, 0, 0, 0, 0 ] ], 
              [ [ 1, 0, 0, 0, 0, 0, 0, -1, 0, 0, 0, 0, 0, 0, 0, 0, 0, 0, 0 ], [ 1, 0, 0, 0, 0, 0, 0, 1, 0, 0, 0, 0, 0, 0, 0, 0, 0, 0, 0 ] ], 
              [ [ 1, 0, 0, 0, 0, 0, 0, 0, 0, 0, 0, 0, 0, -1, 0, 0, 0, 0, 0 ], [ 1, 0, 0, 0, 0, 0, 0, 0, 0, 0, 0, 0, 0, 1, 0, 0, 0, 0, 0 ] ], 
              [ [ 1, -1, 0, 0, 0, 0, 0, 0, 0, 0, 0, 0, 0, 0, 0, 0, 0, 0, 0 ], [ 1, 1, 0, 0, 0, 0, 0, 0, 0, 0, 0, 0, 0, 0, 0, 0, 0, 0, 0 ] ], 
              [ [ 1, 0, 0, 0, 0, 0, 0, 0, 0, 0, 0, -1, 0, 0, 0, 0, 0, 0, 0 ], [ 1, 0, 0, 0, 0, 0, 0, 0, 0, 0, 0, 1, 0, 0, 0, 0, 0, 0, 0 ] ], 
              [ [ 1, 0, 0, 0, 0, 0, 0, 0, 0, 0, 0, 0, 0, 0, 0, 0, 0, 0, -1 ], [ 1, 0, 0, 0, 0, 0, 0, 0, 0, 0, 0, 0, 0, 0, 0, 0, 0, 0, 1 ] ] ],
          slins := [  ] ), [ [ 4, 0, 0, -1, 0, 1, -1, 1, 0, 0, 0, -1, 1, 1, 0, 0, 0, 0 ], [ 0, 4, 0, 0, 0, 0, 0, 0, -1, 0, 0, 0, 0, 0, 0, 0, 0, 0 ], 
          [ 0, 0, 4, 0, 0, 0, 0, 0, 0, 0, 0, 0, 0, 0, 0, -1, -1, 0 ], [ -1, 0, 0, 4, 0, 1, 0, 1, 0, 1, 1, 0, 0, 0, 0, -1, 0, 1 ], 
          [ 0, 0, 0, 0, 4, -1, 0, 0, 0, 0, 0, 0, 0, -1, 0, 0, 0, 1 ], [ 1, 0, 0, 1, -1, 4, 0, 0, 1, 0, 0, 0, 0, 0, 0, 0, 0, 0 ], 
          [ -1, 0, 0, 0, 0, 0, 4, 0, 1, 1, -1, 1, 0, 1, 0, 0, 1, 1 ], [ 1, 0, 0, 1, 0, 0, 0, 4, 0, -1, 0, 0, -1, 0, 0, -1, 0, 0 ], 
          [ 0, -1, 0, 0, 0, 1, 1, 0, 4, 1, 0, 0, 0, 0, 0, 0, 0, -1 ], [ 0, 0, 0, 1, 0, 0, 1, -1, 1, 4, 0, 0, 0, 0, 0, 0, 1, -1 ], 
          [ 0, 0, 0, 1, 0, 0, -1, 0, 0, 0, 4, 0, 1, 0, 0, 0, -1, -1 ], [ -1, 0, 0, 0, 0, 0, 1, 0, 0, 0, 0, 4, -1, 0, 0, 0, -1, 0 ], 
          [ 1, 0, 0, 0, 0, 0, 0, -1, 0, 0, 1, -1, 4, 0, 0, 0, 0, 0 ], [ 1, 0, 0, 0, -1, 0, 1, 0, 0, 0, 0, 0, 0, 4, 0, 0, 0, 0 ], 
          [ 0, 0, 0, 0, 0, 0, 0, 0, 0, 0, 0, 0, 0, 0, 4, 0, 0, 1 ], [ 0, 0, -1, -1, 0, 0, 0, -1, 0, 0, 0, 0, 0, 0, 0, 4, 0, 0 ], 
          [ 0, 0, -1, 0, 0, 0, 1, 0, 0, 1, -1, -1, 0, 0, 0, 0, 4, 0 ], [ 0, 0, 0, 1, 1, 0, 1, 0, -1, -1, -1, 0, 0, 0, 1, 0, 0, 4 ] ] ], [ rec(
          nopss := [ 0, 18 ],
          scons := [ [ [ 1, 0, -1, 0, 0, 0, 0, 0, 0, 0, 0, 0, 0, 0, 0, 0, 0, 0, 0 ], [ 1, 0, 1, 0, 0, 0, 0, 0, 0, 0, 0, 0, 0, 0, 0, 0, 0, 0, 0 ] ], 
              [ [ 1, 0, 0, 0, 0, 0, 0, 0, 0, 0, 0, 0, 0, 0, -1, 0, 0, 0, 0 ], [ 1, 0, 0, 0, 0, 0, 0, 0, 0, 0, 0, 0, 0, 0, 1, 0, 0, 0, 0 ] ], 
              [ [ 1, 0, 0, 0, 0, 0, 0, 0, 0, 0, 0, 0, 0, 0, 0, -1, 0, 0, 0 ], [ 1, 0, 0, 0, 0, 0, 0, 0, 0, 0, 0, 0, 0, 0, 0, 1, 0, 0, 0 ] ], 
              [ [ 1, 0, 0, -1, 0, 0, 0, 0, 0, 0, 0, 0, 0, 0, 0, 0, 0, 0, 0 ], [ 1, 0, 0, 1, 0, 0, 0, 0, 0, 0, 0, 0, 0, 0, 0, 0, 0, 0, 0 ] ], 
              [ [ 1, 0, 0, 0, 0, 0, 0, 0, 0, 0, 0, 0, -1, 0, 0, 0, 0, 0, 0 ], [ 1, 0, 0, 0, 0, 0, 0, 0, 0, 0, 0, 0, 1, 0, 0, 0, 0, 0, 0 ] ], 
              [ [ 1, 0, 0, 0, 0, 0, 0, 0, 0, 0, 0, 0, 0, 0, 0, 0, -1, 0, 0 ], [ 1, 0, 0, 0, 0, 0, 0, 0, 0, 0, 0, 0, 0, 0, 0, 0, 1, 0, 0 ] ], 
              [ [ 1, 0, 0, 0, 0, -1, 0, 0, 0, 0, 0, 0, 0, 0, 0, 0, 0, 0, 0 ], [ 1, 0, 0, 0, 0, 1, 0, 0, 0, 0, 0, 0, 0, 0, 0, 0, 0, 0, 0 ] ], 
              [ [ 1, 0, 0, 0, 0, 0, 0, 0, 0, 0, 0, 0, 0, 0, 0, 0, 0, -1, 0 ], [ 1, 0, 0, 0, 0, 0, 0, 0, 0, 0, 0, 0, 0, 0, 0, 0, 0, 1, 0 ] ], 
              [ [ 1, 0, 0, 0, 0, 0, -1, 0, 0, 0, 0, 0, 0, 0, 0, 0, 0, 0, 0 ], [ 1, 0, 0, 0, 0, 0, 1, 0, 0, 0, 0, 0, 0, 0, 0, 0, 0, 0, 0 ] ], 
              [ [ 1, 0, 0, 0, -1, 0, 0, 0, 0, 0, 0, 0, 0, 0, 0, 0, 0, 0, 0 ], [ 1, 0, 0, 0, 1, 0, 0, 0, 0, 0, 0, 0, 0, 0, 0, 0, 0, 0, 0 ] ], 
              [ [ 1, 0, 0, 0, 0, 0, 0, 0, 0, -1, 0, 0, 0, 0, 0, 0, 0, 0, 0 ], [ 1, 0, 0, 0, 0, 0, 0, 0, 0, 1, 0, 0, 0, 0, 0, 0, 0, 0, 0 ] ], 
              [ [ 1, 0, 0, 0, 0, 0, 0, -1, 0, 0, 0, 0, 0, 0, 0, 0, 0, 0, 0 ], [ 1, 0, 0, 0, 0, 0, 0, 1, 0, 0, 0, 0, 0, 0, 0, 0, 0, 0, 0 ] ], 
              [ [ 1, 0, 0, 0, 0, 0, 0, 0, 0, 0, 0, 0, 0, -1, 0, 0, 0, 0, 0 ], [ 1, 0, 0, 0, 0, 0, 0, 0, 0, 0, 0, 0, 0, 1, 0, 0, 0, 0, 0 ] ], 
              [ [ 1, 0, 0, 0, 0, 0, 0, 0, 0, 0, 0, -1, 0, 0, 0, 0, 0, 0, 0 ], [ 1, 0, 0, 0, 0, 0, 0, 0, 0, 0, 0, 1, 0, 0, 0, 0, 0, 0, 0 ] ], 
              [ [ 1, 0, 0, 0, 0, 0, 0, 0, -1, 0, 0, 0, 0, 0, 0, 0, 0, 0, 0 ], [ 1, 0, 0, 0, 0, 0, 0, 0, 1, 0, 0, 0, 0, 0, 0, 0, 0, 0, 0 ] ], 
              [ [ 1, -1, 0, 0, 0, 0, 0, 0, 0, 0, 0, 0, 0, 0, 0, 0, 0, 0, 0 ], [ 1, 1, 0, 0, 0, 0, 0, 0, 0, 0, 0, 0, 0, 0, 0, 0, 0, 0, 0 ] ], 
              [ [ 1, 0, 0, 0, 0, 0, 0, 0, 0, 0, -1, 0, 0, 0, 0, 0, 0, 0, 0 ], [ 1, 0, 0, 0, 0, 0, 0, 0, 0, 0, 1, 0, 0, 0, 0, 0, 0, 0, 0 ] ], 
              [ [ 1, 0, 0, 0, 0, 0, 0, 0, 0, 0, 0, 0, 0, 0, 0, 0, 0, 0, -1 ], [ 1, 0, 0, 0, 0, 0, 0, 0, 0, 0, 0, 0, 0, 0, 0, 0, 0, 0, 1 ] ] ],
          slins := [  ] ), [ [ 4, 0, 0, -1, 0, 1, -1, 1, 0, 0, 0, -1, 1, 1, 0, 0, 0, 0 ], [ 0, 4, 0, 0, 0, 0, 0, 0, -1, 0, 0, 0, 0, 0, 0, 0, 0, 0 ], 
          [ 0, 0, 4, 0, 0, 0, 0, 0, 0, 0, 0, 0, 0, 0, 0, -1, -1, 0 ], [ -1, 0, 0, 4, 0, 1, 0, 1, 0, 1, 1, 0, 0, 0, 0, -1, 0, 1 ], 
          [ 0, 0, 0, 0, 4, -1, 0, 0, 0, 0, 0, 0, 0, -1, 0, 0, 0, 1 ], [ 1, 0, 0, 1, -1, 4, 0, 0, 1, 0, 0, 0, 0, 0, 0, 0, 0, 0 ], 
          [ -1, 0, 0, 0, 0, 0, 4, 0, 1, 1, -1, 1, 0, 1, 0, 0, 1, 1 ], [ 1, 0, 0, 1, 0, 0, 0, 4, 0, -1, 0, 0, -1, 0, 0, -1, 0, 0 ], 
          [ 0, -1, 0, 0, 0, 1, 1, 0, 4, 1, 0, 0, 0, 0, 0, 0, 0, -1 ], [ 0, 0, 0, 1, 0, 0, 1, -1, 1, 4, 0, 0, 0, 0, 0, 0, 1, -1 ], 
          [ 0, 0, 0, 1, 0, 0, -1, 0, 0, 0, 4, 0, 1, 0, 0, 0, -1, -1 ], [ -1, 0, 0, 0, 0, 0, 1, 0, 0, 0, 0, 4, -1, 0, 0, 0, -1, 0 ], 
          [ 1, 0, 0, 0, 0, 0, 0, -1, 0, 0, 1, -1, 4, 0, 0, 0, 0, 0 ], [ 1, 0, 0, 0, -1, 0, 1, 0, 0, 0, 0, 0, 0, 4, 0, 0, 0, 0 ], 
          [ 0, 0, 0, 0, 0, 0, 0, 0, 0, 0, 0, 0, 0, 0, 4, 0, 0, 1 ], [ 0, 0, -1, -1, 0, 0, 0, -1, 0, 0, 0, 0, 0, 0, 0, 4, 0, 0 ], 
          [ 0, 0, -1, 0, 0, 0, 1, 0, 0, 1, -1, -1, 0, 0, 0, 0, 4, 0 ], [ 0, 0, 0, 1, 1, 0, 1, 0, -1, -1, -1, 0, 0, 0, 1, 0, 0, 4 ] ] ], [ rec(
          nopss := [ 0, 18 ],
          scons := [ [ [ 1, 0, -1, 0, 0, 0, 0, 0, 0, 0, 0, 0, 0, 0, 0, 0, 0, 0, 0 ], [ 1, 0, 1, 0, 0, 0, 0, 0, 0, 0, 0, 0, 0, 0, 0, 0, 0, 0, 0 ] ], 
              [ [ 1, 0, 0, 0, 0, 0, 0, 0, 0, 0, 0, 0, 0, 0, 0, -1, 0, 0, 0 ], [ 1, 0, 0, 0, 0, 0, 0, 0, 0, 0, 0, 0, 0, 0, 0, 1, 0, 0, 0 ] ], 
              [ [ 1, 0, 0, -1, 0, 0, 0, 0, 0, 0, 0, 0, 0, 0, 0, 0, 0, 0, 0 ], [ 1, 0, 0, 1, 0, 0, 0, 0, 0, 0, 0, 0, 0, 0, 0, 0, 0, 0, 0 ] ], 
              [ [ 1, 0, 0, 0, 0, 0, 0, 0, 0, 0, 0, 0, 0, 0, 0, 0, -1, 0, 0 ], [ 1, 0, 0, 0, 0, 0, 0, 0, 0, 0, 0, 0, 0, 0, 0, 0, 1, 0, 0 ] ], 
              [ [ 1, 0, 0, 0, 0, 0, 0, 0, 0, 0, 0, 0, 0, 0, -1, 0, 0, 0, 0 ], [ 1, 0, 0, 0, 0, 0, 0, 0, 0, 0, 0, 0, 0, 0, 1, 0, 0, 0, 0 ] ], 
              [ [ 1, 0, 0, 0, 0, 0, 0, 0, 0, 0, 0, 0, -1, 0, 0, 0, 0, 0, 0 ], [ 1, 0, 0, 0, 0, 0, 0, 0, 0, 0, 0, 0, 1, 0, 0, 0, 0, 0, 0 ] ], 
              [ [ 1, 0, 0, 0, 0, -1, 0, 0, 0, 0, 0, 0, 0, 0, 0, 0, 0, 0, 0 ], [ 1, 0, 0, 0, 0, 1, 0, 0, 0, 0, 0, 0, 0, 0, 0, 0, 0, 0, 0 ] ], 
              [ [ 1, 0, 0, 0, 0, 0, -1, 0, 0, 0, 0, 0, 0, 0, 0, 0, 0, 0, 0 ], [ 1, 0, 0, 0, 0, 0, 1, 0, 0, 0, 0, 0, 0, 0, 0, 0, 0, 0, 0 ] ], 
              [ [ 1, 0, 0, 0, -1, 0, 0, 0, 0, 0, 0, 0, 0, 0, 0, 0, 0, 0, 0 ], [ 1, 0, 0, 0, 1, 0, 0, 0, 0, 0, 0, 0, 0, 0, 0, 0, 0, 0, 0 ] ], 
              [ [ 1, 0, 0, 0, 0, 0, 0, 0, 0, 0, 0, 0, 0, 0, 0, 0, 0, -1, 0 ], [ 1, 0, 0, 0, 0, 0, 0, 0, 0, 0, 0, 0, 0, 0, 0, 0, 0, 1, 0 ] ], 
              [ [ 1, 0, 0, 0, 0, 0, 0, 0, 0, -1, 0, 0, 0, 0, 0, 0, 0, 0, 0 ], [ 1, 0, 0, 0, 0, 0, 0, 0, 0, 1, 0, 0, 0, 0, 0, 0, 0, 0, 0 ] ], 
              [ [ 1, 0, 0, 0, 0, 0, 0, -1, 0, 0, 0, 0, 0, 0, 0, 0, 0, 0, 0 ], [ 1, 0, 0, 0, 0, 0, 0, 1, 0, 0, 0, 0, 0, 0, 0, 0, 0, 0, 0 ] ], 
              [ [ 1, 0, 0, 0, 0, 0, 0, 0, 0, 0, 0, 0, 0, -1, 0, 0, 0, 0, 0 ], [ 1, 0, 0, 0, 0, 0, 0, 0, 0, 0, 0, 0, 0, 1, 0, 0, 0, 0, 0 ] ], 
              [ [ 1, 0, 0, 0, 0, 0, 0, 0, 0, 0, 0, -1, 0, 0, 0, 0, 0, 0, 0 ], [ 1, 0, 0, 0, 0, 0, 0, 0, 0, 0, 0, 1, 0, 0, 0, 0, 0, 0, 0 ] ], 
              [ [ 1, 0, 0, 0, 0, 0, 0, 0, -1, 0, 0, 0, 0, 0, 0, 0, 0, 0, 0 ], [ 1, 0, 0, 0, 0, 0, 0, 0, 1, 0, 0, 0, 0, 0, 0, 0, 0, 0, 0 ] ], 
              [ [ 1, 0, 0, 0, 0, 0, 0, 0, 0, 0, -1, 0, 0, 0, 0, 0, 0, 0, 0 ], [ 1, 0, 0, 0, 0, 0, 0, 0, 0, 0, 1, 0, 0, 0, 0, 0, 0, 0, 0 ] ], 
              [ [ 1, -1, 0, 0, 0, 0, 0, 0, 0, 0, 0, 0, 0, 0, 0, 0, 0, 0, 0 ], [ 1, 1, 0, 0, 0, 0, 0, 0, 0, 0, 0, 0, 0, 0, 0, 0, 0, 0, 0 ] ], 
              [ [ 1, 0, 0, 0, 0, 0, 0, 0, 0, 0, 0, 0, 0, 0, 0, 0, 0, 0, -1 ], [ 1, 0, 0, 0, 0, 0, 0, 0, 0, 0, 0, 0, 0, 0, 0, 0, 0, 0, 1 ] ] ],
          slins := [  ] ), [ [ 4, 0, 0, -1, 0, 1, -1, 1, 0, 0, 0, -1, 1, 1, 0, 0, 0, 0 ], [ 0, 4, 0, 0, 0, 0, 0, 0, -1, 0, 0, 0, 0, 0, 0, 0, 0, 0 ], 
          [ 0, 0, 4, 0, 0, 0, 0, 0, 0, 0, 0, 0, 0, 0, 0, -1, -1, 0 ], [ -1, 0, 0, 4, 0, 1, 0, 1, 0, 1, 1, 0, 0, 0, 0, -1, 0, 1 ], 
          [ 0, 0, 0, 0, 4, -1, 0, 0, 0, 0, 0, 0, 0, -1, 0, 0, 0, 1 ], [ 1, 0, 0, 1, -1, 4, 0, 0, 1, 0, 0, 0, 0, 0, 0, 0, 0, 0 ], 
          [ -1, 0, 0, 0, 0, 0, 4, 0, 1, 1, -1, 1, 0, 1, 0, 0, 1, 1 ], [ 1, 0, 0, 1, 0, 0, 0, 4, 0, -1, 0, 0, -1, 0, 0, -1, 0, 0 ], 
          [ 0, -1, 0, 0, 0, 1, 1, 0, 4, 1, 0, 0, 0, 0, 0, 0, 0, -1 ], [ 0, 0, 0, 1, 0, 0, 1, -1, 1, 4, 0, 0, 0, 0, 0, 0, 1, -1 ], 
          [ 0, 0, 0, 1, 0, 0, -1, 0, 0, 0, 4, 0, 1, 0, 0, 0, -1, -1 ], [ -1, 0, 0, 0, 0, 0, 1, 0, 0, 0, 0, 4, -1, 0, 0, 0, -1, 0 ], 
          [ 1, 0, 0, 0, 0, 0, 0, -1, 0, 0, 1, -1, 4, 0, 0, 0, 0, 0 ], [ 1, 0, 0, 0, -1, 0, 1, 0, 0, 0, 0, 0, 0, 4, 0, 0, 0, 0 ], 
          [ 0, 0, 0, 0, 0, 0, 0, 0, 0, 0, 0, 0, 0, 0, 4, 0, 0, 1 ], [ 0, 0, -1, -1, 0, 0, 0, -1, 0, 0, 0, 0, 0, 0, 0, 4, 0, 0 ], 
          [ 0, 0, -1, 0, 0, 0, 1, 0, 0, 1, -1, -1, 0, 0, 0, 0, 4, 0 ], [ 0, 0, 0, 1, 1, 0, 1, 0, -1, -1, -1, 0, 0, 0, 1, 0, 0, 4 ] ] ], [ rec(
          nopss := [ 0, 18 ],
          scons := [ [ [ 1, 0, -1, 0, 0, 0, 0, 0, 0, 0, 0, 0, 0, 0, 0, 0, 0, 0, 0 ], [ 1, 0, 1, 0, 0, 0, 0, 0, 0, 0, 0, 0, 0, 0, 0, 0, 0, 0, 0 ] ], 
              [ [ 1, 0, 0, 0, 0, 0, 0, 0, 0, 0, 0, 0, 0, 0, 0, -1, 0, 0, 0 ], [ 1, 0, 0, 0, 0, 0, 0, 0, 0, 0, 0, 0, 0, 0, 0, 1, 0, 0, 0 ] ], 
              [ [ 1, 0, 0, -1, 0, 0, 0, 0, 0, 0, 0, 0, 0, 0, 0, 0, 0, 0, 0 ], [ 1, 0, 0, 1, 0, 0, 0, 0, 0, 0, 0, 0, 0, 0, 0, 0, 0, 0, 0 ] ], 
              [ [ 1, 0, 0, 0, 0, 0, 0, 0, 0, 0, 0, 0, 0, 0, 0, 0, -1, 0, 0 ], [ 1, 0, 0, 0, 0, 0, 0, 0, 0, 0, 0, 0, 0, 0, 0, 0, 1, 0, 0 ] ], 
              [ [ 1, 0, 0, 0, 0, 0, 0, 0, 0, 0, 0, 0, 0, 0, -1, 0, 0, 0, 0 ], [ 1, 0, 0, 0, 0, 0, 0, 0, 0, 0, 0, 0, 0, 0, 1, 0, 0, 0, 0 ] ], 
              [ [ 1, 0, 0, 0, 0, 0, 0, 0, 0, 0, 0, 0, -1, 0, 0, 0, 0, 0, 0 ], [ 1, 0, 0, 0, 0, 0, 0, 0, 0, 0, 0, 0, 1, 0, 0, 0, 0, 0, 0 ] ], 
              [ [ 1, 0, 0, 0, 0, -1, 0, 0, 0, 0, 0, 0, 0, 0, 0, 0, 0, 0, 0 ], [ 1, 0, 0, 0, 0, 1, 0, 0, 0, 0, 0, 0, 0, 0, 0, 0, 0, 0, 0 ] ], 
              [ [ 1, 0, 0, 0, 0, 0, -1, 0, 0, 0, 0, 0, 0, 0, 0, 0, 0, 0, 0 ], [ 1, 0, 0, 0, 0, 0, 1, 0, 0, 0, 0, 0, 0, 0, 0, 0, 0, 0, 0 ] ], 
              [ [ 1, 0, 0, 0, -1, 0, 0, 0, 0, 0, 0, 0, 0, 0, 0, 0, 0, 0, 0 ], [ 1, 0, 0, 0, 1, 0, 0, 0, 0, 0, 0, 0, 0, 0, 0, 0, 0, 0, 0 ] ], 
              [ [ 1, 0, 0, 0, 0, 0, 0, 0, 0, 0, 0, 0, 0, 0, 0, 0, 0, -1, 0 ], [ 1, 0, 0, 0, 0, 0, 0, 0, 0, 0, 0, 0, 0, 0, 0, 0, 0, 1, 0 ] ], 
              [ [ 1, 0, 0, 0, 0, 0, 0, 0, 0, 0, 0, 0, 0, -1, 0, 0, 0, 0, 0 ], [ 1, 0, 0, 0, 0, 0, 0, 0, 0, 0, 0, 0, 0, 1, 0, 0, 0, 0, 0 ] ], 
              [ [ 1, 0, 0, 0, 0, 0, 0, -1, 0, 0, 0, 0, 0, 0, 0, 0, 0, 0, 0 ], [ 1, 0, 0, 0, 0, 0, 0, 1, 0, 0, 0, 0, 0, 0, 0, 0, 0, 0, 0 ] ], 
              [ [ 1, 0, 0, 0, 0, 0, 0, 0, 0, -1, 0, 0, 0, 0, 0, 0, 0, 0, 0 ], [ 1, 0, 0, 0, 0, 0, 0, 0, 0, 1, 0, 0, 0, 0, 0, 0, 0, 0, 0 ] ], 
              [ [ 1, 0, 0, 0, 0, 0, 0, 0, 0, 0, 0, -1, 0, 0, 0, 0, 0, 0, 0 ], [ 1, 0, 0, 0, 0, 0, 0, 0, 0, 0, 0, 1, 0, 0, 0, 0, 0, 0, 0 ] ], 
              [ [ 1, 0, 0, 0, 0, 0, 0, 0, -1, 0, 0, 0, 0, 0, 0, 0, 0, 0, 0 ], [ 1, 0, 0, 0, 0, 0, 0, 0, 1, 0, 0, 0, 0, 0, 0, 0, 0, 0, 0 ] ], 
              [ [ 1, -1, 0, 0, 0, 0, 0, 0, 0, 0, 0, 0, 0, 0, 0, 0, 0, 0, 0 ], [ 1, 1, 0, 0, 0, 0, 0, 0, 0, 0, 0, 0, 0, 0, 0, 0, 0, 0, 0 ] ], 
              [ [ 1, 0, 0, 0, 0, 0, 0, 0, 0, 0, -1, 0, 0, 0, 0, 0, 0, 0, 0 ], [ 1, 0, 0, 0, 0, 0, 0, 0, 0, 0, 1, 0, 0, 0, 0, 0, 0, 0, 0 ] ], 
              [ [ 1, 0, 0, 0, 0, 0, 0, 0, 0, 0, 0, 0, 0, 0, 0, 0, 0, 0, -1 ], [ 1, 0, 0, 0, 0, 0, 0, 0, 0, 0, 0, 0, 0, 0, 0, 0, 0, 0, 1 ] ] ],
          slins := [  ] ), [ [ 4, 0, 0, -1, 0, 1, -1, 1, 0, 0, 0, -1, 1, 1, 0, 0, 0, 0 ], [ 0, 4, 0, 0, 0, 0, 0, 0, -1, 0, 0, 0, 0, 0, 0, 0, 0, 0 ], 
          [ 0, 0, 4, 0, 0, 0, 0, 0, 0, 0, 0, 0, 0, 0, 0, -1, -1, 0 ], [ -1, 0, 0, 4, 0, 1, 0, 1, 0, 1, 1, 0, 0, 0, 0, -1, 0, 1 ], 
          [ 0, 0, 0, 0, 4, -1, 0, 0, 0, 0, 0, 0, 0, -1, 0, 0, 0, 1 ], [ 1, 0, 0, 1, -1, 4, 0, 0, 1, 0, 0, 0, 0, 0, 0, 0, 0, 0 ], 
          [ -1, 0, 0, 0, 0, 0, 4, 0, 1, 1, -1, 1, 0, 1, 0, 0, 1, 1 ], [ 1, 0, 0, 1, 0, 0, 0, 4, 0, -1, 0, 0, -1, 0, 0, -1, 0, 0 ], 
          [ 0, -1, 0, 0, 0, 1, 1, 0, 4, 1, 0, 0, 0, 0, 0, 0, 0, -1 ], [ 0, 0, 0, 1, 0, 0, 1, -1, 1, 4, 0, 0, 0, 0, 0, 0, 1, -1 ], 
          [ 0, 0, 0, 1, 0, 0, -1, 0, 0, 0, 4, 0, 1, 0, 0, 0, -1, -1 ], [ -1, 0, 0, 0, 0, 0, 1, 0, 0, 0, 0, 4, -1, 0, 0, 0, -1, 0 ], 
          [ 1, 0, 0, 0, 0, 0, 0, -1, 0, 0, 1, -1, 4, 0, 0, 0, 0, 0 ], [ 1, 0, 0, 0, -1, 0, 1, 0, 0, 0, 0, 0, 0, 4, 0, 0, 0, 0 ], 
          [ 0, 0, 0, 0, 0, 0, 0, 0, 0, 0, 0, 0, 0, 0, 4, 0, 0, 1 ], [ 0, 0, -1, -1, 0, 0, 0, -1, 0, 0, 0, 0, 0, 0, 0, 4, 0, 0 ], 
          [ 0, 0, -1, 0, 0, 0, 1, 0, 0, 1, -1, -1, 0, 0, 0, 0, 4, 0 ], [ 0, 0, 0, 1, 1, 0, 1, 0, -1, -1, -1, 0, 0, 0, 1, 0, 0, 4 ] ] ], [ rec(
          nopss := [ 0, 18 ],
          scons := [ [ [ 1, 0, -1, 0, 0, 0, 0, 0, 0, 0, 0, 0, 0, 0, 0, 0, 0, 0, 0 ], [ 1, 0, 1, 0, 0, 0, 0, 0, 0, 0, 0, 0, 0, 0, 0, 0, 0, 0, 0 ] ], 
              [ [ 1, 0, 0, 0, 0, 0, 0, 0, 0, 0, 0, 0, 0, 0, 0, -1, 0, 0, 0 ], [ 1, 0, 0, 0, 0, 0, 0, 0, 0, 0, 0, 0, 0, 0, 0, 1, 0, 0, 0 ] ], 
              [ [ 1, 0, 0, -1, 0, 0, 0, 0, 0, 0, 0, 0, 0, 0, 0, 0, 0, 0, 0 ], [ 1, 0, 0, 1, 0, 0, 0, 0, 0, 0, 0, 0, 0, 0, 0, 0, 0, 0, 0 ] ], 
              [ [ 1, 0, 0, 0, 0, 0, 0, 0, 0, 0, 0, 0, 0, 0, 0, 0, -1, 0, 0 ], [ 1, 0, 0, 0, 0, 0, 0, 0, 0, 0, 0, 0, 0, 0, 0, 0, 1, 0, 0 ] ], 
              [ [ 1, 0, 0, 0, 0, 0, 0, 0, 0, 0, 0, 0, 0, 0, -1, 0, 0, 0, 0 ], [ 1, 0, 0, 0, 0, 0, 0, 0, 0, 0, 0, 0, 0, 0, 1, 0, 0, 0, 0 ] ], 
              [ [ 1, 0, 0, 0, 0, 0, 0, 0, 0, 0, 0, 0, -1, 0, 0, 0, 0, 0, 0 ], [ 1, 0, 0, 0, 0, 0, 0, 0, 0, 0, 0, 0, 1, 0, 0, 0, 0, 0, 0 ] ], 
              [ [ 1, 0, 0, 0, 0, -1, 0, 0, 0, 0, 0, 0, 0, 0, 0, 0, 0, 0, 0 ], [ 1, 0, 0, 0, 0, 1, 0, 0, 0, 0, 0, 0, 0, 0, 0, 0, 0, 0, 0 ] ], 
              [ [ 1, 0, 0, 0, 0, 0, 0, 0, 0, 0, 0, 0, 0, 0, 0, 0, 0, -1, 0 ], [ 1, 0, 0, 0, 0, 0, 0, 0, 0, 0, 0, 0, 0, 0, 0, 0, 0, 1, 0 ] ], 
              [ [ 1, 0, 0, 0, 0, 0, 0, -1, 0, 0, 0, 0, 0, 0, 0, 0, 0, 0, 0 ], [ 1, 0, 0, 0, 0, 0, 0, 1, 0, 0, 0, 0, 0, 0, 0, 0, 0, 0, 0 ] ], 
              [ [ 1, 0, 0, 0, 0, 0, 0, 0, 0, 0, 0, 0, 0, -1, 0, 0, 0, 0, 0 ], [ 1, 0, 0, 0, 0, 0, 0, 0, 0, 0, 0, 0, 0, 1, 0, 0, 0, 0, 0 ] ], 
              [ [ 1, 0, 0, 0, 0, 0, -1, 0, 0, 0, 0, 0, 0, 0, 0, 0, 0, 0, 0 ], [ 1, 0, 0, 0, 0, 0, 1, 0, 0, 0, 0, 0, 0, 0, 0, 0, 0, 0, 0 ] ], 
              [ [ 1, 0, 0, 0, 0, 0, 0, 0, 0, 0, 0, -1, 0, 0, 0, 0, 0, 0, 0 ], [ 1, 0, 0, 0, 0, 0, 0, 0, 0, 0, 0, 1, 0, 0, 0, 0, 0, 0, 0 ] ], 
              [ [ 1, 0, 0, 0, -1, 0, 0, 0, 0, 0, 0, 0, 0, 0, 0, 0, 0, 0, 0 ], [ 1, 0, 0, 0, 1, 0, 0, 0, 0, 0, 0, 0, 0, 0, 0, 0, 0, 0, 0 ] ], 
              [ [ 1, 0, 0, 0, 0, 0, 0, 0, 0, -1, 0, 0, 0, 0, 0, 0, 0, 0, 0 ], [ 1, 0, 0, 0, 0, 0, 0, 0, 0, 1, 0, 0, 0, 0, 0, 0, 0, 0, 0 ] ], 
              [ [ 1, -1, 0, 0, 0, 0, 0, 0, 0, 0, 0, 0, 0, 0, 0, 0, 0, 0, 0 ], [ 1, 1, 0, 0, 0, 0, 0, 0, 0, 0, 0, 0, 0, 0, 0, 0, 0, 0, 0 ] ], 
              [ [ 1, 0, 0, 0, 0, 0, 0, 0, -1, 0, 0, 0, 0, 0, 0, 0, 0, 0, 0 ], [ 1, 0, 0, 0, 0, 0, 0, 0, 1, 0, 0, 0, 0, 0, 0, 0, 0, 0, 0 ] ], 
              [ [ 1, 0, 0, 0, 0, 0, 0, 0, 0, 0, 0, 0, 0, 0, 0, 0, 0, 0, -1 ], [ 1, 0, 0, 0, 0, 0, 0, 0, 0, 0, 0, 0, 0, 0, 0, 0, 0, 0, 1 ] ], 
              [ [ 1, 0, 0, 0, 0, 0, 0, 0, 0, 0, -1, 0, 0, 0, 0, 0, 0, 0, 0 ], [ 1, 0, 0, 0, 0, 0, 0, 0, 0, 0, 1, 0, 0, 0, 0, 0, 0, 0, 0 ] ] ],
          slins := [  ] ), [ [ 4, 0, 0, -1, 0, 1, -1, 1, 0, 0, 0, -1, 1, 1, 0, 0, 0, 0 ], [ 0, 4, 0, 0, 0, 0, 0, 0, -1, 0, 0, 0, 0, 0, 0, 0, 0, 0 ], 
          [ 0, 0, 4, 0, 0, 0, 0, 0, 0, 0, 0, 0, 0, 0, 0, -1, -1, 0 ], [ -1, 0, 0, 4, 0, 1, 0, 1, 0, 1, 1, 0, 0, 0, 0, -1, 0, 1 ], 
          [ 0, 0, 0, 0, 4, -1, 0, 0, 0, 0, 0, 0, 0, -1, 0, 0, 0, 1 ], [ 1, 0, 0, 1, -1, 4, 0, 0, 1, 0, 0, 0, 0, 0, 0, 0, 0, 0 ], 
          [ -1, 0, 0, 0, 0, 0, 4, 0, 1, 1, -1, 1, 0, 1, 0, 0, 1, 1 ], [ 1, 0, 0, 1, 0, 0, 0, 4, 0, -1, 0, 0, -1, 0, 0, -1, 0, 0 ], 
          [ 0, -1, 0, 0, 0, 1, 1, 0, 4, 1, 0, 0, 0, 0, 0, 0, 0, -1 ], [ 0, 0, 0, 1, 0, 0, 1, -1, 1, 4, 0, 0, 0, 0, 0, 0, 1, -1 ], 
          [ 0, 0, 0, 1, 0, 0, -1, 0, 0, 0, 4, 0, 1, 0, 0, 0, -1, -1 ], [ -1, 0, 0, 0, 0, 0, 1, 0, 0, 0, 0, 4, -1, 0, 0, 0, -1, 0 ], 
          [ 1, 0, 0, 0, 0, 0, 0, -1, 0, 0, 1, -1, 4, 0, 0, 0, 0, 0 ], [ 1, 0, 0, 0, -1, 0, 1, 0, 0, 0, 0, 0, 0, 4, 0, 0, 0, 0 ], 
          [ 0, 0, 0, 0, 0, 0, 0, 0, 0, 0, 0, 0, 0, 0, 4, 0, 0, 1 ], [ 0, 0, -1, -1, 0, 0, 0, -1, 0, 0, 0, 0, 0, 0, 0, 4, 0, 0 ], 
          [ 0, 0, -1, 0, 0, 0, 1, 0, 0, 1, -1, -1, 0, 0, 0, 0, 4, 0 ], [ 0, 0, 0, 1, 1, 0, 1, 0, -1, -1, -1, 0, 0, 0, 1, 0, 0, 4 ] ] ], [ rec(
          nopss := [ 0, 18 ],
          scons := [ [ [ 1, 0, -1, 0, 0, 0, 0, 0, 0, 0, 0, 0, 0, 0, 0, 0, 0, 0, 0 ], [ 1, 0, 1, 0, 0, 0, 0, 0, 0, 0, 0, 0, 0, 0, 0, 0, 0, 0, 0 ] ], 
              [ [ 1, 0, 0, 0, 0, 0, 0, 0, 0, 0, 0, 0, 0, 0, 0, -1, 0, 0, 0 ], [ 1, 0, 0, 0, 0, 0, 0, 0, 0, 0, 0, 0, 0, 0, 0, 1, 0, 0, 0 ] ], 
              [ [ 1, 0, 0, -1, 0, 0, 0, 0, 0, 0, 0, 0, 0, 0, 0, 0, 0, 0, 0 ], [ 1, 0, 0, 1, 0, 0, 0, 0, 0, 0, 0, 0, 0, 0, 0, 0, 0, 0, 0 ] ], 
              [ [ 1, 0, 0, 0, 0, 0, 0, 0, 0, 0, 0, 0, 0, 0, 0, 0, -1, 0, 0 ], [ 1, 0, 0, 0, 0, 0, 0, 0, 0, 0, 0, 0, 0, 0, 0, 0, 1, 0, 0 ] ], 
              [ [ 1, 0, 0, 0, 0, 0, 0, 0, 0, 0, 0, 0, -1, 0, 0, 0, 0, 0, 0 ], [ 1, 0, 0, 0, 0, 0, 0, 0, 0, 0, 0, 0, 1, 0, 0, 0, 0, 0, 0 ] ], 
              [ [ 1, 0, 0, 0, 0, -1, 0, 0, 0, 0, 0, 0, 0, 0, 0, 0, 0, 0, 0 ], [ 1, 0, 0, 0, 0, 1, 0, 0, 0, 0, 0, 0, 0, 0, 0, 0, 0, 0, 0 ] ], 
              [ [ 1, 0, 0, 0, 0, 0, 0, 0, 0, 0, 0, 0, 0, 0, 0, 0, 0, -1, 0 ], [ 1, 0, 0, 0, 0, 0, 0, 0, 0, 0, 0, 0, 0, 0, 0, 0, 0, 1, 0 ] ], 
              [ [ 1, 0, 0, 0, 0, 0, 0, 0, 0, 0, 0, 0, 0, 0, -1, 0, 0, 0, 0 ], [ 1, 0, 0, 0, 0, 0, 0, 0, 0, 0, 0, 0, 0, 0, 1, 0, 0, 0, 0 ] ], 
              [ [ 1, 0, 0, 0, 0, 0, -1, 0, 0, 0, 0, 0, 0, 0, 0, 0, 0, 0, 0 ], [ 1, 0, 0, 0, 0, 0, 1, 0, 0, 0, 0, 0, 0, 0, 0, 0, 0, 0, 0 ] ], 
              [ [ 1, 0, 0, 0, 0, 0, 0, 0, 0, -1, 0, 0, 0, 0, 0, 0, 0, 0, 0 ], [ 1, 0, 0, 0, 0, 0, 0, 0, 0, 1, 0, 0, 0, 0, 0, 0, 0, 0, 0 ] ], 
              [ [ 1, 0, 0, 0, -1, 0, 0, 0, 0, 0, 0, 0, 0, 0, 0, 0, 0, 0, 0 ], [ 1, 0, 0, 0, 1, 0, 0, 0, 0, 0, 0, 0, 0, 0, 0, 0, 0, 0, 0 ] ], 
              [ [ 1, 0, 0, 0, 0, 0, 0, 0, 0, 0, 0, 0, 0, -1, 0, 0, 0, 0, 0 ], [ 1, 0, 0, 0, 0, 0, 0, 0, 0, 0, 0, 0, 0, 1, 0, 0, 0, 0, 0 ] ], 
              [ [ 1, 0, 0, 0, 0, 0, 0, 0, 0, 0, 0, -1, 0, 0, 0, 0, 0, 0, 0 ], [ 1, 0, 0, 0, 0, 0, 0, 0, 0, 0, 0, 1, 0, 0, 0, 0, 0, 0, 0 ] ], 
              [ [ 1, 0, 0, 0, 0, 0, 0, 0, 0, 0, 0, 0, 0, 0, 0, 0, 0, 0, -1 ], [ 1, 0, 0, 0, 0, 0, 0, 0, 0, 0, 0, 0, 0, 0, 0, 0, 0, 0, 1 ] ], 
              [ [ 1, 0, 0, 0, 0, 0, 0, 0, -1, 0, 0, 0, 0, 0, 0, 0, 0, 0, 0 ], [ 1, 0, 0, 0, 0, 0, 0, 0, 1, 0, 0, 0, 0, 0, 0, 0, 0, 0, 0 ] ], 
              [ [ 1, 0, 0, 0, 0, 0, 0, -1, 0, 0, 0, 0, 0, 0, 0, 0, 0, 0, 0 ], [ 1, 0, 0, 0, 0, 0, 0, 1, 0, 0, 0, 0, 0, 0, 0, 0, 0, 0, 0 ] ], 
              [ [ 1, 0, 0, 0, 0, 0, 0, 0, 0, 0, -1, 0, 0, 0, 0, 0, 0, 0, 0 ], [ 1, 0, 0, 0, 0, 0, 0, 0, 0, 0, 1, 0, 0, 0, 0, 0, 0, 0, 0 ] ], 
              [ [ 1, -1, 0, 0, 0, 0, 0, 0, 0, 0, 0, 0, 0, 0, 0, 0, 0, 0, 0 ], [ 1, 1, 0, 0, 0, 0, 0, 0, 0, 0, 0, 0, 0, 0, 0, 0, 0, 0, 0 ] ] ],
          slins := [  ] ), [ [ 4, 0, 0, -1, 0, 1, -1, 1, 0, 0, 0, -1, 1, 1, 0, 0, 0, 0 ], [ 0, 4, 0, 0, 0, 0, 0, 0, -1, 0, 0, 0, 0, 0, 0, 0, 0, 0 ], 
          [ 0, 0, 4, 0, 0, 0, 0, 0, 0, 0, 0, 0, 0, 0, 0, -1, -1, 0 ], [ -1, 0, 0, 4, 0, 1, 0, 1, 0, 1, 1, 0, 0, 0, 0, -1, 0, 1 ], 
          [ 0, 0, 0, 0, 4, -1, 0, 0, 0, 0, 0, 0, 0, -1, 0, 0, 0, 1 ], [ 1, 0, 0, 1, -1, 4, 0, 0, 1, 0, 0, 0, 0, 0, 0, 0, 0, 0 ], 
          [ -1, 0, 0, 0, 0, 0, 4, 0, 1, 1, -1, 1, 0, 1, 0, 0, 1, 1 ], [ 1, 0, 0, 1, 0, 0, 0, 4, 0, -1, 0, 0, -1, 0, 0, -1, 0, 0 ], 
          [ 0, -1, 0, 0, 0, 1, 1, 0, 4, 1, 0, 0, 0, 0, 0, 0, 0, -1 ], [ 0, 0, 0, 1, 0, 0, 1, -1, 1, 4, 0, 0, 0, 0, 0, 0, 1, -1 ], 
          [ 0, 0, 0, 1, 0, 0, -1, 0, 0, 0, 4, 0, 1, 0, 0, 0, -1, -1 ], [ -1, 0, 0, 0, 0, 0, 1, 0, 0, 0, 0, 4, -1, 0, 0, 0, -1, 0 ], 
          [ 1, 0, 0, 0, 0, 0, 0, -1, 0, 0, 1, -1, 4, 0, 0, 0, 0, 0 ], [ 1, 0, 0, 0, -1, 0, 1, 0, 0, 0, 0, 0, 0, 4, 0, 0, 0, 0 ], 
          [ 0, 0, 0, 0, 0, 0, 0, 0, 0, 0, 0, 0, 0, 0, 4, 0, 0, 1 ], [ 0, 0, -1, -1, 0, 0, 0, -1, 0, 0, 0, 0, 0, 0, 0, 4, 0, 0 ], 
          [ 0, 0, -1, 0, 0, 0, 1, 0, 0, 1, -1, -1, 0, 0, 0, 0, 4, 0 ], [ 0, 0, 0, 1, 1, 0, 1, 0, -1, -1, -1, 0, 0, 0, 1, 0, 0, 4 ] ] ], [ rec(
          nopss := [ 0, 18 ],
          scons := [ [ [ 1, 0, -1, 0, 0, 0, 0, 0, 0, 0, 0, 0, 0, 0, 0, 0, 0, 0, 0 ], [ 1, 0, 1, 0, 0, 0, 0, 0, 0, 0, 0, 0, 0, 0, 0, 0, 0, 0, 0 ] ], 
              [ [ 1, 0, 0, 0, 0, 0, 0, 0, 0, 0, 0, 0, 0, 0, 0, -1, 0, 0, 0 ], [ 1, 0, 0, 0, 0, 0, 0, 0, 0, 0, 0, 0, 0, 0, 0, 1, 0, 0, 0 ] ], 
              [ [ 1, 0, 0, -1, 0, 0, 0, 0, 0, 0, 0, 0, 0, 0, 0, 0, 0, 0, 0 ], [ 1, 0, 0, 1, 0, 0, 0, 0, 0, 0, 0, 0, 0, 0, 0, 0, 0, 0, 0 ] ], 
              [ [ 1, 0, 0, 0, 0, 0, 0, 0, 0, 0, 0, 0, 0, 0, 0, 0, -1, 0, 0 ], [ 1, 0, 0, 0, 0, 0, 0, 0, 0, 0, 0, 0, 0, 0, 0, 0, 1, 0, 0 ] ], 
              [ [ 1, 0, 0, 0, 0, 0, 0, 0, 0, 0, 0, 0, -1, 0, 0, 0, 0, 0, 0 ], [ 1, 0, 0, 0, 0, 0, 0, 0, 0, 0, 0, 0, 1, 0, 0, 0, 0, 0, 0 ] ], 
              [ [ 1, 0, 0, 0, 0, -1, 0, 0, 0, 0, 0, 0, 0, 0, 0, 0, 0, 0, 0 ], [ 1, 0, 0, 0, 0, 1, 0, 0, 0, 0, 0, 0, 0, 0, 0, 0, 0, 0, 0 ] ], 
              [ [ 1, 0, 0, 0, 0, 0, 0, 0, 0, 0, 0, 0, 0, 0, -1, 0, 0, 0, 0 ], [ 1, 0, 0, 0, 0, 0, 0, 0, 0, 0, 0, 0, 0, 0, 1, 0, 0, 0, 0 ] ], 
              [ [ 1, 0, 0, 0, 0, 0, 0, 0, 0, 0, 0, -1, 0, 0, 0, 0, 0, 0, 0 ], [ 1, 0, 0, 0, 0, 0, 0, 0, 0, 0, 0, 1, 0, 0, 0, 0, 0, 0, 0 ] ], 
              [ [ 1, 0, 0, 0, 0, 0, 0, 0, 0, 0, 0, 0, 0, 0, 0, 0, 0, -1, 0 ], [ 1, 0, 0, 0, 0, 0, 0, 0, 0, 0, 0, 0, 0, 0, 0, 0, 0, 1, 0 ] ], 
              [ [ 1, 0, 0, 0, 0, 0, 0, 0, 0, 0, 0, 0, 0, -1, 0, 0, 0, 0, 0 ], [ 1, 0, 0, 0, 0, 0, 0, 0, 0, 0, 0, 0, 0, 1, 0, 0, 0, 0, 0 ] ], 
              [ [ 1, 0, 0, 0, 0, 0, -1, 0, 0, 0, 0, 0, 0, 0, 0, 0, 0, 0, 0 ], [ 1, 0, 0, 0, 0, 0, 1, 0, 0, 0, 0, 0, 0, 0, 0, 0, 0, 0, 0 ] ], 
              [ [ 1, 0, 0, 0, -1, 0, 0, 0, 0, 0, 0, 0, 0, 0, 0, 0, 0, 0, 0 ], [ 1, 0, 0, 0, 1, 0, 0, 0, 0, 0, 0, 0, 0, 0, 0, 0, 0, 0, 0 ] ], 
              [ [ 1, 0, 0, 0, 0, 0, 0, 0, 0, -1, 0, 0, 0, 0, 0, 0, 0, 0, 0 ], [ 1, 0, 0, 0, 0, 0, 0, 0, 0, 1, 0, 0, 0, 0, 0, 0, 0, 0, 0 ] ], 
              [ [ 1, -1, 0, 0, 0, 0, 0, 0, 0, 0, 0, 0, 0, 0, 0, 0, 0, 0, 0 ], [ 1, 1, 0, 0, 0, 0, 0, 0, 0, 0, 0, 0, 0, 0, 0, 0, 0, 0, 0 ] ], 
              [ [ 1, 0, 0, 0, 0, 0, 0, 0, -1, 0, 0, 0, 0, 0, 0, 0, 0, 0, 0 ], [ 1, 0, 0, 0, 0, 0, 0, 0, 1, 0, 0, 0, 0, 0, 0, 0, 0, 0, 0 ] ], 
              [ [ 1, 0, 0, 0, 0, 0, 0, 0, 0, 0, -1, 0, 0, 0, 0, 0, 0, 0, 0 ], [ 1, 0, 0, 0, 0, 0, 0, 0, 0, 0, 1, 0, 0, 0, 0, 0, 0, 0, 0 ] ], 
              [ [ 1, 0, 0, 0, 0, 0, 0, 0, 0, 0, 0, 0, 0, 0, 0, 0, 0, 0, -1 ], [ 1, 0, 0, 0, 0, 0, 0, 0, 0, 0, 0, 0, 0, 0, 0, 0, 0, 0, 1 ] ], 
              [ [ 1, 0, 0, 0, 0, 0, 0, -1, 0, 0, 0, 0, 0, 0, 0, 0, 0, 0, 0 ], [ 1, 0, 0, 0, 0, 0, 0, 1, 0, 0, 0, 0, 0, 0, 0, 0, 0, 0, 0 ] ] ],
          slins := [  ] ), [ [ 4, 0, 0, -1, 0, 1, -1, 1, 0, 0, 0, -1, 1, 1, 0, 0, 0, 0 ], [ 0, 4, 0, 0, 0, 0, 0, 0, -1, 0, 0, 0, 0, 0, 0, 0, 0, 0 ], 
          [ 0, 0, 4, 0, 0, 0, 0, 0, 0, 0, 0, 0, 0, 0, 0, -1, -1, 0 ], [ -1, 0, 0, 4, 0, 1, 0, 1, 0, 1, 1, 0, 0, 0, 0, -1, 0, 1 ], 
          [ 0, 0, 0, 0, 4, -1, 0, 0, 0, 0, 0, 0, 0, -1, 0, 0, 0, 1 ], [ 1, 0, 0, 1, -1, 4, 0, 0, 1, 0, 0, 0, 0, 0, 0, 0, 0, 0 ], 
          [ -1, 0, 0, 0, 0, 0, 4, 0, 1, 1, -1, 1, 0, 1, 0, 0, 1, 1 ], [ 1, 0, 0, 1, 0, 0, 0, 4, 0, -1, 0, 0, -1, 0, 0, -1, 0, 0 ], 
          [ 0, -1, 0, 0, 0, 1, 1, 0, 4, 1, 0, 0, 0, 0, 0, 0, 0, -1 ], [ 0, 0, 0, 1, 0, 0, 1, -1, 1, 4, 0, 0, 0, 0, 0, 0, 1, -1 ], 
          [ 0, 0, 0, 1, 0, 0, -1, 0, 0, 0, 4, 0, 1, 0, 0, 0, -1, -1 ], [ -1, 0, 0, 0, 0, 0, 1, 0, 0, 0, 0, 4, -1, 0, 0, 0, -1, 0 ], 
          [ 1, 0, 0, 0, 0, 0, 0, -1, 0, 0, 1, -1, 4, 0, 0, 0, 0, 0 ], [ 1, 0, 0, 0, -1, 0, 1, 0, 0, 0, 0, 0, 0, 4, 0, 0, 0, 0 ], 
          [ 0, 0, 0, 0, 0, 0, 0, 0, 0, 0, 0, 0, 0, 0, 4, 0, 0, 1 ], [ 0, 0, -1, -1, 0, 0, 0, -1, 0, 0, 0, 0, 0, 0, 0, 4, 0, 0 ], 
          [ 0, 0, -1, 0, 0, 0, 1, 0, 0, 1, -1, -1, 0, 0, 0, 0, 4, 0 ], [ 0, 0, 0, 1, 1, 0, 1, 0, -1, -1, -1, 0, 0, 0, 1, 0, 0, 4 ] ] ], [ rec(
          nopss := [ 0, 18 ],
          scons := [ [ [ 1, 0, -1, 0, 0, 0, 0, 0, 0, 0, 0, 0, 0, 0, 0, 0, 0, 0, 0 ], [ 1, 0, 1, 0, 0, 0, 0, 0, 0, 0, 0, 0, 0, 0, 0, 0, 0, 0, 0 ] ], 
              [ [ 1, 0, 0, 0, 0, 0, 0, 0, 0, 0, 0, 0, 0, 0, 0, -1, 0, 0, 0 ], [ 1, 0, 0, 0, 0, 0, 0, 0, 0, 0, 0, 0, 0, 0, 0, 1, 0, 0, 0 ] ], 
              [ [ 1, 0, 0, -1, 0, 0, 0, 0, 0, 0, 0, 0, 0, 0, 0, 0, 0, 0, 0 ], [ 1, 0, 0, 1, 0, 0, 0, 0, 0, 0, 0, 0, 0, 0, 0, 0, 0, 0, 0 ] ], 
              [ [ 1, 0, 0, 0, 0, 0, 0, 0, 0, 0, 0, 0, 0, 0, 0, 0, -1, 0, 0 ], [ 1, 0, 0, 0, 0, 0, 0, 0, 0, 0, 0, 0, 0, 0, 0, 0, 1, 0, 0 ] ], 
              [ [ 1, 0, 0, 0, 0, 0, 0, 0, 0, 0, 0, 0, -1, 0, 0, 0, 0, 0, 0 ], [ 1, 0, 0, 0, 0, 0, 0, 0, 0, 0, 0, 0, 1, 0, 0, 0, 0, 0, 0 ] ], 
              [ [ 1, 0, 0, 0, 0, -1, 0, 0, 0, 0, 0, 0, 0, 0, 0, 0, 0, 0, 0 ], [ 1, 0, 0, 0, 0, 1, 0, 0, 0, 0, 0, 0, 0, 0, 0, 0, 0, 0, 0 ] ], 
              [ [ 1, 0, 0, 0, 0, 0, 0, 0, 0, 0, 0, -1, 0, 0, 0, 0, 0, 0, 0 ], [ 1, 0, 0, 0, 0, 0, 0, 0, 0, 0, 0, 1, 0, 0, 0, 0, 0, 0, 0 ] ], 
              [ [ 1, 0, 0, 0, 0, 0, 0, 0, 0, 0, 0, 0, 0, 0, 0, 0, 0, -1, 0 ], [ 1, 0, 0, 0, 0, 0, 0, 0, 0, 0, 0, 0, 0, 0, 0, 0, 0, 1, 0 ] ], 
              [ [ 1, 0, 0, 0, 0, 0, 0, 0, 0, 0, 0, 0, 0, 0, -1, 0, 0, 0, 0 ], [ 1, 0, 0, 0, 0, 0, 0, 0, 0, 0, 0, 0, 0, 0, 1, 0, 0, 0, 0 ] ], 
              [ [ 1, 0, 0, 0, 0, 0, 0, 0, 0, -1, 0, 0, 0, 0, 0, 0, 0, 0, 0 ], [ 1, 0, 0, 0, 0, 0, 0, 0, 0, 1, 0, 0, 0, 0, 0, 0, 0, 0, 0 ] ], 
              [ [ 1, 0, 0, 0, 0, 0, 0, 0, 0, 0, 0, 0, 0, -1, 0, 0, 0, 0, 0 ], [ 1, 0, 0, 0, 0, 0, 0, 0, 0, 0, 0, 0, 0, 1, 0, 0, 0, 0, 0 ] ], 
              [ [ 1, 0, 0, 0, 0, 0, 0, 0, -1, 0, 0, 0, 0, 0, 0, 0, 0, 0, 0 ], [ 1, 0, 0, 0, 0, 0, 0, 0, 1, 0, 0, 0, 0, 0, 0, 0, 0, 0, 0 ] ], 
              [ [ 1, -1, 0, 0, 0, 0, 0, 0, 0, 0, 0, 0, 0, 0, 0, 0, 0, 0, 0 ], [ 1, 1, 0, 0, 0, 0, 0, 0, 0, 0, 0, 0, 0, 0, 0, 0, 0, 0, 0 ] ], 
              [ [ 1, 0, 0, 0, -1, 0, 0, 0, 0, 0, 0, 0, 0, 0, 0, 0, 0, 0, 0 ], [ 1, 0, 0, 0, 1, 0, 0, 0, 0, 0, 0, 0, 0, 0, 0, 0, 0, 0, 0 ] ], 
              [ [ 1, 0, 0, 0, 0, 0, 1, 0, 0, 0, 0, 0, 0, 0, 0, 0, 0, 0, 0 ], [ 1, 0, 0, 0, 0, 0, -1, 0, 0, 0, 0, 0, 0, 0, 0, 0, 0, 0, 0 ] ], 
              [ [ 1, 0, 0, 0, 0, 0, 0, 0, 0, 0, 0, 0, 0, 0, 0, 0, 0, 0, -1 ], [ 1, 0, 0, 0, 0, 0, 0, 0, 0, 0, 0, 0, 0, 0, 0, 0, 0, 0, 1 ] ], 
              [ [ 1, 0, 0, 0, 0, 0, 0, -1, 0, 0, 0, 0, 0, 0, 0, 0, 0, 0, 0 ], [ 1, 0, 0, 0, 0, 0, 0, 1, 0, 0, 0, 0, 0, 0, 0, 0, 0, 0, 0 ] ], 
              [ [ 1, 0, 0, 0, 0, 0, 0, 0, 0, 0, -1, 0, 0, 0, 0, 0, 0, 0, 0 ], [ 1, 0, 0, 0, 0, 0, 0, 0, 0, 0, 1, 0, 0, 0, 0, 0, 0, 0, 0 ] ] ],
          slins := [  ] ), [ [ 4, 0, 0, -1, 0, 1, -1, 1, 0, 0, 0, -1, 1, 1, 0, 0, 0, 0 ], [ 0, 4, 0, 0, 0, 0, 0, 0, -1, 0, 0, 0, 0, 0, 0, 0, 0, 0 ], 
          [ 0, 0, 4, 0, 0, 0, 0, 0, 0, 0, 0, 0, 0, 0, 0, -1, -1, 0 ], [ -1, 0, 0, 4, 0, 1, 0, 1, 0, 1, 1, 0, 0, 0, 0, -1, 0, 1 ], 
          [ 0, 0, 0, 0, 4, -1, 0, 0, 0, 0, 0, 0, 0, -1, 0, 0, 0, 1 ], [ 1, 0, 0, 1, -1, 4, 0, 0, 1, 0, 0, 0, 0, 0, 0, 0, 0, 0 ], 
          [ -1, 0, 0, 0, 0, 0, 4, 0, 1, 1, -1, 1, 0, 1, 0, 0, 1, 1 ], [ 1, 0, 0, 1, 0, 0, 0, 4, 0, -1, 0, 0, -1, 0, 0, -1, 0, 0 ], 
          [ 0, -1, 0, 0, 0, 1, 1, 0, 4, 1, 0, 0, 0, 0, 0, 0, 0, -1 ], [ 0, 0, 0, 1, 0, 0, 1, -1, 1, 4, 0, 0, 0, 0, 0, 0, 1, -1 ], 
          [ 0, 0, 0, 1, 0, 0, -1, 0, 0, 0, 4, 0, 1, 0, 0, 0, -1, -1 ], [ -1, 0, 0, 0, 0, 0, 1, 0, 0, 0, 0, 4, -1, 0, 0, 0, -1, 0 ], 
          [ 1, 0, 0, 0, 0, 0, 0, -1, 0, 0, 1, -1, 4, 0, 0, 0, 0, 0 ], [ 1, 0, 0, 0, -1, 0, 1, 0, 0, 0, 0, 0, 0, 4, 0, 0, 0, 0 ], 
          [ 0, 0, 0, 0, 0, 0, 0, 0, 0, 0, 0, 0, 0, 0, 4, 0, 0, 1 ], [ 0, 0, -1, -1, 0, 0, 0, -1, 0, 0, 0, 0, 0, 0, 0, 4, 0, 0 ], 
          [ 0, 0, -1, 0, 0, 0, 1, 0, 0, 1, -1, -1, 0, 0, 0, 0, 4, 0 ], [ 0, 0, 0, 1, 1, 0, 1, 0, -1, -1, -1, 0, 0, 0, 1, 0, 0, 4 ] ] ], [ rec(
          nopss := [ 0, 33 ],
          scons := [ [ [ 1, 0, -1, 0, 0, 0, 0, 0, 0, 0, 0, 0, 0, 0, 0, 0, 0, 0, 0 ], [ 1, 0, 1, 0, 0, 0, 0, 0, 0, 0, 0, 0, 0, 0, 0, 0, 0, 0, 0 ] ], 
              [ [ 1, 0, 0, -1, 0, 0, 0, 0, 0, 0, 0, 0, 0, 0, 0, 0, 0, 0, 0 ], [ 1, 0, 0, 1, 0, 0, 0, 0, 0, 0, 0, 0, 0, 0, 0, 0, 0, 0, 0 ] ], 
              [ [ 1, 0, 0, 0, 0, 0, 0, 0, 0, 0, 0, 0, 0, 0, 0, 0, -1, 0, 0 ], [ 1, 0, 0, 0, 0, 0, 0, 0, 0, 0, 0, 0, 0, 0, 0, 0, 1, 0, 0 ] ], 
              [ [ 1, 0, 0, 0, 0, -1, 0, 0, 0, 0, 0, 0, 0, 0, 0, 0, 0, 0, 0 ], [ 1, 0, 0, 0, 0, 1, 0, 0, 0, 0, 0, 0, 0, 0, 0, 0, 0, 0, 0 ] ], 
              [ [ 1, 0, 0, 0, 0, 0, 0, 0, 0, 0, 0, 0, -1, 0, 0, 0, 0, 0, 0 ], [ 1, 0, 0, 0, 0, 0, 0, 0, 0, 0, 0, 0, 1, 0, 0, 0, 0, 0, 0 ] ], 
              [ [ 1, 0, 0, 0, 0, 0, 0, 0, 0, 0, 0, 0, 0, 0, 0, 0, 0, -1, 0 ], [ 1, 0, 0, 0, 0, 0, 0, 0, 0, 0, 0, 0, 0, 0, 0, 0, 0, 1, 0 ] ], 
              [ [ 1, 0, 0, 0, 0, 0, 0, 0, 0, -1, 0, 0, 0, 0, 0, 0, 0, 0, 0 ], [ 1, 0, 0, 0, 0, 0, 0, 0, 0, 1, 0, 0, 0, 0, 0, 0, 0, 0, 0 ] ], 
              [ [ 1, 0, 0, 0, 0, 0, 0, 0, 0, 0, 0, 0, 0, 0, 0, -1, 0, 0, 0 ], [ 1, 0, 0, 0, 0, 0, 0, 0, 0, 0, 0, 0, 0, 0, 0, 1, 0, 0, 0 ] ], 
              [ [ 1, -2, 0, 0, -2, 0, 1, -2, 2, 0, 2, 0, 0, 1, 1, -1, 0, 0, 2 ], [ 1, 2, 0, 0, 2, 0, -1, 2, -2, 0, -2, 0, 0, -1, -1, 1, 0, 0, -2 ] ], 
              [ [ 1, 0, 0, 0, 0, 0, 0, 0, 0, 0, -1, 0, 0, 0, 0, 0, 0, 0, 0 ], [ 1, 0, 0, 0, 0, 0, 0, 0, 0, 0, 1, 0, 0, 0, 0, 0, 0, 0, 0 ] ], 
              [ [ 1, -2, 0, 0, -2, 0, 1, -1, 2, 0, 1, 0, 0, 1, 1, 0, 0, 0, 1 ], [ 1, 2, 0, 0, 2, 0, -1, 1, -2, 0, -1, 0, 0, -1, -1, 0, 0, 0, -1 ] ], 
              [ [ 1, 0, 0, 0, 0, 0, 0, 0, 1, 0, 0, 0, 0, 0, 0, 0, 0, 0, 0 ], [ 1, 0, 0, 0, 0, 0, 0, 0, -1, 0, 0, 0, 0, 0, 0, 0, 0, 0, 0 ] ], 
              [ [ 1, 0, 0, 0, 0, 0, 0, 0, 0, 0, 0, -1, 0, 0, 0, 0, 0, 0, 0 ], [ 1, 0, 0, 0, 0, 0, 0, 0, 0, 0, 0, 1, 0, 0, 0, 0, 0, 0, 0 ] ], 
              [ [ 1, 0, 0, 0, -1, 0, 0, 0, 0, 0, 0, 0, 0, 0, 0, 0, 0, 0, 0 ], [ 1, 0, 0, 0, 1, 0, 0, 0, 0, 0, 0, 0, 0, 0, 0, 0, 0, 0, 0 ] ], 
              [ [ 1, 1, 0, 0, 0, 0, 0, 0, 0, 0, 0, 0, 0, 0, 0, 0, 0, 0, 0 ], [ 1, -1, 0, 0, 0, 0, 0, 0, 0, 0, 0, 0, 0, 0, 0, 0, 0, 0, 0 ] ], 
              [ [ 1, 2, 0, 0, 1, 0, -1, 1, -1, 0, -1, 0, 0, -1, -1, 0, 0, 0, -1 ], [ 1, -2, 0, 0, -1, 0, 1, -1, 1, 0, 1, 0, 0, 1, 1, 0, 0, 0, 1 ] ], 
              [ [ 1, 0, 0, 0, 0, 0, 1, 0, 0, 0, 0, 0, 0, 0, 0, 0, 0, 0, 0 ], [ 1, 0, 0, 0, 0, 0, -1, 0, 0, 0, 0, 0, 0, 0, 0, 0, 0, 0, 0 ] ], 
              [ [ 1, 1, 0, 0, 1, 0, 0, 1, -1, 0, -1, 0, 0, -1, -1, 0, 0, 0, -1 ], [ 1, -1, 0, 0, -1, 0, 0, -1, 1, 0, 1, 0, 0, 1, 1, 0, 0, 0, 1 ] ], 
              [ [ 1, -1, 0, 0, -1, 0, 1, -1, 1, 0, 1, 0, 0, 0, 0, 0, 0, 0, 1 ], [ 1, 1, 0, 0, 1, 0, -1, 1, -1, 0, -1, 0, 0, 0, 0, 0, 0, 0, -1 ] ], 
              [ [ 1, 1, 0, 0, 1, 0, 0, 1, -1, 0, -1, 0, 0, 0, -1, 0, 0, 0, -1 ], [ 1, -1, 0, 0, -1, 0, 0, -1, 1, 0, 1, 0, 0, 0, 1, 0, 0, 0, 1 ] ], 
              [ [ 1, -1, 0, 0, -1, 0, 1, -1, 1, 0, 1, 0, 0, 1, 0, 0, 0, 0, 1 ], [ 1, 1, 0, 0, 1, 0, -1, 1, -1, 0, -1, 0, 0, -1, 0, 0, 0, 0, -1 ] ], 
              [ [ 1, 0, 0, 0, 0, 0, 0, 0, 0, 0, 0, 0, 0, 0, -1, 0, 0, 0, 0 ], [ 1, 0, 0, 0, 0, 0, 0, 0, 0, 0, 0, 0, 0, 0, 1, 0, 0, 0, 0 ] ], 
              [ [ 1, -2, 0, 0, -2, 0, 1, -1, 1, 0, 1, 0, 0, 1, 1, 0, 0, 0, 1 ], [ 1, 2, 0, 0, 2, 0, -1, 1, -1, 0, -1, 0, 0, -1, -1, 0, 0, 0, -1 ] ], 
              [ [ 1, 1, 0, 0, 1, 0, 0, 1, -1, 0, -1, 0, 0, -1, 0, 0, 0, 0, -1 ], [ 1, -1, 0, 0, -1, 0, 0, -1, 1, 0, 1, 0, 0, 1, 0, 0, 0, 0, 1 ] ], 
              [ [ 1, -1, 0, 0, -1, 0, 1, -1, 1, 0, 1, 0, 0, 0, 1, 0, 0, 0, 1 ], [ 1, 1, 0, 0, 1, 0, -1, 1, -1, 0, -1, 0, 0, 0, -1, 0, 0, 0, -1 ] ], 
              [ [ 1, 0, 0, 0, 0, 0, 0, 0, 0, 0, 0, 0, 0, -1, 0, 0, 0, 0, 0 ], [ 1, 0, 0, 0, 0, 0, 0, 0, 0, 0, 0, 0, 0, 1, 0, 0, 0, 0, 0 ] ], 
              [ [ 1, 0, 0, 0, 0, 0, 0, -1, 0, 0, 0, 0, 0, 0, 0, 0, 0, 0, 0 ], [ 1, 0, 0, 0, 0, 0, 0, 1, 0, 0, 0, 0, 0, 0, 0, 0, 0, 0, 0 ] ], 
              [ [ 1, 2, 0, 0, 2, 0, -1, 1, -2, 0, -2, 0, 0, -1, -1, 0, 0, 0, -1 ], [ 1, -2, 0, 0, -2, 0, 1, -1, 2, 0, 2, 0, 0, 1, 1, 0, 0, 0, 1 ] ], 
              [ [ 1, 0, 0, 0, 0, 0, 0, 0, 0, 0, 0, 0, 0, 0, 0, 0, 0, 0, -1 ], [ 1, 0, 0, 0, 0, 0, 0, 0, 0, 0, 0, 0, 0, 0, 0, 0, 0, 0, 1 ] ], 
              [ [ 1, 1, 0, 0, 1, 0, 0, 1, -1, 0, -1, 0, 0, 0, 0, 0, 0, 0, -1 ], [ 1, -1, 0, 0, -1, 0, 0, -1, 1, 0, 1, 0, 0, 0, 0, 0, 0, 0, 1 ] ], 
              [ [ 1, 2, 0, 0, 2, 0, -1, 2, -2, 0, -2, 0, 0, -1, -1, 0, 0, 0, -2 ], [ 1, -2, 0, 0, -2, 0, 1, -2, 2, 0, 2, 0, 0, 1, 1, 0, 0, 0, 2 ] ], 
              [ [ 1, -2, 0, 0, -2, 0, 1, -2, 2, 0, 2, 0, 0, 1, 1, 0, 0, 0, 1 ], [ 1, 2, 0, 0, 2, 0, -1, 2, -2, 0, -2, 0, 0, -1, -1, 0, 0, 0, -1 ] ], 
              [ [ 1, -1, 0, 0, -1, 0, 1, -1, 1, 0, 1, 0, 0, 1, 1, 0, 0, 0, 1 ], [ 1, 1, 0, 0, 1, 0, -1, 1, -1, 0, -1, 0, 0, -1, -1, 0, 0, 0, -1 ] ] ],
          slins := [  ] ), [ [ 4, 0, 0, -1, 0, 1, -1, 1, 0, 0, 0, -1, 1, 1, 0, 0, 0, 0 ], [ 0, 4, 0, 0, 0, 0, 0, 0, -1, 0, 0, 0, 0, 0, 0, 0, 0, 0 ], 
          [ 0, 0, 4, 0, 0, 0, 0, 0, 0, 0, 0, 0, 0, 0, 0, -1, -1, 0 ], [ -1, 0, 0, 4, 0, 1, 0, 1, 0, 1, 1, 0, 0, 0, 0, -1, 0, 1 ], 
          [ 0, 0, 0, 0, 4, -1, 0, 0, 0, 0, 0, 0, 0, -1, 0, 0, 0, 1 ], [ 1, 0, 0, 1, -1, 4, 0, 0, 1, 0, 0, 0, 0, 0, 0, 0, 0, 0 ], 
          [ -1, 0, 0, 0, 0, 0, 4, 0, 1, 1, -1, 1, 0, 1, 0, 0, 1, 1 ], [ 1, 0, 0, 1, 0, 0, 0, 4, 0, -1, 0, 0, -1, 0, 0, -1, 0, 0 ], 
          [ 0, -1, 0, 0, 0, 1, 1, 0, 4, 1, 0, 0, 0, 0, 0, 0, 0, -1 ], [ 0, 0, 0, 1, 0, 0, 1, -1, 1, 4, 0, 0, 0, 0, 0, 0, 1, -1 ], 
          [ 0, 0, 0, 1, 0, 0, -1, 0, 0, 0, 4, 0, 1, 0, 0, 0, -1, -1 ], [ -1, 0, 0, 0, 0, 0, 1, 0, 0, 0, 0, 4, -1, 0, 0, 0, -1, 0 ], 
          [ 1, 0, 0, 0, 0, 0, 0, -1, 0, 0, 1, -1, 4, 0, 0, 0, 0, 0 ], [ 1, 0, 0, 0, -1, 0, 1, 0, 0, 0, 0, 0, 0, 4, 0, 0, 0, 0 ], 
          [ 0, 0, 0, 0, 0, 0, 0, 0, 0, 0, 0, 0, 0, 0, 4, 0, 0, 1 ], [ 0, 0, -1, -1, 0, 0, 0, -1, 0, 0, 0, 0, 0, 0, 0, 4, 0, 0 ], 
          [ 0, 0, -1, 0, 0, 0, 1, 0, 0, 1, -1, -1, 0, 0, 0, 0, 4, 0 ], [ 0, 0, 0, 1, 1, 0, 1, 0, -1, -1, -1, 0, 0, 0, 1, 0, 0, 4 ] ] ] ];
