randomPro20260924122202:=[ [ 509, [ [ -2, 3, 1, 3, 3, 1, 1, 3, 1, 1, 1, 3, 3, 1, 3, 1 ], [ 3, -2, 3, 1, 1, 3, 1, 3, 3, 1, 1, 3, 1, 1, 1, 3 ], 
          [ 1, 3, -2, 3, 3, 1, 3, 3, 3, 1, 3, 1, 1, 3, 3, 1 ], [ 3, 1, 3, -2, 1, 1, 1, 3, 1, 3, 3, 3, 3, 1, 1, 3 ], 
          [ 3, 1, 3, 1, -2, 3, 1, 3, 3, 3, 3, 1, 1, 3, 3, 3 ], [ 1, 3, 1, 1, 3, -2, 1, 3, 1, 1, 3, 3, 3, 1, 3, 1 ], 
          [ 1, 1, 3, 1, 1, 1, -2, 3, 3, 1, 1, 3, 3, 1, 3, 3 ], [ 3, 3, 3, 3, 3, 3, 3, -2, 3, 3, 3, 1, 3, 3, 1, 3 ], 
          [ 1, 3, 3, 1, 3, 1, 3, 3, -2, 3, 1, 3, 3, 1, 1, 1 ], [ 1, 1, 1, 3, 3, 1, 1, 3, 3, -2, 1, 3, 1, 1, 3, 1 ], 
          [ 1, 1, 3, 3, 3, 3, 1, 3, 1, 1, -2, 3, 3, 1, 1, 1 ], [ 3, 3, 1, 3, 1, 3, 3, 1, 3, 3, 3, -2, 1, 3, 3, 3 ], 
          [ 3, 1, 1, 3, 1, 3, 3, 3, 3, 1, 3, 1, -2, 3, 3, 3 ], [ 1, 1, 3, 1, 3, 1, 1, 3, 1, 1, 1, 3, 3, -2, 3, 1 ], 
          [ 3, 1, 3, 1, 3, 3, 3, 1, 1, 3, 1, 3, 3, 3, -2, 3 ], [ 1, 3, 1, 3, 3, 1, 3, 3, 1, 1, 1, 3, 3, 1, 3, -2 ] ] ], 
  [ 456, [ [ -2, 3, 1, 3, 3, 1, 1, 3, 1, 1, 3, 3, 3, 3, 1, 1 ], [ 3, -2, 3, 1, 1, 3, 1, 3, 3, 1, 3, 1, 1, 3, 3, 3 ], 
          [ 1, 3, -2, 3, 3, 1, 3, 3, 3, 3, 3, 3, 1, 1, 1, 1 ], [ 3, 1, 3, -2, 1, 1, 1, 3, 1, 1, 1, 1, 1, 3, 3, 3 ], 
          [ 3, 1, 3, 1, -2, 3, 1, 3, 3, 3, 1, 1, 1, 3, 3, 3 ], [ 1, 3, 1, 1, 3, -2, 1, 3, 1, 1, 3, 3, 1, 3, 1, 3 ], 
          [ 1, 1, 3, 1, 1, 1, -2, 3, 3, 1, 1, 1, 1, 3, 3, 3 ], [ 3, 3, 3, 3, 3, 3, 3, -2, 3, 3, 1, 1, 3, 1, 3, 1 ], 
          [ 1, 3, 3, 1, 3, 1, 3, 3, -2, 1, 3, 3, 3, 3, 1, 3 ], [ 1, 1, 3, 1, 3, 1, 1, 3, 1, -2, 3, 3, 3, 3, 3, 3 ], 
          [ 3, 3, 3, 1, 1, 3, 1, 1, 3, 3, -2, 1, 3, 1, 3, 1 ], [ 3, 1, 3, 1, 1, 3, 1, 1, 3, 3, 1, -2, 1, 3, 3, 1 ], 
          [ 3, 1, 1, 1, 1, 1, 1, 3, 3, 3, 3, 1, -2, 3, 1, 3 ], [ 3, 3, 1, 3, 3, 3, 3, 1, 3, 3, 1, 3, 3, -2, 3, 1 ], 
          [ 1, 3, 1, 3, 3, 1, 3, 3, 1, 3, 3, 3, 1, 3, -2, 1 ], [ 1, 3, 1, 3, 3, 3, 3, 1, 3, 3, 1, 1, 3, 1, 1, -2 ] ] ], 
  [ 422, [ [ -2, 3, 1, 3, 3, 1, 1, 3, 1, 1, 3, 3, 3, 1, 1, 3 ], [ 3, -2, 3, 1, 1, 3, 1, 3, 3, 1, 3, 1, 1, 3, 3, 1 ], 
          [ 1, 3, -2, 3, 3, 1, 3, 3, 3, 3, 3, 3, 1, 3, 3, 3 ], [ 3, 1, 3, -2, 1, 1, 1, 3, 1, 1, 1, 1, 1, 3, 3, 1 ], 
          [ 3, 1, 3, 1, -2, 3, 1, 3, 3, 3, 1, 1, 1, 3, 1, 1 ], [ 1, 3, 1, 1, 3, -2, 1, 3, 1, 1, 3, 3, 1, 3, 3, 3 ], 
          [ 1, 1, 3, 1, 1, 1, -2, 3, 3, 1, 1, 1, 1, 3, 1, 3 ], [ 3, 3, 3, 3, 3, 3, 3, -2, 3, 3, 1, 1, 3, 1, 1, 3 ], 
          [ 1, 3, 3, 1, 3, 1, 3, 3, -2, 1, 3, 3, 3, 1, 3, 1 ], [ 1, 1, 3, 1, 3, 1, 1, 3, 1, -2, 3, 3, 3, 1, 3, 1 ], 
          [ 3, 3, 3, 1, 1, 3, 1, 1, 3, 3, -2, 1, 3, 3, 1, 3 ], [ 3, 1, 3, 1, 1, 3, 1, 1, 3, 3, 1, -2, 1, 3, 1, 1 ], 
          [ 3, 1, 1, 1, 1, 1, 1, 3, 3, 3, 3, 1, -2, 3, 3, 1 ], [ 1, 3, 3, 3, 3, 3, 3, 1, 1, 1, 3, 3, 3, -2, 1, 1 ], 
          [ 1, 3, 3, 3, 1, 3, 1, 1, 3, 3, 1, 1, 3, 1, -2, 3 ], [ 3, 1, 3, 1, 1, 3, 3, 3, 1, 1, 3, 1, 1, 1, 3, -2 ] ] ], 
  [ 645, [ [ -2, 3, 1, 3, 3, 1, 1, 3, 1, 3, 1, 1, 3, 3, 3, 3 ], [ 3, -2, 3, 1, 1, 3, 1, 3, 3, 1, 1, 3, 1, 1, 1, 3 ], 
          [ 1, 3, -2, 3, 3, 1, 3, 3, 3, 3, 1, 1, 3, 3, 1, 1 ], [ 3, 1, 3, -2, 1, 1, 1, 3, 1, 1, 3, 3, 1, 1, 1, 3 ], 
          [ 3, 1, 3, 1, -2, 3, 1, 3, 3, 1, 1, 3, 3, 3, 1, 3 ], [ 1, 3, 1, 1, 3, -2, 1, 3, 1, 1, 1, 1, 1, 3, 1, 3 ], 
          [ 1, 1, 3, 1, 1, 1, -2, 3, 3, 1, 1, 3, 3, 3, 1, 3 ], [ 3, 3, 3, 3, 3, 3, 3, -2, 3, 1, 3, 3, 1, 1, 3, 1 ], 
          [ 1, 3, 3, 1, 3, 1, 3, 3, -2, 3, 3, 1, 1, 1, 3, 3 ], [ 3, 1, 3, 1, 1, 1, 1, 1, 3, -2, 1, 3, 1, 3, 1, 3 ], 
          [ 1, 1, 1, 3, 1, 1, 1, 3, 3, 1, -2, 1, 3, 3, 1, 3 ], [ 1, 3, 1, 3, 3, 1, 3, 3, 1, 3, 1, -2, 3, 3, 1, 1 ], 
          [ 3, 1, 3, 1, 3, 1, 3, 1, 1, 1, 3, 3, -2, 1, 3, 3 ], [ 3, 1, 3, 1, 3, 3, 3, 1, 1, 3, 3, 3, 1, -2, 3, 3 ], 
          [ 3, 1, 1, 1, 1, 1, 1, 3, 3, 1, 1, 1, 3, 3, -2, 1 ], [ 3, 3, 1, 3, 3, 3, 3, 1, 3, 3, 3, 1, 3, 3, 1, -2 ] ] ], 
  [ 470, [ [ -2, 3, 1, 3, 3, 1, 1, 3, 1, 1, 1, 3, 3, 3, 1 ], [ 3, -2, 3, 1, 1, 3, 1, 3, 3, 3, 3, 1, 1, 3, 3 ], 
          [ 1, 3, -2, 3, 3, 1, 3, 3, 3, 1, 3, 3, 3, 3, 1 ], [ 3, 1, 3, -2, 1, 1, 1, 3, 1, 3, 3, 3, 3, 3, 1 ], 
          [ 3, 1, 3, 1, -2, 3, 1, 3, 3, 1, 1, 1, 1, 3, 3 ], [ 1, 3, 1, 1, 3, -2, 1, 3, 1, 1, 1, 3, 3, 1, 1 ], 
          [ 1, 1, 3, 1, 1, 1, -2, 3, 3, 1, 1, 1, 3, 3, 3 ], [ 3, 3, 3, 3, 3, 3, 3, -2, 3, 3, 3, 1, 1, 1, 1 ], 
          [ 1, 3, 3, 1, 3, 1, 3, 3, -2, 3, 1, 3, 3, 1, 1 ], [ 1, 3, 1, 3, 1, 1, 1, 3, 3, -2, 1, 3, 3, 3, 3 ], 
          [ 1, 3, 3, 3, 1, 1, 1, 3, 1, 1, -2, 1, 1, 1, 3 ], [ 3, 1, 3, 3, 1, 3, 1, 1, 3, 3, 1, -2, 1, 1, 3 ], 
          [ 3, 1, 3, 3, 1, 3, 3, 1, 3, 3, 1, 1, -2, 1, 3 ], [ 3, 3, 3, 3, 3, 1, 3, 1, 1, 3, 1, 1, 1, -2, 3 ], 
          [ 1, 3, 1, 1, 3, 1, 3, 1, 1, 3, 3, 3, 3, 3, -2 ] ] ], 
  [ 451, [ [ -2, 3, 1, 3, 3, 1, 1, 3, 1, 3, 1, 3, 3, 3, 1 ], [ 3, -2, 3, 1, 1, 3, 1, 3, 3, 1, 3, 1, 3, 1, 1 ], 
          [ 1, 3, -2, 3, 3, 1, 3, 3, 3, 3, 1, 3, 1, 1, 1 ], [ 3, 1, 3, -2, 1, 1, 1, 3, 1, 1, 3, 1, 3, 3, 1 ], 
          [ 3, 1, 3, 1, -2, 3, 1, 3, 3, 1, 1, 3, 3, 1, 1 ], [ 1, 3, 1, 1, 3, -2, 1, 3, 1, 1, 1, 3, 1, 3, 1 ], 
          [ 1, 1, 3, 1, 1, 1, -2, 3, 3, 1, 1, 3, 3, 3, 1 ], [ 3, 3, 3, 3, 3, 3, 3, -2, 3, 1, 3, 1, 1, 3, 3 ], 
          [ 1, 3, 3, 1, 3, 1, 3, 3, -2, 3, 3, 1, 3, 3, 3 ], [ 3, 1, 3, 1, 1, 1, 1, 1, 3, -2, 1, 1, 1, 3, 1 ], 
          [ 1, 3, 1, 3, 1, 1, 1, 3, 3, 1, -2, 3, 1, 3, 1 ], [ 3, 1, 3, 1, 3, 3, 3, 1, 1, 1, 3, -2, 3, 3, 3 ], 
          [ 3, 3, 1, 3, 3, 1, 3, 1, 3, 1, 1, 3, -2, 3, 1 ], [ 3, 1, 1, 3, 1, 3, 3, 3, 3, 3, 3, 3, 3, -2, 3 ], 
          [ 1, 1, 1, 1, 1, 1, 1, 3, 3, 1, 1, 3, 1, 3, -2 ] ] ], 
  [ 451, [ [ -2, 3, 1, 3, 3, 1, 1, 3, 1, 3, 3, 3, 3, 3, 3, 1 ], [ 3, -2, 3, 1, 1, 3, 1, 3, 3, 1, 1, 1, 3, 1, 3, 1 ], 
          [ 1, 3, -2, 3, 3, 1, 3, 3, 3, 1, 3, 1, 3, 3, 3, 1 ], [ 3, 1, 3, -2, 1, 1, 1, 3, 1, 1, 1, 3, 3, 1, 3, 3 ], 
          [ 3, 1, 3, 1, -2, 3, 1, 3, 3, 1, 1, 1, 3, 1, 1, 1 ], [ 1, 3, 1, 1, 3, -2, 1, 3, 1, 3, 3, 3, 3, 3, 3, 1 ], 
          [ 1, 1, 3, 1, 1, 1, -2, 3, 3, 3, 3, 3, 3, 1, 1, 1 ], [ 3, 3, 3, 3, 3, 3, 3, -2, 3, 3, 3, 3, 1, 1, 1, 3 ], 
          [ 1, 3, 3, 1, 3, 1, 3, 3, -2, 3, 1, 3, 1, 3, 3, 3 ], [ 3, 1, 1, 1, 1, 3, 3, 3, 3, -2, 1, 1, 3, 1, 3, 3 ], 
          [ 3, 1, 3, 1, 1, 3, 3, 3, 1, 1, -2, 1, 3, 1, 3, 3 ], [ 3, 1, 1, 3, 1, 3, 3, 3, 3, 1, 1, -2, 1, 3, 3, 1 ], 
          [ 3, 3, 3, 3, 3, 3, 3, 1, 1, 3, 3, 1, -2, 3, 1, 3 ], [ 3, 1, 3, 1, 1, 3, 1, 1, 3, 1, 1, 3, 3, -2, 1, 3 ], 
          [ 3, 3, 3, 3, 1, 3, 1, 1, 3, 3, 3, 3, 1, 1, -2, 3 ], [ 1, 1, 1, 3, 1, 1, 1, 3, 3, 3, 3, 1, 3, 3, 3, -2 ] ] ], 
  [ 495, [ [ -2, 3, 1, 3, 3, 1, 1, 3, 1, 3, 1, 1, 3, 3, 1 ], [ 3, -2, 3, 1, 1, 3, 1, 3, 3, 1, 3, 1, 3, 1, 1 ], 
          [ 1, 3, -2, 3, 3, 1, 3, 3, 3, 3, 1, 3, 3, 1, 1 ], [ 3, 1, 3, -2, 1, 1, 1, 3, 1, 1, 1, 1, 1, 3, 3 ], 
          [ 3, 1, 3, 1, -2, 3, 1, 3, 3, 1, 1, 3, 3, 3, 3 ], [ 1, 3, 1, 1, 3, -2, 1, 3, 1, 3, 1, 1, 3, 3, 3 ], 
          [ 1, 1, 3, 1, 1, 1, -2, 3, 3, 1, 3, 1, 3, 3, 1 ], [ 3, 3, 3, 3, 3, 3, 3, -2, 3, 3, 3, 3, 1, 1, 3 ], 
          [ 1, 3, 3, 1, 3, 1, 3, 3, -2, 3, 1, 1, 1, 3, 3 ], [ 3, 1, 3, 1, 1, 3, 1, 3, 3, -2, 3, 1, 1, 3, 1 ], 
          [ 1, 3, 1, 1, 1, 1, 3, 3, 1, 3, -2, 3, 3, 3, 3 ], [ 1, 1, 3, 1, 3, 1, 1, 3, 1, 1, 3, -2, 1, 3, 1 ], 
          [ 3, 3, 3, 1, 3, 3, 3, 1, 1, 1, 3, 1, -2, 3, 3 ], [ 3, 1, 1, 3, 3, 3, 3, 1, 3, 3, 3, 3, 3, -2, 1 ], 
          [ 1, 1, 1, 3, 3, 3, 1, 3, 3, 1, 3, 1, 3, 1, -2 ] ] ], 
  [ 469, [ [ -2, 3, 1, 3, 3, 1, 1, 3, 1, 1, 1, 1, 3, 3, 1, 3 ], [ 3, -2, 3, 1, 1, 3, 1, 3, 3, 3, 1, 3, 1, 3, 1, 1 ], 
          [ 1, 3, -2, 3, 3, 1, 3, 3, 3, 3, 3, 1, 3, 3, 3, 3 ], [ 3, 1, 3, -2, 1, 1, 1, 3, 1, 1, 1, 3, 1, 1, 1, 1 ], 
          [ 3, 1, 3, 1, -2, 3, 1, 3, 3, 3, 1, 3, 3, 3, 3, 1 ], [ 1, 3, 1, 1, 3, -2, 1, 3, 1, 1, 1, 1, 1, 3, 1, 1 ], 
          [ 1, 1, 3, 1, 1, 1, -2, 3, 3, 1, 1, 1, 1, 3, 1, 1 ], [ 3, 3, 3, 3, 3, 3, 3, -2, 3, 1, 3, 1, 1, 1, 3, 1 ], 
          [ 1, 3, 3, 1, 3, 1, 3, 3, -2, 1, 1, 3, 3, 1, 1, 3 ], [ 1, 3, 3, 1, 3, 1, 1, 1, 1, -2, 1, 1, 1, 1, 1, 1 ], 
          [ 1, 1, 3, 1, 1, 1, 1, 3, 1, 1, -2, 1, 1, 3, 1, 1 ], [ 1, 3, 1, 3, 3, 1, 1, 1, 3, 1, 1, -2, 1, 3, 3, 1 ], 
          [ 3, 1, 3, 1, 3, 1, 1, 1, 3, 1, 1, 1, -2, 1, 1, 1 ], [ 3, 3, 3, 1, 3, 3, 3, 1, 1, 1, 3, 3, 1, -2, 1, 3 ], 
          [ 1, 1, 3, 1, 3, 1, 1, 3, 1, 1, 1, 3, 1, 1, -2, 1 ], [ 3, 1, 3, 1, 1, 1, 1, 1, 3, 1, 1, 1, 1, 3, 1, -2 ] ] ], 
  [ 475, [ [ -2, 3, 1, 3, 3, 1, 1, 3, 1, 1, 1, 3, 1, 1, 1, 3 ], [ 3, -2, 3, 1, 1, 3, 1, 3, 3, 3, 3, 1, 3, 1, 3, 1 ], 
          [ 1, 3, -2, 3, 3, 1, 3, 3, 3, 3, 1, 1, 1, 3, 3, 3 ], [ 3, 1, 3, -2, 1, 1, 1, 3, 1, 1, 3, 1, 3, 1, 3, 3 ], 
          [ 3, 1, 3, 1, -2, 3, 1, 3, 3, 3, 3, 1, 1, 1, 1, 1 ], [ 1, 3, 1, 1, 3, -2, 1, 3, 1, 1, 1, 1, 1, 1, 3, 3 ], 
          [ 1, 1, 3, 1, 1, 1, -2, 3, 3, 1, 1, 1, 1, 1, 1, 3 ], [ 3, 3, 3, 3, 3, 3, 3, -2, 3, 1, 1, 3, 3, 3, 1, 1 ], 
          [ 1, 3, 3, 1, 3, 1, 3, 3, -2, 1, 3, 3, 3, 1, 3, 3 ], [ 1, 3, 3, 1, 3, 1, 1, 1, 1, -2, 1, 3, 3, 1, 1, 3 ], 
          [ 1, 3, 1, 3, 3, 1, 1, 1, 3, 1, -2, 3, 1, 3, 1, 3 ], [ 3, 1, 1, 1, 1, 1, 1, 3, 3, 3, 3, -2, 3, 1, 3, 3 ], 
          [ 1, 3, 1, 3, 1, 1, 1, 3, 3, 3, 1, 3, -2, 3, 1, 1 ], [ 1, 1, 3, 1, 1, 1, 1, 3, 1, 1, 3, 1, 3, -2, 3, 3 ], 
          [ 1, 3, 3, 3, 1, 3, 1, 1, 3, 1, 1, 3, 1, 3, -2, 1 ], [ 3, 1, 3, 3, 1, 3, 3, 1, 3, 3, 3, 3, 1, 3, 1, -2 ] ] ], 
  [ 435, [ [ -2, 3, 1, 3, 3, 1, 1, 3, 1, 3, 3, 1, 1, 3, 3, 3, 1, 1, 3 ], [ 3, -2, 3, 1, 1, 3, 1, 3, 3, 1, 1, 3, 3, 1, 1, 1, 3, 1, 1 ], 
          [ 1, 3, -2, 3, 3, 1, 3, 3, 3, 1, 1, 1, 3, 3, 1, 1, 1, 3, 1 ], [ 3, 1, 3, -2, 1, 1, 1, 3, 1, 1, 3, 3, 3, 3, 1, 3, 3, 3, 1 ], 
          [ 3, 1, 3, 1, -2, 3, 1, 3, 3, 1, 3, 3, 1, 1, 1, 3, 3, 1, 1 ], [ 1, 3, 1, 1, 3, -2, 1, 3, 1, 1, 3, 1, 3, 3, 1, 3, 1, 3, 3 ], 
          [ 1, 1, 3, 1, 1, 1, -2, 3, 1, 3, 3, 3, 1, 1, 1, 3, 1, 1, 3 ], [ 3, 3, 3, 3, 3, 3, 3, -2, 1, 3, 1, 1, 1, 1, 3, 1, 1, 3, 3 ], 
          [ 1, 3, 3, 1, 3, 1, 1, 1, -2, 3, 3, 1, 1, 3, 3, 3, 1, 3, 3 ], [ 3, 1, 1, 1, 1, 1, 3, 3, 3, -2, 3, 1, 3, 3, 1, 1, 3, 3, 1 ], 
          [ 3, 1, 1, 3, 3, 3, 3, 1, 3, 3, -2, 3, 3, 1, 1, 1, 1, 3, 1 ], [ 1, 3, 1, 3, 3, 1, 3, 1, 1, 1, 3, -2, 1, 3, 3, 1, 1, 3, 3 ], 
          [ 1, 3, 3, 3, 1, 3, 1, 1, 1, 3, 3, 1, -2, 1, 3, 3, 1, 1, 3 ], [ 3, 1, 3, 3, 1, 3, 1, 1, 3, 3, 1, 3, 1, -2, 1, 1, 1, 1, 1 ], 
          [ 3, 1, 1, 1, 1, 1, 1, 3, 3, 1, 1, 3, 3, 1, -2, 1, 1, 3, 1 ], [ 3, 1, 1, 3, 3, 3, 3, 1, 3, 1, 1, 1, 3, 1, 1, -2, 1, 3, 1 ], 
          [ 1, 3, 1, 3, 3, 1, 1, 1, 1, 3, 1, 1, 1, 1, 1, 1, -2, 3, 3 ], [ 1, 1, 3, 3, 1, 3, 1, 3, 3, 3, 3, 3, 1, 1, 3, 3, 3, -2, 3 ], 
          [ 3, 1, 1, 1, 1, 3, 3, 3, 3, 1, 1, 3, 3, 1, 1, 1, 3, 3, -2 ] ] ], 
  [ 797, [ [ -2, 3, 1, 3, 3, 1, 1, 3, 1, 3, 1, 3, 1, 3, 1, 3, 1 ], [ 3, -2, 3, 1, 1, 3, 1, 3, 3, 1, 3, 1, 3, 3, 3, 3, 3 ], 
          [ 1, 3, -2, 3, 3, 1, 3, 3, 3, 1, 1, 3, 1, 1, 1, 3, 1 ], [ 3, 1, 3, -2, 1, 1, 1, 3, 1, 1, 1, 1, 3, 3, 3, 1, 1 ], 
          [ 3, 1, 3, 1, -2, 3, 1, 3, 3, 1, 1, 1, 3, 3, 3, 1, 1 ], [ 1, 3, 1, 1, 3, -2, 1, 3, 1, 1, 1, 3, 1, 1, 1, 1, 1 ], 
          [ 1, 1, 3, 1, 1, 1, -2, 3, 1, 3, 1, 3, 1, 3, 3, 1, 1 ], [ 3, 3, 3, 3, 3, 3, 3, -2, 1, 3, 3, 3, 3, 1, 3, 1, 3 ], 
          [ 1, 3, 3, 1, 3, 1, 1, 1, -2, 3, 1, 3, 3, 1, 3, 1, 1 ], [ 3, 1, 1, 1, 1, 1, 3, 3, 3, -2, 3, 1, 3, 1, 1, 3, 1 ], 
          [ 1, 3, 1, 1, 1, 1, 1, 3, 1, 3, -2, 3, 1, 3, 3, 1, 1 ], [ 3, 1, 3, 1, 1, 3, 3, 3, 3, 1, 3, -2, 3, 3, 1, 3, 3 ], 
          [ 1, 3, 1, 3, 3, 1, 1, 3, 3, 3, 1, 3, -2, 3, 1, 3, 3 ], [ 3, 3, 1, 3, 3, 1, 3, 1, 1, 1, 3, 3, 3, -2, 1, 1, 1 ], 
          [ 1, 3, 1, 3, 3, 1, 3, 3, 3, 1, 3, 1, 1, 1, -2, 3, 1 ], [ 3, 3, 3, 1, 1, 1, 1, 1, 1, 3, 1, 3, 3, 1, 3, -2, 1 ], 
          [ 1, 3, 1, 1, 1, 1, 1, 3, 1, 1, 1, 3, 3, 1, 1, 1, -2 ] ] ], [ 477, [ [ -2, 3, 1, 3, 3, 1, 1, 3, 1, 3, 1, 3, 1, 3, 3, 3, 1 ], 
          [ 3, -2, 3, 1, 1, 3, 1, 3, 3, 1, 3, 1, 3, 3, 1, 1, 1 ], [ 1, 3, -2, 3, 3, 1, 3, 3, 3, 1, 1, 3, 1, 1, 3, 3, 1 ], 
          [ 3, 1, 3, -2, 1, 1, 1, 3, 1, 1, 1, 1, 3, 3, 1, 1, 1 ], [ 3, 1, 3, 1, -2, 3, 1, 3, 3, 1, 1, 1, 3, 3, 1, 1, 3 ], 
          [ 1, 3, 1, 1, 3, -2, 1, 3, 1, 1, 1, 3, 1, 1, 3, 3, 1 ], [ 1, 1, 3, 1, 1, 1, -2, 3, 1, 3, 1, 3, 1, 3, 1, 1, 1 ], 
          [ 3, 3, 3, 3, 3, 3, 3, -2, 1, 3, 3, 3, 3, 1, 3, 1, 3 ], [ 1, 3, 3, 1, 3, 1, 1, 1, -2, 3, 1, 3, 3, 1, 3, 1, 1 ], 
          [ 3, 1, 1, 1, 1, 1, 3, 3, 3, -2, 3, 1, 3, 1, 3, 3, 1 ], [ 1, 3, 1, 1, 1, 1, 1, 3, 1, 3, -2, 3, 1, 3, 1, 1, 3 ], 
          [ 3, 1, 3, 1, 1, 3, 3, 3, 3, 1, 3, -2, 3, 3, 1, 1, 3 ], [ 1, 3, 1, 3, 3, 1, 1, 3, 3, 3, 1, 3, -2, 3, 1, 3, 3 ], 
          [ 3, 3, 1, 3, 3, 1, 3, 1, 1, 1, 3, 3, 3, -2, 3, 3, 1 ], [ 3, 1, 3, 1, 1, 3, 1, 3, 3, 3, 1, 1, 1, 3, -2, 1, 3 ], 
          [ 3, 1, 3, 1, 1, 3, 1, 1, 1, 3, 1, 1, 3, 3, 1, -2, 3 ], [ 1, 1, 1, 1, 3, 1, 1, 3, 1, 1, 3, 3, 3, 1, 3, 3, -2 ] ] ], 
  [ 478, [ [ -2, 3, 1, 3, 3, 1, 1, 3, 1, 3, 1, 1, 3, 1, 3 ], [ 3, -2, 3, 1, 1, 3, 1, 3, 3, 1, 3, 1, 3, 1, 3 ], 
          [ 1, 3, -2, 3, 3, 1, 3, 3, 3, 1, 1, 1, 1, 1, 1 ], [ 3, 1, 3, -2, 1, 1, 1, 3, 1, 1, 3, 1, 3, 1, 3 ], 
          [ 3, 1, 3, 1, -2, 3, 1, 3, 3, 1, 3, 3, 1, 1, 1 ], [ 1, 3, 1, 1, 3, -2, 1, 3, 1, 1, 1, 1, 3, 1, 3 ], 
          [ 1, 1, 3, 1, 1, 1, -2, 3, 1, 3, 1, 3, 3, 1, 3 ], [ 3, 3, 3, 3, 3, 3, 3, -2, 1, 3, 3, 3, 3, 3, 1 ], 
          [ 1, 3, 3, 1, 3, 1, 1, 1, -2, 3, 3, 1, 3, 3, 3 ], [ 3, 1, 1, 1, 1, 1, 3, 3, 3, -2, 3, 1, 1, 1, 3 ], 
          [ 1, 3, 1, 3, 3, 1, 1, 3, 3, 3, -2, 3, 1, 1, 1 ], [ 1, 1, 1, 1, 3, 1, 3, 3, 1, 1, 3, -2, 3, 1, 3 ], 
          [ 3, 3, 1, 3, 1, 3, 3, 3, 3, 1, 1, 3, -2, 3, 1 ], [ 1, 1, 1, 1, 1, 1, 1, 3, 3, 1, 1, 1, 3, -2, 1 ], 
          [ 3, 3, 1, 3, 1, 3, 3, 1, 3, 3, 1, 3, 1, 1, -2 ] ] ], [ 413, [ [ -2, 3, 1, 3, 3, 1, 1, 3, 1, 3, 1, 3, 3, 3, 3, 3 ], 
          [ 3, -2, 3, 1, 1, 3, 1, 3, 3, 1, 3, 3, 3, 1, 1, 3 ], [ 1, 3, -2, 3, 3, 1, 3, 3, 3, 1, 1, 3, 3, 3, 3, 3 ], 
          [ 3, 1, 3, -2, 1, 1, 1, 3, 1, 1, 3, 1, 1, 1, 1, 1 ], [ 3, 1, 3, 1, -2, 3, 1, 3, 3, 1, 3, 1, 1, 1, 1, 1 ], 
          [ 1, 3, 1, 1, 3, -2, 1, 3, 1, 1, 1, 1, 3, 1, 3, 1 ], [ 1, 1, 3, 1, 1, 1, -2, 3, 1, 3, 1, 3, 3, 1, 1, 1 ], 
          [ 3, 3, 3, 3, 3, 3, 3, -2, 1, 3, 3, 1, 1, 3, 3, 1 ], [ 1, 3, 3, 1, 3, 1, 1, 1, -2, 3, 3, 1, 1, 3, 1, 1 ], 
          [ 3, 1, 1, 1, 1, 1, 3, 3, 3, -2, 3, 1, 3, 1, 3, 3 ], [ 1, 3, 1, 3, 3, 1, 1, 3, 3, 3, -2, 3, 3, 1, 3, 3 ], 
          [ 3, 3, 3, 1, 1, 1, 3, 1, 1, 1, 3, -2, 1, 1, 3, 1 ], [ 3, 3, 3, 1, 1, 3, 3, 1, 1, 3, 3, 1, -2, 3, 1, 1 ], 
          [ 3, 1, 3, 1, 1, 1, 1, 3, 3, 1, 1, 1, 3, -2, 3, 1 ], [ 3, 1, 3, 1, 1, 3, 1, 3, 1, 3, 3, 3, 1, 3, -2, 1 ], 
          [ 3, 3, 3, 1, 1, 1, 1, 1, 1, 3, 3, 1, 1, 1, 1, -2 ] ] ], [ 476, [ [ -2, 3, 1, 3, 3, 1, 1, 3, 1, 3, 1, 3, 3, 3, 3, 1 ], 
          [ 3, -2, 3, 1, 1, 3, 1, 3, 3, 1, 3, 3, 3, 1, 1, 1 ], [ 1, 3, -2, 3, 3, 1, 3, 3, 3, 1, 1, 3, 3, 3, 1, 1 ], 
          [ 3, 1, 3, -2, 1, 1, 1, 3, 1, 1, 3, 1, 1, 1, 3, 3 ], [ 3, 1, 3, 1, -2, 3, 1, 3, 3, 1, 3, 1, 1, 1, 1, 3 ], 
          [ 1, 3, 1, 1, 3, -2, 1, 3, 1, 1, 1, 1, 3, 1, 3, 3 ], [ 1, 1, 3, 1, 1, 1, -2, 3, 1, 3, 1, 3, 3, 1, 3, 3 ], 
          [ 3, 3, 3, 3, 3, 3, 3, -2, 1, 3, 3, 1, 1, 3, 3, 3 ], [ 1, 3, 3, 1, 3, 1, 1, 1, -2, 3, 3, 1, 1, 3, 3, 3 ], 
          [ 3, 1, 1, 1, 1, 1, 3, 3, 3, -2, 3, 1, 3, 1, 1, 1 ], [ 1, 3, 1, 3, 3, 1, 1, 3, 3, 3, -2, 3, 3, 1, 3, 1 ], 
          [ 3, 3, 3, 1, 1, 1, 3, 1, 1, 1, 3, -2, 1, 1, 3, 3 ], [ 3, 3, 3, 1, 1, 3, 3, 1, 1, 3, 3, 1, -2, 3, 1, 3 ], 
          [ 3, 1, 3, 1, 1, 1, 1, 3, 3, 1, 1, 1, 3, -2, 3, 3 ], [ 3, 1, 1, 3, 1, 3, 3, 3, 3, 1, 3, 3, 1, 3, -2, 1 ], 
          [ 1, 1, 1, 3, 3, 3, 3, 3, 3, 1, 1, 3, 3, 3, 1, -2 ] ] ], [ 570, [ [ -2, 3, 1, 3, 3, 1, 1, 3, 1, 3, 3, 3, 3, 3, 3, 1 ], 
          [ 3, -2, 3, 1, 1, 3, 1, 3, 3, 1, 3, 1, 1, 1, 1, 1 ], [ 1, 3, -2, 3, 3, 1, 3, 3, 3, 1, 1, 3, 3, 3, 3, 3 ], 
          [ 3, 1, 3, -2, 1, 1, 1, 3, 1, 1, 1, 1, 3, 1, 3, 3 ], [ 3, 1, 3, 1, -2, 3, 1, 3, 3, 1, 3, 3, 1, 1, 3, 3 ], 
          [ 1, 3, 1, 1, 3, -2, 1, 3, 1, 1, 1, 1, 3, 1, 3, 3 ], [ 1, 1, 3, 1, 1, 1, -2, 3, 1, 3, 3, 3, 3, 1, 3, 1 ], 
          [ 3, 3, 3, 3, 3, 3, 3, -2, 1, 3, 1, 1, 3, 3, 1, 3 ], [ 1, 3, 3, 1, 3, 1, 1, 1, -2, 3, 1, 1, 3, 3, 3, 3 ], 
          [ 3, 1, 1, 1, 1, 1, 3, 3, 3, -2, 1, 1, 1, 1, 3, 3 ], [ 3, 3, 1, 1, 3, 1, 3, 1, 1, 1, -2, 1, 3, 1, 3, 3 ], 
          [ 3, 1, 3, 1, 3, 1, 3, 1, 1, 1, 1, -2, 1, 1, 1, 3 ], [ 3, 1, 3, 3, 1, 3, 3, 3, 3, 1, 3, 1, -2, 1, 1, 1 ], 
          [ 3, 1, 3, 1, 1, 1, 1, 3, 3, 1, 1, 1, 1, -2, 3, 1 ], [ 3, 1, 3, 3, 3, 3, 3, 1, 3, 3, 3, 1, 1, 3, -2, 1 ], 
          [ 1, 1, 3, 3, 3, 3, 1, 3, 3, 3, 3, 3, 1, 1, 1, -2 ] ] ], [ 422, [ [ -2, 3, 1, 3, 3, 1, 1, 3, 1, 3, 3, 1, 3, 3, 3 ], 
          [ 3, -2, 3, 1, 1, 3, 1, 3, 3, 1, 3, 1, 1, 3, 1 ], [ 1, 3, -2, 3, 3, 1, 3, 3, 3, 1, 1, 3, 1, 3, 3 ], 
          [ 3, 1, 3, -2, 1, 1, 1, 3, 1, 1, 1, 3, 1, 1, 1 ], [ 3, 1, 3, 1, -2, 3, 1, 3, 3, 1, 3, 1, 1, 1, 1 ], 
          [ 1, 3, 1, 1, 3, -2, 1, 3, 1, 1, 1, 3, 3, 1, 3 ], [ 1, 1, 3, 1, 1, 1, -2, 3, 1, 3, 3, 1, 3, 1, 1 ], 
          [ 3, 3, 3, 3, 3, 3, 3, -2, 1, 3, 1, 1, 3, 3, 1 ], [ 1, 3, 3, 1, 3, 1, 1, 1, -2, 3, 1, 1, 3, 1, 3 ], 
          [ 3, 1, 1, 1, 1, 1, 3, 3, 3, -2, 1, 3, 1, 1, 3 ], [ 3, 3, 1, 1, 3, 1, 3, 1, 1, 1, -2, 3, 3, 1, 3 ], 
          [ 1, 1, 3, 3, 1, 3, 1, 1, 1, 3, 3, -2, 3, 3, 1 ], [ 3, 1, 1, 1, 1, 3, 3, 3, 3, 1, 3, 3, -2, 3, 1 ], 
          [ 3, 3, 3, 1, 1, 1, 1, 3, 1, 1, 1, 3, 3, -2, 3 ], [ 3, 1, 3, 1, 1, 3, 1, 1, 3, 3, 3, 1, 1, 3, -2 ] ] ], 
  [ 472, [ [ -2, 3, 1, 3, 3, 1, 1, 3, 1, 3, 3, 1, 3, 1, 3, 1, 1 ], [ 3, -2, 3, 1, 1, 3, 1, 3, 3, 1, 3, 1, 1, 3, 3, 3, 3 ], 
          [ 1, 3, -2, 3, 3, 1, 3, 3, 3, 1, 1, 3, 1, 1, 1, 3, 1 ], [ 3, 1, 3, -2, 1, 1, 1, 3, 1, 1, 1, 3, 1, 1, 1, 3, 1 ], 
          [ 3, 1, 3, 1, -2, 3, 1, 3, 3, 1, 3, 1, 1, 3, 1, 3, 3 ], [ 1, 3, 1, 1, 3, -2, 1, 3, 1, 1, 1, 3, 3, 1, 1, 3, 1 ], 
          [ 1, 1, 3, 1, 1, 1, -2, 3, 1, 3, 3, 1, 3, 1, 1, 3, 3 ], [ 3, 3, 3, 3, 3, 3, 3, -2, 1, 3, 1, 1, 3, 3, 3, 1, 3 ], 
          [ 1, 3, 3, 1, 3, 1, 1, 1, -2, 3, 1, 1, 3, 1, 1, 1, 1 ], [ 3, 1, 1, 1, 1, 1, 3, 3, 3, -2, 1, 3, 1, 3, 1, 3, 1 ], 
          [ 3, 3, 1, 1, 3, 1, 3, 1, 1, 1, -2, 3, 3, 1, 1, 3, 1 ], [ 1, 1, 3, 3, 1, 3, 1, 1, 1, 3, 3, -2, 3, 3, 3, 1, 3 ], 
          [ 3, 1, 1, 1, 1, 3, 3, 3, 3, 1, 3, 3, -2, 3, 1, 3, 1 ], [ 1, 3, 1, 1, 3, 1, 1, 3, 1, 3, 1, 3, 3, -2, 1, 1, 1 ], 
          [ 3, 3, 1, 1, 1, 1, 1, 3, 1, 1, 1, 3, 1, 1, -2, 3, 1 ], [ 1, 3, 3, 3, 3, 3, 3, 1, 1, 3, 3, 1, 3, 1, 3, -2, 1 ], 
          [ 1, 3, 1, 1, 3, 1, 3, 3, 1, 1, 1, 3, 1, 1, 1, 1, -2 ] ] ], [ 446, [ [ -2, 3, 1, 3, 3, 1, 1, 3, 1, 3, 3, 1, 3, 3, 1, 3, 1 ], 
          [ 3, -2, 3, 1, 1, 3, 1, 3, 3, 1, 3, 1, 1, 1, 1, 1, 1 ], [ 1, 3, -2, 3, 3, 1, 3, 3, 3, 1, 1, 3, 3, 3, 1, 3, 1 ], 
          [ 3, 1, 3, -2, 1, 1, 1, 3, 1, 1, 1, 3, 1, 1, 3, 1, 3 ], [ 3, 1, 3, 1, -2, 3, 1, 3, 3, 1, 3, 1, 1, 3, 3, 1, 3 ], 
          [ 1, 3, 1, 1, 3, -2, 1, 3, 1, 1, 1, 3, 1, 1, 1, 3, 1 ], [ 1, 1, 3, 1, 1, 1, -2, 3, 1, 3, 3, 1, 1, 1, 1, 1, 1 ], 
          [ 3, 3, 3, 3, 3, 3, 3, -2, 1, 3, 1, 1, 3, 1, 3, 1, 3 ], [ 1, 3, 3, 1, 3, 1, 1, 1, -2, 3, 1, 1, 3, 1, 3, 1, 3 ], 
          [ 3, 1, 1, 1, 1, 1, 3, 3, 3, -2, 1, 3, 1, 1, 1, 3, 3 ], [ 3, 3, 1, 1, 3, 1, 3, 1, 1, 1, -2, 3, 3, 1, 3, 1, 3 ], 
          [ 1, 1, 3, 3, 1, 3, 1, 1, 1, 3, 3, -2, 3, 3, 3, 1, 1 ], [ 3, 1, 3, 1, 1, 1, 1, 3, 3, 1, 3, 3, -2, 1, 1, 3, 1 ], 
          [ 3, 1, 3, 1, 3, 1, 1, 1, 1, 1, 1, 3, 1, -2, 1, 1, 3 ], [ 1, 1, 1, 3, 3, 1, 1, 3, 3, 1, 3, 3, 1, 1, -2, 3, 1 ], 
          [ 3, 1, 3, 1, 1, 3, 1, 1, 1, 3, 1, 1, 3, 1, 3, -2, 3 ], [ 1, 1, 1, 3, 3, 1, 1, 3, 3, 3, 3, 1, 1, 3, 1, 3, -2 ] ] ], 
  [ 604, [ [ -2, 3, 1, 3, 3, 1, 1, 3, 1, 3, 3, 3, 1, 1, 3, 1, 3 ], [ 3, -2, 3, 1, 1, 3, 1, 3, 3, 1, 1, 3, 3, 3, 3, 3, 1 ], 
          [ 1, 3, -2, 3, 3, 1, 3, 3, 3, 1, 3, 3, 1, 3, 1, 1, 3 ], [ 3, 1, 3, -2, 1, 1, 1, 3, 1, 1, 1, 1, 1, 3, 1, 3, 3 ], 
          [ 3, 1, 3, 1, -2, 3, 1, 3, 3, 1, 1, 3, 3, 1, 1, 1, 1 ], [ 1, 3, 1, 1, 3, -2, 1, 3, 1, 1, 1, 1, 1, 3, 1, 3, 3 ], 
          [ 1, 1, 3, 1, 1, 1, -2, 3, 1, 3, 1, 3, 3, 1, 3, 3, 3 ], [ 3, 3, 3, 3, 3, 3, 3, -2, 1, 3, 1, 1, 3, 1, 3, 3, 1 ], 
          [ 1, 3, 3, 1, 3, 1, 1, 1, -2, 3, 1, 1, 1, 1, 3, 3, 3 ], [ 3, 1, 1, 1, 1, 1, 3, 3, 3, -2, 1, 3, 1, 3, 1, 1, 1 ], 
          [ 3, 1, 3, 1, 1, 1, 1, 1, 1, 1, -2, 1, 3, 1, 3, 3, 1 ], [ 3, 3, 3, 1, 3, 1, 3, 1, 1, 3, 1, -2, 1, 3, 1, 3, 3 ], 
          [ 1, 3, 1, 1, 3, 1, 3, 3, 1, 1, 3, 1, -2, 3, 1, 1, 3 ], [ 1, 3, 3, 3, 1, 3, 1, 1, 1, 3, 1, 3, 3, -2, 3, 1, 1 ], 
          [ 3, 3, 1, 1, 1, 1, 3, 3, 3, 1, 3, 1, 1, 3, -2, 1, 3 ], [ 1, 3, 1, 3, 1, 3, 3, 3, 3, 1, 3, 3, 1, 1, 1, -2, 3 ], 
          [ 3, 1, 3, 3, 1, 3, 3, 1, 3, 1, 1, 3, 3, 1, 3, 3, -2 ] ] ], 
  [ 458, [ [ -2, 3, 1, 3, 3, 1, 1, 3, 1, 3, 3, 3, 1, 1, 1, 3, 1 ], [ 3, -2, 3, 1, 1, 3, 1, 3, 3, 1, 1, 1, 1, 3, 3, 3, 3 ], 
          [ 1, 3, -2, 3, 3, 1, 3, 3, 3, 1, 3, 1, 3, 1, 3, 1, 3 ], [ 3, 1, 3, -2, 1, 1, 1, 3, 1, 1, 1, 1, 1, 3, 1, 3, 1 ], 
          [ 3, 1, 3, 1, -2, 3, 1, 3, 3, 1, 1, 1, 3, 3, 1, 3, 1 ], [ 1, 3, 1, 1, 3, -2, 1, 3, 1, 1, 1, 3, 1, 1, 1, 3, 1 ], 
          [ 1, 1, 3, 1, 1, 1, -2, 3, 1, 3, 1, 3, 1, 1, 1, 3, 1 ], [ 3, 3, 3, 3, 3, 3, 3, -2, 1, 3, 1, 3, 3, 1, 1, 1, 3 ], 
          [ 1, 3, 3, 1, 3, 1, 1, 1, -2, 3, 1, 3, 1, 1, 1, 3, 1 ], [ 3, 1, 1, 1, 1, 1, 3, 3, 3, -2, 1, 1, 3, 3, 3, 3, 3 ], 
          [ 3, 1, 3, 1, 1, 1, 1, 1, 1, 1, -2, 1, 3, 1, 1, 3, 3 ], [ 3, 1, 1, 1, 1, 3, 3, 3, 3, 1, 1, -2, 3, 3, 3, 1, 3 ], 
          [ 1, 1, 3, 1, 3, 1, 1, 3, 1, 3, 3, 3, -2, 3, 1, 3, 1 ], [ 1, 3, 1, 3, 3, 1, 1, 1, 1, 3, 1, 3, 3, -2, 1, 1, 3 ], 
          [ 1, 3, 3, 1, 1, 1, 1, 1, 1, 3, 1, 3, 1, 1, -2, 3, 1 ], [ 3, 3, 1, 3, 3, 3, 3, 1, 3, 3, 3, 1, 3, 1, 3, -2, 3 ], 
          [ 1, 3, 3, 1, 1, 1, 1, 3, 1, 3, 3, 3, 1, 3, 1, 3, -2 ] ] ], [ 524, [ [ -2, 3, 1, 3, 3, 1, 1, 3, 1, 3, 3, 3, 1, 3, 1, 3 ], 
          [ 3, -2, 3, 1, 1, 3, 1, 3, 3, 1, 1, 3, 1, 1, 3, 1 ], [ 1, 3, -2, 3, 3, 1, 3, 3, 3, 1, 3, 1, 3, 3, 3, 3 ], 
          [ 3, 1, 3, -2, 1, 1, 1, 3, 1, 1, 1, 1, 1, 1, 1, 1 ], [ 3, 1, 3, 1, -2, 3, 1, 3, 3, 1, 1, 1, 3, 1, 3, 3 ], 
          [ 1, 3, 1, 1, 3, -2, 1, 3, 1, 1, 1, 1, 1, 1, 1, 3 ], [ 1, 1, 3, 1, 1, 1, -2, 3, 1, 3, 1, 3, 1, 1, 1, 1 ], 
          [ 3, 3, 3, 3, 3, 3, 3, -2, 1, 3, 1, 1, 3, 3, 1, 1 ], [ 1, 3, 3, 1, 3, 1, 1, 1, -2, 3, 1, 3, 1, 1, 1, 1 ], 
          [ 3, 1, 1, 1, 1, 1, 3, 3, 3, -2, 1, 1, 3, 1, 3, 3 ], [ 3, 1, 3, 1, 1, 1, 1, 1, 1, 1, -2, 1, 1, 1, 1, 1 ], 
          [ 3, 3, 1, 1, 1, 1, 3, 1, 3, 1, 1, -2, 3, 3, 1, 3 ], [ 1, 1, 3, 1, 3, 1, 1, 3, 1, 3, 1, 3, -2, 1, 1, 1 ], 
          [ 3, 1, 3, 1, 1, 1, 1, 3, 1, 1, 1, 3, 1, -2, 3, 3 ], [ 1, 3, 3, 1, 3, 1, 1, 1, 1, 3, 1, 1, 1, 3, -2, 1 ], 
          [ 3, 1, 3, 1, 3, 3, 1, 1, 1, 3, 1, 3, 1, 3, 1, -2 ] ] ], [ 868, [ [ -2, 3, 1, 3, 3, 1, 1, 3, 1, 3, 3, 1, 3, 1, 3, 1, 1, 3 ], 
          [ 3, -2, 3, 1, 1, 3, 1, 3, 3, 1, 1, 1, 1, 3, 3, 3, 1, 1 ], [ 1, 3, -2, 3, 3, 1, 3, 3, 3, 1, 3, 3, 3, 1, 1, 1, 3, 3 ], 
          [ 3, 1, 3, -2, 1, 1, 1, 3, 1, 1, 1, 3, 1, 1, 1, 3, 3, 1 ], [ 3, 1, 3, 1, -2, 3, 1, 3, 3, 1, 1, 1, 1, 3, 3, 3, 3, 1 ], 
          [ 1, 3, 1, 1, 3, -2, 1, 3, 1, 1, 1, 3, 3, 1, 1, 1, 3, 3 ], [ 1, 1, 3, 1, 1, 1, -2, 3, 1, 3, 1, 1, 1, 3, 3, 3, 1, 1 ], 
          [ 3, 3, 3, 3, 3, 3, 3, -2, 1, 3, 1, 1, 1, 3, 1, 3, 1, 3 ], [ 1, 3, 3, 1, 3, 1, 1, 1, -2, 3, 1, 1, 1, 1, 1, 3, 1, 3 ], 
          [ 3, 1, 1, 1, 1, 1, 3, 3, 3, -2, 1, 3, 1, 1, 1, 1, 3, 3 ], [ 3, 1, 3, 1, 1, 1, 1, 1, 1, 1, -2, 1, 1, 3, 1, 3, 1, 3 ], 
          [ 1, 1, 3, 3, 1, 3, 1, 1, 1, 3, 1, -2, 1, 3, 3, 3, 1, 3 ], [ 3, 1, 3, 1, 1, 3, 1, 1, 1, 1, 1, 1, -2, 3, 1, 3, 1, 3 ], 
          [ 1, 3, 1, 1, 3, 1, 3, 3, 1, 1, 3, 3, 3, -2, 1, 1, 3, 3 ], [ 3, 3, 1, 1, 3, 1, 3, 1, 1, 1, 1, 3, 1, 1, -2, 3, 3, 3 ], 
          [ 1, 3, 1, 3, 3, 1, 3, 3, 3, 1, 3, 3, 3, 1, 3, -2, 3, 3 ], [ 1, 1, 3, 3, 3, 3, 1, 1, 1, 3, 1, 1, 1, 3, 3, 3, -2, 3 ], 
          [ 3, 1, 3, 1, 1, 3, 1, 3, 3, 3, 3, 3, 3, 3, 3, 3, 3, -2 ] ] ], 
  [ 868, [ [ -2, 3, 1, 3, 3, 1, 1, 3, 1, 3, 3, 1, 3, 1, 3, 1, 1, 1 ], [ 3, -2, 3, 1, 1, 3, 1, 3, 3, 1, 1, 1, 1, 3, 3, 3, 1, 3 ], 
          [ 1, 3, -2, 3, 3, 1, 3, 3, 3, 1, 3, 3, 3, 1, 1, 1, 3, 1 ], [ 3, 1, 3, -2, 1, 1, 1, 3, 1, 1, 1, 3, 1, 1, 1, 3, 3, 3 ], 
          [ 3, 1, 3, 1, -2, 3, 1, 3, 3, 1, 1, 1, 1, 3, 3, 3, 3, 3 ], [ 1, 3, 1, 1, 3, -2, 1, 3, 1, 1, 1, 3, 3, 1, 1, 1, 3, 1 ], 
          [ 1, 1, 3, 1, 1, 1, -2, 3, 1, 3, 1, 1, 1, 3, 3, 3, 1, 3 ], [ 3, 3, 3, 3, 3, 3, 3, -2, 1, 3, 1, 1, 1, 3, 1, 3, 1, 1 ], 
          [ 1, 3, 3, 1, 3, 1, 1, 1, -2, 3, 1, 1, 1, 1, 1, 3, 1, 1 ], [ 3, 1, 1, 1, 1, 1, 3, 3, 3, -2, 1, 3, 1, 1, 1, 1, 3, 1 ], 
          [ 3, 1, 3, 1, 1, 1, 1, 1, 1, 1, -2, 1, 1, 3, 1, 3, 1, 1 ], [ 1, 1, 3, 3, 1, 3, 1, 1, 1, 3, 1, -2, 1, 3, 3, 3, 1, 1 ], 
          [ 3, 1, 3, 1, 1, 3, 1, 1, 1, 1, 1, 1, -2, 3, 1, 3, 1, 1 ], [ 1, 3, 1, 1, 3, 1, 3, 3, 1, 1, 3, 3, 3, -2, 1, 1, 3, 1 ], 
          [ 3, 3, 1, 1, 3, 1, 3, 1, 1, 1, 1, 3, 1, 1, -2, 3, 3, 1 ], [ 1, 3, 1, 3, 3, 1, 3, 3, 3, 1, 3, 3, 3, 1, 3, -2, 3, 1 ], 
          [ 1, 1, 3, 3, 3, 3, 1, 1, 1, 3, 1, 1, 1, 3, 3, 3, -2, 1 ], [ 1, 3, 1, 3, 3, 1, 3, 1, 1, 1, 1, 1, 1, 1, 1, 1, 1, -2 ] ] ], 
  [ 868, [ [ -2, 3, 1, 3, 3, 1, 1, 3, 1, 3, 3, 1, 3, 1, 3, 1, 1, 1 ], [ 3, -2, 3, 1, 1, 3, 1, 3, 3, 1, 1, 1, 1, 3, 3, 3, 1, 3 ], 
          [ 1, 3, -2, 3, 3, 1, 3, 3, 3, 1, 3, 3, 3, 1, 1, 1, 3, 1 ], [ 3, 1, 3, -2, 1, 1, 1, 3, 1, 1, 1, 3, 1, 1, 1, 3, 3, 3 ], 
          [ 3, 1, 3, 1, -2, 3, 1, 3, 3, 1, 1, 1, 1, 3, 3, 3, 3, 3 ], [ 1, 3, 1, 1, 3, -2, 1, 3, 1, 1, 1, 3, 3, 1, 1, 1, 3, 1 ], 
          [ 1, 1, 3, 1, 1, 1, -2, 3, 1, 3, 1, 1, 1, 3, 3, 3, 1, 3 ], [ 3, 3, 3, 3, 3, 3, 3, -2, 1, 3, 1, 1, 1, 3, 1, 3, 1, 1 ], 
          [ 1, 3, 3, 1, 3, 1, 1, 1, -2, 3, 1, 1, 1, 1, 1, 3, 1, 1 ], [ 3, 1, 1, 1, 1, 1, 3, 3, 3, -2, 1, 3, 1, 1, 1, 1, 3, 1 ], 
          [ 3, 1, 3, 1, 1, 1, 1, 1, 1, 1, -2, 1, 1, 3, 1, 3, 1, 1 ], [ 1, 1, 3, 3, 1, 3, 1, 1, 1, 3, 1, -2, 1, 3, 3, 3, 1, 1 ], 
          [ 3, 1, 3, 1, 1, 3, 1, 1, 1, 1, 1, 1, -2, 3, 1, 3, 1, 1 ], [ 1, 3, 1, 1, 3, 1, 3, 3, 1, 1, 3, 3, 3, -2, 1, 1, 3, 1 ], 
          [ 3, 3, 1, 1, 3, 1, 3, 1, 1, 1, 1, 3, 1, 1, -2, 3, 3, 1 ], [ 1, 3, 1, 3, 3, 1, 3, 3, 3, 1, 3, 3, 3, 1, 3, -2, 3, 1 ], 
          [ 1, 1, 3, 3, 3, 3, 1, 1, 1, 3, 1, 1, 1, 3, 3, 3, -2, 1 ], [ 1, 3, 1, 3, 3, 1, 3, 1, 1, 1, 1, 1, 1, 1, 1, 1, 1, -2 ] ] ], 
  [ 481, [ [ -2, 3, 1, 3, 3, 1, 1, 3, 1, 3, 1, 1, 3, 3, 3, 3 ], [ 3, -2, 3, 1, 1, 3, 1, 3, 3, 1, 3, 1, 1, 3, 1, 1 ], 
          [ 1, 3, -2, 3, 3, 1, 3, 3, 3, 1, 1, 1, 1, 1, 1, 3 ], [ 3, 1, 3, -2, 1, 1, 1, 3, 1, 1, 3, 3, 1, 3, 1, 1 ], 
          [ 3, 1, 3, 1, -2, 3, 1, 3, 3, 1, 1, 1, 3, 3, 1, 3 ], [ 1, 3, 1, 1, 3, -2, 1, 3, 1, 1, 3, 1, 1, 3, 1, 3 ], 
          [ 1, 1, 3, 1, 1, 1, -2, 3, 1, 3, 3, 1, 3, 3, 1, 3 ], [ 3, 3, 3, 3, 3, 3, 3, -2, 1, 3, 3, 3, 3, 1, 3, 1 ], 
          [ 1, 3, 3, 1, 3, 1, 1, 1, -2, 3, 3, 3, 3, 3, 3, 1 ], [ 3, 1, 1, 1, 1, 1, 3, 3, 3, -2, 3, 1, 1, 3, 1, 1 ], 
          [ 1, 3, 1, 3, 1, 3, 3, 3, 3, 3, -2, 1, 3, 1, 3, 3 ], [ 1, 1, 1, 3, 1, 1, 1, 3, 3, 1, 1, -2, 3, 3, 1, 3 ], 
          [ 3, 1, 1, 1, 3, 1, 3, 3, 3, 1, 3, 3, -2, 1, 1, 1 ], [ 3, 3, 1, 3, 3, 3, 3, 1, 3, 3, 1, 3, 1, -2, 3, 1 ], 
          [ 3, 1, 1, 1, 1, 1, 1, 3, 3, 1, 3, 1, 1, 3, -2, 3 ], [ 3, 1, 3, 1, 3, 3, 3, 1, 1, 1, 3, 3, 1, 1, 3, -2 ] ] ], 
  [ 474, [ [ -2, 3, 1, 3, 3, 1, 1, 3, 1, 3, 1, 3, 1, 3, 3, 1 ], [ 3, -2, 3, 1, 1, 3, 1, 3, 3, 1, 3, 1, 3, 1, 1, 3 ], 
          [ 1, 3, -2, 3, 3, 1, 3, 3, 3, 1, 1, 3, 3, 3, 1, 3 ], [ 3, 1, 3, -2, 1, 1, 1, 3, 1, 1, 3, 1, 1, 3, 1, 3 ], 
          [ 3, 1, 3, 1, -2, 3, 1, 3, 3, 1, 3, 1, 3, 3, 1, 3 ], [ 1, 3, 1, 1, 3, -2, 1, 3, 1, 1, 3, 3, 1, 3, 1, 3 ], 
          [ 1, 1, 3, 1, 1, 1, -2, 3, 1, 3, 3, 3, 1, 3, 1, 3 ], [ 3, 3, 3, 3, 3, 3, 3, -2, 1, 3, 3, 1, 1, 1, 3, 1 ], 
          [ 1, 3, 3, 1, 3, 1, 1, 1, -2, 3, 1, 3, 1, 1, 3, 1 ], [ 3, 1, 1, 1, 1, 1, 3, 3, 3, -2, 3, 1, 3, 3, 1, 3 ], 
          [ 1, 3, 1, 3, 3, 3, 3, 3, 1, 3, -2, 3, 3, 1, 3, 1 ], [ 3, 1, 3, 1, 1, 3, 3, 1, 3, 1, 3, -2, 1, 3, 1, 1 ], 
          [ 1, 3, 3, 1, 3, 1, 1, 1, 1, 3, 3, 1, -2, 3, 3, 1 ], [ 3, 1, 3, 3, 3, 3, 3, 1, 1, 3, 1, 3, 3, -2, 3, 1 ], 
          [ 3, 1, 1, 1, 1, 1, 1, 3, 3, 1, 3, 1, 3, 3, -2, 3 ], [ 1, 3, 3, 3, 3, 3, 3, 1, 1, 3, 1, 1, 1, 1, 3, -2 ] ] ], 
  [ 417, [ [ -2, 3, 1, 3, 3, 1, 1, 3, 1, 3, 1, 1, 3, 3, 3, 3 ], [ 3, -2, 3, 1, 1, 3, 1, 3, 3, 1, 1, 1, 3, 1, 1, 3 ], 
          [ 1, 3, -2, 3, 3, 1, 3, 3, 3, 1, 1, 3, 1, 3, 3, 1 ], [ 3, 1, 3, -2, 1, 1, 1, 3, 1, 1, 1, 1, 1, 1, 3, 1 ], 
          [ 3, 1, 3, 1, -2, 3, 1, 3, 3, 1, 1, 1, 1, 3, 1, 3 ], [ 1, 3, 1, 1, 3, -2, 1, 3, 1, 1, 1, 3, 1, 3, 3, 1 ], 
          [ 1, 1, 3, 1, 1, 1, -2, 3, 1, 3, 1, 1, 3, 1, 3, 3 ], [ 3, 3, 3, 3, 3, 3, 3, -2, 1, 3, 3, 3, 3, 1, 3, 1 ], 
          [ 1, 3, 3, 1, 3, 1, 1, 1, -2, 3, 3, 1, 3, 1, 3, 1 ], [ 3, 1, 1, 1, 1, 1, 3, 3, 3, -2, 1, 3, 1, 3, 1, 1 ], 
          [ 1, 1, 1, 1, 1, 1, 1, 3, 3, 1, -2, 1, 1, 3, 3, 3 ], [ 1, 1, 3, 1, 1, 3, 1, 3, 1, 3, 1, -2, 3, 1, 1, 3 ], 
          [ 3, 3, 1, 1, 1, 1, 3, 3, 3, 1, 1, 3, -2, 3, 3, 1 ], [ 3, 1, 3, 1, 3, 3, 1, 1, 1, 3, 3, 1, 3, -2, 3, 1 ], 
          [ 3, 1, 3, 3, 1, 3, 3, 3, 3, 1, 3, 1, 3, 3, -2, 3 ], [ 3, 3, 1, 1, 3, 1, 3, 1, 1, 1, 3, 3, 1, 1, 3, -2 ] ] ], 
  [ 428, [ [ -2, 3, 1, 3, 3, 1, 1, 3, 1, 3, 1, 3, 1, 1, 1, 1, 1 ], [ 3, -2, 3, 1, 1, 3, 1, 3, 3, 1, 1, 3, 3, 3, 3, 1, 1 ], 
          [ 1, 3, -2, 3, 3, 1, 3, 3, 3, 1, 1, 1, 1, 3, 1, 3, 3 ], [ 3, 1, 3, -2, 1, 1, 1, 3, 1, 1, 1, 3, 3, 3, 3, 1, 1 ], 
          [ 3, 1, 3, 1, -2, 3, 1, 3, 3, 1, 1, 1, 3, 1, 3, 1, 1 ], [ 1, 3, 1, 1, 3, -2, 1, 3, 1, 1, 1, 3, 1, 3, 1, 3, 1 ], 
          [ 1, 1, 3, 1, 1, 1, -2, 3, 1, 3, 1, 3, 1, 1, 3, 1, 1 ], [ 3, 3, 3, 3, 3, 3, 3, -2, 1, 3, 3, 1, 1, 1, 3, 3, 3 ], 
          [ 1, 3, 3, 1, 3, 1, 1, 1, -2, 3, 3, 3, 1, 1, 3, 1, 1 ], [ 3, 1, 1, 1, 1, 1, 3, 3, 3, -2, 1, 3, 3, 3, 1, 3, 1 ], 
          [ 1, 1, 1, 1, 1, 1, 1, 3, 3, 1, -2, 3, 3, 3, 1, 1, 1 ], [ 3, 3, 1, 3, 1, 3, 3, 1, 3, 3, 3, -2, 1, 1, 3, 3, 3 ], 
          [ 1, 3, 1, 3, 3, 1, 1, 1, 1, 3, 3, 1, -2, 1, 3, 3, 3 ], [ 1, 3, 3, 3, 1, 3, 1, 1, 1, 3, 3, 1, 1, -2, 3, 1, 1 ], 
          [ 1, 3, 1, 3, 3, 1, 3, 3, 3, 1, 1, 3, 3, 3, -2, 3, 1 ], [ 1, 1, 3, 1, 1, 3, 1, 3, 1, 3, 1, 3, 3, 1, 3, -2, 1 ], 
          [ 1, 1, 3, 1, 1, 1, 1, 3, 1, 1, 1, 3, 3, 1, 1, 1, -2 ] ] ], 
  [ 520, [ [ -2, 3, 1, 3, 3, 1, 1, 3, 1, 3, 1, 3, 3, 3, 3, 3, 3 ], [ 3, -2, 3, 1, 1, 3, 1, 3, 3, 1, 1, 1, 1, 1, 3, 3, 1 ], 
          [ 1, 3, -2, 3, 3, 1, 3, 3, 3, 1, 1, 1, 3, 3, 1, 1, 1 ], [ 3, 1, 3, -2, 1, 1, 1, 3, 1, 1, 1, 1, 3, 1, 3, 1, 3 ], 
          [ 3, 1, 3, 1, -2, 3, 1, 3, 3, 1, 1, 3, 1, 3, 1, 3, 1 ], [ 1, 3, 1, 1, 3, -2, 1, 3, 1, 1, 1, 1, 3, 1, 3, 1, 3 ], 
          [ 1, 1, 3, 1, 1, 1, -2, 3, 1, 3, 1, 3, 3, 1, 3, 3, 3 ], [ 3, 3, 3, 3, 3, 3, 3, -2, 1, 3, 3, 3, 1, 3, 1, 1, 1 ], 
          [ 1, 3, 3, 1, 3, 1, 1, 1, -2, 3, 3, 3, 3, 1, 3, 1, 3 ], [ 3, 1, 1, 1, 1, 1, 3, 3, 3, -2, 1, 1, 1, 1, 1, 1, 1 ], 
          [ 1, 1, 1, 1, 1, 1, 1, 3, 3, 1, -2, 1, 3, 3, 3, 3, 1 ], [ 3, 1, 1, 1, 3, 1, 3, 3, 3, 1, 1, -2, 3, 1, 3, 1, 1 ], 
          [ 3, 1, 3, 3, 1, 3, 3, 1, 3, 1, 3, 3, -2, 3, 1, 3, 1 ], [ 3, 1, 3, 1, 3, 1, 1, 3, 1, 1, 3, 1, 3, -2, 3, 1, 3 ], 
          [ 3, 3, 1, 3, 1, 3, 3, 1, 3, 1, 3, 3, 1, 3, -2, 1, 1 ], [ 3, 3, 1, 1, 3, 1, 3, 1, 1, 1, 3, 1, 3, 1, 1, -2, 1 ], 
          [ 3, 1, 1, 3, 1, 3, 3, 1, 3, 1, 1, 1, 1, 3, 1, 1, -2 ] ] ], [ 579, [ [ -2, 3, 1, 3, 3, 1, 1, 3, 1, 3, 1, 3, 3, 3, 1, 3, 3 ], 
          [ 3, -2, 3, 1, 1, 3, 1, 3, 3, 1, 1, 1, 1, 1, 3, 3, 3 ], [ 1, 3, -2, 3, 3, 1, 3, 3, 3, 1, 1, 3, 3, 3, 1, 1, 1 ], 
          [ 3, 1, 3, -2, 1, 1, 1, 3, 1, 1, 1, 1, 1, 3, 3, 3, 1 ], [ 3, 1, 3, 1, -2, 3, 1, 3, 3, 1, 1, 1, 1, 1, 3, 1, 1 ], 
          [ 1, 3, 1, 1, 3, -2, 1, 3, 1, 1, 1, 3, 3, 3, 3, 3, 1 ], [ 1, 1, 3, 1, 1, 1, -2, 3, 1, 3, 1, 3, 1, 1, 3, 3, 3 ], 
          [ 3, 3, 3, 3, 3, 3, 3, -2, 1, 3, 3, 3, 1, 1, 1, 1, 3 ], [ 1, 3, 3, 1, 3, 1, 1, 1, -2, 3, 3, 3, 3, 3, 1, 3, 3 ], 
          [ 3, 1, 1, 1, 1, 1, 3, 3, 3, -2, 1, 1, 3, 3, 3, 1, 1 ], [ 1, 1, 1, 1, 1, 1, 1, 3, 3, 1, -2, 3, 1, 1, 3, 3, 1 ], 
          [ 3, 1, 3, 1, 1, 3, 3, 3, 3, 1, 3, -2, 1, 3, 3, 1, 1 ], [ 3, 1, 3, 1, 1, 3, 1, 1, 3, 3, 1, 1, -2, 1, 3, 1, 1 ], 
          [ 3, 1, 3, 3, 1, 3, 1, 1, 3, 3, 1, 3, 1, -2, 3, 3, 3 ], [ 1, 3, 1, 3, 3, 3, 3, 1, 1, 3, 3, 3, 3, 3, -2, 1, 3 ], 
          [ 3, 3, 1, 3, 1, 3, 3, 1, 3, 1, 3, 1, 1, 3, 1, -2, 1 ], [ 3, 3, 1, 1, 1, 1, 3, 3, 3, 1, 1, 1, 1, 3, 3, 1, -2 ] ] ], 
  [ 511, [ [ -2, 3, 1, 3, 3, 1, 1, 3, 1, 3, 1, 3, 3, 3, 3, 3 ], [ 3, -2, 3, 1, 1, 3, 1, 3, 3, 1, 3, 1, 1, 1, 3, 3 ], 
          [ 1, 3, -2, 3, 3, 1, 3, 3, 3, 1, 1, 3, 3, 3, 3, 1 ], [ 3, 1, 3, -2, 1, 1, 1, 3, 1, 1, 3, 1, 1, 3, 3, 3 ], 
          [ 3, 1, 3, 1, -2, 3, 1, 3, 3, 1, 3, 1, 3, 1, 1, 3 ], [ 1, 3, 1, 1, 3, -2, 1, 3, 1, 1, 1, 3, 1, 3, 3, 1 ], 
          [ 1, 1, 3, 1, 1, 1, -2, 3, 1, 3, 3, 1, 3, 3, 1, 3 ], [ 3, 3, 3, 3, 3, 3, 3, -2, 1, 3, 3, 3, 1, 1, 1, 1 ], 
          [ 1, 3, 3, 1, 3, 1, 1, 1, -2, 3, 3, 3, 1, 3, 1, 1 ], [ 3, 1, 1, 1, 1, 1, 3, 3, 3, -2, 1, 3, 1, 1, 3, 1 ], 
          [ 1, 3, 1, 3, 3, 1, 3, 3, 3, 1, -2, 3, 3, 3, 3, 3 ], [ 3, 1, 3, 1, 1, 3, 1, 3, 3, 3, 3, -2, 3, 1, 1, 3 ], 
          [ 3, 1, 3, 1, 3, 1, 3, 1, 1, 1, 3, 3, -2, 1, 3, 1 ], [ 3, 1, 3, 3, 1, 3, 3, 1, 3, 1, 3, 1, 1, -2, 1, 1 ], 
          [ 3, 3, 3, 3, 1, 3, 1, 1, 1, 3, 3, 1, 3, 1, -2, 1 ], [ 3, 3, 1, 3, 3, 1, 3, 1, 1, 1, 3, 3, 1, 1, 1, -2 ] ] ], 
  [ 442, [ [ -2, 3, 1, 3, 3, 1, 1, 3, 1, 3, 1, 3, 3, 3, 1, 1, 3 ], [ 3, -2, 3, 1, 1, 3, 1, 3, 3, 1, 3, 1, 1, 3, 3, 3, 3 ], 
          [ 1, 3, -2, 3, 3, 1, 3, 3, 3, 1, 1, 3, 3, 1, 3, 1, 3 ], [ 3, 1, 3, -2, 1, 1, 1, 3, 1, 1, 3, 1, 1, 1, 3, 1, 1 ], 
          [ 3, 1, 3, 1, -2, 3, 1, 3, 3, 1, 3, 1, 1, 3, 3, 1, 3 ], [ 1, 3, 1, 1, 3, -2, 1, 3, 1, 1, 1, 3, 1, 1, 3, 1, 1 ], 
          [ 1, 1, 3, 1, 1, 1, -2, 3, 1, 3, 3, 1, 1, 3, 3, 1, 3 ], [ 3, 3, 3, 3, 3, 3, 3, -2, 1, 3, 3, 3, 3, 1, 1, 3, 1 ], 
          [ 1, 3, 3, 1, 3, 1, 1, 1, -2, 3, 3, 3, 3, 3, 1, 1, 1 ], [ 3, 1, 1, 1, 1, 1, 3, 3, 3, -2, 1, 3, 1, 1, 3, 3, 1 ], 
          [ 1, 3, 1, 3, 3, 1, 3, 3, 3, 1, -2, 3, 1, 1, 3, 3, 1 ], [ 3, 1, 3, 1, 1, 3, 1, 3, 3, 3, 3, -2, 3, 3, 3, 1, 3 ], 
          [ 3, 1, 3, 1, 1, 1, 1, 3, 3, 1, 1, 3, -2, 1, 3, 3, 1 ], [ 3, 3, 1, 1, 3, 1, 3, 1, 3, 1, 1, 3, 1, -2, 3, 3, 1 ], 
          [ 1, 3, 3, 3, 3, 3, 3, 1, 1, 3, 3, 3, 3, 3, -2, 3, 1 ], [ 1, 3, 1, 1, 1, 1, 1, 3, 1, 3, 3, 1, 3, 3, 3, -2, 3 ], 
          [ 3, 3, 3, 1, 3, 1, 3, 1, 1, 1, 1, 3, 1, 1, 1, 3, -2 ] ] ], 
  [ 494, [ [ -2, 3, 1, 3, 3, 1, 1, 3, 1, 3, 1, 3, 1, 3, 1, 1, 3 ], [ 3, -2, 3, 1, 1, 3, 1, 3, 3, 1, 3, 1, 3, 1, 3, 1, 1 ], 
          [ 1, 3, -2, 3, 3, 1, 3, 3, 3, 1, 1, 3, 1, 3, 3, 1, 3 ], [ 3, 1, 3, -2, 1, 1, 1, 3, 1, 1, 3, 3, 3, 1, 3, 3, 3 ], 
          [ 3, 1, 3, 1, -2, 3, 1, 3, 3, 1, 3, 1, 3, 1, 3, 1, 3 ], [ 1, 3, 1, 1, 3, -2, 1, 3, 1, 1, 1, 3, 3, 1, 1, 1, 3 ], 
          [ 1, 1, 3, 1, 1, 1, -2, 3, 1, 3, 3, 3, 3, 1, 1, 1, 3 ], [ 3, 3, 3, 3, 3, 3, 3, -2, 1, 3, 3, 3, 1, 3, 1, 3, 1 ], 
          [ 1, 3, 3, 1, 3, 1, 1, 1, -2, 3, 3, 3, 3, 3, 1, 3, 3 ], [ 3, 1, 1, 1, 1, 1, 3, 3, 3, -2, 1, 1, 3, 1, 3, 1, 3 ], 
          [ 1, 3, 1, 3, 3, 1, 3, 3, 3, 1, -2, 1, 3, 1, 3, 1, 3 ], [ 3, 1, 3, 3, 1, 3, 3, 3, 3, 1, 1, -2, 3, 1, 3, 1, 1 ], 
          [ 1, 3, 1, 3, 3, 3, 3, 1, 3, 3, 3, 3, -2, 3, 1, 3, 1 ], [ 3, 1, 3, 1, 1, 1, 1, 3, 3, 1, 1, 1, 3, -2, 3, 1, 3 ], 
          [ 1, 3, 3, 3, 3, 1, 1, 1, 1, 3, 3, 3, 1, 3, -2, 3, 1 ], [ 1, 1, 1, 3, 1, 1, 1, 3, 3, 1, 1, 1, 3, 1, 3, -2, 3 ], 
          [ 3, 1, 3, 3, 3, 3, 3, 1, 3, 3, 3, 1, 1, 3, 1, 3, -2 ] ] ], [ 550, [ [ -2, 3, 1, 3, 3, 1, 1, 3, 1, 3, 1, 3, 3, 3, 1, 1 ], 
          [ 3, -2, 3, 1, 1, 3, 1, 3, 3, 1, 3, 1, 3, 3, 1, 3 ], [ 1, 3, -2, 3, 3, 1, 3, 3, 3, 1, 1, 3, 3, 3, 3, 1 ], 
          [ 3, 1, 3, -2, 1, 1, 1, 3, 1, 1, 3, 3, 1, 3, 3, 3 ], [ 3, 1, 3, 1, -2, 3, 1, 3, 3, 1, 3, 1, 3, 1, 1, 3 ], 
          [ 1, 3, 1, 1, 3, -2, 1, 3, 1, 1, 1, 3, 1, 3, 3, 3 ], [ 1, 1, 3, 1, 1, 1, -2, 3, 1, 3, 3, 3, 3, 3, 1, 3 ], 
          [ 3, 3, 3, 3, 3, 3, 3, -2, 1, 3, 3, 3, 1, 1, 3, 1 ], [ 1, 3, 3, 1, 3, 1, 1, 1, -2, 3, 3, 3, 1, 3, 3, 3 ], 
          [ 3, 1, 1, 1, 1, 1, 3, 3, 3, -2, 1, 1, 3, 3, 3, 3 ], [ 1, 3, 1, 3, 3, 1, 3, 3, 3, 1, -2, 1, 3, 3, 1, 1 ], 
          [ 3, 1, 3, 3, 1, 3, 3, 3, 3, 1, 1, -2, 3, 1, 1, 3 ], [ 3, 3, 3, 1, 3, 1, 3, 1, 1, 3, 3, 3, -2, 1, 3, 3 ], 
          [ 3, 3, 3, 3, 1, 3, 3, 1, 3, 3, 3, 1, 1, -2, 3, 1 ], [ 1, 1, 3, 3, 1, 3, 1, 3, 3, 3, 1, 1, 3, 3, -2, 3 ], 
          [ 1, 3, 1, 3, 3, 3, 3, 1, 3, 3, 1, 3, 3, 1, 3, -2 ] ] ], [ 605, [ [ -2, 3, 1, 3, 3, 1, 1, 3, 1, 3, 1, 3, 3, 3, 1, 1, 3, 3 ], 
          [ 3, -2, 3, 1, 1, 3, 1, 3, 3, 1, 3, 1, 1, 1, 1, 3, 1, 1 ], [ 1, 3, -2, 3, 3, 1, 3, 3, 3, 1, 1, 1, 1, 3, 1, 1, 3, 3 ], 
          [ 3, 1, 3, -2, 1, 1, 1, 3, 1, 1, 3, 1, 1, 3, 3, 3, 1, 1 ], [ 3, 1, 3, 1, -2, 3, 1, 3, 3, 1, 3, 3, 1, 1, 1, 1, 1, 1 ], 
          [ 1, 3, 1, 1, 3, -2, 1, 3, 1, 1, 1, 1, 1, 3, 1, 1, 1, 1 ], [ 1, 1, 3, 1, 1, 1, -2, 3, 1, 3, 3, 3, 1, 1, 1, 1, 1, 1 ], 
          [ 3, 3, 3, 3, 3, 3, 3, -2, 1, 3, 3, 3, 3, 1, 3, 3, 3, 3 ], [ 1, 3, 3, 1, 3, 1, 1, 1, -2, 3, 3, 3, 3, 3, 3, 3, 3, 1 ], 
          [ 3, 1, 1, 1, 1, 1, 3, 3, 3, -2, 1, 1, 1, 3, 1, 3, 1, 1 ], [ 1, 3, 1, 3, 3, 1, 3, 3, 3, 1, -2, 1, 3, 3, 1, 1, 1, 3 ], 
          [ 3, 1, 1, 1, 3, 1, 3, 3, 3, 1, 1, -2, 1, 3, 1, 3, 1, 1 ], [ 3, 1, 1, 1, 1, 1, 1, 3, 3, 1, 3, 1, -2, 1, 1, 1, 1, 1 ], 
          [ 3, 1, 3, 3, 1, 3, 1, 1, 3, 3, 3, 3, 1, -2, 1, 1, 1, 3 ], [ 1, 1, 1, 3, 1, 1, 1, 3, 3, 1, 1, 1, 1, 1, -2, 1, 1, 1 ], 
          [ 1, 3, 1, 3, 1, 1, 1, 3, 3, 3, 1, 3, 1, 1, 1, -2, 1, 3 ], [ 3, 1, 3, 1, 1, 1, 1, 3, 3, 1, 1, 1, 1, 1, 1, 1, -2, 1 ], 
          [ 3, 1, 3, 1, 1, 1, 1, 3, 1, 1, 3, 1, 1, 3, 1, 3, 1, -2 ] ] ], 
  [ 448, [ [ -2, 3, 1, 3, 3, 1, 1, 3, 1, 3, 1, 3, 1, 3, 1, 3, 3 ], [ 3, -2, 3, 1, 1, 3, 1, 3, 3, 1, 3, 1, 3, 1, 3, 1, 1 ], 
          [ 1, 3, -2, 3, 3, 1, 3, 3, 3, 1, 1, 3, 1, 3, 3, 3, 3 ], [ 3, 1, 3, -2, 1, 1, 1, 3, 1, 1, 3, 1, 3, 1, 3, 1, 1 ], 
          [ 3, 1, 3, 1, -2, 3, 1, 3, 3, 1, 3, 1, 3, 1, 3, 1, 1 ], [ 1, 3, 1, 1, 3, -2, 1, 3, 1, 1, 1, 1, 3, 1, 3, 1, 3 ], 
          [ 1, 1, 3, 1, 1, 1, -2, 3, 1, 3, 3, 1, 3, 1, 3, 1, 3 ], [ 3, 3, 3, 3, 3, 3, 3, -2, 1, 3, 3, 3, 3, 3, 1, 3, 1 ], 
          [ 1, 3, 3, 1, 3, 1, 1, 1, -2, 3, 3, 3, 3, 3, 1, 3, 1 ], [ 3, 1, 1, 1, 1, 1, 3, 3, 3, -2, 1, 1, 3, 1, 3, 1, 1 ], 
          [ 1, 3, 1, 3, 3, 1, 3, 3, 3, 1, -2, 1, 1, 1, 3, 3, 3 ], [ 3, 1, 3, 1, 1, 1, 1, 3, 3, 1, 1, -2, 3, 1, 3, 1, 1 ], 
          [ 1, 3, 1, 3, 3, 3, 3, 3, 3, 3, 1, 3, -2, 3, 1, 3, 3 ], [ 3, 1, 3, 1, 1, 1, 1, 3, 3, 1, 1, 1, 3, -2, 3, 1, 3 ], 
          [ 1, 3, 3, 3, 3, 3, 3, 1, 1, 3, 3, 3, 1, 3, -2, 3, 1 ], [ 3, 1, 3, 1, 1, 1, 1, 3, 3, 1, 3, 1, 3, 1, 3, -2, 3 ], 
          [ 3, 1, 3, 1, 1, 3, 3, 1, 1, 1, 3, 1, 3, 3, 1, 3, -2 ] ] ], [ 585, [ [ -2, 3, 1, 3, 3, 1, 1, 3, 1, 3, 1, 1, 1, 3, 1, 1, 1 ], 
          [ 3, -2, 3, 1, 1, 3, 1, 3, 3, 1, 3, 3, 1, 1, 3, 1, 3 ], [ 1, 3, -2, 3, 3, 1, 3, 3, 3, 1, 1, 3, 1, 3, 1, 1, 1 ], 
          [ 3, 1, 3, -2, 1, 1, 1, 3, 1, 1, 3, 3, 1, 1, 3, 1, 1 ], [ 3, 1, 3, 1, -2, 3, 1, 3, 3, 1, 3, 3, 3, 1, 3, 3, 3 ], 
          [ 1, 3, 1, 1, 3, -2, 1, 3, 1, 1, 1, 1, 1, 3, 1, 1, 1 ], [ 1, 1, 3, 1, 1, 1, -2, 3, 1, 3, 3, 1, 1, 3, 3, 1, 1 ], 
          [ 3, 3, 3, 3, 3, 3, 3, -2, 1, 3, 3, 1, 3, 3, 3, 3, 1 ], [ 1, 3, 3, 1, 3, 1, 1, 1, -2, 3, 3, 1, 1, 3, 3, 1, 1 ], 
          [ 3, 1, 1, 1, 1, 1, 3, 3, 3, -2, 1, 3, 3, 1, 3, 1, 3 ], [ 1, 3, 1, 3, 3, 1, 3, 3, 3, 1, -2, 1, 3, 1, 1, 1, 3 ], 
          [ 1, 3, 3, 3, 3, 1, 1, 1, 1, 3, 1, -2, 3, 3, 3, 1, 1 ], [ 1, 1, 1, 1, 3, 1, 1, 3, 1, 3, 3, 3, -2, 3, 1, 1, 1 ], 
          [ 3, 1, 3, 1, 1, 3, 3, 3, 3, 1, 1, 3, 3, -2, 3, 3, 3 ], [ 1, 3, 1, 3, 3, 1, 3, 3, 3, 3, 1, 3, 1, 3, -2, 3, 3 ], 
          [ 1, 1, 1, 1, 3, 1, 1, 3, 1, 1, 1, 1, 1, 3, 3, -2, 1 ], [ 1, 3, 1, 1, 3, 1, 1, 1, 1, 3, 3, 1, 1, 3, 3, 1, -2 ] ] ], 
  [ 509, [ [ -2, 3, 1, 3, 3, 1, 1, 3, 1, 3, 1, 1, 3, 1, 3, 3 ], [ 3, -2, 3, 1, 1, 3, 1, 3, 3, 1, 3, 1, 3, 1, 3, 3 ], 
          [ 1, 3, -2, 3, 3, 1, 3, 3, 3, 1, 1, 1, 1, 1, 1, 1 ], [ 3, 1, 3, -2, 1, 1, 1, 3, 1, 1, 1, 3, 3, 1, 3, 1 ], 
          [ 3, 1, 3, 1, -2, 3, 1, 3, 3, 1, 1, 1, 3, 3, 1, 1 ], [ 1, 3, 1, 1, 3, -2, 1, 3, 1, 1, 1, 3, 1, 1, 3, 1 ], 
          [ 1, 1, 3, 1, 1, 1, -2, 3, 1, 3, 1, 1, 3, 1, 3, 3 ], [ 3, 3, 3, 3, 3, 3, 3, -2, 1, 3, 3, 3, 1, 3, 1, 1 ], 
          [ 1, 3, 3, 1, 3, 1, 1, 1, -2, 3, 1, 3, 1, 3, 3, 1 ], [ 3, 1, 1, 1, 1, 1, 3, 3, 3, -2, 1, 1, 1, 1, 1, 1 ], 
          [ 1, 3, 1, 1, 1, 1, 1, 3, 1, 1, -2, 1, 1, 1, 1, 1 ], [ 1, 1, 1, 3, 1, 3, 1, 3, 3, 1, 1, -2, 3, 1, 1, 3 ], 
          [ 3, 3, 1, 3, 3, 1, 3, 1, 1, 1, 1, 3, -2, 3, 1, 1 ], [ 1, 1, 1, 1, 3, 1, 1, 3, 3, 1, 1, 1, 3, -2, 3, 3 ], 
          [ 3, 3, 1, 3, 1, 3, 3, 1, 3, 1, 1, 1, 1, 3, -2, 1 ], [ 3, 3, 1, 1, 1, 1, 3, 1, 1, 1, 1, 3, 1, 3, 1, -2 ] ] ], 
  [ 516, [ [ -2, 3, 1, 3, 3, 1, 1, 3, 1, 3, 1, 1, 3, 1, 1, 3, 1 ], [ 3, -2, 3, 1, 1, 3, 1, 3, 3, 1, 3, 3, 1, 3, 3, 1, 3 ], 
          [ 1, 3, -2, 3, 3, 1, 3, 3, 3, 1, 1, 1, 3, 1, 3, 3, 1 ], [ 3, 1, 3, -2, 1, 1, 1, 3, 1, 1, 1, 3, 1, 3, 1, 3, 3 ], 
          [ 3, 1, 3, 1, -2, 3, 1, 3, 3, 1, 1, 3, 1, 1, 3, 1, 1 ], [ 1, 3, 1, 1, 3, -2, 1, 3, 1, 1, 1, 1, 3, 1, 1, 3, 1 ], 
          [ 1, 1, 3, 1, 1, 1, -2, 3, 1, 3, 1, 3, 3, 3, 1, 3, 1 ], [ 3, 3, 3, 3, 3, 3, 3, -2, 1, 3, 3, 1, 1, 3, 3, 1, 3 ], 
          [ 1, 3, 3, 1, 3, 1, 1, 1, -2, 3, 1, 3, 3, 3, 1, 3, 3 ], [ 3, 1, 1, 1, 1, 1, 3, 3, 3, -2, 1, 1, 1, 1, 3, 1, 1 ], 
          [ 1, 3, 1, 1, 1, 1, 1, 3, 1, 1, -2, 3, 3, 1, 1, 3, 1 ], [ 1, 3, 1, 3, 3, 1, 3, 1, 3, 1, 3, -2, 1, 1, 3, 1, 1 ], 
          [ 3, 1, 3, 1, 1, 3, 3, 1, 3, 1, 3, 1, -2, 3, 3, 1, 3 ], [ 1, 3, 1, 3, 1, 1, 3, 3, 3, 1, 1, 1, 3, -2, 3, 1, 1 ], 
          [ 1, 3, 3, 1, 3, 1, 1, 3, 1, 3, 1, 3, 3, 3, -2, 3, 1 ], [ 3, 1, 3, 3, 1, 3, 3, 1, 3, 1, 3, 1, 1, 1, 3, -2, 1 ], 
          [ 1, 3, 1, 3, 1, 1, 1, 3, 3, 1, 1, 1, 3, 1, 1, 1, -2 ] ] ], 
  [ 506, [ [ -2, 3, 1, 3, 3, 1, 1, 3, 1, 3, 1, 1, 3, 1, 1, 3, 1 ], [ 3, -2, 3, 1, 1, 3, 1, 3, 3, 1, 3, 3, 1, 3, 3, 1, 3 ], 
          [ 1, 3, -2, 3, 3, 1, 3, 3, 3, 1, 1, 1, 3, 1, 3, 3, 1 ], [ 3, 1, 3, -2, 1, 1, 1, 3, 1, 1, 1, 3, 1, 3, 1, 3, 3 ], 
          [ 3, 1, 3, 1, -2, 3, 1, 3, 3, 1, 1, 3, 1, 1, 3, 1, 3 ], [ 1, 3, 1, 1, 3, -2, 1, 3, 1, 1, 1, 1, 3, 1, 1, 3, 3 ], 
          [ 1, 1, 3, 1, 1, 1, -2, 3, 1, 3, 1, 3, 3, 3, 1, 3, 3 ], [ 3, 3, 3, 3, 3, 3, 3, -2, 1, 3, 3, 1, 1, 3, 3, 1, 3 ], 
          [ 1, 3, 3, 1, 3, 1, 1, 1, -2, 3, 1, 3, 3, 3, 1, 3, 3 ], [ 3, 1, 1, 1, 1, 1, 3, 3, 3, -2, 1, 1, 1, 1, 3, 1, 3 ], 
          [ 1, 3, 1, 1, 1, 1, 1, 3, 1, 1, -2, 3, 3, 1, 1, 3, 1 ], [ 1, 3, 1, 3, 3, 1, 3, 1, 3, 1, 3, -2, 1, 1, 3, 1, 3 ], 
          [ 3, 1, 3, 1, 1, 3, 3, 1, 3, 1, 3, 1, -2, 3, 3, 1, 3 ], [ 1, 3, 1, 3, 1, 1, 3, 3, 3, 1, 1, 1, 3, -2, 3, 1, 1 ], 
          [ 1, 3, 3, 1, 3, 1, 1, 3, 1, 3, 1, 3, 3, 3, -2, 3, 1 ], [ 3, 1, 3, 3, 1, 3, 3, 1, 3, 1, 3, 1, 1, 1, 3, -2, 3 ], 
          [ 1, 3, 1, 3, 3, 3, 3, 3, 3, 3, 1, 3, 3, 1, 1, 3, -2 ] ] ], [ 411, [ [ -2, 3, 1, 3, 3, 1, 1, 3, 1, 3, 1, 1, 3, 1, 1, 3 ], 
          [ 3, -2, 3, 1, 1, 3, 1, 3, 3, 1, 3, 3, 1, 3, 3, 1 ], [ 1, 3, -2, 3, 3, 1, 3, 3, 3, 1, 1, 1, 3, 1, 3, 3 ], 
          [ 3, 1, 3, -2, 1, 1, 1, 3, 1, 1, 1, 3, 1, 3, 1, 1 ], [ 3, 1, 3, 1, -2, 3, 1, 3, 3, 1, 1, 3, 1, 1, 3, 1 ], 
          [ 1, 3, 1, 1, 3, -2, 1, 3, 1, 1, 1, 1, 3, 1, 1, 1 ], [ 1, 1, 3, 1, 1, 1, -2, 3, 1, 3, 1, 3, 3, 3, 1, 1 ], 
          [ 3, 3, 3, 3, 3, 3, 3, -2, 1, 3, 3, 1, 1, 3, 3, 1 ], [ 1, 3, 3, 1, 3, 1, 1, 1, -2, 3, 1, 3, 3, 3, 1, 1 ], 
          [ 3, 1, 1, 1, 1, 1, 3, 3, 3, -2, 1, 1, 1, 1, 3, 1 ], [ 1, 3, 1, 1, 1, 1, 1, 3, 1, 1, -2, 3, 3, 1, 1, 3 ], 
          [ 1, 3, 1, 3, 3, 1, 3, 1, 3, 1, 3, -2, 1, 1, 3, 1 ], [ 3, 1, 3, 1, 1, 3, 3, 1, 3, 1, 3, 1, -2, 3, 3, 1 ], 
          [ 1, 3, 1, 3, 1, 1, 3, 3, 3, 1, 1, 1, 3, -2, 3, 3 ], [ 1, 3, 3, 1, 3, 1, 1, 3, 1, 3, 1, 3, 3, 3, -2, 3 ], 
          [ 3, 1, 3, 1, 1, 1, 1, 1, 1, 1, 3, 1, 1, 3, 3, -2 ] ] ], [ 626, [ [ -2, 3, 1, 3, 3, 1, 1, 3, 1, 3, 1, 3, 1, 3, 1, 3 ], 
          [ 3, -2, 3, 1, 1, 3, 1, 3, 3, 1, 3, 3, 3, 3, 3, 3 ], [ 1, 3, -2, 3, 3, 1, 3, 3, 3, 1, 1, 1, 1, 3, 1, 3 ], 
          [ 3, 1, 3, -2, 1, 1, 1, 3, 1, 1, 1, 3, 3, 1, 3, 1 ], [ 3, 1, 3, 1, -2, 3, 1, 3, 3, 1, 1, 1, 3, 3, 3, 1 ], 
          [ 1, 3, 1, 1, 3, -2, 1, 3, 1, 1, 1, 3, 1, 3, 3, 3 ], [ 1, 1, 3, 1, 1, 1, -2, 3, 1, 3, 1, 3, 3, 3, 3, 3 ], 
          [ 3, 3, 3, 3, 3, 3, 3, -2, 1, 3, 3, 1, 1, 1, 1, 1 ], [ 1, 3, 3, 1, 3, 1, 1, 1, -2, 3, 1, 3, 3, 1, 1, 1 ], 
          [ 3, 1, 1, 1, 1, 1, 3, 3, 3, -2, 1, 1, 1, 3, 3, 1 ], [ 1, 3, 1, 1, 1, 1, 1, 3, 1, 1, -2, 1, 1, 3, 3, 1 ], 
          [ 3, 3, 1, 3, 1, 3, 3, 1, 3, 1, 1, -2, 1, 3, 3, 1 ], [ 1, 3, 1, 3, 3, 1, 3, 1, 3, 1, 1, 1, -2, 3, 3, 3 ], 
          [ 3, 3, 3, 1, 3, 3, 3, 1, 1, 3, 3, 3, 3, -2, 1, 1 ], [ 1, 3, 1, 3, 3, 3, 3, 1, 1, 3, 3, 3, 3, 1, -2, 1 ], 
          [ 3, 3, 3, 1, 1, 3, 3, 1, 1, 1, 1, 1, 3, 1, 1, -2 ] ] ], [ 520, [ [ -2, 3, 1, 3, 3, 1, 1, 3, 1, 3, 3, 1, 1, 1, 3, 3, 1 ], 
          [ 3, -2, 3, 1, 1, 3, 1, 3, 3, 1, 3, 1, 1, 3, 1, 3, 1 ], [ 1, 3, -2, 3, 3, 1, 3, 3, 3, 1, 1, 1, 1, 1, 1, 3, 3 ], 
          [ 3, 1, 3, -2, 1, 1, 1, 3, 1, 1, 3, 1, 3, 3, 3, 1, 1 ], [ 3, 1, 3, 1, -2, 3, 1, 3, 3, 3, 3, 3, 3, 3, 3, 1, 1 ], 
          [ 1, 3, 1, 1, 3, -2, 1, 3, 1, 3, 3, 1, 1, 1, 3, 1, 1 ], [ 1, 1, 3, 1, 1, 1, -2, 3, 1, 3, 3, 1, 1, 3, 3, 3, 1 ], 
          [ 3, 3, 3, 3, 3, 3, 3, -2, 1, 3, 1, 3, 3, 1, 1, 1, 3 ], [ 1, 3, 3, 1, 3, 1, 1, 1, -2, 3, 3, 3, 3, 1, 3, 1, 1 ], 
          [ 3, 1, 1, 1, 3, 3, 3, 3, 3, -2, 1, 1, 1, 3, 1, 3, 3 ], [ 3, 3, 1, 3, 3, 3, 3, 1, 3, 1, -2, 3, 1, 1, 1, 3, 3 ], 
          [ 1, 1, 1, 1, 3, 1, 1, 3, 3, 1, 3, -2, 1, 3, 1, 3, 3 ], [ 1, 1, 1, 3, 3, 1, 1, 3, 3, 1, 1, 1, -2, 1, 1, 3, 1 ], 
          [ 1, 3, 1, 3, 3, 1, 3, 1, 1, 3, 1, 3, 1, -2, 1, 1, 1 ], [ 3, 1, 1, 3, 3, 3, 3, 1, 3, 1, 1, 1, 1, 1, -2, 3, 3 ], 
          [ 3, 3, 3, 1, 1, 1, 3, 1, 1, 3, 3, 3, 3, 1, 3, -2, 1 ], [ 1, 1, 3, 1, 1, 1, 1, 3, 1, 3, 3, 3, 1, 1, 3, 1, -2 ] ] ], 
  [ 523, [ [ -2, 3, 1, 3, 3, 1, 1, 3, 1, 3, 1, 3, 3, 1, 1, 3, 3, 3 ], [ 3, -2, 3, 1, 1, 3, 1, 3, 3, 1, 1, 1, 1, 1, 3, 1, 3, 1 ], 
          [ 1, 3, -2, 3, 3, 1, 3, 3, 3, 1, 3, 1, 3, 3, 1, 3, 3, 3 ], [ 3, 1, 3, -2, 1, 1, 1, 3, 1, 1, 1, 1, 1, 1, 1, 1, 1, 1 ], 
          [ 3, 1, 3, 1, -2, 3, 1, 3, 3, 3, 3, 1, 1, 1, 3, 1, 1, 1 ], [ 1, 3, 1, 1, 3, -2, 1, 3, 1, 1, 1, 1, 3, 1, 1, 3, 3, 3 ], 
          [ 1, 1, 3, 1, 1, 1, -2, 3, 1, 3, 1, 1, 1, 1, 1, 1, 1, 1 ], [ 3, 3, 3, 3, 3, 3, 3, -2, 1, 3, 3, 3, 3, 3, 3, 1, 1, 3 ], 
          [ 1, 3, 3, 1, 3, 1, 1, 1, -2, 3, 1, 3, 3, 1, 1, 3, 1, 3 ], [ 3, 1, 1, 1, 3, 1, 3, 3, 3, -2, 1, 1, 1, 3, 1, 3, 3, 1 ], 
          [ 1, 1, 3, 1, 3, 1, 1, 3, 1, 1, -2, 3, 1, 1, 1, 3, 3, 3 ], [ 3, 1, 1, 1, 1, 1, 1, 3, 3, 1, 3, -2, 1, 3, 1, 1, 1, 1 ], 
          [ 3, 1, 3, 1, 1, 3, 1, 3, 3, 1, 1, 1, -2, 3, 1, 1, 1, 1 ], [ 1, 1, 3, 1, 1, 1, 1, 3, 1, 3, 1, 3, 3, -2, 3, 3, 3, 3 ], 
          [ 1, 3, 1, 1, 3, 1, 1, 3, 1, 1, 1, 1, 1, 3, -2, 3, 1, 1 ], [ 3, 1, 3, 1, 1, 3, 1, 1, 3, 3, 3, 1, 1, 3, 3, -2, 1, 1 ], 
          [ 3, 3, 3, 1, 1, 3, 1, 1, 1, 3, 3, 1, 1, 3, 1, 1, -2, 1 ], [ 3, 1, 3, 1, 1, 3, 1, 3, 3, 1, 3, 1, 1, 3, 1, 1, 1, -2 ] ] ], 
  [ 462, [ [ -2, 3, 1, 3, 3, 1, 1, 3, 1, 3, 1, 1, 1, 3, 3, 1, 1 ], [ 3, -2, 3, 1, 1, 3, 1, 3, 3, 1, 1, 3, 3, 1, 1, 3, 1 ], 
          [ 1, 3, -2, 3, 3, 1, 3, 3, 3, 1, 3, 1, 3, 3, 1, 3, 1 ], [ 3, 1, 3, -2, 1, 1, 1, 3, 1, 1, 1, 3, 1, 1, 1, 3, 3 ], 
          [ 3, 1, 3, 1, -2, 3, 1, 3, 3, 3, 3, 3, 3, 3, 1, 3, 1 ], [ 1, 3, 1, 1, 3, -2, 1, 3, 1, 1, 1, 1, 1, 3, 3, 3, 1 ], 
          [ 1, 1, 3, 1, 1, 1, -2, 3, 1, 3, 1, 1, 1, 3, 3, 3, 1 ], [ 3, 3, 3, 3, 3, 3, 3, -2, 1, 3, 3, 1, 1, 1, 3, 1, 3 ], 
          [ 1, 3, 3, 1, 3, 1, 1, 1, -2, 3, 1, 1, 1, 3, 3, 1, 3 ], [ 3, 1, 1, 1, 3, 1, 3, 3, 3, -2, 1, 3, 3, 1, 1, 3, 3 ], 
          [ 1, 1, 3, 1, 3, 1, 1, 3, 1, 1, -2, 3, 1, 1, 1, 1, 3 ], [ 1, 3, 1, 3, 3, 1, 1, 1, 1, 3, 3, -2, 1, 3, 3, 3, 1 ], 
          [ 1, 3, 3, 1, 3, 1, 1, 1, 1, 3, 1, 1, -2, 1, 3, 1, 3 ], [ 3, 1, 3, 1, 3, 3, 3, 1, 3, 1, 1, 3, 1, -2, 1, 1, 3 ], 
          [ 3, 1, 1, 1, 1, 3, 3, 3, 3, 1, 1, 3, 3, 1, -2, 3, 3 ], [ 1, 3, 3, 3, 3, 3, 3, 1, 1, 3, 1, 3, 1, 1, 3, -2, 3 ], 
          [ 1, 1, 1, 3, 1, 1, 1, 3, 3, 3, 3, 1, 3, 3, 3, 3, -2 ] ] ], [ 514, [ [ -2, 3, 1, 3, 3, 1, 1, 3, 1, 3, 1, 1, 3, 3, 3, 1 ], 
          [ 3, -2, 3, 1, 1, 3, 1, 3, 3, 1, 1, 3, 1, 1, 1, 3 ], [ 1, 3, -2, 3, 3, 1, 3, 3, 3, 1, 3, 1, 3, 1, 1, 3 ], 
          [ 3, 1, 3, -2, 1, 1, 1, 3, 1, 1, 1, 3, 1, 1, 1, 3 ], [ 3, 1, 3, 1, -2, 3, 1, 3, 3, 3, 3, 3, 3, 3, 1, 3 ], 
          [ 1, 3, 1, 1, 3, -2, 1, 3, 1, 1, 1, 1, 3, 1, 1, 3 ], [ 1, 1, 3, 1, 1, 1, -2, 3, 1, 3, 1, 1, 3, 1, 1, 1 ], 
          [ 3, 3, 3, 3, 3, 3, 3, -2, 1, 3, 3, 1, 1, 3, 3, 1 ], [ 1, 3, 3, 1, 3, 1, 1, 1, -2, 3, 1, 1, 1, 1, 3, 1 ], 
          [ 3, 1, 1, 1, 3, 1, 3, 3, 3, -2, 1, 3, 1, 1, 1, 3 ], [ 1, 1, 3, 1, 3, 1, 1, 3, 1, 1, -2, 3, 1, 1, 3, 3 ], 
          [ 1, 3, 1, 3, 3, 1, 1, 1, 1, 3, 3, -2, 3, 1, 1, 1 ], [ 3, 1, 3, 1, 3, 3, 3, 1, 1, 1, 1, 3, -2, 1, 3, 3 ], 
          [ 3, 1, 1, 1, 3, 1, 1, 3, 1, 1, 1, 1, 1, -2, 1, 3 ], [ 3, 1, 1, 1, 1, 1, 1, 3, 3, 1, 3, 1, 3, 1, -2, 3 ], 
          [ 1, 3, 3, 3, 3, 3, 1, 1, 1, 3, 3, 1, 3, 3, 3, -2 ] ] ] ];
