randomPro20260923124808:=[ [ 433, [ [ -2, 3, 3, 1, 1, 3, 3, 1, 3, 3, 3, 1, 3, 3, 1, 3 ], [ 3, -2, 3, 3, 3, 1, 3, 3, 3, 3, 1, 1, 1, 1, 1, 1 ], 
          [ 3, 3, -2, 3, 3, 3, 1, 3, 3, 1, 1, 3, 1, 3, 1, 1 ], [ 1, 3, 3, -2, 1, 3, 1, 1, 1, 3, 3, 1, 3, 3, 3, 3 ], 
          [ 1, 3, 3, 1, -2, 3, 1, 3, 1, 3, 3, 1, 3, 1, 3, 3 ], [ 3, 1, 3, 3, 3, -2, 3, 1, 3, 1, 1, 1, 3, 1, 3, 1 ], 
          [ 3, 3, 1, 1, 1, 3, -2, 3, 1, 3, 1, 1, 3, 3, 3, 3 ], [ 1, 3, 3, 1, 3, 1, 3, -2, 3, 1, 3, 1, 3, 3, 3, 3 ], 
          [ 3, 3, 3, 1, 1, 3, 1, 3, -2, 1, 3, 3, 1, 1, 3, 3 ], [ 3, 3, 1, 3, 3, 1, 3, 1, 1, -2, 3, 3, 1, 1, 3, 1 ], 
          [ 3, 1, 1, 3, 3, 1, 1, 3, 3, 3, -2, 1, 1, 3, 1, 1 ], [ 1, 1, 3, 1, 1, 1, 1, 1, 3, 3, 1, -2, 3, 3, 3, 3 ], 
          [ 3, 1, 1, 3, 3, 3, 3, 3, 1, 1, 1, 3, -2, 1, 1, 1 ], [ 3, 1, 3, 3, 1, 1, 3, 3, 1, 1, 3, 3, 1, -2, 3, 1 ], 
          [ 1, 1, 1, 3, 3, 3, 3, 3, 3, 3, 1, 3, 1, 3, -2, 1 ], [ 3, 1, 1, 3, 3, 1, 3, 3, 3, 1, 1, 3, 1, 1, 1, -2 ] ] ], 
  [ 359, [ [ -2, 3, 3, 1, 1, 3, 3, 1, 3, 3, 3, 1, 1, 1, 3, 1 ], [ 3, -2, 3, 3, 3, 1, 3, 3, 3, 3, 1, 1, 3, 3, 1, 3 ], 
          [ 3, 3, -2, 3, 3, 3, 1, 3, 3, 1, 1, 3, 3, 1, 1, 1 ], [ 1, 3, 3, -2, 1, 3, 1, 1, 1, 3, 3, 1, 1, 1, 3, 3 ], 
          [ 1, 3, 3, 1, -2, 3, 1, 3, 1, 3, 3, 1, 1, 3, 3, 3 ], [ 3, 1, 3, 3, 3, -2, 3, 1, 3, 1, 1, 1, 1, 3, 1, 3 ], 
          [ 3, 3, 1, 1, 1, 3, -2, 3, 1, 3, 1, 1, 1, 1, 3, 3 ], [ 1, 3, 3, 1, 3, 1, 3, -2, 3, 1, 3, 1, 1, 1, 3, 1 ], 
          [ 3, 3, 3, 1, 1, 3, 1, 3, -2, 1, 3, 3, 3, 3, 3, 3 ], [ 3, 3, 1, 3, 3, 1, 3, 1, 1, -2, 3, 3, 3, 3, 1, 1 ], 
          [ 3, 1, 1, 3, 3, 1, 1, 3, 3, 3, -2, 1, 1, 1, 3, 3 ], [ 1, 1, 3, 1, 1, 1, 1, 1, 3, 3, 1, -2, 1, 1, 3, 3 ], 
          [ 1, 3, 3, 1, 1, 1, 1, 1, 3, 3, 1, 1, -2, 1, 3, 3 ], [ 1, 3, 1, 1, 3, 3, 1, 1, 3, 3, 1, 1, 1, -2, 3, 1 ], 
          [ 3, 1, 1, 3, 3, 1, 3, 3, 3, 1, 3, 3, 3, 3, -2, 1 ], [ 1, 3, 1, 3, 3, 3, 3, 1, 3, 1, 3, 3, 3, 1, 1, -2 ] ] ], 
  [ 383, [ [ -2, 3, 3, 1, 1, 3, 3, 1, 3, 3, 3, 1, 1, 1, 3, 1, 3 ], [ 3, -2, 3, 3, 3, 1, 3, 3, 3, 3, 1, 1, 3, 3, 3, 3, 1 ], 
          [ 3, 3, -2, 3, 3, 3, 1, 3, 3, 1, 1, 3, 3, 1, 1, 3, 3 ], [ 1, 3, 3, -2, 1, 3, 1, 1, 1, 3, 3, 1, 1, 1, 3, 1, 1 ], 
          [ 1, 3, 3, 1, -2, 3, 1, 3, 1, 3, 3, 1, 1, 3, 1, 1, 1 ], [ 3, 1, 3, 3, 3, -2, 3, 1, 3, 1, 1, 1, 1, 3, 3, 3, 1 ], 
          [ 3, 3, 1, 1, 1, 3, -2, 3, 1, 3, 1, 1, 1, 1, 1, 1, 1 ], [ 1, 3, 3, 1, 3, 1, 3, -2, 3, 1, 3, 1, 1, 1, 3, 1, 3 ], 
          [ 3, 3, 3, 1, 1, 3, 1, 3, -2, 1, 3, 3, 3, 3, 1, 1, 1 ], [ 3, 3, 1, 3, 3, 1, 3, 1, 1, -2, 3, 3, 3, 3, 1, 3, 3 ], 
          [ 3, 1, 1, 3, 3, 1, 1, 3, 3, 3, -2, 1, 1, 1, 3, 1, 1 ], [ 1, 1, 3, 1, 1, 1, 1, 1, 3, 3, 1, -2, 1, 1, 3, 1, 1 ], 
          [ 1, 3, 3, 1, 1, 1, 1, 1, 3, 3, 1, 1, -2, 1, 3, 1, 1 ], [ 1, 3, 1, 1, 3, 3, 1, 1, 3, 3, 1, 1, 1, -2, 3, 1, 3 ], 
          [ 3, 3, 1, 3, 1, 3, 1, 3, 1, 1, 3, 3, 3, 3, -2, 3, 3 ], [ 1, 3, 3, 1, 1, 3, 1, 1, 1, 3, 1, 1, 1, 1, 3, -2, 1 ], 
          [ 3, 1, 3, 1, 1, 1, 1, 3, 1, 3, 1, 1, 1, 3, 3, 1, -2 ] ] ], [ 343, [ [ -2, 3, 3, 1, 1, 3, 3, 1, 3, 3, 3, 1, 1, 3, 3 ], 
          [ 3, -2, 3, 3, 3, 1, 3, 3, 3, 3, 1, 1, 3, 1, 1 ], [ 3, 3, -2, 3, 3, 3, 1, 3, 3, 1, 1, 3, 3, 3, 3 ], 
          [ 1, 3, 3, -2, 1, 3, 1, 1, 1, 3, 3, 1, 1, 1, 3 ], [ 1, 3, 3, 1, -2, 3, 1, 3, 1, 3, 3, 1, 1, 1, 3 ], 
          [ 3, 1, 3, 3, 3, -2, 3, 1, 3, 1, 1, 1, 1, 3, 1 ], [ 3, 3, 1, 1, 1, 3, -2, 3, 1, 3, 1, 1, 1, 3, 3 ], 
          [ 1, 3, 3, 1, 3, 1, 3, -2, 3, 1, 3, 1, 1, 3, 3 ], [ 3, 3, 3, 1, 1, 3, 1, 3, -2, 1, 3, 3, 3, 1, 1 ], 
          [ 3, 3, 1, 3, 3, 1, 3, 1, 1, -2, 3, 3, 3, 3, 1 ], [ 3, 1, 1, 3, 3, 1, 1, 3, 3, 3, -2, 1, 1, 3, 3 ], 
          [ 1, 1, 3, 1, 1, 1, 1, 1, 3, 3, 1, -2, 1, 3, 3 ], [ 1, 3, 3, 1, 1, 1, 1, 1, 3, 3, 1, 1, -2, 3, 3 ], 
          [ 3, 1, 3, 1, 1, 3, 3, 3, 1, 3, 3, 3, 3, -2, 1 ], [ 3, 1, 3, 3, 3, 1, 3, 3, 1, 1, 3, 3, 3, 1, -2 ] ] ], 
  [ 305, [ [ -2, 3, 3, 1, 1, 3, 3, 1, 3, 3, 3, 1, 1, 1, 1, 3 ], [ 3, -2, 3, 3, 3, 1, 3, 3, 3, 3, 1, 1, 3, 1, 1, 1 ], 
          [ 3, 3, -2, 3, 3, 3, 1, 3, 3, 1, 1, 3, 3, 1, 3, 1 ], [ 1, 3, 3, -2, 1, 3, 1, 1, 1, 3, 3, 1, 1, 3, 3, 3 ], 
          [ 1, 3, 3, 1, -2, 3, 1, 3, 1, 3, 3, 1, 1, 3, 1, 3 ], [ 3, 1, 3, 3, 3, -2, 3, 1, 3, 1, 1, 1, 1, 3, 1, 1 ], 
          [ 3, 3, 1, 1, 1, 3, -2, 3, 1, 3, 1, 1, 1, 3, 3, 3 ], [ 1, 3, 3, 1, 3, 1, 3, -2, 3, 1, 3, 1, 1, 3, 3, 3 ], 
          [ 3, 3, 3, 1, 1, 3, 1, 3, -2, 1, 3, 3, 3, 3, 3, 3 ], [ 3, 3, 1, 3, 3, 1, 3, 1, 1, -2, 3, 3, 3, 3, 3, 1 ], 
          [ 3, 1, 1, 3, 3, 1, 1, 3, 3, 3, -2, 1, 3, 1, 1, 1 ], [ 1, 1, 3, 1, 1, 1, 1, 1, 3, 3, 1, -2, 1, 3, 1, 3 ], 
          [ 1, 3, 3, 1, 1, 1, 1, 1, 3, 3, 3, 1, -2, 3, 1, 3 ], [ 1, 1, 1, 3, 3, 3, 3, 3, 3, 3, 1, 3, 3, -2, 1, 1 ], 
          [ 1, 1, 3, 3, 1, 1, 3, 3, 3, 3, 1, 1, 1, 1, -2, 1 ], [ 3, 1, 1, 3, 3, 1, 3, 3, 3, 1, 1, 3, 3, 1, 1, -2 ] ] ], 
  [ 617, [ [ -2, 3, 3, 1, 1, 3, 3, 1, 3, 3, 3, 1, 1, 1, 1, 3, 1 ], [ 3, -2, 3, 3, 3, 1, 3, 3, 3, 3, 1, 1, 3, 1, 1, 1, 1 ], 
          [ 3, 3, -2, 3, 3, 3, 1, 3, 3, 1, 1, 3, 3, 1, 3, 1, 3 ], [ 1, 3, 3, -2, 1, 3, 1, 1, 1, 3, 3, 1, 1, 3, 3, 3, 1 ], 
          [ 1, 3, 3, 1, -2, 3, 1, 3, 1, 3, 3, 1, 1, 3, 1, 3, 3 ], [ 3, 1, 3, 3, 3, -2, 3, 1, 3, 1, 1, 1, 1, 3, 1, 1, 1 ], 
          [ 3, 3, 1, 1, 1, 3, -2, 3, 1, 3, 1, 1, 1, 3, 3, 3, 3 ], [ 1, 3, 3, 1, 3, 1, 3, -2, 3, 1, 3, 1, 1, 3, 3, 3, 1 ], 
          [ 3, 3, 3, 1, 1, 3, 1, 3, -2, 1, 3, 3, 3, 3, 3, 3, 3 ], [ 3, 3, 1, 3, 3, 1, 3, 1, 1, -2, 3, 3, 3, 3, 3, 1, 3 ], 
          [ 3, 1, 1, 3, 3, 1, 1, 3, 3, 3, -2, 1, 3, 1, 1, 1, 1 ], [ 1, 1, 3, 1, 1, 1, 1, 1, 3, 3, 1, -2, 1, 3, 1, 3, 1 ], 
          [ 1, 3, 3, 1, 1, 1, 1, 1, 3, 3, 3, 1, -2, 3, 1, 3, 1 ], [ 1, 1, 1, 3, 3, 3, 3, 3, 3, 3, 1, 3, 3, -2, 1, 1, 1 ], 
          [ 1, 1, 3, 3, 1, 1, 3, 3, 3, 3, 1, 1, 1, 1, -2, 1, 1 ], [ 3, 1, 1, 3, 3, 1, 3, 3, 3, 1, 1, 3, 3, 1, 1, -2, 3 ], 
          [ 1, 1, 3, 1, 3, 1, 3, 1, 3, 3, 1, 1, 1, 1, 1, 3, -2 ] ] ], [ 617, [ [ -2, 3, 3, 1, 1, 3, 3, 1, 3, 3, 3, 1, 1, 1, 1, 3, 3 ], 
          [ 3, -2, 3, 3, 3, 1, 3, 3, 3, 3, 1, 1, 3, 1, 1, 1, 3 ], [ 3, 3, -2, 3, 3, 3, 1, 3, 3, 1, 1, 3, 3, 1, 3, 1, 1 ], 
          [ 1, 3, 3, -2, 1, 3, 1, 1, 1, 3, 3, 1, 1, 3, 3, 3, 3 ], [ 1, 3, 3, 1, -2, 3, 1, 3, 1, 3, 3, 1, 1, 3, 1, 3, 1 ], 
          [ 3, 1, 3, 3, 3, -2, 3, 1, 3, 1, 1, 1, 1, 3, 1, 1, 3 ], [ 3, 3, 1, 1, 1, 3, -2, 3, 1, 3, 1, 1, 1, 3, 3, 3, 1 ], 
          [ 1, 3, 3, 1, 3, 1, 3, -2, 3, 1, 3, 1, 1, 3, 3, 3, 3 ], [ 3, 3, 3, 1, 1, 3, 1, 3, -2, 1, 3, 3, 3, 3, 3, 3, 1 ], 
          [ 3, 3, 1, 3, 3, 1, 3, 1, 1, -2, 3, 3, 3, 3, 3, 1, 1 ], [ 3, 1, 1, 3, 3, 1, 1, 3, 3, 3, -2, 1, 3, 1, 1, 1, 3 ], 
          [ 1, 1, 3, 1, 1, 1, 1, 1, 3, 3, 1, -2, 1, 3, 1, 3, 3 ], [ 1, 3, 3, 1, 1, 1, 1, 1, 3, 3, 3, 1, -2, 3, 1, 3, 3 ], 
          [ 1, 1, 1, 3, 3, 3, 3, 3, 3, 3, 1, 3, 3, -2, 1, 1, 3 ], [ 1, 1, 3, 3, 1, 1, 3, 3, 3, 3, 1, 1, 1, 1, -2, 1, 3 ], 
          [ 3, 1, 1, 3, 3, 1, 3, 3, 3, 1, 1, 3, 3, 1, 1, -2, 1 ], [ 3, 3, 1, 3, 1, 3, 1, 3, 1, 1, 3, 3, 3, 3, 3, 1, -2 ] ] ], 
  [ 301, [ [ -2, 3, 3, 1, 1, 3, 3, 1, 3, 3, 3, 1, 3, 1, 1, 3 ], [ 3, -2, 3, 3, 3, 1, 3, 3, 3, 3, 1, 1, 3, 1, 3, 1 ], 
          [ 3, 3, -2, 3, 3, 3, 1, 3, 3, 1, 1, 3, 1, 1, 3, 1 ], [ 1, 3, 3, -2, 1, 3, 1, 1, 1, 3, 3, 1, 3, 3, 1, 3 ], 
          [ 1, 3, 3, 1, -2, 3, 1, 3, 1, 3, 3, 1, 1, 3, 3, 3 ], [ 3, 1, 3, 3, 3, -2, 3, 1, 3, 1, 1, 1, 3, 3, 1, 3 ], 
          [ 3, 3, 1, 1, 1, 3, -2, 3, 1, 3, 1, 1, 1, 1, 3, 1 ], [ 1, 3, 3, 1, 3, 1, 3, -2, 3, 1, 3, 1, 3, 3, 1, 3 ], 
          [ 3, 3, 3, 1, 1, 3, 1, 3, -2, 1, 3, 3, 1, 3, 1, 3 ], [ 3, 3, 1, 3, 3, 1, 3, 1, 1, -2, 3, 3, 1, 3, 1, 3 ], 
          [ 3, 1, 1, 3, 3, 1, 1, 3, 3, 3, -2, 1, 3, 1, 3, 1 ], [ 1, 1, 3, 1, 1, 1, 1, 1, 3, 3, 1, -2, 3, 1, 3, 3 ], 
          [ 3, 3, 1, 3, 1, 3, 1, 3, 1, 1, 3, 3, -2, 3, 3, 1 ], [ 1, 1, 1, 3, 3, 3, 1, 3, 3, 3, 1, 1, 3, -2, 3, 1 ], 
          [ 1, 3, 3, 1, 3, 1, 3, 1, 1, 1, 3, 3, 3, 3, -2, 3 ], [ 3, 1, 1, 3, 3, 3, 1, 3, 3, 3, 1, 3, 1, 1, 3, -2 ] ] ], 
  [ 313, [ [ -2, 3, 3, 1, 1, 3, 3, 1, 3, 3, 3, 1, 3, 1, 1 ], [ 3, -2, 3, 3, 3, 1, 3, 3, 3, 3, 1, 1, 3, 1, 1 ], 
          [ 3, 3, -2, 3, 3, 3, 1, 3, 3, 1, 1, 3, 1, 1, 3 ], [ 1, 3, 3, -2, 1, 3, 1, 1, 1, 3, 3, 1, 3, 3, 1 ], 
          [ 1, 3, 3, 1, -2, 3, 1, 3, 1, 3, 3, 1, 1, 3, 3 ], [ 3, 1, 3, 3, 3, -2, 3, 1, 3, 1, 1, 1, 3, 3, 3 ], 
          [ 3, 3, 1, 1, 1, 3, -2, 3, 1, 3, 1, 1, 1, 1, 3 ], [ 1, 3, 3, 1, 3, 1, 3, -2, 3, 1, 3, 1, 3, 3, 3 ], 
          [ 3, 3, 3, 1, 1, 3, 1, 3, -2, 1, 3, 3, 1, 3, 1 ], [ 3, 3, 1, 3, 3, 1, 3, 1, 1, -2, 3, 3, 1, 3, 3 ], 
          [ 3, 1, 1, 3, 3, 1, 1, 3, 3, 3, -2, 1, 3, 1, 3 ], [ 1, 1, 3, 1, 1, 1, 1, 1, 3, 3, 1, -2, 3, 1, 3 ], 
          [ 3, 3, 1, 3, 1, 3, 1, 3, 1, 1, 3, 3, -2, 3, 3 ], [ 1, 1, 1, 3, 3, 3, 1, 3, 3, 3, 1, 1, 3, -2, 1 ], 
          [ 1, 1, 3, 1, 3, 3, 3, 3, 1, 3, 3, 3, 3, 1, -2 ] ] ], [ 301, [ [ -2, 3, 3, 1, 1, 3, 3, 1, 3, 3, 3, 1, 3, 1, 1, 3 ], 
          [ 3, -2, 3, 3, 3, 1, 3, 3, 3, 3, 1, 1, 3, 1, 3, 1 ], [ 3, 3, -2, 3, 3, 3, 1, 3, 3, 1, 1, 3, 1, 1, 3, 1 ], 
          [ 1, 3, 3, -2, 1, 3, 1, 1, 1, 3, 3, 1, 3, 3, 1, 3 ], [ 1, 3, 3, 1, -2, 3, 1, 3, 1, 3, 3, 1, 1, 3, 3, 3 ], 
          [ 3, 1, 3, 3, 3, -2, 3, 1, 3, 1, 1, 1, 3, 3, 1, 3 ], [ 3, 3, 1, 1, 1, 3, -2, 3, 1, 3, 1, 1, 1, 1, 3, 1 ], 
          [ 1, 3, 3, 1, 3, 1, 3, -2, 3, 1, 3, 1, 3, 3, 1, 3 ], [ 3, 3, 3, 1, 1, 3, 1, 3, -2, 1, 3, 3, 1, 3, 1, 3 ], 
          [ 3, 3, 1, 3, 3, 1, 3, 1, 1, -2, 3, 3, 1, 3, 1, 3 ], [ 3, 1, 1, 3, 3, 1, 1, 3, 3, 3, -2, 1, 3, 1, 3, 1 ], 
          [ 1, 1, 3, 1, 1, 1, 1, 1, 3, 3, 1, -2, 3, 1, 3, 3 ], [ 3, 3, 1, 3, 1, 3, 1, 3, 1, 1, 3, 3, -2, 3, 3, 1 ], 
          [ 1, 1, 1, 3, 3, 3, 1, 3, 3, 3, 1, 1, 3, -2, 3, 1 ], [ 1, 3, 3, 1, 3, 1, 3, 1, 1, 1, 3, 3, 3, 3, -2, 3 ], 
          [ 3, 1, 1, 3, 3, 3, 1, 3, 3, 3, 1, 3, 1, 1, 3, -2 ] ] ], [ 317, [ [ -2, 3, 3, 1, 1, 3, 3, 1, 3, 3, 3, 1, 3, 1, 1, 1 ], 
          [ 3, -2, 3, 3, 3, 1, 3, 3, 3, 3, 1, 1, 3, 1, 3, 1 ], [ 3, 3, -2, 3, 3, 3, 1, 3, 3, 1, 1, 3, 1, 1, 3, 3 ], 
          [ 1, 3, 3, -2, 1, 3, 1, 1, 1, 3, 3, 1, 3, 3, 1, 3 ], [ 1, 3, 3, 1, -2, 3, 1, 3, 1, 3, 3, 1, 1, 3, 3, 1 ], 
          [ 3, 1, 3, 3, 3, -2, 3, 1, 3, 1, 1, 1, 3, 3, 1, 1 ], [ 3, 3, 1, 1, 1, 3, -2, 3, 1, 3, 1, 1, 1, 1, 3, 3 ], 
          [ 1, 3, 3, 1, 3, 1, 3, -2, 3, 1, 3, 1, 3, 3, 1, 3 ], [ 3, 3, 3, 1, 1, 3, 1, 3, -2, 1, 3, 3, 1, 3, 1, 3 ], 
          [ 3, 3, 1, 3, 3, 1, 3, 1, 1, -2, 3, 3, 1, 3, 1, 3 ], [ 3, 1, 1, 3, 3, 1, 1, 3, 3, 3, -2, 1, 3, 1, 3, 1 ], 
          [ 1, 1, 3, 1, 1, 1, 1, 1, 3, 3, 1, -2, 3, 1, 3, 1 ], [ 3, 3, 1, 3, 1, 3, 1, 3, 1, 1, 3, 3, -2, 3, 3, 3 ], 
          [ 1, 1, 1, 3, 3, 3, 1, 3, 3, 3, 1, 1, 3, -2, 3, 1 ], [ 1, 3, 3, 1, 3, 1, 3, 1, 1, 1, 3, 3, 3, 3, -2, 3 ], 
          [ 1, 1, 3, 3, 1, 1, 3, 3, 3, 3, 1, 1, 3, 1, 3, -2 ] ] ], [ 341, [ [ -2, 3, 3, 1, 1, 3, 3, 1, 3, 3, 3, 1, 3, 1, 3, 1 ], 
          [ 3, -2, 3, 3, 3, 1, 3, 3, 3, 3, 1, 1, 1, 1, 3, 1 ], [ 3, 3, -2, 3, 3, 3, 1, 3, 3, 1, 1, 3, 3, 3, 1, 3 ], 
          [ 1, 3, 3, -2, 1, 3, 1, 1, 1, 3, 3, 1, 3, 3, 1, 1 ], [ 1, 3, 3, 1, -2, 3, 1, 3, 1, 3, 3, 1, 1, 3, 1, 1 ], 
          [ 3, 1, 3, 3, 3, -2, 3, 1, 3, 1, 1, 1, 1, 1, 3, 3 ], [ 3, 3, 1, 1, 1, 3, -2, 3, 1, 3, 1, 1, 1, 3, 1, 3 ], 
          [ 1, 3, 3, 1, 3, 1, 3, -2, 3, 1, 3, 1, 3, 1, 3, 1 ], [ 3, 3, 3, 1, 1, 3, 1, 3, -2, 1, 3, 3, 1, 3, 1, 3 ], 
          [ 3, 3, 1, 3, 3, 1, 3, 1, 1, -2, 3, 3, 3, 3, 3, 3 ], [ 3, 1, 1, 3, 3, 1, 1, 3, 3, 3, -2, 1, 1, 1, 1, 3 ], 
          [ 1, 1, 3, 1, 1, 1, 1, 1, 3, 3, 1, -2, 1, 1, 3, 1 ], [ 3, 1, 3, 3, 1, 1, 1, 3, 1, 3, 1, 1, -2, 1, 1, 3 ], 
          [ 1, 1, 3, 3, 3, 1, 3, 1, 3, 3, 1, 1, 1, -2, 3, 1 ], [ 3, 3, 1, 1, 1, 3, 1, 3, 1, 3, 1, 3, 1, 3, -2, 3 ], 
          [ 1, 1, 3, 1, 1, 3, 3, 1, 3, 3, 3, 1, 3, 1, 3, -2 ] ] ], [ 384, [ [ -2, 3, 3, 1, 1, 3, 3, 1, 3, 3, 3, 1, 3, 1, 3, 1 ], 
          [ 3, -2, 3, 3, 3, 1, 3, 3, 3, 3, 1, 1, 1, 1, 3, 3 ], [ 3, 3, -2, 3, 3, 3, 1, 3, 3, 1, 1, 3, 3, 3, 1, 3 ], 
          [ 1, 3, 3, -2, 1, 3, 1, 1, 1, 3, 3, 1, 3, 3, 1, 1 ], [ 1, 3, 3, 1, -2, 3, 1, 3, 1, 3, 3, 1, 1, 3, 1, 1 ], 
          [ 3, 1, 3, 3, 3, -2, 3, 1, 3, 1, 1, 1, 1, 1, 3, 3 ], [ 3, 3, 1, 1, 1, 3, -2, 3, 1, 3, 1, 1, 1, 3, 1, 1 ], 
          [ 1, 3, 3, 1, 3, 1, 3, -2, 3, 1, 3, 1, 3, 1, 3, 1 ], [ 3, 3, 3, 1, 1, 3, 1, 3, -2, 1, 3, 3, 1, 3, 1, 1 ], 
          [ 3, 3, 1, 3, 3, 1, 3, 1, 1, -2, 3, 3, 3, 3, 3, 3 ], [ 3, 1, 1, 3, 3, 1, 1, 3, 3, 3, -2, 1, 1, 1, 1, 3 ], 
          [ 1, 1, 3, 1, 1, 1, 1, 1, 3, 3, 1, -2, 1, 1, 3, 1 ], [ 3, 1, 3, 3, 1, 1, 1, 3, 1, 3, 1, 1, -2, 1, 1, 1 ], 
          [ 1, 1, 3, 3, 3, 1, 3, 1, 3, 3, 1, 1, 1, -2, 3, 1 ], [ 3, 3, 1, 1, 1, 3, 1, 3, 1, 3, 1, 3, 1, 3, -2, 1 ], 
          [ 1, 3, 3, 1, 1, 3, 1, 1, 1, 3, 3, 1, 1, 1, 1, -2 ] ] ], [ 384, [ [ -2, 3, 3, 1, 1, 3, 3, 1, 3, 3, 3, 1, 3, 1, 3, 1 ], 
          [ 3, -2, 3, 3, 3, 1, 3, 3, 3, 3, 1, 1, 1, 1, 3, 3 ], [ 3, 3, -2, 3, 3, 3, 1, 3, 3, 1, 1, 3, 3, 3, 1, 3 ], 
          [ 1, 3, 3, -2, 1, 3, 1, 1, 1, 3, 3, 1, 3, 3, 1, 1 ], [ 1, 3, 3, 1, -2, 3, 1, 3, 1, 3, 3, 1, 1, 3, 1, 1 ], 
          [ 3, 1, 3, 3, 3, -2, 3, 1, 3, 1, 1, 1, 1, 1, 3, 3 ], [ 3, 3, 1, 1, 1, 3, -2, 3, 1, 3, 1, 1, 1, 3, 1, 1 ], 
          [ 1, 3, 3, 1, 3, 1, 3, -2, 3, 1, 3, 1, 3, 1, 3, 1 ], [ 3, 3, 3, 1, 1, 3, 1, 3, -2, 1, 3, 3, 1, 3, 1, 1 ], 
          [ 3, 3, 1, 3, 3, 1, 3, 1, 1, -2, 3, 3, 3, 3, 3, 3 ], [ 3, 1, 1, 3, 3, 1, 1, 3, 3, 3, -2, 1, 1, 1, 1, 3 ], 
          [ 1, 1, 3, 1, 1, 1, 1, 1, 3, 3, 1, -2, 1, 1, 3, 1 ], [ 3, 1, 3, 3, 1, 1, 1, 3, 1, 3, 1, 1, -2, 1, 1, 1 ], 
          [ 1, 1, 3, 3, 3, 1, 3, 1, 3, 3, 1, 1, 1, -2, 3, 1 ], [ 3, 3, 1, 1, 1, 3, 1, 3, 1, 3, 1, 3, 1, 3, -2, 1 ], 
          [ 1, 3, 3, 1, 1, 3, 1, 1, 1, 3, 3, 1, 1, 1, 1, -2 ] ] ], [ 731, [ [ -2, 3, 3, 1, 1, 3, 3, 1, 3, 3, 3, 1, 3, 1, 3, 1, 1 ], 
          [ 3, -2, 3, 3, 3, 1, 3, 3, 3, 3, 1, 1, 1, 1, 3, 3, 3 ], [ 3, 3, -2, 3, 3, 3, 1, 3, 3, 1, 1, 3, 3, 3, 1, 3, 3 ], 
          [ 1, 3, 3, -2, 1, 3, 1, 1, 1, 3, 3, 1, 3, 3, 1, 1, 1 ], [ 1, 3, 3, 1, -2, 3, 1, 3, 1, 3, 3, 1, 1, 3, 1, 1, 1 ], 
          [ 3, 1, 3, 3, 3, -2, 3, 1, 3, 1, 1, 1, 1, 1, 3, 3, 3 ], [ 3, 3, 1, 1, 1, 3, -2, 3, 1, 3, 1, 1, 1, 3, 1, 1, 1 ], 
          [ 1, 3, 3, 1, 3, 1, 3, -2, 3, 1, 3, 1, 3, 1, 3, 1, 1 ], [ 3, 3, 3, 1, 1, 3, 1, 3, -2, 1, 3, 3, 1, 3, 1, 1, 1 ], 
          [ 3, 3, 1, 3, 3, 1, 3, 1, 1, -2, 3, 3, 3, 3, 3, 3, 3 ], [ 3, 1, 1, 3, 3, 1, 1, 3, 3, 3, -2, 1, 1, 1, 1, 3, 1 ], 
          [ 1, 1, 3, 1, 1, 1, 1, 1, 3, 3, 1, -2, 1, 1, 3, 1, 1 ], [ 3, 1, 3, 3, 1, 1, 1, 3, 1, 3, 1, 1, -2, 1, 1, 1, 1 ], 
          [ 1, 1, 3, 3, 3, 1, 3, 1, 3, 3, 1, 1, 1, -2, 3, 1, 1 ], [ 3, 3, 1, 1, 1, 3, 1, 3, 1, 3, 1, 3, 1, 3, -2, 1, 1 ], 
          [ 1, 3, 3, 1, 1, 3, 1, 1, 1, 3, 3, 1, 1, 1, 1, -2, 1 ], [ 1, 3, 3, 1, 1, 3, 1, 1, 1, 3, 1, 1, 1, 1, 1, 1, -2 ] ] ], 
  [ 468, [ [ -2, 3, 3, 1, 1, 3, 3, 1, 3, 3, 3, 1, 3, 1, 3, 1, 1 ], [ 3, -2, 3, 3, 3, 1, 3, 3, 3, 3, 1, 1, 1, 1, 3, 3, 1 ], 
          [ 3, 3, -2, 3, 3, 3, 1, 3, 3, 1, 1, 3, 3, 3, 1, 3, 3 ], [ 1, 3, 3, -2, 1, 3, 1, 1, 1, 3, 3, 1, 3, 3, 1, 1, 3 ], 
          [ 1, 3, 3, 1, -2, 3, 1, 3, 1, 3, 3, 1, 1, 3, 1, 1, 1 ], [ 3, 1, 3, 3, 3, -2, 3, 1, 3, 1, 1, 1, 1, 1, 3, 3, 1 ], 
          [ 3, 3, 1, 1, 1, 3, -2, 3, 1, 3, 1, 1, 1, 3, 1, 1, 3 ], [ 1, 3, 3, 1, 3, 1, 3, -2, 3, 1, 3, 1, 3, 1, 3, 1, 3 ], 
          [ 3, 3, 3, 1, 1, 3, 1, 3, -2, 1, 3, 3, 1, 3, 1, 1, 3 ], [ 3, 3, 1, 3, 3, 1, 3, 1, 1, -2, 3, 3, 3, 3, 3, 3, 3 ], 
          [ 3, 1, 1, 3, 3, 1, 1, 3, 3, 3, -2, 1, 1, 1, 1, 3, 1 ], [ 1, 1, 3, 1, 1, 1, 1, 1, 3, 3, 1, -2, 1, 1, 3, 1, 1 ], 
          [ 3, 1, 3, 3, 1, 1, 1, 3, 1, 3, 1, 1, -2, 1, 1, 1, 1 ], [ 1, 1, 3, 3, 3, 1, 3, 1, 3, 3, 1, 1, 1, -2, 3, 1, 1 ], 
          [ 3, 3, 1, 1, 1, 3, 1, 3, 1, 3, 1, 3, 1, 3, -2, 1, 3 ], [ 1, 3, 3, 1, 1, 3, 1, 1, 1, 3, 3, 1, 1, 1, 1, -2, 3 ], 
          [ 1, 1, 3, 3, 1, 1, 3, 3, 3, 3, 1, 1, 1, 1, 3, 3, -2 ] ] ], 
  [ 556, [ [ -2, 3, 3, 1, 1, 3, 3, 1, 3, 3, 3, 1, 3, 1, 3, 1, 3 ], [ 3, -2, 3, 3, 3, 1, 3, 3, 3, 3, 1, 1, 1, 1, 1, 1, 1 ], 
          [ 3, 3, -2, 3, 3, 3, 1, 3, 3, 1, 1, 3, 3, 3, 1, 3, 1 ], [ 1, 3, 3, -2, 1, 3, 1, 1, 1, 3, 3, 1, 3, 3, 3, 3, 3 ], 
          [ 1, 3, 3, 1, -2, 3, 1, 3, 1, 3, 3, 1, 1, 3, 3, 1, 1 ], [ 3, 1, 3, 3, 3, -2, 3, 1, 3, 1, 1, 1, 1, 1, 3, 1, 3 ], 
          [ 3, 3, 1, 1, 1, 3, -2, 3, 1, 3, 1, 1, 1, 3, 1, 3, 1 ], [ 1, 3, 3, 1, 3, 1, 3, -2, 3, 1, 3, 1, 3, 1, 3, 3, 3 ], 
          [ 3, 3, 3, 1, 1, 3, 1, 3, -2, 1, 3, 3, 1, 3, 3, 3, 3 ], [ 3, 3, 1, 3, 3, 1, 3, 1, 1, -2, 3, 3, 3, 3, 3, 3, 3 ], 
          [ 3, 1, 1, 3, 3, 1, 1, 3, 3, 3, -2, 1, 1, 1, 1, 1, 1 ], [ 1, 1, 3, 1, 1, 1, 1, 1, 3, 3, 1, -2, 1, 1, 3, 1, 1 ], 
          [ 3, 1, 3, 3, 1, 1, 1, 3, 1, 3, 1, 1, -2, 1, 3, 1, 1 ], [ 1, 1, 3, 3, 3, 1, 3, 1, 3, 3, 1, 1, 1, -2, 3, 1, 3 ], 
          [ 3, 1, 1, 3, 3, 3, 1, 3, 3, 3, 1, 3, 3, 3, -2, 3, 1 ], [ 1, 1, 3, 3, 1, 1, 3, 3, 3, 3, 1, 1, 1, 1, 3, -2, 1 ], 
          [ 3, 1, 1, 3, 1, 3, 1, 3, 3, 3, 1, 1, 1, 3, 1, 1, -2 ] ] ], [ 360, [ [ -2, 3, 3, 1, 1, 3, 3, 1, 3, 3, 3, 3, 3, 3, 1, 3 ], 
          [ 3, -2, 3, 3, 3, 1, 3, 3, 3, 3, 1, 1, 1, 1, 3, 1 ], [ 3, 3, -2, 3, 3, 3, 1, 3, 3, 1, 1, 1, 3, 3, 1, 3 ], 
          [ 1, 3, 3, -2, 1, 3, 1, 1, 1, 3, 3, 3, 1, 1, 1, 3 ], [ 1, 3, 3, 1, -2, 3, 1, 3, 1, 3, 3, 3, 1, 1, 3, 1 ], 
          [ 3, 1, 3, 3, 3, -2, 3, 1, 3, 1, 1, 1, 1, 3, 3, 3 ], [ 3, 3, 1, 1, 1, 3, -2, 3, 1, 3, 1, 1, 1, 3, 1, 1 ], 
          [ 1, 3, 3, 1, 3, 1, 3, -2, 3, 1, 3, 3, 3, 3, 1, 3 ], [ 3, 3, 3, 1, 1, 3, 1, 3, -2, 1, 3, 3, 1, 1, 3, 1 ], 
          [ 3, 3, 1, 3, 3, 1, 3, 1, 1, -2, 3, 3, 3, 3, 3, 3 ], [ 3, 1, 1, 3, 3, 1, 1, 3, 3, 3, -2, 1, 1, 3, 3, 1 ], 
          [ 3, 1, 1, 3, 3, 1, 1, 3, 3, 3, 1, -2, 1, 3, 1, 3 ], [ 3, 1, 3, 1, 1, 1, 1, 3, 1, 3, 1, 1, -2, 1, 3, 1 ], 
          [ 3, 1, 3, 1, 1, 3, 3, 3, 1, 3, 3, 3, 1, -2, 3, 1 ], [ 1, 3, 1, 1, 3, 3, 1, 1, 3, 3, 3, 1, 3, 3, -2, 3 ], 
          [ 3, 1, 3, 3, 1, 3, 1, 3, 1, 3, 1, 3, 1, 1, 3, -2 ] ] ], [ 404, [ [ -2, 3, 3, 1, 1, 3, 3, 1, 3, 3, 3, 3, 3, 3, 1, 3 ], 
          [ 3, -2, 3, 3, 3, 1, 3, 3, 3, 3, 1, 1, 1, 1, 3, 3 ], [ 3, 3, -2, 3, 3, 3, 1, 3, 3, 1, 1, 1, 3, 3, 1, 1 ], 
          [ 1, 3, 3, -2, 1, 3, 1, 1, 1, 3, 3, 3, 1, 1, 1, 1 ], [ 1, 3, 3, 1, -2, 3, 1, 3, 1, 3, 3, 3, 1, 1, 3, 1 ], 
          [ 3, 1, 3, 3, 3, -2, 3, 1, 3, 1, 1, 1, 1, 3, 3, 3 ], [ 3, 3, 1, 1, 1, 3, -2, 3, 1, 3, 1, 1, 1, 3, 1, 1 ], 
          [ 1, 3, 3, 1, 3, 1, 3, -2, 3, 1, 3, 3, 3, 3, 1, 3 ], [ 3, 3, 3, 1, 1, 3, 1, 3, -2, 1, 3, 3, 1, 1, 3, 1 ], 
          [ 3, 3, 1, 3, 3, 1, 3, 1, 1, -2, 3, 3, 3, 3, 3, 1 ], [ 3, 1, 1, 3, 3, 1, 1, 3, 3, 3, -2, 1, 1, 3, 3, 3 ], 
          [ 3, 1, 1, 3, 3, 1, 1, 3, 3, 3, 1, -2, 1, 3, 1, 3 ], [ 3, 1, 3, 1, 1, 1, 1, 3, 1, 3, 1, 1, -2, 1, 3, 3 ], 
          [ 3, 1, 3, 1, 1, 3, 3, 3, 1, 3, 3, 3, 1, -2, 3, 1 ], [ 1, 3, 1, 1, 3, 3, 1, 1, 3, 3, 3, 1, 3, 3, -2, 3 ], 
          [ 3, 3, 1, 1, 1, 3, 1, 3, 1, 1, 3, 3, 3, 1, 3, -2 ] ] ], [ 311, [ [ -2, 3, 3, 1, 1, 3, 3, 1, 3, 3, 3, 3, 3, 3, 1, 1 ], 
          [ 3, -2, 3, 3, 3, 1, 3, 3, 3, 3, 1, 1, 1, 1, 3, 3 ], [ 3, 3, -2, 3, 3, 3, 1, 3, 3, 1, 1, 1, 3, 3, 1, 3 ], 
          [ 1, 3, 3, -2, 1, 3, 1, 1, 1, 3, 3, 3, 1, 1, 1, 1 ], [ 1, 3, 3, 1, -2, 3, 1, 3, 1, 3, 3, 3, 1, 1, 3, 3 ], 
          [ 3, 1, 3, 3, 3, -2, 3, 1, 3, 1, 1, 1, 1, 3, 3, 1 ], [ 3, 3, 1, 1, 1, 3, -2, 3, 1, 3, 1, 1, 1, 3, 1, 3 ], 
          [ 1, 3, 3, 1, 3, 1, 3, -2, 3, 1, 3, 3, 3, 3, 1, 1 ], [ 3, 3, 3, 1, 1, 3, 1, 3, -2, 1, 3, 3, 1, 1, 3, 1 ], 
          [ 3, 3, 1, 3, 3, 1, 3, 1, 1, -2, 3, 3, 3, 3, 3, 1 ], [ 3, 1, 1, 3, 3, 1, 1, 3, 3, 3, -2, 1, 1, 3, 3, 3 ], 
          [ 3, 1, 1, 3, 3, 1, 1, 3, 3, 3, 1, -2, 1, 3, 1, 3 ], [ 3, 1, 3, 1, 1, 1, 1, 3, 1, 3, 1, 1, -2, 1, 3, 3 ], 
          [ 3, 1, 3, 1, 1, 3, 3, 3, 1, 3, 3, 3, 1, -2, 3, 3 ], [ 1, 3, 1, 1, 3, 3, 1, 1, 3, 3, 3, 1, 3, 3, -2, 1 ], 
          [ 1, 3, 3, 1, 3, 1, 3, 1, 1, 1, 3, 3, 3, 3, 1, -2 ] ] ], [ 464, [ [ -2, 3, 3, 1, 1, 3, 3, 1, 3, 3, 3, 3, 3, 3, 1, 1 ], 
          [ 3, -2, 3, 3, 3, 1, 3, 3, 3, 3, 1, 1, 1, 1, 3, 3 ], [ 3, 3, -2, 3, 3, 3, 1, 3, 3, 1, 1, 1, 3, 3, 1, 1 ], 
          [ 1, 3, 3, -2, 1, 3, 1, 1, 1, 3, 3, 3, 1, 1, 1, 1 ], [ 1, 3, 3, 1, -2, 3, 1, 3, 1, 3, 3, 3, 1, 1, 3, 1 ], 
          [ 3, 1, 3, 3, 3, -2, 3, 1, 3, 1, 1, 1, 1, 3, 3, 3 ], [ 3, 3, 1, 1, 1, 3, -2, 3, 1, 3, 1, 1, 1, 3, 1, 1 ], 
          [ 1, 3, 3, 1, 3, 1, 3, -2, 3, 1, 3, 3, 3, 3, 1, 1 ], [ 3, 3, 3, 1, 1, 3, 1, 3, -2, 1, 3, 3, 1, 1, 3, 3 ], 
          [ 3, 3, 1, 3, 3, 1, 3, 1, 1, -2, 3, 3, 3, 3, 3, 3 ], [ 3, 1, 1, 3, 3, 1, 1, 3, 3, 3, -2, 1, 1, 3, 3, 1 ], 
          [ 3, 1, 1, 3, 3, 1, 1, 3, 3, 3, 1, -2, 1, 3, 1, 3 ], [ 3, 1, 3, 1, 1, 1, 1, 3, 1, 3, 1, 1, -2, 1, 3, 3 ], 
          [ 3, 1, 3, 1, 1, 3, 3, 3, 1, 3, 3, 3, 1, -2, 3, 3 ], [ 1, 3, 1, 1, 3, 3, 1, 1, 3, 3, 3, 1, 3, 3, -2, 1 ], 
          [ 1, 3, 1, 1, 1, 3, 1, 1, 3, 3, 1, 3, 3, 3, 1, -2 ] ] ], [ 351, [ [ -2, 3, 3, 1, 1, 3, 3, 1, 3, 3, 3, 3, 3, 3, 1, 1 ], 
          [ 3, -2, 3, 3, 3, 1, 3, 3, 3, 3, 1, 1, 1, 1, 3, 3 ], [ 3, 3, -2, 3, 3, 3, 1, 3, 3, 1, 1, 1, 3, 3, 1, 3 ], 
          [ 1, 3, 3, -2, 1, 3, 1, 1, 1, 3, 3, 3, 1, 1, 1, 1 ], [ 1, 3, 3, 1, -2, 3, 1, 3, 1, 3, 3, 3, 1, 1, 3, 1 ], 
          [ 3, 1, 3, 3, 3, -2, 3, 1, 3, 1, 1, 1, 1, 3, 3, 1 ], [ 3, 3, 1, 1, 1, 3, -2, 3, 1, 3, 1, 1, 1, 3, 1, 1 ], 
          [ 1, 3, 3, 1, 3, 1, 3, -2, 3, 1, 3, 3, 3, 3, 1, 1 ], [ 3, 3, 3, 1, 1, 3, 1, 3, -2, 1, 3, 3, 1, 1, 3, 3 ], 
          [ 3, 3, 1, 3, 3, 1, 3, 1, 1, -2, 3, 3, 3, 3, 3, 3 ], [ 3, 1, 1, 3, 3, 1, 1, 3, 3, 3, -2, 1, 1, 3, 3, 3 ], 
          [ 3, 1, 1, 3, 3, 1, 1, 3, 3, 3, 1, -2, 1, 3, 1, 1 ], [ 3, 1, 3, 1, 1, 1, 1, 3, 1, 3, 1, 1, -2, 1, 3, 1 ], 
          [ 3, 1, 3, 1, 1, 3, 3, 3, 1, 3, 3, 3, 1, -2, 3, 3 ], [ 1, 3, 1, 1, 3, 3, 1, 1, 3, 3, 3, 1, 3, 3, -2, 1 ], 
          [ 1, 3, 3, 1, 1, 1, 1, 1, 3, 3, 3, 1, 1, 3, 1, -2 ] ] ], [ 509, [ [ -2, 3, 3, 1, 1, 3, 3, 1, 3, 3, 3, 3, 3, 3, 1, 3 ], 
          [ 3, -2, 3, 3, 3, 1, 3, 3, 3, 3, 1, 1, 1, 1, 3, 1 ], [ 3, 3, -2, 3, 3, 3, 1, 3, 3, 1, 1, 1, 3, 3, 3, 3 ], 
          [ 1, 3, 3, -2, 1, 3, 1, 1, 1, 3, 3, 3, 1, 1, 1, 3 ], [ 1, 3, 3, 1, -2, 3, 1, 3, 1, 3, 3, 3, 1, 1, 1, 1 ], 
          [ 3, 1, 3, 3, 3, -2, 3, 1, 3, 1, 1, 1, 1, 3, 1, 3 ], [ 3, 3, 1, 1, 1, 3, -2, 3, 1, 3, 1, 1, 1, 3, 1, 1 ], 
          [ 1, 3, 3, 1, 3, 1, 3, -2, 3, 1, 3, 3, 3, 3, 1, 3 ], [ 3, 3, 3, 1, 1, 3, 1, 3, -2, 1, 3, 3, 1, 1, 3, 1 ], 
          [ 3, 3, 1, 3, 3, 1, 3, 1, 1, -2, 3, 3, 3, 3, 3, 3 ], [ 3, 1, 1, 3, 3, 1, 1, 3, 3, 3, -2, 1, 1, 3, 3, 1 ], 
          [ 3, 1, 1, 3, 3, 1, 1, 3, 3, 3, 1, -2, 1, 3, 1, 3 ], [ 3, 1, 3, 1, 1, 1, 1, 3, 1, 3, 1, 1, -2, 1, 1, 1 ], 
          [ 3, 1, 3, 1, 1, 3, 3, 3, 1, 3, 3, 3, 1, -2, 3, 1 ], [ 1, 3, 3, 1, 1, 1, 1, 1, 3, 3, 3, 1, 1, 3, -2, 3 ], 
          [ 3, 1, 3, 3, 1, 3, 1, 3, 1, 3, 1, 3, 1, 1, 3, -2 ] ] ], [ 321, [ [ -2, 3, 3, 1, 1, 3, 3, 1, 3, 3, 3, 3, 3, 1, 1, 3, 3 ], 
          [ 3, -2, 3, 3, 3, 1, 3, 3, 3, 3, 1, 1, 1, 3, 3, 3, 1 ], [ 3, 3, -2, 3, 3, 3, 1, 3, 3, 1, 1, 1, 3, 3, 1, 1, 3 ], 
          [ 1, 3, 3, -2, 1, 3, 1, 1, 1, 3, 3, 3, 1, 1, 3, 3, 1 ], [ 1, 3, 3, 1, -2, 3, 1, 3, 1, 3, 3, 3, 1, 3, 1, 1, 3 ], 
          [ 3, 1, 3, 3, 3, -2, 3, 1, 3, 1, 1, 1, 1, 1, 3, 3, 1 ], [ 3, 3, 1, 1, 1, 3, -2, 3, 1, 3, 1, 1, 1, 3, 1, 1, 1 ], 
          [ 1, 3, 3, 1, 3, 1, 3, -2, 3, 1, 3, 3, 3, 1, 3, 3, 3 ], [ 3, 3, 3, 1, 1, 3, 1, 3, -2, 1, 3, 3, 1, 1, 3, 1, 1 ], 
          [ 3, 3, 1, 3, 3, 1, 3, 1, 1, -2, 3, 3, 3, 1, 3, 1, 3 ], [ 3, 1, 1, 3, 3, 1, 1, 3, 3, 3, -2, 1, 1, 3, 1, 3, 1 ], 
          [ 3, 1, 1, 3, 3, 1, 1, 3, 3, 3, 1, -2, 1, 3, 1, 1, 1 ], [ 3, 1, 3, 1, 1, 1, 1, 3, 1, 3, 1, 1, -2, 3, 3, 3, 1 ], 
          [ 1, 3, 3, 1, 3, 1, 3, 1, 1, 1, 3, 3, 3, -2, 3, 3, 1 ], [ 1, 3, 1, 3, 1, 3, 1, 3, 3, 3, 1, 1, 3, 3, -2, 1, 3 ], 
          [ 3, 3, 1, 3, 1, 3, 1, 3, 1, 1, 3, 1, 3, 3, 1, -2, 3 ], [ 3, 1, 3, 1, 3, 1, 1, 3, 1, 3, 1, 1, 1, 1, 3, 3, -2 ] ] ], 
  [ 761, [ [ -2, 3, 3, 1, 1, 3, 3, 1, 3, 3, 3, 3, 3, 1, 1, 1, 1 ], [ 3, -2, 3, 3, 3, 1, 3, 3, 3, 3, 1, 1, 1, 3, 3, 3, 1 ], 
          [ 3, 3, -2, 3, 3, 3, 1, 3, 3, 1, 1, 1, 3, 3, 1, 1, 3 ], [ 1, 3, 3, -2, 1, 3, 1, 1, 1, 3, 3, 3, 1, 1, 3, 3, 3 ], 
          [ 1, 3, 3, 1, -2, 3, 1, 3, 1, 3, 3, 3, 1, 3, 1, 3, 3 ], [ 3, 1, 3, 3, 3, -2, 3, 1, 3, 1, 1, 1, 1, 1, 3, 1, 1 ], 
          [ 3, 3, 1, 1, 1, 3, -2, 3, 1, 3, 1, 1, 1, 3, 1, 1, 3 ], [ 1, 3, 3, 1, 3, 1, 3, -2, 3, 1, 3, 3, 3, 1, 3, 1, 1 ], 
          [ 3, 3, 3, 1, 1, 3, 1, 3, -2, 1, 3, 3, 1, 1, 3, 3, 3 ], [ 3, 3, 1, 3, 3, 1, 3, 1, 1, -2, 3, 3, 3, 1, 3, 1, 1 ], 
          [ 3, 1, 1, 3, 3, 1, 1, 3, 3, 3, -2, 1, 1, 3, 1, 1, 3 ], [ 3, 1, 1, 3, 3, 1, 1, 3, 3, 3, 1, -2, 1, 3, 1, 1, 3 ], 
          [ 3, 1, 3, 1, 1, 1, 1, 3, 1, 3, 1, 1, -2, 3, 3, 3, 3 ], [ 1, 3, 3, 1, 3, 1, 3, 1, 1, 1, 3, 3, 3, -2, 3, 1, 1 ], 
          [ 1, 3, 1, 3, 1, 3, 1, 3, 3, 3, 1, 1, 3, 3, -2, 1, 3 ], [ 1, 3, 1, 3, 3, 1, 1, 1, 3, 1, 1, 1, 3, 1, 1, -2, 1 ], 
          [ 1, 1, 3, 3, 3, 1, 3, 1, 3, 1, 3, 3, 3, 1, 3, 1, -2 ] ] ], 
  [ 491, [ [ -2, 3, 3, 1, 1, 3, 3, 1, 3, 3, 3, 3, 3, 1, 3, 1, 3 ], [ 3, -2, 3, 3, 3, 1, 3, 3, 3, 3, 1, 1, 1, 3, 3, 1, 3 ], 
          [ 3, 3, -2, 3, 3, 3, 1, 3, 3, 1, 1, 1, 3, 3, 1, 3, 3 ], [ 1, 3, 3, -2, 1, 3, 1, 1, 1, 3, 3, 3, 1, 1, 1, 1, 1 ], 
          [ 1, 3, 3, 1, -2, 3, 1, 3, 1, 3, 3, 3, 1, 3, 3, 1, 1 ], [ 3, 1, 3, 3, 3, -2, 3, 1, 3, 1, 1, 1, 1, 1, 3, 3, 1 ], 
          [ 3, 3, 1, 1, 1, 3, -2, 3, 1, 3, 1, 1, 1, 3, 1, 3, 1 ], [ 1, 3, 3, 1, 3, 1, 3, -2, 3, 1, 3, 3, 3, 1, 1, 1, 1 ], 
          [ 3, 3, 3, 1, 1, 3, 1, 3, -2, 1, 3, 3, 1, 1, 1, 3, 1 ], [ 3, 3, 1, 3, 3, 1, 3, 1, 1, -2, 3, 3, 3, 1, 1, 3, 1 ], 
          [ 3, 1, 1, 3, 3, 1, 1, 3, 3, 3, -2, 1, 1, 3, 3, 3, 3 ], [ 3, 1, 1, 3, 3, 1, 1, 3, 3, 3, 1, -2, 1, 3, 3, 3, 3 ], 
          [ 3, 1, 3, 1, 1, 1, 1, 3, 1, 3, 1, 1, -2, 3, 3, 3, 1 ], [ 1, 3, 3, 1, 3, 1, 3, 1, 1, 1, 3, 3, 3, -2, 1, 3, 1 ], 
          [ 3, 3, 1, 1, 3, 3, 1, 1, 1, 1, 3, 3, 3, 1, -2, 3, 1 ], [ 1, 1, 3, 1, 1, 3, 3, 1, 3, 3, 3, 3, 3, 3, 3, -2, 3 ], 
          [ 3, 3, 3, 1, 1, 1, 1, 1, 1, 1, 3, 3, 1, 1, 1, 3, -2 ] ] ], [ 555, [ [ -2, 3, 3, 1, 1, 3, 3, 1, 3, 3, 3, 3, 3, 1, 3, 1, 1 ], 
          [ 3, -2, 3, 3, 3, 1, 3, 3, 3, 3, 1, 1, 1, 3, 3, 3, 1 ], [ 3, 3, -2, 3, 3, 3, 1, 3, 3, 1, 1, 1, 3, 3, 1, 1, 1 ], 
          [ 1, 3, 3, -2, 1, 3, 1, 1, 1, 3, 3, 3, 1, 1, 1, 3, 3 ], [ 1, 3, 3, 1, -2, 3, 1, 3, 1, 3, 3, 3, 1, 3, 3, 3, 3 ], 
          [ 3, 1, 3, 3, 3, -2, 3, 1, 3, 1, 1, 1, 1, 1, 3, 1, 3 ], [ 3, 3, 1, 1, 1, 3, -2, 3, 1, 3, 1, 1, 1, 3, 1, 3, 3 ], 
          [ 1, 3, 3, 1, 3, 1, 3, -2, 3, 1, 3, 3, 3, 1, 1, 1, 3 ], [ 3, 3, 3, 1, 1, 3, 1, 3, -2, 1, 3, 3, 1, 1, 1, 3, 3 ], 
          [ 3, 3, 1, 3, 3, 1, 3, 1, 1, -2, 3, 3, 3, 1, 1, 1, 3 ], [ 3, 1, 1, 3, 3, 1, 1, 3, 3, 3, -2, 1, 1, 3, 3, 3, 1 ], 
          [ 3, 1, 1, 3, 3, 1, 1, 3, 3, 3, 1, -2, 1, 3, 3, 1, 1 ], [ 3, 1, 3, 1, 1, 1, 1, 3, 1, 3, 1, 1, -2, 3, 3, 3, 3 ], 
          [ 1, 3, 3, 1, 3, 1, 3, 1, 1, 1, 3, 3, 3, -2, 1, 1, 3 ], [ 3, 3, 1, 1, 3, 3, 1, 1, 1, 1, 3, 3, 3, 1, -2, 1, 3 ], 
          [ 1, 3, 1, 3, 3, 1, 3, 1, 3, 1, 3, 1, 3, 1, 1, -2, 1 ], [ 1, 1, 1, 3, 3, 3, 3, 3, 3, 3, 1, 1, 3, 3, 3, 1, -2 ] ] ], 
  [ 597, [ [ -2, 3, 3, 1, 1, 3, 3, 1, 3, 3, 3, 3, 3, 1, 3, 3, 1 ], [ 3, -2, 3, 3, 3, 1, 3, 3, 3, 3, 1, 1, 1, 3, 3, 1, 3 ], 
          [ 3, 3, -2, 3, 3, 3, 1, 3, 3, 1, 1, 1, 3, 3, 1, 3, 3 ], [ 1, 3, 3, -2, 1, 3, 1, 1, 1, 3, 3, 3, 1, 1, 1, 1, 1 ], 
          [ 1, 3, 3, 1, -2, 3, 1, 3, 1, 3, 3, 3, 1, 3, 3, 3, 1 ], [ 3, 1, 3, 3, 3, -2, 3, 1, 3, 1, 1, 1, 1, 1, 3, 1, 3 ], 
          [ 3, 3, 1, 1, 1, 3, -2, 3, 1, 3, 1, 1, 1, 3, 1, 3, 1 ], [ 1, 3, 3, 1, 3, 1, 3, -2, 3, 1, 3, 3, 3, 1, 1, 1, 1 ], 
          [ 3, 3, 3, 1, 1, 3, 1, 3, -2, 1, 3, 3, 1, 1, 1, 1, 1 ], [ 3, 3, 1, 3, 3, 1, 3, 1, 1, -2, 3, 3, 3, 1, 1, 1, 3 ], 
          [ 3, 1, 1, 3, 3, 1, 1, 3, 3, 3, -2, 1, 1, 3, 3, 1, 3 ], [ 3, 1, 1, 3, 3, 1, 1, 3, 3, 3, 1, -2, 1, 3, 3, 3, 3 ], 
          [ 3, 1, 3, 1, 1, 1, 1, 3, 1, 3, 1, 1, -2, 3, 3, 1, 3 ], [ 1, 3, 3, 1, 3, 1, 3, 1, 1, 1, 3, 3, 3, -2, 1, 1, 1 ], 
          [ 3, 3, 1, 1, 3, 3, 1, 1, 1, 1, 3, 3, 3, 1, -2, 1, 1 ], [ 3, 1, 3, 1, 3, 1, 3, 1, 1, 1, 1, 3, 1, 1, 1, -2, 3 ], 
          [ 1, 3, 3, 1, 1, 3, 1, 1, 1, 3, 3, 3, 3, 1, 1, 3, -2 ] ] ], 
  [ 384, [ [ -2, 3, 3, 1, 1, 3, 3, 1, 3, 3, 3, 3, 3, 1, 3, 1, 1 ], [ 3, -2, 3, 3, 3, 1, 3, 3, 3, 3, 1, 1, 1, 3, 3, 3, 1 ], 
          [ 3, 3, -2, 3, 3, 3, 1, 3, 3, 1, 1, 1, 3, 3, 1, 1, 3 ], [ 1, 3, 3, -2, 1, 3, 1, 1, 1, 3, 3, 3, 1, 1, 1, 3, 3 ], 
          [ 1, 3, 3, 1, -2, 3, 1, 3, 1, 3, 3, 3, 1, 3, 3, 1, 3 ], [ 3, 1, 3, 3, 3, -2, 3, 1, 3, 1, 1, 1, 1, 1, 3, 3, 1 ], 
          [ 3, 3, 1, 1, 1, 3, -2, 3, 1, 3, 1, 1, 1, 3, 1, 1, 3 ], [ 1, 3, 3, 1, 3, 1, 3, -2, 3, 1, 3, 3, 3, 1, 1, 3, 1 ], 
          [ 3, 3, 3, 1, 1, 3, 1, 3, -2, 1, 3, 3, 1, 1, 1, 3, 3 ], [ 3, 3, 1, 3, 3, 1, 3, 1, 1, -2, 3, 3, 3, 1, 1, 3, 3 ], 
          [ 3, 1, 1, 3, 3, 1, 1, 3, 3, 3, -2, 1, 1, 3, 3, 1, 1 ], [ 3, 1, 1, 3, 3, 1, 1, 3, 3, 3, 1, -2, 1, 3, 3, 1, 1 ], 
          [ 3, 1, 3, 1, 1, 1, 1, 3, 1, 3, 1, 1, -2, 3, 3, 3, 3 ], [ 1, 3, 3, 1, 3, 1, 3, 1, 1, 1, 3, 3, 3, -2, 1, 3, 1 ], 
          [ 3, 3, 1, 1, 3, 3, 1, 1, 1, 1, 3, 3, 3, 1, -2, 3, 3 ], [ 1, 3, 1, 3, 1, 3, 1, 3, 3, 3, 1, 1, 3, 3, 3, -2, 1 ], 
          [ 1, 1, 3, 3, 3, 1, 3, 1, 3, 3, 1, 1, 3, 1, 3, 1, -2 ] ] ], [ 430, [ [ -2, 3, 3, 1, 1, 3, 3, 1, 3, 3, 3, 3, 3, 1, 3, 3, 1, 3 ], 
          [ 3, -2, 3, 3, 3, 1, 3, 3, 3, 3, 1, 1, 1, 3, 3, 3, 3, 1 ], [ 3, 3, -2, 3, 3, 3, 1, 3, 3, 1, 1, 1, 3, 3, 1, 3, 1, 3 ], 
          [ 1, 3, 3, -2, 1, 3, 1, 1, 1, 3, 3, 3, 1, 1, 1, 1, 3, 1 ], [ 1, 3, 3, 1, -2, 3, 1, 3, 1, 3, 3, 3, 1, 3, 3, 1, 3, 3 ], 
          [ 3, 1, 3, 3, 3, -2, 3, 1, 3, 1, 1, 1, 1, 1, 3, 1, 1, 1 ], [ 3, 3, 1, 1, 1, 3, -2, 3, 1, 3, 1, 1, 1, 3, 1, 1, 3, 3 ], 
          [ 1, 3, 3, 1, 3, 1, 3, -2, 3, 1, 3, 3, 3, 1, 1, 1, 1, 1 ], [ 3, 3, 3, 1, 1, 3, 1, 3, -2, 1, 3, 3, 1, 1, 1, 1, 3, 1 ], 
          [ 3, 3, 1, 3, 3, 1, 3, 1, 1, -2, 3, 3, 3, 1, 1, 1, 1, 1 ], [ 3, 1, 1, 3, 3, 1, 1, 3, 3, 3, -2, 1, 1, 3, 3, 3, 1, 3 ], 
          [ 3, 1, 1, 3, 3, 1, 1, 3, 3, 3, 1, -2, 1, 3, 3, 3, 1, 3 ], [ 3, 1, 3, 1, 1, 1, 1, 3, 1, 3, 1, 1, -2, 3, 3, 1, 3, 1 ], 
          [ 1, 3, 3, 1, 3, 1, 3, 1, 1, 1, 3, 3, 3, -2, 1, 1, 1, 1 ], [ 3, 3, 1, 1, 3, 3, 1, 1, 1, 1, 3, 3, 3, 1, -2, 1, 3, 1 ], 
          [ 3, 3, 3, 1, 1, 1, 1, 1, 1, 1, 3, 3, 1, 1, 1, -2, 3, 1 ], [ 1, 3, 1, 3, 3, 1, 3, 1, 3, 1, 1, 1, 3, 1, 3, 3, -2, 3 ], 
          [ 3, 1, 3, 1, 3, 1, 3, 1, 1, 1, 3, 3, 1, 1, 1, 1, 3, -2 ] ] ], 
  [ 430, [ [ -2, 3, 3, 1, 1, 3, 3, 1, 3, 3, 3, 3, 3, 1, 3, 3, 1, 1 ], [ 3, -2, 3, 3, 3, 1, 3, 3, 3, 3, 1, 1, 1, 3, 3, 3, 3, 3 ], 
          [ 3, 3, -2, 3, 3, 3, 1, 3, 3, 1, 1, 1, 3, 3, 1, 3, 1, 1 ], [ 1, 3, 3, -2, 1, 3, 1, 1, 1, 3, 3, 3, 1, 1, 1, 1, 3, 3 ], 
          [ 1, 3, 3, 1, -2, 3, 1, 3, 1, 3, 3, 3, 1, 3, 3, 1, 3, 1 ], [ 3, 1, 3, 3, 3, -2, 3, 1, 3, 1, 1, 1, 1, 1, 3, 1, 1, 3 ], 
          [ 3, 3, 1, 1, 1, 3, -2, 3, 1, 3, 1, 1, 1, 3, 1, 1, 3, 1 ], [ 1, 3, 3, 1, 3, 1, 3, -2, 3, 1, 3, 3, 3, 1, 1, 1, 1, 3 ], 
          [ 3, 3, 3, 1, 1, 3, 1, 3, -2, 1, 3, 3, 1, 1, 1, 1, 3, 3 ], [ 3, 3, 1, 3, 3, 1, 3, 1, 1, -2, 3, 3, 3, 1, 1, 1, 1, 3 ], 
          [ 3, 1, 1, 3, 3, 1, 1, 3, 3, 3, -2, 1, 1, 3, 3, 3, 1, 1 ], [ 3, 1, 1, 3, 3, 1, 1, 3, 3, 3, 1, -2, 1, 3, 3, 3, 1, 1 ], 
          [ 3, 1, 3, 1, 1, 1, 1, 3, 1, 3, 1, 1, -2, 3, 3, 1, 3, 3 ], [ 1, 3, 3, 1, 3, 1, 3, 1, 1, 1, 3, 3, 3, -2, 1, 1, 1, 3 ], 
          [ 3, 3, 1, 1, 3, 3, 1, 1, 1, 1, 3, 3, 3, 1, -2, 1, 3, 3 ], [ 3, 3, 3, 1, 1, 1, 1, 1, 1, 1, 3, 3, 1, 1, 1, -2, 3, 3 ], 
          [ 1, 3, 1, 3, 3, 1, 3, 1, 3, 1, 1, 1, 3, 1, 3, 3, -2, 1 ], [ 1, 3, 1, 3, 1, 3, 1, 3, 3, 3, 1, 1, 3, 3, 3, 3, 1, -2 ] ] ], 
  [ 481, [ [ -2, 3, 3, 1, 1, 3, 3, 1, 3, 3, 3, 3, 3, 1, 1, 1, 1 ], [ 3, -2, 3, 3, 3, 1, 3, 3, 3, 3, 1, 1, 1, 3, 3, 1, 1 ], 
          [ 3, 3, -2, 3, 3, 3, 1, 3, 3, 1, 1, 1, 3, 3, 1, 3, 3 ], [ 1, 3, 3, -2, 1, 3, 1, 1, 1, 3, 3, 3, 1, 1, 3, 3, 1 ], 
          [ 1, 3, 3, 1, -2, 3, 1, 3, 1, 3, 3, 3, 1, 3, 3, 3, 1 ], [ 3, 1, 3, 3, 3, -2, 3, 1, 3, 1, 1, 1, 1, 1, 1, 1, 3 ], 
          [ 3, 3, 1, 1, 1, 3, -2, 3, 1, 3, 1, 1, 1, 3, 3, 3, 3 ], [ 1, 3, 3, 1, 3, 1, 3, -2, 3, 1, 3, 3, 3, 1, 1, 1, 1 ], 
          [ 3, 3, 3, 1, 1, 3, 1, 3, -2, 1, 3, 3, 1, 1, 3, 3, 3 ], [ 3, 3, 1, 3, 3, 1, 3, 1, 1, -2, 3, 3, 3, 1, 1, 3, 3 ], 
          [ 3, 1, 1, 3, 3, 1, 1, 3, 3, 3, -2, 1, 1, 3, 3, 1, 3 ], [ 3, 1, 1, 3, 3, 1, 1, 3, 3, 3, 1, -2, 1, 3, 1, 1, 3 ], 
          [ 3, 1, 3, 1, 1, 1, 1, 3, 1, 3, 1, 1, -2, 3, 3, 3, 3 ], [ 1, 3, 3, 1, 3, 1, 3, 1, 1, 1, 3, 3, 3, -2, 1, 1, 3 ], 
          [ 1, 3, 1, 3, 3, 1, 3, 1, 3, 1, 3, 1, 3, 1, -2, 1, 3 ], [ 1, 1, 3, 3, 3, 1, 3, 1, 3, 3, 1, 1, 3, 1, 1, -2, 1 ], 
          [ 1, 1, 3, 1, 1, 3, 3, 1, 3, 3, 3, 3, 3, 3, 3, 1, -2 ] ] ], 
  [ 311, [ [ -2, 3, 3, 1, 1, 3, 3, 1, 3, 3, 3, 3, 3, 1, 3, 1 ], [ 3, -2, 3, 3, 3, 1, 3, 3, 3, 3, 1, 1, 1, 3, 1, 3 ], 
          [ 3, 3, -2, 3, 3, 3, 1, 3, 3, 1, 1, 1, 3, 3, 3, 1 ], [ 1, 3, 3, -2, 1, 3, 1, 1, 1, 3, 3, 3, 1, 1, 3, 3 ], 
          [ 1, 3, 3, 1, -2, 3, 1, 3, 1, 3, 3, 3, 1, 3, 1, 3 ], [ 3, 1, 3, 3, 3, -2, 3, 1, 3, 1, 1, 1, 1, 1, 1, 1 ], 
          [ 3, 3, 1, 1, 1, 3, -2, 3, 1, 3, 1, 1, 1, 3, 3, 1 ], [ 1, 3, 3, 1, 3, 1, 3, -2, 3, 1, 3, 3, 3, 1, 3, 1 ], 
          [ 3, 3, 3, 1, 1, 3, 1, 3, -2, 1, 3, 3, 1, 1, 1, 3 ], [ 3, 3, 1, 3, 3, 1, 3, 1, 1, -2, 3, 3, 3, 1, 1, 1 ], 
          [ 3, 1, 1, 3, 3, 1, 1, 3, 3, 3, -2, 1, 1, 3, 1, 1 ], [ 3, 1, 1, 3, 3, 1, 1, 3, 3, 3, 1, -2, 1, 3, 3, 1 ], 
          [ 3, 1, 3, 1, 1, 1, 1, 3, 1, 3, 1, 1, -2, 3, 1, 3 ], [ 1, 3, 3, 1, 3, 1, 3, 1, 1, 1, 3, 3, 3, -2, 3, 1 ], 
          [ 3, 1, 3, 3, 1, 1, 3, 3, 1, 1, 1, 3, 1, 3, -2, 3 ], [ 1, 3, 1, 3, 3, 1, 1, 1, 3, 1, 1, 1, 3, 1, 3, -2 ] ] ], 
  [ 675, [ [ -2, 3, 3, 1, 1, 3, 3, 1, 3, 3, 3, 3, 3, 1, 3, 1, 1 ], [ 3, -2, 3, 3, 3, 1, 3, 3, 3, 3, 1, 1, 1, 3, 1, 3, 3 ], 
          [ 3, 3, -2, 3, 3, 3, 1, 3, 3, 1, 1, 1, 3, 3, 3, 3, 1 ], [ 1, 3, 3, -2, 1, 3, 1, 1, 1, 3, 3, 3, 1, 1, 3, 1, 3 ], 
          [ 1, 3, 3, 1, -2, 3, 1, 3, 1, 3, 3, 3, 1, 3, 1, 1, 3 ], [ 3, 1, 3, 3, 3, -2, 3, 1, 3, 1, 1, 1, 1, 1, 1, 3, 1 ], 
          [ 3, 3, 1, 1, 1, 3, -2, 3, 1, 3, 1, 1, 1, 3, 3, 1, 3 ], [ 1, 3, 3, 1, 3, 1, 3, -2, 3, 1, 3, 3, 3, 1, 3, 1, 1 ], 
          [ 3, 3, 3, 1, 1, 3, 1, 3, -2, 1, 3, 3, 1, 1, 1, 1, 3 ], [ 3, 3, 1, 3, 3, 1, 3, 1, 1, -2, 3, 3, 3, 1, 1, 3, 1 ], 
          [ 3, 1, 1, 3, 3, 1, 1, 3, 3, 3, -2, 1, 1, 3, 1, 3, 3 ], [ 3, 1, 1, 3, 3, 1, 1, 3, 3, 3, 1, -2, 1, 3, 3, 3, 1 ], 
          [ 3, 1, 3, 1, 1, 1, 1, 3, 1, 3, 1, 1, -2, 3, 1, 3, 3 ], [ 1, 3, 3, 1, 3, 1, 3, 1, 1, 1, 3, 3, 3, -2, 3, 1, 1 ], 
          [ 3, 1, 3, 3, 1, 1, 3, 3, 1, 1, 1, 3, 1, 3, -2, 3, 3 ], [ 1, 3, 3, 1, 1, 3, 1, 1, 1, 3, 3, 3, 3, 1, 3, -2, 1 ], 
          [ 1, 3, 1, 3, 3, 1, 3, 1, 3, 1, 3, 1, 3, 1, 3, 1, -2 ] ] ], [ 316, [ [ -2, 3, 3, 1, 1, 3, 3, 1, 3, 3, 3, 3, 3, 1, 3, 1, 1 ], 
          [ 3, -2, 3, 3, 3, 1, 3, 3, 3, 3, 1, 1, 1, 3, 1, 3, 3 ], [ 3, 3, -2, 3, 3, 3, 1, 3, 3, 1, 1, 1, 3, 3, 3, 3, 3 ], 
          [ 1, 3, 3, -2, 1, 3, 1, 1, 1, 3, 3, 3, 1, 1, 3, 1, 1 ], [ 1, 3, 3, 1, -2, 3, 1, 3, 1, 3, 3, 3, 1, 3, 1, 1, 1 ], 
          [ 3, 1, 3, 3, 3, -2, 3, 1, 3, 1, 1, 1, 1, 1, 1, 3, 1 ], [ 3, 3, 1, 1, 1, 3, -2, 3, 1, 3, 1, 1, 1, 3, 3, 1, 3 ], 
          [ 1, 3, 3, 1, 3, 1, 3, -2, 3, 1, 3, 3, 3, 1, 3, 1, 1 ], [ 3, 3, 3, 1, 1, 3, 1, 3, -2, 1, 3, 3, 1, 1, 1, 1, 1 ], 
          [ 3, 3, 1, 3, 3, 1, 3, 1, 1, -2, 3, 3, 3, 1, 1, 3, 1 ], [ 3, 1, 1, 3, 3, 1, 1, 3, 3, 3, -2, 1, 1, 3, 1, 3, 3 ], 
          [ 3, 1, 1, 3, 3, 1, 1, 3, 3, 3, 1, -2, 1, 3, 3, 3, 3 ], [ 3, 1, 3, 1, 1, 1, 1, 3, 1, 3, 1, 1, -2, 3, 1, 3, 1 ], 
          [ 1, 3, 3, 1, 3, 1, 3, 1, 1, 1, 3, 3, 3, -2, 3, 1, 1 ], [ 3, 1, 3, 3, 1, 1, 3, 3, 1, 1, 1, 3, 1, 3, -2, 3, 1 ], 
          [ 1, 3, 3, 1, 1, 3, 1, 1, 1, 3, 3, 3, 3, 1, 3, -2, 1 ], [ 1, 3, 3, 1, 1, 1, 3, 1, 1, 1, 3, 3, 1, 1, 1, 1, -2 ] ] ], 
  [ 316, [ [ -2, 3, 3, 1, 1, 3, 3, 1, 3, 3, 3, 3, 3, 1, 3, 1, 1 ], [ 3, -2, 3, 3, 3, 1, 3, 3, 3, 3, 1, 1, 1, 3, 1, 3, 3 ], 
          [ 3, 3, -2, 3, 3, 3, 1, 3, 3, 1, 1, 1, 3, 3, 3, 3, 3 ], [ 1, 3, 3, -2, 1, 3, 1, 1, 1, 3, 3, 3, 1, 1, 3, 1, 1 ], 
          [ 1, 3, 3, 1, -2, 3, 1, 3, 1, 3, 3, 3, 1, 3, 1, 1, 1 ], [ 3, 1, 3, 3, 3, -2, 3, 1, 3, 1, 1, 1, 1, 1, 1, 3, 1 ], 
          [ 3, 3, 1, 1, 1, 3, -2, 3, 1, 3, 1, 1, 1, 3, 3, 1, 3 ], [ 1, 3, 3, 1, 3, 1, 3, -2, 3, 1, 3, 3, 3, 1, 3, 1, 1 ], 
          [ 3, 3, 3, 1, 1, 3, 1, 3, -2, 1, 3, 3, 1, 1, 1, 1, 1 ], [ 3, 3, 1, 3, 3, 1, 3, 1, 1, -2, 3, 3, 3, 1, 1, 3, 1 ], 
          [ 3, 1, 1, 3, 3, 1, 1, 3, 3, 3, -2, 1, 1, 3, 1, 3, 3 ], [ 3, 1, 1, 3, 3, 1, 1, 3, 3, 3, 1, -2, 1, 3, 3, 3, 3 ], 
          [ 3, 1, 3, 1, 1, 1, 1, 3, 1, 3, 1, 1, -2, 3, 1, 3, 1 ], [ 1, 3, 3, 1, 3, 1, 3, 1, 1, 1, 3, 3, 3, -2, 3, 1, 1 ], 
          [ 3, 1, 3, 3, 1, 1, 3, 3, 1, 1, 1, 3, 1, 3, -2, 3, 1 ], [ 1, 3, 3, 1, 1, 3, 1, 1, 1, 3, 3, 3, 3, 1, 3, -2, 1 ], 
          [ 1, 3, 3, 1, 1, 1, 3, 1, 1, 1, 3, 3, 1, 1, 1, 1, -2 ] ] ], 
  [ 391, [ [ -2, 3, 3, 1, 1, 3, 3, 1, 3, 3, 3, 3, 3, 1, 3, 3 ], [ 3, -2, 3, 3, 3, 1, 3, 3, 3, 3, 1, 1, 1, 3, 1, 3 ], 
          [ 3, 3, -2, 3, 3, 3, 1, 3, 3, 1, 1, 1, 3, 3, 3, 3 ], [ 1, 3, 3, -2, 1, 3, 1, 1, 1, 3, 3, 3, 1, 1, 1, 1 ], 
          [ 1, 3, 3, 1, -2, 3, 1, 3, 1, 3, 3, 3, 1, 3, 3, 1 ], [ 3, 1, 3, 3, 3, -2, 3, 1, 3, 1, 1, 1, 1, 1, 1, 1 ], 
          [ 3, 3, 1, 1, 1, 3, -2, 3, 1, 3, 1, 1, 1, 3, 1, 1 ], [ 1, 3, 3, 1, 3, 1, 3, -2, 3, 1, 3, 3, 3, 1, 1, 1 ], 
          [ 3, 3, 3, 1, 1, 3, 1, 3, -2, 1, 3, 3, 1, 1, 3, 1 ], [ 3, 3, 1, 3, 3, 1, 3, 1, 1, -2, 3, 3, 3, 1, 3, 1 ], 
          [ 3, 1, 1, 3, 3, 1, 1, 3, 3, 3, -2, 1, 1, 3, 1, 3 ], [ 3, 1, 1, 3, 3, 1, 1, 3, 3, 3, 1, -2, 1, 3, 1, 3 ], 
          [ 3, 1, 3, 1, 1, 1, 1, 3, 1, 3, 1, 1, -2, 3, 1, 1 ], [ 1, 3, 3, 1, 3, 1, 3, 1, 1, 1, 3, 3, 3, -2, 3, 1 ], 
          [ 3, 1, 3, 1, 3, 1, 1, 1, 3, 3, 1, 1, 1, 3, -2, 1 ], [ 3, 3, 3, 1, 1, 1, 1, 1, 1, 1, 3, 3, 1, 1, 1, -2 ] ] ], 
  [ 334, [ [ -2, 3, 3, 1, 1, 3, 3, 1, 3, 3, 3, 3, 3, 1, 3, 3 ], [ 3, -2, 3, 3, 3, 1, 3, 3, 3, 3, 1, 1, 1, 3, 1, 1 ], 
          [ 3, 3, -2, 3, 3, 3, 1, 3, 3, 1, 1, 1, 3, 3, 3, 3 ], [ 1, 3, 3, -2, 1, 3, 1, 1, 1, 3, 3, 3, 1, 1, 1, 1 ], 
          [ 1, 3, 3, 1, -2, 3, 1, 3, 1, 3, 3, 3, 1, 3, 3, 1 ], [ 3, 1, 3, 3, 3, -2, 3, 1, 3, 1, 1, 1, 1, 1, 1, 3 ], 
          [ 3, 3, 1, 1, 1, 3, -2, 3, 1, 3, 1, 1, 1, 3, 1, 1 ], [ 1, 3, 3, 1, 3, 1, 3, -2, 3, 1, 3, 3, 3, 1, 1, 3 ], 
          [ 3, 3, 3, 1, 1, 3, 1, 3, -2, 1, 3, 3, 1, 1, 3, 1 ], [ 3, 3, 1, 3, 3, 1, 3, 1, 1, -2, 3, 3, 3, 1, 3, 3 ], 
          [ 3, 1, 1, 3, 3, 1, 1, 3, 3, 3, -2, 1, 1, 3, 1, 1 ], [ 3, 1, 1, 3, 3, 1, 1, 3, 3, 3, 1, -2, 1, 3, 1, 3 ], 
          [ 3, 1, 3, 1, 1, 1, 1, 3, 1, 3, 1, 1, -2, 3, 1, 1 ], [ 1, 3, 3, 1, 3, 1, 3, 1, 1, 1, 3, 3, 3, -2, 3, 3 ], 
          [ 3, 1, 3, 1, 3, 1, 1, 1, 3, 3, 1, 1, 1, 3, -2, 1 ], [ 3, 1, 3, 1, 1, 3, 1, 3, 1, 3, 1, 3, 1, 3, 1, -2 ] ] ], 
  [ 410, [ [ -2, 3, 3, 1, 1, 3, 3, 1, 3, 3, 3, 3, 3, 1, 3, 3, 1 ], [ 3, -2, 3, 3, 3, 1, 3, 3, 3, 3, 1, 1, 1, 3, 1, 1, 3 ], 
          [ 3, 3, -2, 3, 3, 3, 1, 3, 3, 1, 1, 1, 3, 3, 3, 3, 3 ], [ 1, 3, 3, -2, 1, 3, 1, 1, 1, 3, 3, 3, 1, 1, 1, 1, 1 ], 
          [ 1, 3, 3, 1, -2, 3, 1, 3, 1, 3, 3, 3, 1, 3, 3, 1, 1 ], [ 3, 1, 3, 3, 3, -2, 3, 1, 3, 1, 1, 1, 1, 1, 1, 3, 1 ], 
          [ 3, 3, 1, 1, 1, 3, -2, 3, 1, 3, 1, 1, 1, 3, 1, 1, 3 ], [ 1, 3, 3, 1, 3, 1, 3, -2, 3, 1, 3, 3, 3, 1, 1, 3, 1 ], 
          [ 3, 3, 3, 1, 1, 3, 1, 3, -2, 1, 3, 3, 1, 1, 3, 1, 1 ], [ 3, 3, 1, 3, 3, 1, 3, 1, 1, -2, 3, 3, 3, 1, 3, 3, 1 ], 
          [ 3, 1, 1, 3, 3, 1, 1, 3, 3, 3, -2, 1, 1, 3, 1, 1, 3 ], [ 3, 1, 1, 3, 3, 1, 1, 3, 3, 3, 1, -2, 1, 3, 1, 3, 3 ], 
          [ 3, 1, 3, 1, 1, 1, 1, 3, 1, 3, 1, 1, -2, 3, 1, 1, 1 ], [ 1, 3, 3, 1, 3, 1, 3, 1, 1, 1, 3, 3, 3, -2, 3, 3, 1 ], 
          [ 3, 1, 3, 1, 3, 1, 1, 1, 3, 3, 1, 1, 1, 3, -2, 1, 3 ], [ 3, 1, 3, 1, 1, 3, 1, 3, 1, 3, 1, 3, 1, 3, 1, -2, 3 ], 
          [ 1, 3, 3, 1, 1, 1, 3, 1, 1, 1, 3, 3, 1, 1, 3, 3, -2 ] ] ], [ 886, [ [ -2, 3, 3, 1, 1, 3, 3, 1, 3, 3, 3, 3, 3, 3, 3, 1, 3, 1 ], 
          [ 3, -2, 3, 3, 3, 1, 3, 3, 3, 3, 1, 1, 1, 1, 1, 3, 3, 1 ], [ 3, 3, -2, 3, 3, 3, 1, 3, 3, 1, 1, 1, 3, 3, 1, 1, 3, 1 ], 
          [ 1, 3, 3, -2, 1, 3, 1, 1, 1, 3, 3, 3, 1, 1, 3, 3, 1, 3 ], [ 1, 3, 3, 1, -2, 3, 1, 3, 1, 3, 3, 3, 1, 3, 3, 3, 1, 3 ], 
          [ 3, 1, 3, 3, 3, -2, 3, 1, 3, 1, 1, 1, 1, 1, 3, 1, 1, 3 ], [ 3, 3, 1, 1, 1, 3, -2, 3, 1, 3, 1, 1, 1, 3, 1, 3, 3, 3 ], 
          [ 1, 3, 3, 1, 3, 1, 3, -2, 3, 1, 3, 3, 3, 1, 3, 1, 1, 3 ], [ 3, 3, 3, 1, 1, 3, 1, 3, -2, 1, 3, 3, 1, 1, 3, 3, 1, 3 ], 
          [ 3, 3, 1, 3, 3, 1, 3, 1, 1, -2, 3, 3, 3, 1, 3, 1, 1, 3 ], [ 3, 1, 1, 3, 3, 1, 1, 3, 3, 3, -2, 1, 1, 3, 1, 1, 3, 1 ], 
          [ 3, 1, 1, 3, 3, 1, 1, 3, 3, 3, 1, -2, 1, 3, 1, 1, 3, 1 ], [ 3, 1, 3, 1, 1, 1, 1, 3, 1, 3, 1, 1, -2, 1, 3, 3, 1, 3 ], 
          [ 3, 1, 3, 1, 3, 1, 3, 1, 1, 1, 3, 3, 1, -2, 3, 3, 1, 3 ], [ 3, 1, 1, 3, 3, 3, 1, 3, 3, 3, 1, 1, 3, 3, -2, 3, 3, 1 ], 
          [ 1, 3, 1, 3, 3, 1, 3, 1, 3, 1, 1, 1, 3, 3, 3, -2, 3, 1 ], [ 3, 3, 3, 1, 1, 1, 3, 1, 1, 1, 3, 3, 1, 1, 3, 3, -2, 3 ], 
          [ 1, 1, 1, 3, 3, 3, 3, 3, 3, 3, 1, 1, 3, 3, 1, 1, 3, -2 ] ] ], 
  [ 1307, [ [ -2, 3, 3, 1, 1, 3, 3, 1, 3, 3, 3, 3, 3, 3, 3, 1, 3, 1 ], [ 3, -2, 3, 3, 3, 1, 3, 3, 3, 3, 1, 1, 1, 1, 1, 3, 3, 3 ], 
          [ 3, 3, -2, 3, 3, 3, 1, 3, 3, 1, 1, 1, 3, 3, 1, 1, 3, 1 ], [ 1, 3, 3, -2, 1, 3, 1, 1, 1, 3, 3, 3, 1, 1, 3, 3, 1, 1 ], 
          [ 1, 3, 3, 1, -2, 3, 1, 3, 1, 3, 3, 3, 1, 3, 3, 3, 1, 1 ], [ 3, 1, 3, 3, 3, -2, 3, 1, 3, 1, 1, 1, 1, 1, 3, 1, 1, 3 ], 
          [ 3, 3, 1, 1, 1, 3, -2, 3, 1, 3, 1, 1, 1, 3, 1, 3, 3, 3 ], [ 1, 3, 3, 1, 3, 1, 3, -2, 3, 1, 3, 3, 3, 1, 3, 1, 1, 1 ], 
          [ 3, 3, 3, 1, 1, 3, 1, 3, -2, 1, 3, 3, 1, 1, 3, 3, 1, 3 ], [ 3, 3, 1, 3, 3, 1, 3, 1, 1, -2, 3, 3, 3, 1, 3, 1, 1, 1 ], 
          [ 3, 1, 1, 3, 3, 1, 1, 3, 3, 3, -2, 1, 1, 3, 1, 1, 3, 3 ], [ 3, 1, 1, 3, 3, 1, 1, 3, 3, 3, 1, -2, 1, 3, 1, 1, 3, 3 ], 
          [ 3, 1, 3, 1, 1, 1, 1, 3, 1, 3, 1, 1, -2, 1, 3, 3, 1, 3 ], [ 3, 1, 3, 1, 3, 1, 3, 1, 1, 1, 3, 3, 1, -2, 3, 3, 1, 3 ], 
          [ 3, 1, 1, 3, 3, 3, 1, 3, 3, 3, 1, 1, 3, 3, -2, 3, 3, 3 ], [ 1, 3, 1, 3, 3, 1, 3, 1, 3, 1, 1, 1, 3, 3, 3, -2, 3, 1 ], 
          [ 3, 3, 3, 1, 1, 1, 3, 1, 1, 1, 3, 3, 1, 1, 3, 3, -2, 1 ], [ 1, 3, 1, 1, 1, 3, 3, 1, 3, 1, 3, 3, 3, 3, 3, 1, 1, -2 ] ] ], 
  [ 412, [ [ -2, 3, 3, 1, 1, 3, 3, 1, 3, 3, 3, 3, 3, 3, 3, 1, 1, 3 ], [ 3, -2, 3, 3, 3, 1, 3, 3, 3, 3, 1, 1, 1, 1, 1, 3, 3, 1 ], 
          [ 3, 3, -2, 3, 3, 3, 1, 3, 3, 1, 1, 1, 3, 3, 1, 1, 1, 3 ], [ 1, 3, 3, -2, 1, 3, 1, 1, 1, 3, 3, 3, 1, 1, 3, 3, 3, 3 ], 
          [ 1, 3, 3, 1, -2, 3, 1, 3, 1, 3, 3, 3, 1, 3, 3, 3, 1, 1 ], [ 3, 1, 3, 3, 3, -2, 3, 1, 3, 1, 1, 1, 1, 1, 3, 1, 3, 1 ], 
          [ 3, 3, 1, 1, 1, 3, -2, 3, 1, 3, 1, 1, 1, 3, 1, 3, 3, 3 ], [ 1, 3, 3, 1, 3, 1, 3, -2, 3, 1, 3, 3, 3, 1, 3, 1, 1, 3 ], 
          [ 3, 3, 3, 1, 1, 3, 1, 3, -2, 1, 3, 3, 1, 1, 3, 3, 3, 1 ], [ 3, 3, 1, 3, 3, 1, 3, 1, 1, -2, 3, 3, 3, 1, 3, 1, 1, 1 ], 
          [ 3, 1, 1, 3, 3, 1, 1, 3, 3, 3, -2, 1, 1, 3, 1, 1, 3, 3 ], [ 3, 1, 1, 3, 3, 1, 1, 3, 3, 3, 1, -2, 1, 3, 1, 1, 3, 3 ], 
          [ 3, 1, 3, 1, 1, 1, 1, 3, 1, 3, 1, 1, -2, 1, 3, 3, 3, 1 ], [ 3, 1, 3, 1, 3, 1, 3, 1, 1, 1, 3, 3, 1, -2, 3, 3, 3, 1 ], 
          [ 3, 1, 1, 3, 3, 3, 1, 3, 3, 3, 1, 1, 3, 3, -2, 3, 3, 3 ], [ 1, 3, 1, 3, 3, 1, 3, 1, 3, 1, 1, 1, 3, 3, 3, -2, 1, 3 ], 
          [ 1, 3, 1, 3, 1, 3, 3, 1, 3, 1, 3, 3, 3, 3, 3, 1, -2, 1 ], [ 3, 1, 3, 3, 1, 1, 3, 3, 1, 1, 3, 3, 1, 1, 3, 3, 1, -2 ] ] ], 
  [ 412, [ [ -2, 3, 3, 1, 1, 3, 3, 1, 3, 3, 3, 3, 3, 3, 3, 1, 1, 1 ], [ 3, -2, 3, 3, 3, 1, 3, 3, 3, 3, 1, 1, 1, 1, 1, 3, 3, 3 ], 
          [ 3, 3, -2, 3, 3, 3, 1, 3, 3, 1, 1, 1, 3, 3, 1, 1, 1, 1 ], [ 1, 3, 3, -2, 1, 3, 1, 1, 1, 3, 3, 3, 1, 1, 3, 3, 3, 1 ], 
          [ 1, 3, 3, 1, -2, 3, 1, 3, 1, 3, 3, 3, 1, 3, 3, 3, 1, 3 ], [ 3, 1, 3, 3, 3, -2, 3, 1, 3, 1, 1, 1, 1, 1, 3, 1, 3, 3 ], 
          [ 3, 3, 1, 1, 1, 3, -2, 3, 1, 3, 1, 1, 1, 3, 1, 3, 3, 1 ], [ 1, 3, 3, 1, 3, 1, 3, -2, 3, 1, 3, 3, 3, 1, 3, 1, 1, 1 ], 
          [ 3, 3, 3, 1, 1, 3, 1, 3, -2, 1, 3, 3, 1, 1, 3, 3, 3, 3 ], [ 3, 3, 1, 3, 3, 1, 3, 1, 1, -2, 3, 3, 3, 1, 3, 1, 1, 3 ], 
          [ 3, 1, 1, 3, 3, 1, 1, 3, 3, 3, -2, 1, 1, 3, 1, 1, 3, 1 ], [ 3, 1, 1, 3, 3, 1, 1, 3, 3, 3, 1, -2, 1, 3, 1, 1, 3, 1 ], 
          [ 3, 1, 3, 1, 1, 1, 1, 3, 1, 3, 1, 1, -2, 1, 3, 3, 3, 3 ], [ 3, 1, 3, 1, 3, 1, 3, 1, 1, 1, 3, 3, 1, -2, 3, 3, 3, 3 ], 
          [ 3, 1, 1, 3, 3, 3, 1, 3, 3, 3, 1, 1, 3, 3, -2, 3, 3, 1 ], [ 1, 3, 1, 3, 3, 1, 3, 1, 3, 1, 1, 1, 3, 3, 3, -2, 1, 1 ], 
          [ 1, 3, 1, 3, 1, 3, 3, 1, 3, 1, 3, 3, 3, 3, 3, 1, -2, 3 ], [ 1, 3, 1, 1, 3, 3, 1, 1, 3, 3, 1, 1, 3, 3, 1, 1, 3, -2 ] ] ], 
  [ 361, [ [ -2, 3, 3, 1, 1, 3, 3, 1, 3, 3, 3, 3, 3, 3, 3, 1, 3, 3 ], [ 3, -2, 3, 3, 3, 1, 3, 3, 3, 3, 1, 1, 1, 1, 1, 3, 3, 1 ], 
          [ 3, 3, -2, 3, 3, 3, 1, 3, 3, 1, 1, 1, 3, 3, 1, 1, 1, 1 ], [ 1, 3, 3, -2, 1, 3, 1, 1, 1, 3, 3, 3, 1, 1, 3, 3, 1, 3 ], 
          [ 1, 3, 3, 1, -2, 3, 1, 3, 1, 3, 3, 3, 1, 3, 3, 3, 3, 3 ], [ 3, 1, 3, 3, 3, -2, 3, 1, 3, 1, 1, 1, 1, 1, 3, 1, 3, 1 ], 
          [ 3, 3, 1, 1, 1, 3, -2, 3, 1, 3, 1, 1, 1, 3, 1, 3, 1, 3 ], [ 1, 3, 3, 1, 3, 1, 3, -2, 3, 1, 3, 3, 3, 1, 3, 1, 1, 3 ], 
          [ 3, 3, 3, 1, 1, 3, 1, 3, -2, 1, 3, 3, 1, 1, 3, 3, 1, 3 ], [ 3, 3, 1, 3, 3, 1, 3, 1, 1, -2, 3, 3, 3, 1, 3, 1, 1, 1 ], 
          [ 3, 1, 1, 3, 3, 1, 1, 3, 3, 3, -2, 1, 1, 3, 1, 1, 3, 1 ], [ 3, 1, 1, 3, 3, 1, 1, 3, 3, 3, 1, -2, 1, 3, 1, 1, 3, 1 ], 
          [ 3, 1, 3, 1, 1, 1, 1, 3, 1, 3, 1, 1, -2, 1, 3, 3, 3, 3 ], [ 3, 1, 3, 1, 3, 1, 3, 1, 1, 1, 3, 3, 1, -2, 3, 3, 1, 3 ], 
          [ 3, 1, 1, 3, 3, 3, 1, 3, 3, 3, 1, 1, 3, 3, -2, 3, 1, 1 ], [ 1, 3, 1, 3, 3, 1, 3, 1, 3, 1, 1, 1, 3, 3, 3, -2, 3, 1 ], 
          [ 3, 3, 1, 1, 3, 3, 1, 1, 1, 1, 3, 3, 3, 1, 1, 3, -2, 3 ], [ 3, 1, 1, 3, 3, 1, 3, 3, 3, 1, 1, 1, 3, 3, 1, 1, 3, -2 ] ] ], 
  [ 662, [ [ -2, 3, 3, 1, 1, 3, 3, 1, 3, 3, 3, 3, 3, 3, 3, 1, 1, 3, 1 ], [ 3, -2, 3, 3, 3, 1, 3, 3, 3, 3, 1, 1, 1, 1, 1, 3, 1, 1, 1 ], 
          [ 3, 3, -2, 3, 3, 3, 1, 3, 3, 1, 1, 1, 3, 3, 1, 1, 3, 3, 1 ], [ 1, 3, 3, -2, 1, 3, 1, 1, 1, 3, 3, 3, 1, 1, 3, 3, 1, 3, 3 ], 
          [ 1, 3, 3, 1, -2, 3, 1, 3, 1, 3, 3, 3, 1, 3, 3, 3, 3, 1, 3 ], [ 3, 1, 3, 3, 3, -2, 3, 1, 3, 1, 1, 1, 1, 1, 3, 1, 3, 1, 3 ], 
          [ 3, 3, 1, 1, 1, 3, -2, 3, 1, 3, 1, 1, 1, 3, 1, 3, 3, 3, 1 ], [ 1, 3, 3, 1, 3, 1, 3, -2, 3, 1, 3, 3, 3, 1, 3, 1, 1, 3, 3 ], 
          [ 3, 3, 3, 1, 1, 3, 1, 3, -2, 1, 3, 3, 1, 1, 3, 3, 3, 1, 3 ], [ 3, 3, 1, 3, 3, 1, 3, 1, 1, -2, 3, 3, 3, 1, 3, 1, 3, 1, 3 ], 
          [ 3, 1, 1, 3, 3, 1, 1, 3, 3, 3, -2, 1, 1, 3, 1, 1, 3, 3, 1 ], [ 3, 1, 1, 3, 3, 1, 1, 3, 3, 3, 1, -2, 1, 3, 1, 1, 3, 3, 1 ], 
          [ 3, 1, 3, 1, 1, 1, 1, 3, 1, 3, 1, 1, -2, 1, 3, 3, 3, 1, 3 ], [ 3, 1, 3, 1, 3, 1, 3, 1, 1, 1, 3, 3, 1, -2, 3, 3, 1, 1, 3 ], 
          [ 3, 1, 1, 3, 3, 3, 1, 3, 3, 3, 1, 1, 3, 3, -2, 3, 1, 3, 1 ], [ 1, 3, 1, 3, 3, 1, 3, 1, 3, 1, 1, 1, 3, 3, 3, -2, 3, 3, 1 ], 
          [ 1, 1, 3, 1, 3, 3, 3, 1, 3, 3, 3, 3, 3, 1, 1, 3, -2, 3, 1 ], [ 3, 1, 3, 3, 1, 1, 3, 3, 1, 1, 3, 3, 1, 1, 3, 3, 3, -2, 3 ], 
          [ 1, 1, 1, 3, 3, 3, 1, 3, 3, 3, 1, 1, 3, 3, 1, 1, 1, 3, -2 ] ] ], 
  [ 662, [ [ -2, 3, 3, 1, 1, 3, 3, 1, 3, 3, 3, 3, 3, 3, 3, 1, 1, 1, 1 ], [ 3, -2, 3, 3, 3, 1, 3, 3, 3, 3, 1, 1, 1, 1, 1, 3, 1, 3, 1 ], 
          [ 3, 3, -2, 3, 3, 3, 1, 3, 3, 1, 1, 1, 3, 3, 1, 1, 3, 1, 1 ], [ 1, 3, 3, -2, 1, 3, 1, 1, 1, 3, 3, 3, 1, 1, 3, 3, 1, 1, 3 ], 
          [ 1, 3, 3, 1, -2, 3, 1, 3, 1, 3, 3, 3, 1, 3, 3, 3, 3, 3, 3 ], [ 3, 1, 3, 3, 3, -2, 3, 1, 3, 1, 1, 1, 1, 1, 3, 1, 3, 3, 3 ], 
          [ 3, 3, 1, 1, 1, 3, -2, 3, 1, 3, 1, 1, 1, 3, 1, 3, 3, 1, 1 ], [ 1, 3, 3, 1, 3, 1, 3, -2, 3, 1, 3, 3, 3, 1, 3, 1, 1, 1, 3 ], 
          [ 3, 3, 3, 1, 1, 3, 1, 3, -2, 1, 3, 3, 1, 1, 3, 3, 3, 3, 3 ], [ 3, 3, 1, 3, 3, 1, 3, 1, 1, -2, 3, 3, 3, 1, 3, 1, 3, 3, 3 ], 
          [ 3, 1, 1, 3, 3, 1, 1, 3, 3, 3, -2, 1, 1, 3, 1, 1, 3, 1, 1 ], [ 3, 1, 1, 3, 3, 1, 1, 3, 3, 3, 1, -2, 1, 3, 1, 1, 3, 1, 1 ], 
          [ 3, 1, 3, 1, 1, 1, 1, 3, 1, 3, 1, 1, -2, 1, 3, 3, 3, 3, 3 ], [ 3, 1, 3, 1, 3, 1, 3, 1, 1, 1, 3, 3, 1, -2, 3, 3, 1, 3, 3 ], 
          [ 3, 1, 1, 3, 3, 3, 1, 3, 3, 3, 1, 1, 3, 3, -2, 3, 1, 1, 1 ], [ 1, 3, 1, 3, 3, 1, 3, 1, 3, 1, 1, 1, 3, 3, 3, -2, 3, 1, 1 ], 
          [ 1, 1, 3, 1, 3, 3, 3, 1, 3, 3, 3, 3, 3, 1, 1, 3, -2, 1, 1 ], [ 1, 3, 1, 1, 3, 3, 1, 1, 3, 3, 1, 1, 3, 3, 1, 1, 1, -2, 1 ], 
          [ 1, 1, 1, 3, 3, 3, 1, 3, 3, 3, 1, 1, 3, 3, 1, 1, 1, 1, -2 ] ] ], 
  [ 380, [ [ -2, 3, 3, 1, 1, 3, 3, 1, 3, 3, 3, 3, 3, 3, 3, 1, 1, 3, 1 ], [ 3, -2, 3, 3, 3, 1, 3, 3, 3, 3, 1, 1, 1, 1, 1, 3, 1, 3, 1 ], 
          [ 3, 3, -2, 3, 3, 3, 1, 3, 3, 1, 1, 1, 3, 3, 1, 1, 3, 3, 3 ], [ 1, 3, 3, -2, 1, 3, 1, 1, 1, 3, 3, 3, 1, 1, 3, 3, 1, 1, 1 ], 
          [ 1, 3, 3, 1, -2, 3, 1, 3, 1, 3, 3, 3, 1, 3, 3, 3, 3, 1, 3 ], [ 3, 1, 3, 3, 3, -2, 3, 1, 3, 1, 1, 1, 1, 1, 3, 1, 3, 1, 1 ], 
          [ 3, 3, 1, 1, 1, 3, -2, 3, 1, 3, 1, 1, 1, 3, 1, 3, 3, 1, 3 ], [ 1, 3, 3, 1, 3, 1, 3, -2, 3, 1, 3, 3, 3, 1, 3, 1, 1, 1, 1 ], 
          [ 3, 3, 3, 1, 1, 3, 1, 3, -2, 1, 3, 3, 1, 1, 3, 3, 3, 1, 3 ], [ 3, 3, 1, 3, 3, 1, 3, 1, 1, -2, 3, 3, 3, 1, 3, 1, 3, 1, 3 ], 
          [ 3, 1, 1, 3, 3, 1, 1, 3, 3, 3, -2, 1, 1, 3, 1, 1, 3, 3, 1 ], [ 3, 1, 1, 3, 3, 1, 1, 3, 3, 3, 1, -2, 1, 3, 1, 1, 3, 3, 1 ], 
          [ 3, 1, 3, 1, 1, 1, 1, 3, 1, 3, 1, 1, -2, 1, 3, 3, 3, 1, 1 ], [ 3, 1, 3, 1, 3, 1, 3, 1, 1, 1, 3, 3, 1, -2, 3, 3, 1, 1, 1 ], 
          [ 3, 1, 1, 3, 3, 3, 1, 3, 3, 3, 1, 1, 3, 3, -2, 3, 1, 3, 3 ], [ 1, 3, 1, 3, 3, 1, 3, 1, 3, 1, 1, 1, 3, 3, 3, -2, 3, 3, 1 ], 
          [ 1, 1, 3, 1, 3, 3, 3, 1, 3, 3, 3, 3, 3, 1, 1, 3, -2, 3, 1 ], [ 3, 3, 3, 1, 1, 1, 1, 1, 1, 1, 3, 3, 1, 1, 3, 3, 3, -2, 3 ], 
          [ 1, 1, 3, 1, 3, 1, 3, 1, 3, 3, 1, 1, 1, 1, 3, 1, 1, 3, -2 ] ] ], 
  [ 412, [ [ -2, 3, 3, 1, 1, 3, 3, 1, 3, 3, 3, 3, 3, 3, 3, 1, 3, 3 ], [ 3, -2, 3, 3, 3, 1, 3, 3, 3, 3, 1, 1, 1, 1, 1, 3, 1, 1 ], 
          [ 3, 3, -2, 3, 3, 3, 1, 3, 3, 1, 1, 1, 3, 3, 1, 1, 3, 3 ], [ 1, 3, 3, -2, 1, 3, 1, 1, 1, 3, 3, 3, 1, 1, 3, 3, 1, 3 ], 
          [ 1, 3, 3, 1, -2, 3, 1, 3, 1, 3, 3, 3, 1, 3, 3, 3, 3, 1 ], [ 3, 1, 3, 3, 3, -2, 3, 1, 3, 1, 1, 1, 1, 1, 3, 1, 1, 1 ], 
          [ 3, 3, 1, 1, 1, 3, -2, 3, 1, 3, 1, 1, 1, 3, 1, 3, 1, 3 ], [ 1, 3, 3, 1, 3, 1, 3, -2, 3, 1, 3, 3, 3, 1, 3, 1, 3, 3 ], 
          [ 3, 3, 3, 1, 1, 3, 1, 3, -2, 1, 3, 3, 1, 1, 3, 3, 1, 1 ], [ 3, 3, 1, 3, 3, 1, 3, 1, 1, -2, 3, 3, 3, 1, 3, 1, 3, 1 ], 
          [ 3, 1, 1, 3, 3, 1, 1, 3, 3, 3, -2, 1, 1, 3, 1, 1, 1, 3 ], [ 3, 1, 1, 3, 3, 1, 1, 3, 3, 3, 1, -2, 1, 3, 1, 1, 1, 3 ], 
          [ 3, 1, 3, 1, 1, 1, 1, 3, 1, 3, 1, 1, -2, 1, 3, 3, 1, 1 ], [ 3, 1, 3, 1, 3, 1, 3, 1, 1, 1, 3, 3, 1, -2, 3, 3, 1, 1 ], 
          [ 3, 1, 1, 3, 3, 3, 1, 3, 3, 3, 1, 1, 3, 3, -2, 3, 1, 3 ], [ 1, 3, 1, 3, 3, 1, 3, 1, 3, 1, 1, 1, 3, 3, 3, -2, 3, 3 ], 
          [ 3, 1, 3, 1, 3, 1, 1, 3, 1, 3, 1, 1, 1, 1, 1, 3, -2, 3 ], [ 3, 1, 3, 3, 1, 1, 3, 3, 1, 1, 3, 3, 1, 1, 3, 3, 3, -2 ] ] ], 
  [ 1307, [ [ -2, 3, 3, 1, 1, 3, 3, 1, 3, 3, 3, 3, 3, 3, 3, 1, 1, 1 ], [ 3, -2, 3, 3, 3, 1, 3, 3, 3, 3, 1, 1, 1, 1, 1, 3, 1, 3 ], 
          [ 3, 3, -2, 3, 3, 3, 1, 3, 3, 1, 1, 1, 3, 3, 1, 1, 1, 1 ], [ 1, 3, 3, -2, 1, 3, 1, 1, 1, 3, 3, 3, 1, 1, 3, 3, 3, 1 ], 
          [ 1, 3, 3, 1, -2, 3, 1, 3, 1, 3, 3, 3, 1, 3, 3, 3, 3, 1 ], [ 3, 1, 3, 3, 3, -2, 3, 1, 3, 1, 1, 1, 1, 1, 3, 1, 3, 3 ], 
          [ 3, 3, 1, 1, 1, 3, -2, 3, 1, 3, 1, 1, 1, 3, 1, 3, 1, 3 ], [ 1, 3, 3, 1, 3, 1, 3, -2, 3, 1, 3, 3, 3, 1, 3, 1, 3, 1 ], 
          [ 3, 3, 3, 1, 1, 3, 1, 3, -2, 1, 3, 3, 1, 1, 3, 3, 3, 3 ], [ 3, 3, 1, 3, 3, 1, 3, 1, 1, -2, 3, 3, 3, 1, 3, 1, 3, 1 ], 
          [ 3, 1, 1, 3, 3, 1, 1, 3, 3, 3, -2, 1, 1, 3, 1, 1, 1, 3 ], [ 3, 1, 1, 3, 3, 1, 1, 3, 3, 3, 1, -2, 1, 3, 1, 1, 1, 3 ], 
          [ 3, 1, 3, 1, 1, 1, 1, 3, 1, 3, 1, 1, -2, 1, 3, 3, 3, 3 ], [ 3, 1, 3, 1, 3, 1, 3, 1, 1, 1, 3, 3, 1, -2, 3, 3, 3, 3 ], 
          [ 3, 1, 1, 3, 3, 3, 1, 3, 3, 3, 1, 1, 3, 3, -2, 3, 1, 3 ], [ 1, 3, 1, 3, 3, 1, 3, 1, 3, 1, 1, 1, 3, 3, 3, -2, 1, 1 ], 
          [ 1, 1, 1, 3, 3, 3, 1, 3, 3, 3, 1, 1, 3, 3, 1, 1, -2, 3 ], [ 1, 3, 1, 1, 1, 3, 3, 1, 3, 1, 3, 3, 3, 3, 3, 1, 3, -2 ] ] ], 
  [ 886, [ [ -2, 3, 3, 1, 1, 3, 3, 1, 3, 3, 3, 3, 3, 3, 3, 1, 1, 1 ], [ 3, -2, 3, 3, 3, 1, 3, 3, 3, 3, 1, 1, 1, 1, 1, 3, 1, 1 ], 
          [ 3, 3, -2, 3, 3, 3, 1, 3, 3, 1, 1, 1, 3, 3, 1, 1, 1, 1 ], [ 1, 3, 3, -2, 1, 3, 1, 1, 1, 3, 3, 3, 1, 1, 3, 3, 3, 3 ], 
          [ 1, 3, 3, 1, -2, 3, 1, 3, 1, 3, 3, 3, 1, 3, 3, 3, 3, 3 ], [ 3, 1, 3, 3, 3, -2, 3, 1, 3, 1, 1, 1, 1, 1, 3, 1, 3, 3 ], 
          [ 3, 3, 1, 1, 1, 3, -2, 3, 1, 3, 1, 1, 1, 3, 1, 3, 1, 3 ], [ 1, 3, 3, 1, 3, 1, 3, -2, 3, 1, 3, 3, 3, 1, 3, 1, 3, 3 ], 
          [ 3, 3, 3, 1, 1, 3, 1, 3, -2, 1, 3, 3, 1, 1, 3, 3, 3, 3 ], [ 3, 3, 1, 3, 3, 1, 3, 1, 1, -2, 3, 3, 3, 1, 3, 1, 3, 3 ], 
          [ 3, 1, 1, 3, 3, 1, 1, 3, 3, 3, -2, 1, 1, 3, 1, 1, 1, 1 ], [ 3, 1, 1, 3, 3, 1, 1, 3, 3, 3, 1, -2, 1, 3, 1, 1, 1, 1 ], 
          [ 3, 1, 3, 1, 1, 1, 1, 3, 1, 3, 1, 1, -2, 1, 3, 3, 3, 3 ], [ 3, 1, 3, 1, 3, 1, 3, 1, 1, 1, 3, 3, 1, -2, 3, 3, 3, 3 ], 
          [ 3, 1, 1, 3, 3, 3, 1, 3, 3, 3, 1, 1, 3, 3, -2, 3, 1, 1 ], [ 1, 3, 1, 3, 3, 1, 3, 1, 3, 1, 1, 1, 3, 3, 3, -2, 1, 1 ], 
          [ 1, 1, 1, 3, 3, 3, 1, 3, 3, 3, 1, 1, 3, 3, 1, 1, -2, 1 ], [ 1, 1, 1, 3, 3, 3, 3, 3, 3, 3, 1, 1, 3, 3, 1, 1, 1, -2 ] ] ], 
  [ 408, [ [ -2, 3, 3, 1, 1, 3, 3, 1, 3, 3, 3, 3, 3, 3, 3, 1, 1, 1 ], [ 3, -2, 3, 3, 3, 1, 3, 3, 3, 3, 1, 1, 1, 1, 1, 3, 1, 3 ], 
          [ 3, 3, -2, 3, 3, 3, 1, 3, 3, 1, 1, 1, 3, 3, 1, 1, 1, 1 ], [ 1, 3, 3, -2, 1, 3, 1, 1, 1, 3, 3, 3, 1, 1, 3, 3, 3, 1 ], 
          [ 1, 3, 3, 1, -2, 3, 1, 3, 1, 3, 3, 3, 1, 3, 3, 3, 3, 3 ], [ 3, 1, 3, 3, 3, -2, 3, 1, 3, 1, 1, 1, 1, 1, 3, 1, 3, 3 ], 
          [ 3, 3, 1, 1, 1, 3, -2, 3, 1, 3, 1, 1, 1, 3, 1, 3, 1, 1 ], [ 1, 3, 3, 1, 3, 1, 3, -2, 3, 1, 3, 3, 3, 1, 3, 1, 3, 1 ], 
          [ 3, 3, 3, 1, 1, 3, 1, 3, -2, 1, 3, 3, 1, 1, 3, 3, 3, 3 ], [ 3, 3, 1, 3, 3, 1, 3, 1, 1, -2, 3, 3, 3, 1, 3, 1, 3, 3 ], 
          [ 3, 1, 1, 3, 3, 1, 1, 3, 3, 3, -2, 1, 1, 3, 1, 1, 1, 1 ], [ 3, 1, 1, 3, 3, 1, 1, 3, 3, 3, 1, -2, 1, 3, 1, 1, 1, 1 ], 
          [ 3, 1, 3, 1, 1, 1, 1, 3, 1, 3, 1, 1, -2, 1, 3, 3, 3, 3 ], [ 3, 1, 3, 1, 3, 1, 3, 1, 1, 1, 3, 3, 1, -2, 3, 3, 3, 3 ], 
          [ 3, 1, 1, 3, 3, 3, 1, 3, 3, 3, 1, 1, 3, 3, -2, 3, 1, 1 ], [ 1, 3, 1, 3, 3, 1, 3, 1, 3, 1, 1, 1, 3, 3, 3, -2, 1, 1 ], 
          [ 1, 1, 1, 3, 3, 3, 1, 3, 3, 3, 1, 1, 3, 3, 1, 1, -2, 1 ], [ 1, 3, 1, 1, 3, 3, 1, 1, 3, 3, 1, 1, 3, 3, 1, 1, 1, -2 ] ] ], 
  [ 662, [ [ -2, 3, 3, 1, 1, 3, 3, 1, 3, 3, 3, 3, 3, 3, 3, 1, 1, 1, 1 ], [ 3, -2, 3, 3, 3, 1, 3, 3, 3, 3, 1, 1, 1, 1, 1, 3, 1, 3, 1 ], 
          [ 3, 3, -2, 3, 3, 3, 1, 3, 3, 1, 1, 1, 3, 3, 1, 1, 1, 1, 3 ], [ 1, 3, 3, -2, 1, 3, 1, 1, 1, 3, 3, 3, 1, 1, 3, 3, 3, 1, 1 ], 
          [ 1, 3, 3, 1, -2, 3, 1, 3, 1, 3, 3, 3, 1, 3, 3, 3, 3, 3, 3 ], [ 3, 1, 3, 3, 3, -2, 3, 1, 3, 1, 1, 1, 1, 1, 3, 1, 3, 3, 3 ], 
          [ 3, 3, 1, 1, 1, 3, -2, 3, 1, 3, 1, 1, 1, 3, 1, 3, 1, 1, 3 ], [ 1, 3, 3, 1, 3, 1, 3, -2, 3, 1, 3, 3, 3, 1, 3, 1, 3, 1, 1 ], 
          [ 3, 3, 3, 1, 1, 3, 1, 3, -2, 1, 3, 3, 1, 1, 3, 3, 3, 3, 3 ], [ 3, 3, 1, 3, 3, 1, 3, 1, 1, -2, 3, 3, 3, 1, 3, 1, 3, 3, 3 ], 
          [ 3, 1, 1, 3, 3, 1, 1, 3, 3, 3, -2, 1, 1, 3, 1, 1, 1, 1, 3 ], [ 3, 1, 1, 3, 3, 1, 1, 3, 3, 3, 1, -2, 1, 3, 1, 1, 1, 1, 3 ], 
          [ 3, 1, 3, 1, 1, 1, 1, 3, 1, 3, 1, 1, -2, 1, 3, 3, 3, 3, 3 ], [ 3, 1, 3, 1, 3, 1, 3, 1, 1, 1, 3, 3, 1, -2, 3, 3, 3, 3, 1 ], 
          [ 3, 1, 1, 3, 3, 3, 1, 3, 3, 3, 1, 1, 3, 3, -2, 3, 1, 1, 1 ], [ 1, 3, 1, 3, 3, 1, 3, 1, 3, 1, 1, 1, 3, 3, 3, -2, 1, 1, 3 ], 
          [ 1, 1, 1, 3, 3, 3, 1, 3, 3, 3, 1, 1, 3, 3, 1, 1, -2, 1, 1 ], [ 1, 3, 1, 1, 3, 3, 1, 1, 3, 3, 1, 1, 3, 3, 1, 1, 1, -2, 1 ], 
          [ 1, 1, 3, 1, 3, 3, 3, 1, 3, 3, 3, 3, 3, 1, 1, 3, 1, 1, -2 ] ] ], 
  [ 574, [ [ -2, 3, 3, 1, 1, 3, 3, 1, 3, 3, 3, 3, 3, 3, 3, 3, 1 ], [ 3, -2, 3, 3, 3, 1, 3, 3, 3, 3, 1, 1, 1, 1, 1, 1, 3 ], 
          [ 3, 3, -2, 3, 3, 3, 1, 3, 3, 1, 1, 1, 3, 3, 1, 1, 1 ], [ 1, 3, 3, -2, 1, 3, 1, 1, 1, 3, 3, 3, 1, 1, 3, 3, 1 ], 
          [ 1, 3, 3, 1, -2, 3, 1, 3, 1, 3, 3, 3, 1, 3, 3, 3, 1 ], [ 3, 1, 3, 3, 3, -2, 3, 1, 3, 1, 1, 1, 1, 1, 3, 1, 3 ], 
          [ 3, 3, 1, 1, 1, 3, -2, 3, 1, 3, 1, 1, 1, 3, 1, 3, 1 ], [ 1, 3, 3, 1, 3, 1, 3, -2, 3, 1, 3, 3, 3, 1, 3, 3, 3 ], 
          [ 3, 3, 3, 1, 1, 3, 1, 3, -2, 1, 3, 3, 1, 1, 3, 3, 3 ], [ 3, 3, 1, 3, 3, 1, 3, 1, 1, -2, 3, 3, 3, 1, 3, 1, 3 ], 
          [ 3, 1, 1, 3, 3, 1, 1, 3, 3, 3, -2, 1, 1, 3, 1, 1, 3 ], [ 3, 1, 1, 3, 3, 1, 1, 3, 3, 3, 1, -2, 1, 3, 1, 1, 1 ], 
          [ 3, 1, 3, 1, 1, 1, 1, 3, 1, 3, 1, 1, -2, 1, 3, 3, 3 ], [ 3, 1, 3, 1, 3, 1, 3, 1, 1, 1, 3, 3, 1, -2, 3, 3, 3 ], 
          [ 3, 1, 1, 3, 3, 3, 1, 3, 3, 3, 1, 1, 3, 3, -2, 1, 1 ], [ 3, 1, 1, 3, 3, 1, 3, 3, 3, 1, 1, 1, 3, 3, 1, -2, 1 ], 
          [ 1, 3, 1, 1, 1, 3, 1, 3, 3, 3, 3, 1, 3, 3, 1, 1, -2 ] ] ], [ 574, [ [ -2, 3, 3, 1, 1, 3, 3, 1, 3, 3, 3, 3, 3, 3, 3, 3, 1 ], 
          [ 3, -2, 3, 3, 3, 1, 3, 3, 3, 3, 1, 1, 1, 1, 1, 1, 3 ], [ 3, 3, -2, 3, 3, 3, 1, 3, 3, 1, 1, 1, 3, 3, 1, 1, 1 ], 
          [ 1, 3, 3, -2, 1, 3, 1, 1, 1, 3, 3, 3, 1, 1, 3, 3, 1 ], [ 1, 3, 3, 1, -2, 3, 1, 3, 1, 3, 3, 3, 1, 3, 3, 3, 1 ], 
          [ 3, 1, 3, 3, 3, -2, 3, 1, 3, 1, 1, 1, 1, 1, 3, 1, 3 ], [ 3, 3, 1, 1, 1, 3, -2, 3, 1, 3, 1, 1, 1, 3, 1, 3, 1 ], 
          [ 1, 3, 3, 1, 3, 1, 3, -2, 3, 1, 3, 3, 3, 1, 3, 3, 3 ], [ 3, 3, 3, 1, 1, 3, 1, 3, -2, 1, 3, 3, 1, 1, 3, 3, 3 ], 
          [ 3, 3, 1, 3, 3, 1, 3, 1, 1, -2, 3, 3, 3, 1, 3, 1, 3 ], [ 3, 1, 1, 3, 3, 1, 1, 3, 3, 3, -2, 1, 1, 3, 1, 1, 3 ], 
          [ 3, 1, 1, 3, 3, 1, 1, 3, 3, 3, 1, -2, 1, 3, 1, 1, 1 ], [ 3, 1, 3, 1, 1, 1, 1, 3, 1, 3, 1, 1, -2, 1, 3, 3, 3 ], 
          [ 3, 1, 3, 1, 3, 1, 3, 1, 1, 1, 3, 3, 1, -2, 3, 3, 3 ], [ 3, 1, 1, 3, 3, 3, 1, 3, 3, 3, 1, 1, 3, 3, -2, 1, 1 ], 
          [ 3, 1, 1, 3, 3, 1, 3, 3, 3, 1, 1, 1, 3, 3, 1, -2, 1 ], [ 1, 3, 1, 1, 1, 3, 1, 3, 3, 3, 3, 1, 3, 3, 1, 1, -2 ] ] ], 
  [ 574, [ [ -2, 3, 3, 1, 1, 3, 3, 1, 3, 3, 3, 3, 3, 3, 3, 3, 1 ], [ 3, -2, 3, 3, 3, 1, 3, 3, 3, 3, 1, 1, 1, 1, 1, 1, 3 ], 
          [ 3, 3, -2, 3, 3, 3, 1, 3, 3, 1, 1, 1, 3, 3, 1, 1, 1 ], [ 1, 3, 3, -2, 1, 3, 1, 1, 1, 3, 3, 3, 1, 1, 3, 3, 3 ], 
          [ 1, 3, 3, 1, -2, 3, 1, 3, 1, 3, 3, 3, 1, 3, 3, 3, 1 ], [ 3, 1, 3, 3, 3, -2, 3, 1, 3, 1, 1, 1, 1, 1, 3, 1, 3 ], 
          [ 3, 3, 1, 1, 1, 3, -2, 3, 1, 3, 1, 1, 1, 3, 1, 3, 1 ], [ 1, 3, 3, 1, 3, 1, 3, -2, 3, 1, 3, 3, 3, 1, 3, 3, 3 ], 
          [ 3, 3, 3, 1, 1, 3, 1, 3, -2, 1, 3, 3, 1, 1, 3, 3, 3 ], [ 3, 3, 1, 3, 3, 1, 3, 1, 1, -2, 3, 3, 3, 1, 3, 1, 3 ], 
          [ 3, 1, 1, 3, 3, 1, 1, 3, 3, 3, -2, 1, 1, 3, 1, 1, 3 ], [ 3, 1, 1, 3, 3, 1, 1, 3, 3, 3, 1, -2, 1, 3, 1, 1, 1 ], 
          [ 3, 1, 3, 1, 1, 1, 1, 3, 1, 3, 1, 1, -2, 1, 3, 3, 3 ], [ 3, 1, 3, 1, 3, 1, 3, 1, 1, 1, 3, 3, 1, -2, 3, 3, 3 ], 
          [ 3, 1, 1, 3, 3, 3, 1, 3, 3, 3, 1, 1, 3, 3, -2, 1, 1 ], [ 3, 1, 1, 3, 3, 1, 3, 3, 3, 1, 1, 1, 3, 3, 1, -2, 3 ], 
          [ 1, 3, 1, 3, 1, 3, 1, 3, 3, 3, 3, 1, 3, 3, 1, 3, -2 ] ] ], 
  [ 574, [ [ -2, 3, 3, 1, 1, 3, 3, 1, 3, 3, 3, 3, 3, 3, 3, 3, 3 ], [ 3, -2, 3, 3, 3, 1, 3, 3, 3, 3, 1, 1, 1, 1, 1, 1, 1 ], 
          [ 3, 3, -2, 3, 3, 3, 1, 3, 3, 1, 1, 1, 3, 3, 1, 1, 3 ], [ 1, 3, 3, -2, 1, 3, 1, 1, 1, 3, 3, 3, 1, 1, 3, 3, 1 ], 
          [ 1, 3, 3, 1, -2, 3, 1, 3, 1, 3, 3, 3, 1, 3, 3, 3, 3 ], [ 3, 1, 3, 3, 3, -2, 3, 1, 3, 1, 1, 1, 1, 1, 3, 1, 1 ], 
          [ 3, 3, 1, 1, 1, 3, -2, 3, 1, 3, 1, 1, 1, 3, 1, 3, 3 ], [ 1, 3, 3, 1, 3, 1, 3, -2, 3, 1, 3, 3, 3, 1, 3, 3, 1 ], 
          [ 3, 3, 3, 1, 1, 3, 1, 3, -2, 1, 3, 3, 1, 1, 3, 3, 1 ], [ 3, 3, 1, 3, 3, 1, 3, 1, 1, -2, 3, 3, 3, 1, 3, 1, 1 ], 
          [ 3, 1, 1, 3, 3, 1, 1, 3, 3, 3, -2, 1, 1, 3, 1, 1, 1 ], [ 3, 1, 1, 3, 3, 1, 1, 3, 3, 3, 1, -2, 1, 3, 1, 1, 3 ], 
          [ 3, 1, 3, 1, 1, 1, 1, 3, 1, 3, 1, 1, -2, 1, 3, 3, 1 ], [ 3, 1, 3, 1, 3, 1, 3, 1, 1, 1, 3, 3, 1, -2, 3, 3, 1 ], 
          [ 3, 1, 1, 3, 3, 3, 1, 3, 3, 3, 1, 1, 3, 3, -2, 1, 3 ], [ 3, 1, 1, 3, 3, 1, 3, 3, 3, 1, 1, 1, 3, 3, 1, -2, 1 ], 
          [ 3, 1, 3, 1, 3, 1, 3, 1, 1, 1, 1, 3, 1, 1, 3, 1, -2 ] ] ], [ 361, [ [ -2, 3, 3, 1, 1, 3, 3, 1, 3, 3, 3, 3, 3, 3, 3, 3, 3, 1 ], 
          [ 3, -2, 3, 3, 3, 1, 3, 3, 3, 3, 1, 1, 1, 1, 1, 1, 1, 1 ], [ 3, 3, -2, 3, 3, 3, 1, 3, 3, 1, 1, 1, 3, 3, 1, 1, 3, 3 ], 
          [ 1, 3, 3, -2, 1, 3, 1, 1, 1, 3, 3, 3, 1, 1, 3, 3, 1, 3 ], [ 1, 3, 3, 1, -2, 3, 1, 3, 1, 3, 3, 3, 1, 3, 3, 3, 1, 1 ], 
          [ 3, 1, 3, 3, 3, -2, 3, 1, 3, 1, 1, 1, 1, 1, 3, 1, 3, 1 ], [ 3, 3, 1, 1, 1, 3, -2, 3, 1, 3, 1, 1, 1, 3, 1, 3, 1, 3 ], 
          [ 1, 3, 3, 1, 3, 1, 3, -2, 3, 1, 3, 3, 3, 1, 3, 3, 3, 3 ], [ 3, 3, 3, 1, 1, 3, 1, 3, -2, 1, 3, 3, 1, 1, 3, 3, 1, 3 ], 
          [ 3, 3, 1, 3, 3, 1, 3, 1, 1, -2, 3, 3, 3, 1, 3, 1, 3, 3 ], [ 3, 1, 1, 3, 3, 1, 1, 3, 3, 3, -2, 1, 1, 3, 1, 1, 3, 1 ], 
          [ 3, 1, 1, 3, 3, 1, 1, 3, 3, 3, 1, -2, 1, 3, 1, 1, 3, 1 ], [ 3, 1, 3, 1, 1, 1, 1, 3, 1, 3, 1, 1, -2, 1, 3, 3, 1, 1 ], 
          [ 3, 1, 3, 1, 3, 1, 3, 1, 1, 1, 3, 3, 1, -2, 3, 3, 1, 3 ], [ 3, 1, 1, 3, 3, 3, 1, 3, 3, 3, 1, 1, 3, 3, -2, 1, 1, 3 ], 
          [ 3, 1, 1, 3, 3, 1, 3, 3, 3, 1, 1, 1, 3, 3, 1, -2, 3, 1 ], [ 3, 1, 3, 1, 1, 3, 1, 3, 1, 3, 3, 3, 1, 1, 1, 3, -2, 3 ], 
          [ 1, 1, 3, 3, 1, 1, 3, 3, 3, 3, 1, 1, 1, 3, 3, 1, 3, -2 ] ] ], 
  [ 361, [ [ -2, 3, 3, 1, 1, 3, 3, 1, 3, 3, 3, 3, 3, 3, 3, 3, 3, 1 ], [ 3, -2, 3, 3, 3, 1, 3, 3, 3, 3, 1, 1, 1, 1, 1, 1, 1, 1 ], 
          [ 3, 3, -2, 3, 3, 3, 1, 3, 3, 1, 1, 1, 3, 3, 1, 1, 3, 3 ], [ 1, 3, 3, -2, 1, 3, 1, 1, 1, 3, 3, 3, 1, 1, 3, 3, 1, 3 ], 
          [ 1, 3, 3, 1, -2, 3, 1, 3, 1, 3, 3, 3, 1, 3, 3, 3, 1, 1 ], [ 3, 1, 3, 3, 3, -2, 3, 1, 3, 1, 1, 1, 1, 1, 3, 1, 3, 1 ], 
          [ 3, 3, 1, 1, 1, 3, -2, 3, 1, 3, 1, 1, 1, 3, 1, 3, 1, 3 ], [ 1, 3, 3, 1, 3, 1, 3, -2, 3, 1, 3, 3, 3, 1, 3, 3, 3, 3 ], 
          [ 3, 3, 3, 1, 1, 3, 1, 3, -2, 1, 3, 3, 1, 1, 3, 3, 1, 3 ], [ 3, 3, 1, 3, 3, 1, 3, 1, 1, -2, 3, 3, 3, 1, 3, 1, 3, 3 ], 
          [ 3, 1, 1, 3, 3, 1, 1, 3, 3, 3, -2, 1, 1, 3, 1, 1, 3, 1 ], [ 3, 1, 1, 3, 3, 1, 1, 3, 3, 3, 1, -2, 1, 3, 1, 1, 3, 1 ], 
          [ 3, 1, 3, 1, 1, 1, 1, 3, 1, 3, 1, 1, -2, 1, 3, 3, 1, 1 ], [ 3, 1, 3, 1, 3, 1, 3, 1, 1, 1, 3, 3, 1, -2, 3, 3, 1, 3 ], 
          [ 3, 1, 1, 3, 3, 3, 1, 3, 3, 3, 1, 1, 3, 3, -2, 1, 1, 3 ], [ 3, 1, 1, 3, 3, 1, 3, 3, 3, 1, 1, 1, 3, 3, 1, -2, 3, 1 ], 
          [ 3, 1, 3, 1, 1, 3, 1, 3, 1, 3, 3, 3, 1, 1, 1, 3, -2, 3 ], [ 1, 1, 3, 3, 1, 1, 3, 3, 3, 3, 1, 1, 1, 3, 3, 1, 3, -2 ] ] ], 
  [ 409, [ [ -2, 3, 3, 1, 1, 3, 3, 1, 3, 3, 3, 3, 3, 3, 3, 1, 1 ], [ 3, -2, 3, 3, 3, 1, 3, 3, 3, 3, 1, 1, 1, 1, 1, 3, 3 ], 
          [ 3, 3, -2, 3, 3, 3, 1, 3, 3, 1, 1, 1, 3, 3, 1, 1, 1 ], [ 1, 3, 3, -2, 1, 3, 1, 1, 1, 3, 3, 3, 1, 1, 3, 1, 1 ], 
          [ 1, 3, 3, 1, -2, 3, 1, 3, 1, 3, 3, 3, 1, 3, 3, 1, 3 ], [ 3, 1, 3, 3, 3, -2, 3, 1, 3, 1, 1, 1, 1, 1, 3, 3, 3 ], 
          [ 3, 3, 1, 1, 1, 3, -2, 3, 1, 3, 1, 1, 1, 3, 1, 1, 1 ], [ 1, 3, 3, 1, 3, 1, 3, -2, 3, 1, 3, 3, 3, 1, 3, 3, 1 ], 
          [ 3, 3, 3, 1, 1, 3, 1, 3, -2, 1, 3, 3, 1, 1, 3, 3, 3 ], [ 3, 3, 1, 3, 3, 1, 3, 1, 1, -2, 3, 3, 3, 1, 3, 3, 3 ], 
          [ 3, 1, 1, 3, 3, 1, 1, 3, 3, 3, -2, 1, 1, 3, 1, 3, 1 ], [ 3, 1, 1, 3, 3, 1, 1, 3, 3, 3, 1, -2, 1, 3, 1, 1, 1 ], 
          [ 3, 1, 3, 1, 1, 1, 1, 3, 1, 3, 1, 1, -2, 1, 3, 3, 3 ], [ 3, 1, 3, 1, 3, 1, 3, 1, 1, 1, 3, 3, 1, -2, 3, 3, 3 ], 
          [ 3, 1, 1, 3, 3, 3, 1, 3, 3, 3, 1, 1, 3, 3, -2, 1, 1 ], [ 1, 3, 1, 1, 1, 3, 1, 3, 3, 3, 3, 1, 3, 3, 1, -2, 1 ], 
          [ 1, 3, 1, 1, 3, 3, 1, 1, 3, 3, 1, 1, 3, 3, 1, 1, -2 ] ] ], 
  [ 796, [ [ -2, 3, 3, 1, 1, 3, 3, 1, 3, 3, 3, 3, 3, 3, 3, 3, 1, 3 ], [ 3, -2, 3, 3, 3, 1, 3, 3, 3, 3, 1, 1, 1, 1, 1, 1, 3, 3 ], 
          [ 3, 3, -2, 3, 3, 3, 1, 3, 3, 1, 1, 1, 3, 3, 1, 3, 3, 1 ], [ 1, 3, 3, -2, 1, 3, 1, 1, 1, 3, 3, 3, 1, 1, 3, 1, 1, 3 ], 
          [ 1, 3, 3, 1, -2, 3, 1, 3, 1, 3, 3, 3, 1, 3, 3, 3, 3, 1 ], [ 3, 1, 3, 3, 3, -2, 3, 1, 3, 1, 1, 1, 1, 1, 3, 1, 1, 3 ], 
          [ 3, 3, 1, 1, 1, 3, -2, 3, 1, 3, 1, 1, 1, 3, 1, 1, 3, 1 ], [ 1, 3, 3, 1, 3, 1, 3, -2, 3, 1, 3, 3, 3, 1, 3, 3, 1, 3 ], 
          [ 3, 3, 3, 1, 1, 3, 1, 3, -2, 1, 3, 3, 1, 1, 3, 1, 1, 1 ], [ 3, 3, 1, 3, 3, 1, 3, 1, 1, -2, 3, 3, 3, 1, 3, 3, 1, 1 ], 
          [ 3, 1, 1, 3, 3, 1, 1, 3, 3, 3, -2, 1, 1, 3, 1, 1, 3, 1 ], [ 3, 1, 1, 3, 3, 1, 1, 3, 3, 3, 1, -2, 1, 3, 1, 1, 3, 3 ], 
          [ 3, 1, 3, 1, 1, 1, 1, 3, 1, 3, 1, 1, -2, 1, 3, 1, 3, 3 ], [ 3, 1, 3, 1, 3, 1, 3, 1, 1, 1, 3, 3, 1, -2, 3, 1, 1, 3 ], 
          [ 3, 1, 1, 3, 3, 3, 1, 3, 3, 3, 1, 1, 3, 3, -2, 1, 3, 1 ], [ 3, 1, 3, 1, 3, 1, 1, 3, 1, 3, 1, 1, 1, 1, 1, -2, 1, 3 ], 
          [ 1, 3, 3, 1, 3, 1, 3, 1, 1, 1, 3, 3, 3, 1, 3, 1, -2, 3 ], [ 3, 3, 1, 3, 1, 3, 1, 3, 1, 1, 1, 3, 3, 3, 1, 3, 3, -2 ] ] ], 
  [ 325, [ [ -2, 3, 3, 1, 1, 3, 3, 1, 3, 3, 3, 3, 3, 3, 3, 3, 3, 3 ], [ 3, -2, 3, 3, 3, 1, 3, 3, 3, 3, 1, 1, 1, 1, 1, 1, 1, 3 ], 
          [ 3, 3, -2, 3, 3, 3, 1, 3, 3, 1, 1, 1, 3, 3, 1, 3, 3, 1 ], [ 1, 3, 3, -2, 1, 3, 1, 1, 1, 3, 3, 3, 1, 1, 3, 1, 1, 3 ], 
          [ 1, 3, 3, 1, -2, 3, 1, 3, 1, 3, 3, 3, 1, 3, 3, 3, 1, 1 ], [ 3, 1, 3, 3, 3, -2, 3, 1, 3, 1, 1, 1, 1, 1, 3, 1, 3, 3 ], 
          [ 3, 3, 1, 1, 1, 3, -2, 3, 1, 3, 1, 1, 1, 3, 1, 1, 1, 1 ], [ 1, 3, 3, 1, 3, 1, 3, -2, 3, 1, 3, 3, 3, 1, 3, 3, 3, 3 ], 
          [ 3, 3, 3, 1, 1, 3, 1, 3, -2, 1, 3, 3, 1, 1, 3, 1, 1, 1 ], [ 3, 3, 1, 3, 3, 1, 3, 1, 1, -2, 3, 3, 3, 1, 3, 3, 3, 1 ], 
          [ 3, 1, 1, 3, 3, 1, 1, 3, 3, 3, -2, 1, 1, 3, 1, 1, 3, 3 ], [ 3, 1, 1, 3, 3, 1, 1, 3, 3, 3, 1, -2, 1, 3, 1, 1, 3, 3 ], 
          [ 3, 1, 3, 1, 1, 1, 1, 3, 1, 3, 1, 1, -2, 1, 3, 1, 1, 3 ], [ 3, 1, 3, 1, 3, 1, 3, 1, 1, 1, 3, 3, 1, -2, 3, 1, 1, 3 ], 
          [ 3, 1, 1, 3, 3, 3, 1, 3, 3, 3, 1, 1, 3, 3, -2, 1, 1, 1 ], [ 3, 1, 3, 1, 3, 1, 1, 3, 1, 3, 1, 1, 1, 1, 1, -2, 1, 3 ], 
          [ 3, 1, 3, 1, 1, 3, 1, 3, 1, 3, 3, 3, 1, 1, 1, 1, -2, 1 ], [ 3, 3, 1, 3, 1, 3, 1, 3, 1, 1, 3, 3, 3, 3, 1, 3, 1, -2 ] ] ], 
  [ 796, [ [ -2, 3, 3, 1, 1, 3, 3, 1, 3, 3, 3, 3, 3, 3, 3, 3, 1, 1 ], [ 3, -2, 3, 3, 3, 1, 3, 3, 3, 3, 1, 1, 1, 1, 1, 1, 3, 1 ], 
          [ 3, 3, -2, 3, 3, 3, 1, 3, 3, 1, 1, 1, 3, 3, 1, 3, 3, 3 ], [ 1, 3, 3, -2, 1, 3, 1, 1, 1, 3, 3, 3, 1, 1, 3, 1, 1, 1 ], 
          [ 1, 3, 3, 1, -2, 3, 1, 3, 1, 3, 3, 3, 1, 3, 3, 3, 3, 3 ], [ 3, 1, 3, 3, 3, -2, 3, 1, 3, 1, 1, 1, 1, 1, 3, 1, 1, 1 ], 
          [ 3, 3, 1, 1, 1, 3, -2, 3, 1, 3, 1, 1, 1, 3, 1, 1, 3, 3 ], [ 1, 3, 3, 1, 3, 1, 3, -2, 3, 1, 3, 3, 3, 1, 3, 3, 1, 1 ], 
          [ 3, 3, 3, 1, 1, 3, 1, 3, -2, 1, 3, 3, 1, 1, 3, 1, 1, 3 ], [ 3, 3, 1, 3, 3, 1, 3, 1, 1, -2, 3, 3, 3, 1, 3, 3, 1, 3 ], 
          [ 3, 1, 1, 3, 3, 1, 1, 3, 3, 3, -2, 1, 1, 3, 1, 1, 3, 3 ], [ 3, 1, 1, 3, 3, 1, 1, 3, 3, 3, 1, -2, 1, 3, 1, 1, 3, 1 ], 
          [ 3, 1, 3, 1, 1, 1, 1, 3, 1, 3, 1, 1, -2, 1, 3, 1, 3, 1 ], [ 3, 1, 3, 1, 3, 1, 3, 1, 1, 1, 3, 3, 1, -2, 3, 1, 1, 1 ], 
          [ 3, 1, 1, 3, 3, 3, 1, 3, 3, 3, 1, 1, 3, 3, -2, 1, 3, 3 ], [ 3, 1, 3, 1, 3, 1, 1, 3, 1, 3, 1, 1, 1, 1, 1, -2, 1, 1 ], 
          [ 1, 3, 3, 1, 3, 1, 3, 1, 1, 1, 3, 3, 3, 1, 3, 1, -2, 1 ], [ 1, 1, 3, 1, 3, 1, 3, 1, 3, 3, 3, 1, 1, 1, 3, 1, 1, -2 ] ] ], 
  [ 796, [ [ -2, 3, 3, 1, 1, 3, 3, 1, 3, 3, 3, 3, 3, 3, 3, 3, 1, 3 ], [ 3, -2, 3, 3, 3, 1, 3, 3, 3, 3, 1, 1, 1, 1, 1, 1, 3, 3 ], 
          [ 3, 3, -2, 3, 3, 3, 1, 3, 3, 1, 1, 1, 3, 3, 1, 3, 3, 1 ], [ 1, 3, 3, -2, 1, 3, 1, 1, 1, 3, 3, 3, 1, 1, 3, 1, 1, 3 ], 
          [ 1, 3, 3, 1, -2, 3, 1, 3, 1, 3, 3, 3, 1, 3, 3, 3, 3, 1 ], [ 3, 1, 3, 3, 3, -2, 3, 1, 3, 1, 1, 1, 1, 1, 3, 1, 1, 3 ], 
          [ 3, 3, 1, 1, 1, 3, -2, 3, 1, 3, 1, 1, 1, 3, 1, 1, 3, 1 ], [ 1, 3, 3, 1, 3, 1, 3, -2, 3, 1, 3, 3, 3, 1, 3, 3, 1, 3 ], 
          [ 3, 3, 3, 1, 1, 3, 1, 3, -2, 1, 3, 3, 1, 1, 3, 1, 1, 1 ], [ 3, 3, 1, 3, 3, 1, 3, 1, 1, -2, 3, 3, 3, 1, 3, 3, 1, 1 ], 
          [ 3, 1, 1, 3, 3, 1, 1, 3, 3, 3, -2, 1, 1, 3, 1, 1, 3, 3 ], [ 3, 1, 1, 3, 3, 1, 1, 3, 3, 3, 1, -2, 1, 3, 1, 1, 3, 1 ], 
          [ 3, 1, 3, 1, 1, 1, 1, 3, 1, 3, 1, 1, -2, 1, 3, 1, 3, 3 ], [ 3, 1, 3, 1, 3, 1, 3, 1, 1, 1, 3, 3, 1, -2, 3, 1, 1, 3 ], 
          [ 3, 1, 1, 3, 3, 3, 1, 3, 3, 3, 1, 1, 3, 3, -2, 1, 3, 1 ], [ 3, 1, 3, 1, 3, 1, 1, 3, 1, 3, 1, 1, 1, 1, 1, -2, 1, 3 ], 
          [ 1, 3, 3, 1, 3, 1, 3, 1, 1, 1, 3, 3, 3, 1, 3, 1, -2, 3 ], [ 3, 3, 1, 3, 1, 3, 1, 3, 1, 1, 3, 1, 3, 3, 1, 3, 3, -2 ] ] ], 
  [ 796, [ [ -2, 3, 3, 1, 1, 3, 3, 1, 3, 3, 3, 3, 3, 3, 3, 3, 1, 1 ], [ 3, -2, 3, 3, 3, 1, 3, 3, 3, 3, 1, 1, 1, 1, 1, 3, 3, 3 ], 
          [ 3, 3, -2, 3, 3, 3, 1, 3, 3, 1, 1, 1, 3, 3, 1, 1, 1, 3 ], [ 1, 3, 3, -2, 1, 3, 1, 1, 1, 3, 3, 3, 1, 1, 3, 3, 3, 1 ], 
          [ 1, 3, 3, 1, -2, 3, 1, 3, 1, 3, 3, 3, 1, 3, 3, 1, 1, 3 ], [ 3, 1, 3, 3, 3, -2, 3, 1, 3, 1, 1, 1, 1, 1, 3, 3, 3, 1 ], 
          [ 3, 3, 1, 1, 1, 3, -2, 3, 1, 3, 1, 1, 1, 3, 1, 1, 3, 3 ], [ 1, 3, 3, 1, 3, 1, 3, -2, 3, 1, 3, 3, 3, 1, 3, 3, 1, 1 ], 
          [ 3, 3, 3, 1, 1, 3, 1, 3, -2, 1, 3, 3, 1, 1, 3, 1, 3, 1 ], [ 3, 3, 1, 3, 3, 1, 3, 1, 1, -2, 3, 3, 3, 1, 3, 1, 1, 1 ], 
          [ 3, 1, 1, 3, 3, 1, 1, 3, 3, 3, -2, 1, 1, 3, 1, 3, 3, 3 ], [ 3, 1, 1, 3, 3, 1, 1, 3, 3, 3, 1, -2, 1, 3, 1, 1, 3, 3 ], 
          [ 3, 1, 3, 1, 1, 1, 1, 3, 1, 3, 1, 1, -2, 1, 3, 3, 3, 3 ], [ 3, 1, 3, 1, 3, 1, 3, 1, 1, 1, 3, 3, 1, -2, 3, 3, 3, 1 ], 
          [ 3, 1, 1, 3, 3, 3, 1, 3, 3, 3, 1, 1, 3, 3, -2, 1, 3, 3 ], [ 3, 3, 1, 3, 1, 3, 1, 3, 1, 1, 3, 1, 3, 3, 1, -2, 1, 3 ], 
          [ 1, 3, 1, 3, 1, 3, 3, 1, 3, 1, 3, 3, 3, 3, 3, 1, -2, 3 ], [ 1, 3, 3, 1, 3, 1, 3, 1, 1, 1, 3, 3, 3, 1, 3, 3, 3, -2 ] ] ], 
  [ 325, [ [ -2, 3, 3, 1, 1, 3, 3, 1, 3, 3, 3, 3, 3, 3, 3, 3, 1, 3 ], [ 3, -2, 3, 3, 3, 1, 3, 3, 3, 3, 1, 1, 1, 1, 1, 3, 3, 1 ], 
          [ 3, 3, -2, 3, 3, 3, 1, 3, 3, 1, 1, 1, 3, 3, 1, 1, 1, 3 ], [ 1, 3, 3, -2, 1, 3, 1, 1, 1, 3, 3, 3, 1, 1, 3, 3, 3, 1 ], 
          [ 1, 3, 3, 1, -2, 3, 1, 3, 1, 3, 3, 3, 1, 3, 3, 1, 1, 1 ], [ 3, 1, 3, 3, 3, -2, 3, 1, 3, 1, 1, 1, 1, 1, 3, 3, 3, 3 ], 
          [ 3, 3, 1, 1, 1, 3, -2, 3, 1, 3, 1, 1, 1, 3, 1, 1, 3, 1 ], [ 1, 3, 3, 1, 3, 1, 3, -2, 3, 1, 3, 3, 3, 1, 3, 3, 1, 3 ], 
          [ 3, 3, 3, 1, 1, 3, 1, 3, -2, 1, 3, 3, 1, 1, 3, 1, 3, 1 ], [ 3, 3, 1, 3, 3, 1, 3, 1, 1, -2, 3, 3, 3, 1, 3, 1, 1, 3 ], 
          [ 3, 1, 1, 3, 3, 1, 1, 3, 3, 3, -2, 1, 1, 3, 1, 3, 3, 3 ], [ 3, 1, 1, 3, 3, 1, 1, 3, 3, 3, 1, -2, 1, 3, 1, 3, 3, 3 ], 
          [ 3, 1, 3, 1, 1, 1, 1, 3, 1, 3, 1, 1, -2, 1, 3, 3, 3, 1 ], [ 3, 1, 3, 1, 3, 1, 3, 1, 1, 1, 3, 3, 1, -2, 3, 3, 3, 1 ], 
          [ 3, 1, 1, 3, 3, 3, 1, 3, 3, 3, 1, 1, 3, 3, -2, 1, 3, 1 ], [ 3, 3, 1, 3, 1, 3, 1, 3, 1, 1, 3, 3, 3, 3, 1, -2, 1, 1 ], 
          [ 1, 3, 1, 3, 1, 3, 3, 1, 3, 1, 3, 3, 3, 3, 3, 1, -2, 3 ], [ 3, 1, 3, 1, 1, 3, 1, 3, 1, 3, 3, 3, 1, 1, 1, 1, 3, -2 ] ] ], 
  [ 362, [ [ -2, 3, 3, 1, 1, 3, 3, 1, 3, 3, 3, 3, 3, 3, 3, 3, 1 ], [ 3, -2, 3, 3, 3, 1, 3, 3, 3, 3, 1, 1, 1, 1, 1, 3, 1 ], 
          [ 3, 3, -2, 3, 3, 3, 1, 3, 3, 1, 1, 1, 3, 3, 1, 1, 3 ], [ 1, 3, 3, -2, 1, 3, 1, 1, 1, 3, 3, 3, 1, 1, 3, 3, 3 ], 
          [ 1, 3, 3, 1, -2, 3, 1, 3, 1, 3, 3, 3, 1, 3, 3, 1, 1 ], [ 3, 1, 3, 3, 3, -2, 3, 1, 3, 1, 1, 1, 1, 1, 3, 3, 1 ], 
          [ 3, 3, 1, 1, 1, 3, -2, 3, 1, 3, 1, 1, 1, 3, 1, 1, 3 ], [ 1, 3, 3, 1, 3, 1, 3, -2, 3, 1, 3, 3, 3, 1, 3, 3, 3 ], 
          [ 3, 3, 3, 1, 1, 3, 1, 3, -2, 1, 3, 3, 1, 1, 3, 1, 3 ], [ 3, 3, 1, 3, 3, 1, 3, 1, 1, -2, 3, 3, 3, 1, 3, 1, 3 ], 
          [ 3, 1, 1, 3, 3, 1, 1, 3, 3, 3, -2, 1, 1, 3, 1, 3, 1 ], [ 3, 1, 1, 3, 3, 1, 1, 3, 3, 3, 1, -2, 1, 3, 1, 3, 1 ], 
          [ 3, 1, 3, 1, 1, 1, 1, 3, 1, 3, 1, 1, -2, 1, 3, 3, 1 ], [ 3, 1, 3, 1, 3, 1, 3, 1, 1, 1, 3, 3, 1, -2, 3, 3, 3 ], 
          [ 3, 1, 1, 3, 3, 3, 1, 3, 3, 3, 1, 1, 3, 3, -2, 1, 1 ], [ 3, 3, 1, 3, 1, 3, 1, 3, 1, 1, 3, 3, 3, 3, 1, -2, 3 ], 
          [ 1, 1, 3, 3, 1, 1, 3, 3, 3, 3, 1, 1, 1, 3, 1, 3, -2 ] ] ], 
  [ 574, [ [ -2, 3, 3, 1, 1, 3, 3, 1, 3, 3, 3, 3, 3, 3, 3, 3, 1 ], [ 3, -2, 3, 3, 3, 1, 3, 3, 3, 3, 1, 1, 1, 1, 1, 1, 3 ], 
          [ 3, 3, -2, 3, 3, 3, 1, 3, 3, 1, 1, 1, 3, 3, 1, 1, 1 ], [ 1, 3, 3, -2, 1, 3, 1, 1, 1, 3, 3, 3, 1, 1, 3, 3, 3 ], 
          [ 1, 3, 3, 1, -2, 3, 1, 3, 1, 3, 3, 3, 1, 3, 3, 3, 1 ], [ 3, 1, 3, 3, 3, -2, 3, 1, 3, 1, 1, 1, 1, 1, 3, 1, 3 ], 
          [ 3, 3, 1, 1, 1, 3, -2, 3, 1, 3, 1, 1, 1, 3, 1, 3, 1 ], [ 1, 3, 3, 1, 3, 1, 3, -2, 3, 1, 3, 3, 3, 1, 3, 3, 3 ], 
          [ 3, 3, 3, 1, 1, 3, 1, 3, -2, 1, 3, 3, 1, 1, 3, 3, 3 ], [ 3, 3, 1, 3, 3, 1, 3, 1, 1, -2, 3, 3, 3, 1, 3, 1, 3 ], 
          [ 3, 1, 1, 3, 3, 1, 1, 3, 3, 3, -2, 1, 1, 3, 1, 1, 3 ], [ 3, 1, 1, 3, 3, 1, 1, 3, 3, 3, 1, -2, 1, 3, 1, 1, 1 ], 
          [ 3, 1, 3, 1, 1, 1, 1, 3, 1, 3, 1, 1, -2, 1, 3, 3, 3 ], [ 3, 1, 3, 1, 3, 1, 3, 1, 1, 1, 3, 3, 1, -2, 3, 3, 3 ], 
          [ 3, 1, 1, 3, 3, 3, 1, 3, 3, 3, 1, 1, 3, 3, -2, 1, 1 ], [ 3, 1, 1, 3, 3, 1, 3, 3, 3, 1, 1, 1, 3, 3, 1, -2, 3 ], 
          [ 1, 3, 1, 3, 1, 3, 1, 3, 3, 3, 3, 1, 3, 3, 1, 3, -2 ] ] ], [ 356, [ [ -2, 3, 3, 1, 1, 3, 3, 1, 3, 3, 3, 3, 3, 3, 3, 1 ], 
          [ 3, -2, 3, 3, 3, 1, 3, 3, 3, 3, 1, 1, 1, 1, 1, 3 ], [ 3, 3, -2, 3, 3, 3, 1, 3, 3, 1, 1, 1, 3, 3, 1, 3 ], 
          [ 1, 3, 3, -2, 1, 3, 1, 1, 1, 3, 3, 3, 1, 1, 3, 1 ], [ 1, 3, 3, 1, -2, 3, 1, 3, 1, 3, 3, 3, 1, 3, 3, 1 ], 
          [ 3, 1, 3, 3, 3, -2, 3, 1, 3, 1, 1, 1, 1, 1, 3, 1 ], [ 3, 3, 1, 1, 1, 3, -2, 3, 1, 3, 1, 1, 1, 3, 1, 1 ], 
          [ 1, 3, 3, 1, 3, 1, 3, -2, 3, 1, 3, 3, 3, 1, 3, 1 ], [ 3, 3, 3, 1, 1, 3, 1, 3, -2, 1, 3, 3, 1, 1, 3, 3 ], 
          [ 3, 3, 1, 3, 3, 1, 3, 1, 1, -2, 3, 3, 3, 1, 3, 3 ], [ 3, 1, 1, 3, 3, 1, 1, 3, 3, 3, -2, 1, 1, 3, 1, 1 ], 
          [ 3, 1, 1, 3, 3, 1, 1, 3, 3, 3, 1, -2, 1, 3, 1, 3 ], [ 3, 1, 3, 1, 1, 1, 1, 3, 1, 3, 1, 1, -2, 1, 3, 1 ], 
          [ 3, 1, 3, 1, 3, 1, 3, 1, 1, 1, 3, 3, 1, -2, 3, 3 ], [ 3, 1, 1, 3, 3, 3, 1, 3, 3, 3, 1, 1, 3, 3, -2, 3 ], 
          [ 1, 3, 3, 1, 1, 1, 1, 1, 3, 3, 1, 3, 1, 3, 3, -2 ] ] ] ];
