sessionnumb  20260921234708 
gap> readdata("Sigma12rec");
gap> GramS12:=Sigma12rec.Gram;
[ [ 71, 14, 35, 35, 35, -6, -6, -6, -6, -6, -6, -15 ], 
  [ 14, 6, 5, 6, 6, 0, 0, 0, -1, -1, 0, -2 ], 
  [ 35, 5, 20, 17, 17, -3, -4, -4, -3, -3, -4, -8 ], 
  [ 35, 6, 17, 20, 17, -4, -3, -3, -4, -3, -4, -8 ], 
  [ 35, 6, 17, 17, 20, -4, -4, -3, -3, -4, -3, -8 ], 
  [ -6, 0, -3, -4, -4, 2, 1, 1, 1, 1, 1, 2 ], [ -6, 0, -4, -3, -4, 1, 2, 1, 1, 1, 1, 2 ], 
  [ -6, 0, -4, -3, -3, 1, 1, 2, 1, 1, 1, 2 ], [ -6, -1, -3, -4, -3, 1, 1, 1, 2, 1, 1, 2 ],
  [ -6, -1, -3, -3, -4, 1, 1, 1, 1, 2, 1, 2 ], [ -6, 0, -4, -4, -3, 1, 1, 1, 1, 1, 2, 2 ],
  [ -15, -2, -8, -8, -8, 2, 2, 2, 2, 2, 2, 4 ] ]
gap> DeterminantIntMat(GramS12);
1
gap> ShortestVectors(GramS12, 2);svs:=
rec( norms := [ 2, 2, 2, 2, 2, 2, 2, 2, 2, 2, 2, 2, 2, 2, 2, 2, 2, 2, 2, 2, 2, 2, 2, 2, 
      2, 2, 2, 2, 2, 2, 2, 2, 2, 2, 2, 2, 2, 2, 2, 2, 2, 2, 2, 2, 2, 2, 2, 2, 2, 2, 2, 2, 
      2, 2, 2, 2, 2, 2, 2, 2, 2, 2, 2, 2, 2, 2, 2, 2, 2, 2, 2, 2, 2, 2, 2, 2, 2, 2, 2, 2, 
      2, 2, 2, 2, 2, 2, 2, 2, 2, 2, 2, 2, 2, 2, 2, 2, 2, 2, 2, 2, 2, 2, 2, 2, 2, 2, 2, 2, 
      2, 2, 2, 2, 2, 2, 2, 2, 2, 2, 2, 2, 2, 2, 2, 2, 2, 2, 2, 2, 2, 2, 2, 2 ], 
  vectors := [ [ 0, 0, 1, 1, 0, -1, -1, -1, -1, -2, 0, 7 ], 
      [ -2, 1, 2, 1, 1, 0, 1, 0, 0, 0, 1, 0 ], [ -2, 1, 1, 2, 1, 1, 0, -1, 1, 0, 1, 0 ], 
      [ 0, 0, 1, 0, -1, -1, 0, 1, 0, -1, 1, 0 ], [ 0, 0, 0, 1, -1, 0, -1, 0, 1, -1, 1, 0 ]
        , [ 0, 1, 1, 0, 0, -2, -1, -1, -1, -1, -1, 6 ], 
      [ 0, 1, 0, 1, 0, -1, -2, -2, 0, -1, -1, 6 ], 
      [ 0, 0, 1, 0, 0, -1, 0, 0, -1, -1, -1, 4 ], 
      [ 0, 0, 0, 1, 0, 0, -1, -1, 0, -1, -1, 4 ], [ 0, 0, 1, 0, 0, -1, 0, 0, -1, 0, 0, 3 ]
        , [ 0, 0, 1, 0, 0, -1, 0, 0, -1, -1, 0, 4 ], 
      [ 0, 0, 1, 0, 0, -2, 0, 0, -1, -1, 0, 4 ], 
      [ 0, 0, 1, 0, 0, -1, -1, 0, -1, -1, 0, 4 ], 
      [ 0, 0, 1, 0, 0, -1, 0, -1, -1, -1, 0, 4 ], 
      [ 0, 0, 1, 0, 0, -1, 0, 0, -2, -1, 0, 4 ], [ 0, 0, 1, 0, 0, -1, 0, 0, 0, -1, 0, 3 ],
      [ 0, 0, 1, 0, 0, -1, 0, 1, -1, -1, 0, 3 ], [ 0, 0, 1, 0, 0, -1, 1, 0, -1, -1, 0, 3 ]
        , [ 0, 0, 1, 0, 0, 0, 0, 0, -1, -1, 0, 3 ], 
      [ 0, 0, 1, 0, 0, -1, 0, 0, -1, -1, 0, 3 ], [ 0, 0, 1, 0, 0, -1, 0, 0, -1, -2, 0, 4 ]
        , [ 0, 0, 0, 1, 0, 0, -1, -1, 0, 0, 0, 3 ], 
      [ 0, 0, 0, 1, 0, 0, -1, -1, 0, -1, 0, 4 ], 
      [ 0, 0, 0, 1, 0, -1, -1, -1, 0, -1, 0, 4 ], 
      [ 0, 0, 0, 1, 0, 0, -2, -1, 0, -1, 0, 4 ], [ 0, 0, 0, 1, 0, 0, -1, -2, 0, -1, 0, 4 ]
        , [ 0, 0, 0, 1, 0, 0, -1, -1, -1, -1, 0, 4 ], 
      [ 0, 0, 0, 1, 0, 0, -1, -1, 1, -1, 0, 3 ], [ 0, 0, 0, 1, 0, 0, -1, 0, 0, -1, 0, 3 ],
      [ 0, 0, 0, 1, 0, 0, 0, -1, 0, -1, 0, 3 ], [ 0, 0, 0, 1, 0, 1, -1, -1, 0, -1, 0, 3 ],
      [ 0, 0, 0, 1, 0, 0, -1, -1, 0, -1, 0, 3 ], [ 0, 0, 0, 1, 0, 0, -1, -1, 0, -2, 0, 4 ]
        , [ 0, 0, 1, 0, 0, -1, 0, 0, -1, -1, 1, 3 ], 
      [ 0, 0, 0, 1, 0, 0, -1, -1, 0, -1, 1, 3 ], [ 0, -1, 1, 0, 0, 0, 1, 1, -1, -1, 1, 1 ]
        , [ 0, -1, 0, 1, 0, 1, 0, 0, 0, -1, 1, 1 ], 
      [ 0, 0, 1, 0, 1, -1, 0, -1, -2, -1, -1, 7 ], 
      [ 0, 0, 0, 1, 1, 0, -1, -2, -1, -1, -1, 7 ], 
      [ 2, -1, 0, -1, -1, -2, -1, 0, -2, -2, -1, 7 ], 
      [ 2, -1, -1, 0, -1, -1, -2, -1, -1, -2, -1, 7 ], 
      [ -2, 1, 1, 1, 0, 1, 1, 1, 2, 1, 2, -7 ], [ -2, 2, 1, 1, 1, 0, 0, -1, 1, 1, 0, -1 ],
      [ -2, 1, 1, 1, 1, 1, 1, 0, 1, 1, 0, -3 ], [ 0, 1, 0, 0, -1, -1, -1, 0, 1, 0, 0, -1 ]
        , [ 0, 0, 0, 0, -1, 0, 0, 1, 1, 0, 0, -3 ], 
      [ -2, 1, 1, 1, 1, 1, 1, 0, 1, 2, 1, -4 ], [ -2, 1, 1, 1, 1, 1, 1, 0, 1, 1, 1, -3 ], 
      [ -2, 1, 1, 1, 1, 0, 1, 0, 1, 1, 1, -3 ], [ -2, 1, 1, 1, 1, 1, 0, 0, 1, 1, 1, -3 ], 
      [ -2, 1, 1, 1, 1, 1, 1, -1, 1, 1, 1, -3 ], [ -2, 1, 1, 1, 1, 1, 1, 0, 0, 1, 1, -3 ],
      [ -2, 1, 1, 1, 1, 1, 1, 0, 2, 1, 1, -4 ], [ -2, 1, 1, 1, 1, 1, 1, 1, 1, 1, 1, -4 ], 
      [ -2, 1, 1, 1, 1, 1, 2, 0, 1, 1, 1, -4 ], [ -2, 1, 1, 1, 1, 2, 1, 0, 1, 1, 1, -4 ], 
      [ -2, 1, 1, 1, 1, 1, 1, 0, 1, 1, 1, -4 ], [ -2, 1, 1, 1, 1, 1, 1, 0, 1, 0, 1, -3 ], 
      [ 0, 0, 0, 0, -1, 0, 0, 1, 1, 1, 1, -4 ], [ 0, 0, 0, 0, -1, 0, 0, 1, 1, 0, 1, -3 ], 
      [ 0, 0, 0, 0, -1, -1, 0, 1, 1, 0, 1, -3 ], [ 0, 0, 0, 0, -1, 0, -1, 1, 1, 0, 1, -3 ]
        , [ 0, 0, 0, 0, -1, 0, 0, 0, 1, 0, 1, -3 ], 
      [ 0, 0, 0, 0, -1, 0, 0, 1, 0, 0, 1, -3 ], [ 0, 0, 0, 0, -1, 0, 0, 1, 2, 0, 1, -4 ], 
      [ 0, 0, 0, 0, -1, 0, 0, 2, 1, 0, 1, -4 ], [ 0, 0, 0, 0, -1, 0, 1, 1, 1, 0, 1, -4 ], 
      [ 0, 0, 0, 0, -1, 1, 0, 1, 1, 0, 1, -4 ], [ 0, 0, 0, 0, -1, 0, 0, 1, 1, 0, 1, -4 ], 
      [ 0, 0, 0, 0, -1, 0, 0, 1, 1, -1, 1, -3 ], [ -2, 1, 1, 1, 1, 1, 1, 0, 1, 1, 2, -4 ],
      [ -2, 0, 1, 1, 1, 2, 2, 1, 1, 1, 2, -6 ], [ 0, 0, 0, 0, -1, 0, 0, 1, 1, 0, 2, -4 ], 
      [ 0, -1, 0, 0, -1, 1, 1, 2, 1, 0, 2, -6 ], 
      [ 0, 1, 0, 0, 0, -1, -1, -1, 0, 0, -2, 3 ], 
      [ 0, 1, 0, 0, 0, -1, -1, -1, 0, 1, -1, 2 ], 
      [ 0, 1, 0, 0, 0, -1, -1, -1, 0, 0, -1, 3 ], 
      [ 0, 1, 0, 0, 0, -2, -1, -1, 0, 0, -1, 3 ], 
      [ 0, 1, 0, 0, 0, -1, -2, -1, 0, 0, -1, 3 ], 
      [ 0, 1, 0, 0, 0, -1, -1, -2, 0, 0, -1, 3 ], 
      [ 0, 1, 0, 0, 0, -1, -1, -1, -1, 0, -1, 3 ], 
      [ 0, 1, 0, 0, 0, -1, -1, -1, 1, 0, -1, 2 ], 
      [ 0, 1, 0, 0, 0, -1, -1, 0, 0, 0, -1, 2 ], [ 0, 1, 0, 0, 0, -1, 0, -1, 0, 0, -1, 2 ]
        , [ 0, 1, 0, 0, 0, 0, -1, -1, 0, 0, -1, 2 ], 
      [ 0, 1, 0, 0, 0, -1, -1, -1, 0, 0, -1, 2 ], 
      [ 0, 1, 0, 0, 0, -1, -1, -1, 0, -1, -1, 3 ], [ 0, 0, 0, 0, 0, 0, 0, 0, 0, 1, -1, 0 ]
        , [ 0, 0, 0, 0, 0, 0, 0, 0, 0, 0, -1, 1 ], 
      [ 0, 0, 0, 0, 0, -1, 0, 0, 0, 0, -1, 1 ], [ 0, 0, 0, 0, 0, 0, -1, 0, 0, 0, -1, 1 ], 
      [ 0, 0, 0, 0, 0, 0, 0, -1, 0, 0, -1, 1 ], [ 0, 0, 0, 0, 0, 0, 0, 0, -1, 0, -1, 1 ], 
      [ 0, 0, 0, 0, 0, 0, 0, 0, 1, 0, -1, 0 ], [ 0, 0, 0, 0, 0, 0, 0, 1, 0, 0, -1, 0 ], 
      [ 0, 0, 0, 0, 0, 0, 1, 0, 0, 0, -1, 0 ], [ 0, 0, 0, 0, 0, 1, 0, 0, 0, 0, -1, 0 ], 
      [ 0, 0, 0, 0, 0, 0, 0, 0, 0, 0, -1, 0 ], [ 0, 0, 0, 0, 0, 0, 0, 0, 0, -1, -1, 1 ], 
      [ -2, 1, 1, 1, 2, 1, 1, -1, 0, 1, 0, 0 ], [ 0, 1, 0, 0, 0, -1, -1, -1, 0, 0, 0, 2 ],
      [ 0, 0, 1, -1, 0, -1, 1, 1, -1, 0, 0, 0 ], [ 0, 0, 0, 0, 0, 0, 0, 0, 0, 1, 0, 0 ], 
      [ 0, 0, 0, 0, 0, -1, 0, 0, 0, 1, 0, 0 ], [ 0, 0, 0, 0, 0, 0, -1, 0, 0, 1, 0, 0 ], 
      [ 0, 0, 0, 0, 0, 0, 0, -1, 0, 1, 0, 0 ], [ 0, 0, 0, 0, 0, 0, 0, 0, -1, 1, 0, 0 ], 
      [ 0, 0, 0, 0, 0, 0, 0, 0, 1, 1, 0, -1 ], [ 0, 0, 0, 0, 0, 0, 0, 1, 0, 1, 0, -1 ], 
      [ 0, 0, 0, 0, 0, 0, 1, 0, 0, 1, 0, -1 ], [ 0, 0, 0, 0, 0, 1, 0, 0, 0, 1, 0, -1 ], 
      [ 0, 0, 0, 0, 0, 0, 0, 0, 0, 1, 0, -1 ], [ 0, 0, 0, 0, 0, -1, 0, 0, 0, 0, 0, 1 ], 
      [ 0, 0, 0, 0, 0, 0, -1, 0, 0, 0, 0, 1 ], [ 0, 0, 0, 0, 0, -1, -1, 0, 0, 0, 0, 1 ], 
      [ 0, 0, 0, 0, 0, 0, 0, -1, 0, 0, 0, 1 ], [ 0, 0, 0, 0, 0, -1, 0, -1, 0, 0, 0, 1 ], 
      [ 0, 0, 0, 0, 0, 0, -1, -1, 0, 0, 0, 1 ], [ 0, 0, 0, 0, 0, 0, 0, 0, -1, 0, 0, 1 ], 
      [ 0, 0, 0, 0, 0, -1, 0, 0, -1, 0, 0, 1 ], [ 0, 0, 0, 0, 0, 0, -1, 0, -1, 0, 0, 1 ], 
      [ 0, 0, 0, 0, 0, 0, 0, -1, -1, 0, 0, 1 ], [ 0, 0, 0, 0, 0, 0, 0, 0, 1, 0, 0, 0 ], 
      [ 0, 0, 0, 0, 0, -1, 0, 0, 1, 0, 0, 0 ], [ 0, 0, 0, 0, 0, 0, -1, 0, 1, 0, 0, 0 ], 
      [ 0, 0, 0, 0, 0, 0, 0, -1, 1, 0, 0, 0 ], [ 0, 0, 0, 0, 0, 0, 0, 1, 0, 0, 0, 0 ], 
      [ 0, 0, 0, 0, 0, -1, 0, 1, 0, 0, 0, 0 ], [ 0, 0, 0, 0, 0, 0, -1, 1, 0, 0, 0, 0 ], 
      [ 0, 0, 0, 0, 0, 0, 1, 0, 0, 0, 0, 0 ], [ 0, 0, 0, 0, 0, -1, 1, 0, 0, 0, 0, 0 ], 
      [ 0, 0, 0, 0, 0, 1, 0, 0, 0, 0, 0, 0 ] ] )
> 
> ;
Syntax error: expression expected
;
^
gap> svs:=ShortestVectors(GramS12, 2);;
gap> Collected(svs.norms);
[ [ 2, 132 ] ]
gap> Read("Task20260921Vc.g");
Syntax error: ; expected in Task20260921Vc.g:19
tGram:=[[2]], 2*[GramS12]);
            ^
gap> Read("Task20260921Vc.g");
Syntax error: ] expected in Task20260921Vc.g:19
tGram:=DiagonalMats([ [[2]], 2*[GramS12]);
                                        ^
gap> Read("Task20260921Vc.g");
[ false, 2 ] 
wrong global beep 888811111 
Error,  at gapReads/gaptools.txt:139 called from
<function "beep">( <arguments> )
 called from read-eval loop at Task20260921Vc.g:22
you can 'quit;' to quit to outer loop, or
you can 'return;' to continue
brk> quit;
gap> Read("Task20260921Vc.g");
[ false, 4 ] 
wrong global beep 888811111 
Error,  at gapReads/gaptools.txt:139 called from
<function "beep">( <arguments> )
 called from read-eval loop at Task20260921Vc.g:22
you can 'quit;' to quit to outer loop, or
you can 'return;' to continue
brk> quit;
gap> NoOverlattice(tGram, th);
[ false, [ 1/2, 1/2, 1/2, 0, 0, 0, 0, 0, 0, 1/2, 1/2, 0, 1/2 ] ]
gap> DiscriminantForm(tGram);
rec( 
  discf := [ [ 1/2, 0, 0, 0, 0, 0, 0, 0, 0, 0, 0, 0, 0 ], 
      [ 0, 0, 0, 0, 0, 0, 0, 0, 0, 0, 0, 0, 1/2 ], 
      [ 0, 0, 1, 1/2, 1/2, 1/2, 0, 0, 1/2, 1/2, 1/2, 0, 1/2 ], 
      [ 0, 0, 1/2, 1, 1/2, 1/2, 0, 1/2, 0, 0, 0, 1/2, 0 ], 
      [ 0, 0, 1/2, 1/2, 1, 1/2, 1/2, 0, 1/2, 1/2, 0, 1/2, 0 ], 
      [ 0, 0, 1/2, 1/2, 1/2, 1, 1/2, 1/2, 1/2, 0, 1/2, 0, 0 ], 
      [ 0, 0, 0, 0, 1/2, 1/2, 0, 0, 1/2, 0, 0, 0, 0 ], 
      [ 0, 0, 0, 1/2, 0, 1/2, 0, 0, 0, 1/2, 0, 0, 0 ], 
      [ 0, 0, 1/2, 0, 1/2, 1/2, 1/2, 0, 0, 1/2, 1/2, 0, 0 ], 
      [ 0, 0, 1/2, 0, 1/2, 0, 0, 1/2, 1/2, 0, 0, 0, 1/2 ], 
      [ 0, 0, 1/2, 0, 0, 1/2, 0, 0, 1/2, 0, 0, 1/2, 1/2 ], 
      [ 0, 0, 0, 1/2, 1/2, 0, 0, 0, 0, 0, 1/2, 0, 0 ], 
      [ 0, 1/2, 1/2, 0, 0, 0, 0, 0, 0, 1/2, 1/2, 0, 3/2 ] ], 
  discg := [ 2, 2, 2, 2, 2, 2, 2, 2, 2, 2, 2, 2, 2 ], 
  proj := [ [ 2, 0, 0, 0, 0, 0, 0, 0, 0, 0, 0, 0, 0 ], 
      [ 0, -142, -28, -70, -70, -70, 12, 12, 12, 12, 12, 12, 30 ], 
      [ 0, -28, -12, -10, -12, -12, 0, 0, 0, 2, 2, 0, 4 ], 
      [ 0, -70, -10, -40, -34, -34, 6, 8, 8, 6, 6, 8, 16 ], 
      [ 0, -70, -12, -34, -40, -34, 8, 6, 6, 8, 6, 8, 16 ], 
      [ 0, -70, -12, -34, -34, -40, 8, 8, 6, 6, 8, 6, 16 ], 
      [ 0, 12, 0, 6, 8, 8, -4, -2, -2, -2, -2, -2, -4 ], 
      [ 0, 12, 0, 8, 6, 8, -2, -4, -2, -2, -2, -2, -4 ], 
      [ 0, 12, 0, 8, 6, 6, -2, -2, -4, -2, -2, -2, -4 ], 
      [ 0, 12, 2, 6, 8, 6, -2, -2, -2, -4, -2, -2, -4 ], 
      [ 0, 12, 2, 6, 6, 8, -2, -2, -2, -2, -4, -2, -4 ], 
      [ 0, 12, 0, 8, 8, 6, -2, -2, -2, -2, -2, -4, -4 ], 
      [ 0, 30, 4, 16, 16, 16, -4, -4, -4, -4, -4, -4, -8 ] ], 
  proj_dual := [ [ 1, 0, 0, 0, 0, 0, 0, 0, 0, 0, 0, 0, 0 ], 
      [ 0, 1, 0, 0, 0, 0, 0, 0, 0, 0, 0, 0, 0 ], [ 0, 0, 1, 0, 0, 0, 0, 0, 0, 0, 0, 0, 0 ]
        , [ 0, 0, 0, 1, 0, 0, 0, 0, 0, 0, 0, 0, 0 ], 
      [ 0, 0, 0, 0, 1, 0, 0, 0, 0, 0, 0, 0, 0 ], [ 0, 0, 0, 0, 0, 1, 0, 0, 0, 0, 0, 0, 0 ]
        , [ 0, 0, 0, 0, 0, 0, 1, 0, 0, 0, 0, 0, 0 ], 
      [ 0, 0, 0, 0, 0, 0, 0, 1, 0, 0, 0, 0, 0 ], [ 0, 0, 0, 0, 0, 0, 0, 0, 1, 0, 0, 0, 0 ]
        , [ 0, 0, 0, 0, 0, 0, 0, 0, 0, 1, 0, 0, 0 ], 
      [ 0, 0, 0, 0, 0, 0, 0, 0, 0, 0, 1, 0, 0 ], [ 0, 0, 0, 0, 0, 0, 0, 0, 0, 0, 0, 1, 0 ]
        , [ 0, 0, 0, 0, 0, 0, 0, 0, 0, 0, 0, 0, 1 ] ], 
  reps := [ [ 1/2, 0, 0, 0, 0, 0, 0, 0, 0, 0, 0, 0, 0 ], 
      [ 0, 0, 0, 0, 0, 0, 0, 0, 0, 0, 0, 0, 1/2 ], 
      [ 0, 0, 0, 1/2, 1/2, 1/2, 0, 0, 1/2, 1/2, 1/2, 0, 1/2 ], 
      [ 0, 0, 1/2, 0, 1/2, 1/2, 0, 1/2, 0, 0, 0, 1/2, 0 ], 
      [ 0, 0, 1/2, 1/2, 0, 1/2, 1/2, 0, 1/2, 1/2, 0, 1/2, 0 ], 
      [ 0, 0, 1/2, 1/2, 1/2, 0, 1/2, 1/2, 1/2, 0, 1/2, 0, 0 ], 
      [ 0, 0, 0, 0, 1/2, 1/2, 0, 0, 1/2, 0, 0, 0, 0 ], 
      [ 0, 0, 0, 1/2, 0, 1/2, 0, 0, 0, 1/2, 0, 0, 0 ], 
      [ 0, 0, 1/2, 0, 1/2, 1/2, 1/2, 0, 0, 1/2, 1/2, 0, 0 ], 
      [ 0, 0, 1/2, 0, 1/2, 0, 0, 1/2, 1/2, 0, 0, 0, 1/2 ], 
      [ 0, 0, 1/2, 0, 0, 1/2, 0, 0, 1/2, 0, 0, 1/2, 1/2 ], 
      [ 0, 0, 0, 1/2, 1/2, 0, 0, 0, 0, 0, 1/2, 0, 0 ], 
      [ 0, 1/2, 1/2, 0, 0, 0, 0, 0, 0, 1/2, 1/2, 0, 1/2 ] ], 
  reps_dual := [ [ 1, 0, 0, 0, 0, 0, 0, 0, 0, 0, 0, 0, 0 ], 
      [ 0, 15, 2, 8, 8, 8, -2, -2, -2, -2, -2, -2, -4 ], 
      [ 0, -72, -13, -36, -36, -36, 6, 6, 4, 4, 4, 6, 14 ], 
      [ 0, -72, -18, -31, -36, -36, 6, 4, 4, 6, 6, 4, 14 ], 
      [ 0, -60, -16, -28, -25, -30, 2, 4, 2, 2, 4, 2, 10 ], 
      [ 0, -60, -16, -28, -30, -25, 2, 2, 2, 4, 2, 4, 10 ], 
      [ 0, -64, -12, -30, -34, -34, 7, 6, 4, 6, 6, 6, 14 ], 
      [ 0, -64, -10, -34, -30, -34, 6, 7, 6, 4, 6, 6, 14 ], 
      [ 0, -66, -16, -30, -32, -32, 4, 4, 3, 4, 4, 4, 12 ], 
      [ 0, -22, -10, -6, -12, -8, 0, -2, -2, 1, 0, 0, 2 ], 
      [ 0, -22, -10, -6, -8, -12, 0, 0, -2, 0, 1, -2, 2 ], 
      [ 0, -64, -10, -34, -34, -30, 6, 6, 6, 6, 4, 7, 14 ], 
      [ 0, -58, -16, -26, -26, -26, 2, 2, 2, 2, 2, 2, 9 ] ] )
gap> 2^13;
8192
gap> Read("Sigma12Isot.g");
Syntax error: ) expected in Sigma12Isot.g:16
    return (v);
    ^^^^^^
gap> Read("Sigma12Isot.g");
Syntax error: ; expected in Sigma12Isot.g:63
          T:=Union(S, Splusv);
          ^
gap> Read("Sigma12Isot.g");
Error, user interrupt in
  Splusv := List( S, function ( x )
        return MaskXor( x, v );
    end ); at Sigma12Isot.g:62 called from 
<function "EvenOverlatticeCodes">( <arguments> )
 called from read-eval loop at Sigma12Isot.g:79
you can 'return;'
brk> d;
2
brk> Length(levels);
2015
brk> quit;
gap> Read("Sigma12Isot.g");
1 2015 
Error, user interrupt in
  Splusv := List( S, function ( x )
        return MaskXor( x, v );
    end ); at Sigma12Isot.g:62 called from 
<function "EvenOverS12Codes">( <arguments> )
 called from read-eval loop at Sigma12Isot.g:80
you can 'return;'
brk> quit;
gap> IsoVectorsS12;
[ 2, 28, 30, 44, 46, 52, 54, 56, 58, 60, 62, 64, 66, 80, 82, 84, 86, 88, 90, 96, 98, 100, 
  102, 104, 106, 116, 118, 120, 122, 124, 126, 128, 130, 136, 138, 140, 142, 152, 154, 
  160, 162, 164, 166, 172, 174, 176, 178, 184, 186, 188, 190, 192, 194, 200, 202, 204, 
  206, 208, 210, 212, 214, 220, 222, 232, 234, 240, 242, 248, 250, 252, 254, 256, 258, 
  260, 262, 268, 270, 272, 274, 280, 282, 284, 286, 288, 290, 296, 298, 300, 302, 312, 
  314, 328, 330, 336, 338, 344, 346, 348, 350, 352, 354, 360, 362, 364, 366, 368, 370, 
  372, 374, 380, 382, 384, 386, 388, 390, 392, 394, 400, 402, 420, 422, 424, 426, 428, 
  430, 432, 434, 436, 438, 440, 442, 460, 462, 464, 466, 484, 486, 488, 490, 492, 494, 
  508, 510, 512, 514, 516, 518, 524, 526, 528, 530, 536, 538, 540, 542, 548, 550, 560, 
  562, 564, 566, 572, 574, 576, 578, 580, 582, 588, 590, 596, 598, 608, 610, 616, 618, 
  620, 622, 624, 626, 628, 630, 636, 638, 652, 654, 660, 662, 664, 666, 668, 670, 676, 
  678, 680, 682, 684, 686, 688, 690, 692, 694, 696, 698, 716, 718, 720, 722, 736, 738, 
  752, 754, 756, 758, 760, 762, 772, 774, 776, 778, 780, 782, 784, 786, 788, 790, 792, 
  794, 812, 814, 820, 822, 824, 826, 828, 830, 832, 834, 848, 850, 852, 854, 856, 858, 
  876, 878, 880, 882, 896, 898, 904, 906, 908, 910, 920, 922, 936, 938, 948, 950, 964, 
  966, 984, 986, 1000, 1002, 1008, 1010, 1016, 1018, 1020, 1022, 1024, 1026, 1028, 1030, 
  1036, 1038, 1044, 1046, 1056, 1058, 1064, 1066, 1068, 1070, 1072, 1074, 1076, 1078, 
  1084, 1086, 1088, 1090, 1092, 1094, 1100, 1102, 1104, 1106, 1112, 1114, 1116, 1118, 
  1124, 1126, 1136, 1138, 1140, 1142, 1148, 1150, 1152, 1154, 1156, 1158, 1160, 1162, 
  1172, 1174, 1176, 1178, 1180, 1182, 1188, 1190, 1192, 1194, 1196, 1198, 1212, 1214, 
  1216, 1218, 1220, 1222, 1224, 1226, 1232, 1234, 1248, 1250, 1276, 1278, 1284, 1286, 
  1288, 1290, 1292, 1294, 1308, 1310, 1312, 1314, 1316, 1318, 1320, 1322, 1332, 1334, 
  1336, 1338, 1340, 1342, 1344, 1346, 1372, 1374, 1376, 1378, 1380, 1382, 1384, 1386, 
  1392, 1394, 1412, 1414, 1432, 1434, 1448, 1450, 1456, 1458, 1464, 1466, 1468, 1470, 
  1472, 1474, 1480, 1482, 1484, 1486, 1496, 1498, 1512, 1514, 1524, 1526, 1536, 1538, 
  1552, 1554, 1556, 1558, 1560, 1562, 1568, 1570, 1572, 1574, 1576, 1578, 1588, 1590, 
  1592, 1594, 1596, 1598, 1600, 1602, 1628, 1630, 1644, 1646, 1652, 1654, 1656, 1658, 
  1660, 1662, 1668, 1670, 1688, 1690, 1696, 1698, 1700, 1702, 1708, 1710, 1716, 1718, 
  1732, 1734, 1744, 1746, 1748, 1750, 1756, 1758, 1768, 1770, 1780, 1782, 1792, 1794, 
  1796, 1798, 1804, 1806, 1812, 1814, 1828, 1830, 1848, 1850, 1864, 1866, 1876, 1878, 
  1892, 1894, 1904, 1906, 1908, 1910, 1916, 1918, 1932, 1934, 1936, 1938, 1956, 1958, 
  1960, 1962, 1964, 1966, 1980, 1982, 1984, 1986, 1988, 1990, 1992, 1994, 2000, 2002, 
  2020, 2022, 2024, 2026, 2028, 2030, 2032, 2034, 2036, 2038, 2040, 2042, 2048, 2050, 
  2056, 2058, 2060, 2062, 2064, 2066, 2068, 2070, 2076, 2078, 2088, 2090, 2096, 2098, 
  2104, 2106, 2108, 2110, 2112, 2114, 2120, 2122, 2124, 2126, 2136, 2138, 2144, 2146, 
  2148, 2150, 2156, 2158, 2160, 2162, 2168, 2170, 2172, 2174, 2176, 2178, 2192, 2194, 
  2196, 2198, 2200, 2202, 2208, 2210, 2212, 2214, 2216, 2218, 2228, 2230, 2232, 2234, 
  2236, 2238, 2240, 2242, 2268, 2270, 2284, 2286, 2292, 2294, 2296, 2298, 2300, 2302, 
  2304, 2306, 2308, 2310, 2312, 2314, 2324, 2326, 2328, 2330, 2332, 2334, 2336, 2338, 
  2352, 2354, 2356, 2358, 2360, 2362, 2380, 2382, 2388, 2390, 2392, 2394, 2396, 2398, 
  2400, 2402, 2428, 2430, 2432, 2434, 2436, 2438, 2444, 2446, 2452, 2454, 2468, 2470, 
  2488, 2490, 2504, 2506, 2516, 2518, 2532, 2534, 2544, 2546, 2548, 2550, 2556, 2558, 
  2560, 2562, 2564, 2566, 2568, 2570, 2580, 2582, 2584, 2586, 2588, 2590, 2596, 2598, 
  2600, 2602, 2604, 2606, 2620, 2622, 2624, 2626, 2628, 2630, 2632, 2634, 2640, 2642, 
  2656, 2658, 2684, 2686, 2696, 2698, 2704, 2706, 2712, 2714, 2716, 2718, 2724, 2726, 
  2744, 2746, 2760, 2762, 2772, 2774, 2784, 2786, 2792, 2794, 2796, 2798, 2808, 2810, 
  2820, 2822, 2840, 2842, 2856, 2858, 2864, 2866, 2872, 2874, 2876, 2878, 2880, 2882, 
  2888, 2890, 2892, 2894, 2904, 2906, 2920, 2922, 2932, 2934, 2944, 2946, 2960, 2962, 
  2964, 2966, 2968, 2970, 2988, 2990, 2992, 2994, 3012, 3014, 3016, 3018, 3020, 3022, 
  3024, 3026, 3028, 3030, 3032, 3034, 3052, 3054, 3060, 3062, 3064, 3066, 3068, 3070, 
  3084, 3086, 3092, 3094, 3096, 3098, 3100, 3102, 3108, 3110, 3112, 3114, 3116, 3118, 
  3120, 3122, 3124, 3126, 3128, 3130, 3148, 3150, 3152, 3154, 3168, 3170, 3184, 3186, 
  3188, 3190, 3192, 3194, 3208, 3210, 3220, 3222, 3232, 3234, 3240, 3242, 3244, 3246, 
  3256, 3258, 3272, 3274, 3280, 3282, 3288, 3290, 3292, 3294, 3300, 3302, 3320, 3322, 
  3328, 3330, 3336, 3338, 3340, 3342, 3352, 3354, 3368, 3370, 3380, 3382, 3396, 3398, 
  3416, 3418, 3432, 3434, 3440, 3442, 3448, 3450, 3452, 3454, 3456, 3458, 3484, 3486, 
  3488, 3490, 3492, 3494, 3496, 3498, 3504, 3506, 3524, 3526, 3528, 3530, 3532, 3534, 
  3548, 3550, 3552, 3554, 3556, 3558, 3560, 3562, 3572, 3574, 3576, 3578, 3580, 3582, 
  3588, 3590, 3600, 3602, 3604, 3606, 3612, 3614, 3624, 3626, 3636, 3638, 3652, 3654, 
  3672, 3674, 3680, 3682, 3684, 3686, 3692, 3694, 3700, 3702, 3712, 3714, 3740, 3742, 
  3756, 3758, 3764, 3766, 3768, 3770, 3772, 3774, 3776, 3778, 3792, 3794, 3796, 3798, 
  3800, 3802, 3808, 3810, 3812, 3814, 3816, 3818, 3828, 3830, 3832, 3834, 3836, 3838, 
  3852, 3854, 3860, 3862, 3864, 3866, 3868, 3870, 3872, 3874, 3900, 3902, 3904, 3906, 
  3908, 3910, 3912, 3914, 3924, 3926, 3928, 3930, 3932, 3934, 3936, 3938, 3952, 3954, 
  3956, 3958, 3960, 3962, 3968, 3970, 3972, 3974, 3980, 3982, 3984, 3986, 3992, 3994, 
  3996, 3998, 4000, 4002, 4008, 4010, 4012, 4014, 4024, 4026, 4040, 4042, 4048, 4050, 
  4056, 4058, 4060, 4062, 4064, 4066, 4072, 4074, 4076, 4078, 4080, 4082, 4084, 4086, 
  4092, 4094, 4097, 4101, 4107, 4109, 4115, 4117, 4123, 4127, 4131, 4133, 4139, 4143, 
  4147, 4151, 4153, 4159, 4161, 4165, 4171, 4173, 4177, 4183, 4185, 4189, 4193, 4199, 
  4201, 4205, 4211, 4215, 4217, 4223, 4225, 4229, 4233, 4239, 4243, 4245, 4249, 4253, 
  4257, 4263, 4267, 4271, 4273, 4277, 4281, 4287, 4289, 4293, 4297, 4303, 4305, 4311, 
  4315, 4319, 4323, 4325, 4329, 4333, 4337, 4341, 4345, 4351, 4353, 4359, 4363, 4367, 
  4369, 4373, 4377, 4383, 4385, 4389, 4393, 4399, 4403, 4405, 4409, 4413, 4419, 4421, 
  4425, 4429, 4433, 4437, 4441, 4447, 4449, 4453, 4457, 4463, 4465, 4471, 4475, 4479, 
  4481, 4487, 4489, 4493, 4497, 4501, 4507, 4509, 4515, 4519, 4521, 4527, 4529, 4535, 
  4537, 4541, 4547, 4549, 4555, 4559, 4561, 4565, 4571, 4573, 4579, 4583, 4585, 4591, 
  4595, 4597, 4603, 4607, 4611, 4613, 4617, 4621, 4627, 4631, 4635, 4637, 4641, 4645, 
  4649, 4655, 4659, 4661, 4665, 4669, 4675, 4677, 4681, 4685, 4689, 4693, 4697, 4703, 
  4707, 4711, 4715, 4717, 4723, 4725, 4729, 4733, 4737, 4743, 4745, 4749, 4753, 4757, 
  4763, 4765, 4769, 4773, 4779, 4781, 4787, 4789, 4795, 4799, 4801, 4807, 4809, 4813, 
  4819, 4823, 4825, 4831, 4835, 4839, 4841, 4847, 4851, 4853, 4859, 4863, 4865, 4869, 
  4875, 4877, 4883, 4885, 4891, 4895, 4897, 4903, 4905, 4909, 4913, 4917, 4923, 4925, 
  4931, 4935, 4937, 4943, 4947, 4949, 4955, 4959, 4961, 4967, 4969, 4973, 4979, 4983, 
  4985, 4991, 4995, 4999, 5003, 5005, 5009, 5015, 5019, 5023, 5025, 5031, 5035, 5039, 
  5041, 5045, 5049, 5055, 5057, 5061, 5065, 5071, 5073, 5079, 5083, 5087, 5089, 5095, 
  5099, 5103, 5107, 5111, 5115, 5117, 5123, 5125, 5129, 5133, 5137, 5141, 5145, 5151, 
  5155, 5159, 5163, 5165, 5171, 5173, 5177, 5181, 5187, 5189, 5193, 5197, 5203, 5207, 
  5211, 5213, 5217, 5221, 5225, 5231, 5235, 5237, 5241, 5245, 5251, 5253, 5259, 5263, 
  5265, 5269, 5275, 5277, 5281, 5285, 5291, 5293, 5297, 5303, 5305, 5309, 5315, 5317, 
  5323, 5327, 5331, 5335, 5337, 5343, 5347, 5351, 5353, 5359, 5361, 5367, 5369, 5373, 
  5377, 5381, 5387, 5389, 5393, 5399, 5401, 5405, 5411, 5413, 5419, 5423, 5425, 5429, 
  5435, 5437, 5443, 5447, 5449, 5455, 5457, 5463, 5465, 5469, 5475, 5477, 5483, 5487, 
  5491, 5495, 5497, 5503, 5505, 5509, 5513, 5519, 5521, 5527, 5531, 5535, 5537, 5543, 
  5547, 5551, 5555, 5559, 5563, 5565, 5571, 5575, 5579, 5581, 5585, 5591, 5595, 5599, 
  5601, 5607, 5611, 5615, 5617, 5621, 5625, 5631, 5633, 5637, 5643, 5645, 5649, 5655, 
  5657, 5661, 5665, 5671, 5673, 5677, 5683, 5687, 5689, 5695, 5697, 5701, 5707, 5709, 
  5715, 5717, 5723, 5727, 5731, 5733, 5739, 5743, 5747, 5751, 5753, 5759, 5763, 5767, 
  5771, 5773, 5779, 5781, 5785, 5789, 5793, 5799, 5803, 5807, 5811, 5815, 5819, 5821, 
  5827, 5831, 5835, 5837, 5841, 5847, 5851, 5855, 5859, 5861, 5865, 5869, 5875, 5879, 
  5883, 5885, 5889, 5895, 5899, 5903, 5907, 5911, 5915, 5917, 5923, 5927, 5931, 5933, 
  5939, 5941, 5945, 5949, 5955, 5957, 5961, 5965, 5971, 5975, 5979, 5981, 5987, 5991, 
  5995, 5997, 6001, 6007, 6011, 6015, 6019, 6021, 6027, 6031, 6033, 6037, 6043, 6045, 
  6051, 6055, 6057, 6063, 6067, 6069, 6075, 6079, 6081, 6087, 6089, 6093, 6097, 6101, 
  6107, 6109, 6115, 6119, 6121, 6127, 6129, 6135, 6137, 6141, 6145, 6149, 6153, 6159, 
  6161, 6167, 6171, 6175, 6179, 6181, 6185, 6189, 6193, 6197, 6201, 6207, 6209, 6213, 
  6217, 6223, 6227, 6229, 6233, 6237, 6241, 6247, 6251, 6255, 6257, 6261, 6265, 6271, 
  6273, 6277, 6283, 6285, 6289, 6295, 6297, 6301, 6305, 6311, 6313, 6317, 6323, 6327, 
  6329, 6335, 6337, 6341, 6347, 6349, 6355, 6357, 6363, 6367, 6371, 6373, 6379, 6383, 
  6387, 6391, 6393, 6399, 6401, 6407, 6409, 6413, 6419, 6423, 6425, 6431, 6433, 6437, 
  6443, 6445, 6449, 6455, 6457, 6461, 6467, 6469, 6475, 6479, 6483, 6487, 6489, 6495, 
  6497, 6501, 6507, 6509, 6515, 6517, 6523, 6527, 6529, 6535, 6539, 6543, 6547, 6551, 
  6555, 6557, 6563, 6567, 6571, 6573, 6579, 6581, 6585, 6589, 6595, 6597, 6601, 6605, 
  6611, 6615, 6619, 6621, 6627, 6631, 6635, 6637, 6641, 6647, 6651, 6655, 6659, 6661, 
  6667, 6671, 6673, 6677, 6683, 6685, 6689, 6693, 6699, 6701, 6705, 6711, 6713, 6717, 
  6723, 6725, 6731, 6735, 6739, 6743, 6745, 6751, 6755, 6759, 6761, 6767, 6769, 6775, 
  6777, 6781, 6785, 6791, 6795, 6799, 6803, 6807, 6811, 6813, 6817, 6821, 6825, 6831, 
  6833, 6839, 6843, 6847, 6849, 6855, 6859, 6863, 6865, 6869, 6873, 6879, 6883, 6887, 
  6891, 6893, 6897, 6903, 6907, 6911, 6913, 6917, 6921, 6927, 6929, 6935, 6939, 6943, 
  6945, 6951, 6955, 6959, 6963, 6967, 6971, 6973, 6979, 6983, 6987, 6989, 6993, 6999, 
  7003, 7007, 7009, 7015, 7019, 7023, 7025, 7029, 7033, 7039, 7043, 7047, 7049, 7055, 
  7059, 7061, 7067, 7071, 7073, 7079, 7081, 7085, 7091, 7095, 7097, 7103, 7105, 7109, 
  7115, 7117, 7123, 7125, 7131, 7135, 7137, 7143, 7145, 7149, 7153, 7157, 7163, 7165, 
  7169, 7175, 7177, 7181, 7185, 7189, 7195, 7197, 7201, 7205, 7211, 7213, 7219, 7221, 
  7227, 7231, 7233, 7239, 7241, 7245, 7251, 7255, 7257, 7263, 7267, 7271, 7273, 7279, 
  7283, 7285, 7291, 7295, 7297, 7303, 7307, 7311, 7313, 7317, 7321, 7327, 7331, 7335, 
  7339, 7341, 7345, 7351, 7355, 7359, 7361, 7367, 7371, 7375, 7379, 7383, 7387, 7389, 
  7393, 7397, 7401, 7407, 7409, 7415, 7419, 7423, 7427, 7431, 7435, 7437, 7441, 7447, 
  7451, 7455, 7457, 7463, 7467, 7471, 7473, 7477, 7481, 7487, 7489, 7493, 7497, 7503, 
  7505, 7511, 7515, 7519, 7521, 7527, 7531, 7535, 7539, 7543, 7547, 7549, 7555, 7559, 
  7561, 7567, 7569, 7575, 7577, 7581, 7587, 7589, 7595, 7599, 7603, 7607, 7609, 7615, 
  7617, 7621, 7627, 7629, 7633, 7639, 7641, 7645, 7651, 7653, 7659, 7663, 7665, 7669, 
  7675, 7677, 7683, 7687, 7691, 7693, 7697, 7703, 7707, 7711, 7715, 7717, 7721, 7725, 
  7731, 7735, 7739, 7741, 7747, 7751, 7755, 7757, 7763, 7765, 7769, 7773, 7777, 7783, 
  7787, 7791, 7795, 7799, 7803, 7805, 7809, 7813, 7819, 7821, 7827, 7829, 7835, 7839, 
  7843, 7845, 7851, 7855, 7859, 7863, 7865, 7871, 7873, 7877, 7883, 7885, 7889, 7895, 
  7897, 7901, 7905, 7911, 7913, 7917, 7923, 7927, 7929, 7935, 7939, 7941, 7947, 7951, 
  7955, 7959, 7961, 7967, 7969, 7973, 7979, 7981, 7987, 7989, 7995, 7999, 8001, 8007, 
  8009, 8013, 8019, 8023, 8025, 8031, 8033, 8037, 8043, 8045, 8049, 8055, 8057, 8061, 
  8065, 8071, 8075, 8079, 8081, 8085, 8089, 8095, 8097, 8101, 8105, 8111, 8115, 8117, 
  8121, 8125, 8131, 8133, 8137, 8141, 8145, 8149, 8153, 8159, 8161, 8165, 8169, 8175, 
  8177, 8183, 8187, 8191 ]
gap> quit;
