sessionnumb  20261001175753 
gap> Read("Task20261001Pa.g");
17 18 [ 0, 555 ] [ [ -2, 17 ], [ 1, 120 ], [ 3, 152 ] ] 926 
17 18 [ 0, 439 ] [ [ -2, 17 ], [ 1, 124 ], [ 3, 148 ] ] 2301 
17 18 [ 0, 411 ] [ [ -2, 17 ], [ 1, 138 ], [ 3, 134 ] ] 4212 
17 18 [ 0, 297 ] [ [ -2, 17 ], [ 1, 134 ], [ 3, 138 ] ] 4220 
17 18 [ 0, 320 ] [ [ -2, 17 ], [ 1, 132 ], [ 3, 140 ] ] 6475 
17 18 [ 0, 339 ] [ [ -2, 17 ], [ 1, 118 ], [ 3, 154 ] ] 6663 
17 18 [ 0, 502 ] [ [ -2, 17 ], [ 1, 130 ], [ 3, 142 ] ] 6709 
17 18 [ 0, 488 ] [ [ -2, 17 ], [ 1, 114 ], [ 3, 158 ] ] 8087 
17 18 [ 0, 278 ] [ [ -2, 17 ], [ 1, 124 ], [ 3, 148 ] ] 9256 
17 18 [ 0, 458 ] [ [ -2, 17 ], [ 1, 126 ], [ 3, 146 ] ] 10754 
17 18 [ 0, 553 ] [ [ -2, 17 ], [ 1, 136 ], [ 3, 136 ] ] 11127 
17 18 [ 0, 439 ] [ [ -2, 17 ], [ 1, 136 ], [ 3, 136 ] ] 11758 
17 18 [ 0, 637 ] [ [ -2, 17 ], [ 1, 142 ], [ 3, 130 ] ] 12552 
17 18 [ 0, 938 ] [ [ -2, 17 ], [ 1, 116 ], [ 3, 156 ] ] 13389 
17 18 [ 0, 551 ] [ [ -2, 17 ], [ 1, 122 ], [ 3, 150 ] ] 13817 
17 18 [ 0, 1067 ] [ [ -2, 17 ], [ 1, 128 ], [ 3, 144 ] ] 14006 
17 18 [ 0, 346 ] [ [ -2, 17 ], [ 1, 118 ], [ 3, 154 ] ] 14853 
17 18 [ 0, 537 ] [ [ -2, 17 ], [ 1, 126 ], [ 3, 146 ] ] 14858 
17 18 [ 0, 375 ] [ [ -2, 17 ], [ 1, 116 ], [ 3, 156 ] ] 15001 
17 18 [ 0, 610 ] [ [ -2, 17 ], [ 1, 122 ], [ 3, 150 ] ] 15074 
17 18 [ 0, 482 ] [ [ -2, 17 ], [ 1, 126 ], [ 3, 146 ] ] 15103 
17 18 [ 0, 329 ] [ [ -2, 17 ], [ 1, 120 ], [ 3, 152 ] ] 15144 
17 18 [ 0, 779 ] [ [ -2, 17 ], [ 1, 136 ], [ 3, 136 ] ] 15332 
17 18 [ 0, 366 ] [ [ -2, 17 ], [ 1, 130 ], [ 3, 142 ] ] 15342 
17 18 [ 0, 203 ] [ [ -2, 17 ], [ 1, 124 ], [ 3, 148 ] ] 15622 
17 18 [ 0, 356 ] [ [ -2, 17 ], [ 1, 120 ], [ 3, 152 ] ] 15623 
17 18 [ 0, 287 ] [ [ -2, 17 ], [ 1, 122 ], [ 3, 150 ] ] 15708 
17 18 [ 0, 244 ] [ [ -2, 17 ], [ 1, 124 ], [ 3, 148 ] ] 16013 
17 18 [ 0, 436 ] [ [ -2, 17 ], [ 1, 124 ], [ 3, 148 ] ] 16357 
17 18 [ 0, 333 ] [ [ -2, 17 ], [ 1, 114 ], [ 3, 158 ] ] 16791 
17 18 [ 0, 366 ] [ [ -2, 17 ], [ 1, 126 ], [ 3, 146 ] ] 16799 
17 18 [ 0, 379 ] [ [ -2, 17 ], [ 1, 114 ], [ 3, 158 ] ] 16800 
17 18 [ 0, 211 ] [ [ -2, 17 ], [ 1, 124 ], [ 3, 148 ] ] 16817 
17 18 [ 0, 242 ] [ [ -2, 17 ], [ 1, 118 ], [ 3, 154 ] ] 16818 
17 18 [ 0, 463 ] [ [ -2, 17 ], [ 1, 120 ], [ 3, 152 ] ] 16825 
17 18 [ 0, 413 ] [ [ -2, 17 ], [ 1, 126 ], [ 3, 146 ] ] 17199 
17 18 [ 0, 403 ] [ [ -2, 17 ], [ 1, 120 ], [ 3, 152 ] ] 17284 
17 18 [ 0, 594 ] [ [ -2, 17 ], [ 1, 122 ], [ 3, 150 ] ] 17381 
17 18 [ 0, 250 ] [ [ -2, 17 ], [ 1, 120 ], [ 3, 152 ] ] 17641 
17 18 [ 0, 276 ] [ [ -2, 17 ], [ 1, 132 ], [ 3, 140 ] ] 17691 
17 18 [ 0, 840 ] [ [ -2, 17 ], [ 1, 134 ], [ 3, 138 ] ] 17733 
17 18 [ 0, 665 ] [ [ -2, 17 ], [ 1, 128 ], [ 3, 144 ] ] 18054 
17 18 [ 0, 486 ] [ [ -2, 17 ], [ 1, 142 ], [ 3, 130 ] ] 18190 
17 18 [ 0, 298 ] [ [ -2, 17 ], [ 1, 136 ], [ 3, 136 ] ] 18199 
17 18 [ 0, 210 ] [ [ -2, 17 ], [ 1, 130 ], [ 3, 142 ] ] 18224 
17 18 [ 0, 523 ] [ [ -2, 17 ], [ 1, 122 ], [ 3, 150 ] ] 18403 
17 18 [ 0, 458 ] [ [ -2, 17 ], [ 1, 126 ], [ 3, 146 ] ] 18464 
17 18 [ 0, 318 ] [ [ -2, 17 ], [ 1, 124 ], [ 3, 148 ] ] 18483 
17 18 [ 0, 305 ] [ [ -2, 17 ], [ 1, 126 ], [ 3, 146 ] ] 18579 
17 18 [ 0, 316 ] [ [ -2, 17 ], [ 1, 120 ], [ 3, 152 ] ] 18704 
17 18 [ 0, 443 ] [ [ -2, 17 ], [ 1, 118 ], [ 3, 154 ] ] 18715 
17 18 [ 0, 845 ] [ [ -2, 17 ], [ 1, 132 ], [ 3, 140 ] ] 18771 
17 18 [ 0, 450 ] [ [ -2, 17 ], [ 1, 130 ], [ 3, 142 ] ] 18790 
17 18 [ 0, 446 ] [ [ -2, 17 ], [ 1, 128 ], [ 3, 144 ] ] 18791 
17 18 [ 0, 231 ] [ [ -2, 17 ], [ 1, 140 ], [ 3, 132 ] ] 19408 
17 18 [ 0, 316 ] [ [ -2, 17 ], [ 1, 122 ], [ 3, 150 ] ] 19458 
17 18 [ 0, 341 ] [ [ -2, 17 ], [ 1, 132 ], [ 3, 140 ] ] 19605 
17 18 [ 0, 335 ] [ [ -2, 17 ], [ 1, 122 ], [ 3, 150 ] ] 19730 
17 18 [ 0, 708 ] [ [ -2, 17 ], [ 1, 120 ], [ 3, 152 ] ] 20011 
17 18 [ 0, 599 ] [ [ -2, 17 ], [ 1, 132 ], [ 3, 140 ] ] 20466 
17 18 [ 0, 403 ] [ [ -2, 17 ], [ 1, 128 ], [ 3, 144 ] ] 20656 
17 18 [ 0, 726 ] [ [ -2, 17 ], [ 1, 120 ], [ 3, 152 ] ] 22564 
17 18 [ 0, 803 ] [ [ -2, 17 ], [ 1, 124 ], [ 3, 148 ] ] 23950 
17 18 [ 0, 426 ] [ [ -2, 17 ], [ 1, 130 ], [ 3, 142 ] ] 24131 
17 18 [ 0, 192 ] [ [ -2, 17 ], [ 1, 128 ], [ 3, 144 ] ] 24214 
17 18 [ 0, 287 ] [ [ -2, 17 ], [ 1, 126 ], [ 3, 146 ] ] 24215 
17 18 [ 0, 430 ] [ [ -2, 17 ], [ 1, 126 ], [ 3, 146 ] ] 24226 
17 18 [ 0, 432 ] [ [ -2, 17 ], [ 1, 122 ], [ 3, 150 ] ] 24469 
17 18 [ 0, 497 ] [ [ -2, 17 ], [ 1, 120 ], [ 3, 152 ] ] 24633 
17 18 [ 0, 215 ] [ [ -2, 17 ], [ 1, 136 ], [ 3, 136 ] ] 24791 
17 18 [ 0, 574 ] [ [ -2, 17 ], [ 1, 126 ], [ 3, 146 ] ] 24868 
17 18 [ 0, 337 ] [ [ -2, 17 ], [ 1, 132 ], [ 3, 140 ] ] 25086 
17 18 [ 0, 807 ] [ [ -2, 17 ], [ 1, 126 ], [ 3, 146 ] ] 25191 
17 18 [ 0, 294 ] [ [ -2, 17 ], [ 1, 120 ], [ 3, 152 ] ] 25203 
17 18 [ 0, 448 ] [ [ -2, 17 ], [ 1, 128 ], [ 3, 144 ] ] 25456 
17 18 [ 0, 939 ] [ [ -2, 17 ], [ 1, 122 ], [ 3, 150 ] ] 25796 
17 18 [ 0, 939 ] [ [ -2, 17 ], [ 1, 122 ], [ 3, 150 ] ] 25797 
17 18 [ 0, 335 ] [ [ -2, 17 ], [ 1, 126 ], [ 3, 146 ] ] 28203 
17 18 [ 0, 496 ] [ [ -2, 17 ], [ 1, 124 ], [ 3, 148 ] ] 28493 
17 18 [ 0, 437 ] [ [ -2, 17 ], [ 1, 128 ], [ 3, 144 ] ] 28602 
17 18 [ 0, 303 ] [ [ -2, 17 ], [ 1, 128 ], [ 3, 144 ] ] 30546 
17 18 [ 0, 228 ] [ [ -2, 17 ], [ 1, 128 ], [ 3, 144 ] ] 30719 
17 18 [ 0, 296 ] [ [ -2, 17 ], [ 1, 120 ], [ 3, 152 ] ] 30721 
17 18 [ 0, 404 ] [ [ -2, 17 ], [ 1, 132 ], [ 3, 140 ] ] 30841 
17 18 [ 0, 237 ] [ [ -2, 17 ], [ 1, 128 ], [ 3, 144 ] ] 31085 
17 18 [ 0, 278 ] [ [ -2, 17 ], [ 1, 126 ], [ 3, 146 ] ] 31089 
17 18 [ 0, 260 ] [ [ -2, 17 ], [ 1, 136 ], [ 3, 136 ] ] 31145 
17 18 [ 0, 185 ] [ [ -2, 17 ], [ 1, 132 ], [ 3, 140 ] ] 31165 
17 18 [ 0, 716 ] [ [ -2, 17 ], [ 1, 124 ], [ 3, 148 ] ] 31184 
17 18 [ 0, 323 ] [ [ -2, 17 ], [ 1, 122 ], [ 3, 150 ] ] 31197 
17 18 [ 0, 163 ] [ [ -2, 17 ], [ 1, 130 ], [ 3, 142 ] ] 31247 
17 18 [ 0, 398 ] [ [ -2, 17 ], [ 1, 140 ], [ 3, 132 ] ] 31285 
17 18 [ 0, 313 ] [ [ -2, 17 ], [ 1, 134 ], [ 3, 138 ] ] 31716 
17 18 [ 0, 228 ] [ [ -2, 17 ], [ 1, 124 ], [ 3, 148 ] ] 31797 
Error, user interrupt in
  x := row[nzheads[j]]; at /usr/local/Cellar/gap/4.15.1/share/gap/lib/matrix.gi:2454 called from 
SemiEchelonMatDestructive( mat ) at /usr/local/Cellar/gap/4.15.1/share/gap/lib/matrix.gi:2407 called from
RankMatDestructive( MutableCopyMatrix( mat ) ) at /usr/local/Cellar/gap/4.15.1/share/gap/lib/matrix.gi:2417 called from
Rank( bigGram ) at SplitConsTools.g:56 called from
ModLatticeKerRec( tGram ) at SplitConsTools.g:114 called from
WGraphToGramh( newadj, kk + 1 ) at Task20261001Pa.g:28 called from
...  at Task20261001Pa.g:44
you can 'return;'
brk> quit;
gap> quit;
