sessionnumb  20260923124808 
16 17 433 [ [ -2, 16 ], [ 1, 106 ], [ 3, 134 ] ] 
16 17 359 [ [ -2, 16 ], [ 1, 110 ], [ 3, 130 ] ] 
17 18 383 [ [ -2, 17 ], [ 1, 140 ], [ 3, 132 ] ] 
15 16 343 [ [ -2, 15 ], [ 1, 92 ], [ 3, 118 ] ] 
16 17 305 [ [ -2, 16 ], [ 1, 110 ], [ 3, 130 ] ] 
17 18 617 [ [ -2, 17 ], [ 1, 130 ], [ 3, 142 ] ] 
17 18 617 [ [ -2, 17 ], [ 1, 122 ], [ 3, 150 ] ] 
16 17 301 [ [ -2, 16 ], [ 1, 104 ], [ 3, 136 ] ] 
15 16 313 [ [ -2, 15 ], [ 1, 90 ], [ 3, 120 ] ] 
16 17 301 [ [ -2, 16 ], [ 1, 104 ], [ 3, 136 ] ] 
16 17 317 [ [ -2, 16 ], [ 1, 106 ], [ 3, 134 ] ] 
16 17 341 [ [ -2, 16 ], [ 1, 114 ], [ 3, 126 ] ] 
16 17 384 [ [ -2, 16 ], [ 1, 120 ], [ 3, 120 ] ] 
16 17 384 [ [ -2, 16 ], [ 1, 120 ], [ 3, 120 ] ] 
17 18 731 [ [ -2, 17 ], [ 1, 144 ], [ 3, 128 ] ] 
17 18 468 [ [ -2, 17 ], [ 1, 136 ], [ 3, 136 ] ] 
17 18 556 [ [ -2, 17 ], [ 1, 128 ], [ 3, 144 ] ] 
16 17 360 [ [ -2, 16 ], [ 1, 104 ], [ 3, 136 ] ] 
16 17 404 [ [ -2, 16 ], [ 1, 104 ], [ 3, 136 ] ] 
16 17 311 [ [ -2, 16 ], [ 1, 104 ], [ 3, 136 ] ] 
16 17 464 [ [ -2, 16 ], [ 1, 106 ], [ 3, 134 ] ] 
16 17 351 [ [ -2, 16 ], [ 1, 108 ], [ 3, 132 ] ] 
16 17 509 [ [ -2, 16 ], [ 1, 108 ], [ 3, 132 ] ] 
17 18 321 [ [ -2, 17 ], [ 1, 124 ], [ 3, 148 ] ] 
17 18 761 [ [ -2, 17 ], [ 1, 126 ], [ 3, 146 ] ] 
17 18 491 [ [ -2, 17 ], [ 1, 124 ], [ 3, 148 ] ] 
17 18 555 [ [ -2, 17 ], [ 1, 122 ], [ 3, 150 ] ] 
17 18 597 [ [ -2, 17 ], [ 1, 130 ], [ 3, 142 ] ] 
17 18 384 [ [ -2, 17 ], [ 1, 122 ], [ 3, 150 ] ] 
18 19 430 [ [ -2, 18 ], [ 1, 150 ], [ 3, 156 ] ] 
18 19 430 [ [ -2, 18 ], [ 1, 144 ], [ 3, 162 ] ] 
17 18 481 [ [ -2, 17 ], [ 1, 122 ], [ 3, 150 ] ] 
16 17 311 [ [ -2, 16 ], [ 1, 112 ], [ 3, 128 ] ] 
17 18 675 [ [ -2, 17 ], [ 1, 124 ], [ 3, 148 ] ] 
17 18 316 [ [ -2, 17 ], [ 1, 130 ], [ 3, 142 ] ] 
17 18 316 [ [ -2, 17 ], [ 1, 130 ], [ 3, 142 ] ] 
16 17 391 [ [ -2, 16 ], [ 1, 116 ], [ 3, 124 ] ] 
16 17 334 [ [ -2, 16 ], [ 1, 112 ], [ 3, 128 ] ] 
17 18 410 [ [ -2, 17 ], [ 1, 130 ], [ 3, 142 ] ] 
18 19 886 [ [ -2, 18 ], [ 1, 136 ], [ 3, 170 ] ] 
18 19 1307 [ [ -2, 18 ], [ 1, 138 ], [ 3, 168 ] ] 
18 19 412 [ [ -2, 18 ], [ 1, 134 ], [ 3, 172 ] ] 
18 19 412 [ [ -2, 18 ], [ 1, 136 ], [ 3, 170 ] ] 
18 19 361 [ [ -2, 18 ], [ 1, 138 ], [ 3, 168 ] ] 
19 20 662 [ [ -2, 19 ], [ 1, 150 ], [ 3, 192 ] ] 
19 20 662 [ [ -2, 19 ], [ 1, 158 ], [ 3, 184 ] ] 
19 20 380 [ [ -2, 19 ], [ 1, 158 ], [ 3, 184 ] ] 
18 19 412 [ [ -2, 18 ], [ 1, 140 ], [ 3, 166 ] ] 
18 19 1307 [ [ -2, 18 ], [ 1, 136 ], [ 3, 170 ] ] 
18 19 886 [ [ -2, 18 ], [ 1, 138 ], [ 3, 168 ] ] 
18 19 408 [ [ -2, 18 ], [ 1, 142 ], [ 3, 164 ] ] 
19 20 662 [ [ -2, 19 ], [ 1, 158 ], [ 3, 184 ] ] 
17 18 574 [ [ -2, 17 ], [ 1, 122 ], [ 3, 150 ] ] 
17 18 574 [ [ -2, 17 ], [ 1, 122 ], [ 3, 150 ] ] 
17 18 574 [ [ -2, 17 ], [ 1, 118 ], [ 3, 154 ] ] 
17 18 574 [ [ -2, 17 ], [ 1, 126 ], [ 3, 146 ] ] 
18 19 361 [ [ -2, 18 ], [ 1, 138 ], [ 3, 168 ] ] 
18 19 361 [ [ -2, 18 ], [ 1, 138 ], [ 3, 168 ] ] 
17 18 409 [ [ -2, 17 ], [ 1, 124 ], [ 3, 148 ] ] 
18 19 796 [ [ -2, 18 ], [ 1, 142 ], [ 3, 164 ] ] 
18 19 325 [ [ -2, 18 ], [ 1, 144 ], [ 3, 162 ] ] 
18 19 796 [ [ -2, 18 ], [ 1, 148 ], [ 3, 158 ] ] 
18 19 796 [ [ -2, 18 ], [ 1, 142 ], [ 3, 164 ] ] 
18 19 796 [ [ -2, 18 ], [ 1, 132 ], [ 3, 174 ] ] 
18 19 325 [ [ -2, 18 ], [ 1, 134 ], [ 3, 172 ] ] 
17 18 362 [ [ -2, 17 ], [ 1, 120 ], [ 3, 152 ] ] 
17 18 574 [ [ -2, 17 ], [ 1, 118 ], [ 3, 154 ] ] 
16 17 356 [ [ -2, 16 ], [ 1, 108 ], [ 3, 132 ] ] 
Error, user interrupt in
  x := row[nzheads[j]]; at /usr/local/Cellar/gap/4.15.1/share/gap/lib/matrix.gi:2454 called from 
SemiEchelonMatDestructive( mat ) at /usr/local/Cellar/gap/4.15.1/share/gap/lib/matrix.gi:2407 called from
RankMatDestructive( MutableCopyMatrix( mat ) ) at /usr/local/Cellar/gap/4.15.1/share/gap/lib/matrix.gi:2417 called from
Rank( bigGram ) at SplitConsTools.g:56 called from
ModLatticeKerRec( tGram ) at SplitConsTools.g:114 called from
WGraphToGramh( newadj, kk + 1 ) at Task20260923Pa.g:26 called from
...  at Task20260923Pa.g:42
you can 'return;'
brk> 