sessionnumb  20260920225739 
gap> Read("SplitConsTools.g");
Error, Variable: 'RandomSymMatFromL' is read only
not in any function at SplitConsTools.g:217
type 'quit;' to quit to outer loop
brk> quit;
gap> Read("Task20260920Vc.g");
Error, Variable: 'ii' must have an assigned value in
  newadj[ii][ii] := -2; at Task20260920Vc.g:18 called from 
<function "unknown">( <arguments> )
 called from read-eval loop at Task20260920Vc.g:41
type 'quit;' to quit to outer loop
brk> quit;
gap> Read("Task20260920Vc.g");
counter 10000 
Error, user interrupt in
  x := row[nzheads[j]]; at /usr/local/Cellar/gap/4.15.1/share/gap/lib/matrix.gi:2454 called from 
SemiEchelonMatDestructive( mat 
 ) at /usr/local/Cellar/gap/4.15.1/share/gap/lib/matrix.gi:2407 called from
RankMatDestructive( MutableCopyMatrix( mat ) 
 ) at /usr/local/Cellar/gap/4.15.1/share/gap/lib/matrix.gi:2417 called from
Rank( tGram ) at SplitConsTools.g:174 called from
IsGeom( tGram, th ) at Task20260920Vc.g:22 called from
<function "unknown">( <arguments> )
 called from read-eval loop at Task20260920Vc.g:41
you can 'return;'
brk> quit;
gap> Read("Task20260920Vc.g");
counter 1000 
counter 2000 
counter 3000 
counter 4000 
counter 5000 
counter 6000 
counter 7000 
counter 8000 
counter 9000 
counter 10000 
counter 11000 
counter 12000 
counter 13000 
counter 14000 
counter 15000 
counter 16000 
counter 17000 
counter 18000 
counter 19000 
counter 20000 
counter 21000 
counter 22000 
counter 23000 
counter 24000 
counter 25000 
counter 26000 
counter 27000 
counter 28000 
counter 29000 
counter 30000 
Error, user interrupt in
  Add( res, elm ); at /usr/local/Cellar/gap/4.15.1/share/gap/lib/list.gi:2203 called from 
Flat( elm ) at /usr/local/Cellar/gap/4.15.1/share/gap/lib/list.gi:2205 called from
Flat( vectslist ) at gapReads/LinearAlgebra.txt:91 called from
ConcatVectss( List( matslist, function ( tM )
        return tM[ii];
    end ) ) at gapReads/LinearAlgebra.txt:113 called from
func( C[i] ) at /usr/local/Cellar/gap/4.15.1/share/gap/lib/coll.gi:663 called from
List( [ 1 .. r ], function ( ii )
      return ConcatVectss( List( matslist, function ( tM )
                return tM[ii];
            end ) );
  end ) at gapReads/LinearAlgebra.txt:113 called from
...  at Task20260920Vc.g:41
you can 'return;'
brk> quit;
gap> 
gap> 
gap> 
gap> 
gap> Read("Task20260920Vc.g");
counter 10000 
counter 20000 
counter 30000 
counter 40000 
counter 50000 
counter 60000 
counter 70000 
counter 80000 
counter 90000 
counter 100000 
counter 110000 
counter 120000 
counter 130000 
counter 140000 
counter 150000 
counter 160000 
counter 170000 
counter 180000 
counter 190000 
counter 200000 
counter 210000 
counter 220000 
counter 230000 
counter 240000 
counter 250000 
counter 260000 
counter 270000 
counter 280000 
counter 290000 
counter 300000 
counter 310000 
counter 320000 
counter 330000 
counter 340000 
counter 350000 
counter 360000 
counter 370000 
counter 380000 
counter 390000 
counter 400000 
counter 410000 
counter 420000 
counter 430000 
counter 440000 
counter 450000 
counter 460000 
counter 470000 
counter 480000 
counter 490000 
counter 500000 
counter 510000 
counter 520000 
counter 530000 
counter 540000 
counter 550000 
counter 560000 
counter 570000 
counter 580000 
counter 590000 
counter 600000 
counter 610000 
counter 620000 
counter 630000 
counter 640000 
counter 650000 
counter 660000 
counter 670000 
counter 680000 
counter 690000 
counter 700000 
counter 710000 
counter 720000 
counter 730000 
counter 740000 
counter 750000 
counter 760000 
counter 770000 
counter 780000 
counter 790000 
counter 800000 
counter 810000 
counter 820000 
counter 830000 
counter 840000 
counter 850000 
counter 860000 
counter 870000 
counter 880000 
counter 890000 
counter 900000 
counter 910000 
counter 920000 
counter 930000 
counter 940000 
counter 950000 
counter 960000 
counter 970000 
counter 980000 
counter 990000 
counter 1000000 
counter 1010000 
counter 1020000 
counter 1030000 
counter 1040000 
counter 1050000 
counter 1060000 
counter 1070000 
counter 1080000 
counter 1090000 
counter 1100000 
counter 1110000 
counter 1120000 
counter 1130000 
counter 1140000 
counter 1150000 
counter 1160000 
counter 1170000 
counter 1180000 
counter 1190000 
counter 1200000 
counter 1210000 
counter 1220000 
counter 1230000 
counter 1240000 
counter 1250000 
counter 1260000 
counter 1270000 
counter 1280000 
counter 1290000 
counter 1300000 
counter 1310000 
counter 1320000 
counter 1330000 
counter 1340000 
counter 1350000 
counter 1360000 
counter 1370000 
counter 1380000 
counter 1390000 
counter 1400000 
counter 1410000 
counter 1420000 
counter 1430000 
counter 1440000 
counter 1450000 
counter 1460000 
counter 1470000 
counter 1480000 
counter 1490000 
counter 1500000 
counter 1510000 
counter 1520000 
counter 1530000 
counter 1540000 
counter 1550000 
counter 1560000 
counter 1570000 
counter 1580000 
counter 1590000 
counter 1600000 
counter 1610000 
counter 1620000 
counter 1630000 
counter 1640000 
counter 1650000 
counter 1660000 
counter 1670000 
counter 1680000 
counter 1690000 
counter 1700000 
counter 1710000 
counter 1720000 
counter 1730000 
counter 1740000 
counter 1750000 
counter 1760000 
counter 1770000 
counter 1780000 
counter 1790000 
counter 1800000 
counter 1810000 
counter 1820000 
counter 1830000 
counter 1840000 
counter 1850000 
counter 1860000 
counter 1870000 
counter 1880000 
counter 1890000 
counter 1900000 
counter 1910000 
counter 1920000 
counter 1930000 
counter 1940000 
counter 1950000 
counter 1960000 
counter 1970000 
counter 1980000 
counter 1990000 
counter 2000000 
counter 2010000 
counter 2020000 
counter 2030000 
counter 2040000 
counter 2050000 
counter 2060000 
counter 2070000 
counter 2080000 
counter 2090000 
counter 2100000 
counter 2110000 
counter 2120000 
counter 2130000 
counter 2140000 
counter 2150000 
counter 2160000 
counter 2170000 
counter 2180000 
counter 2190000 
counter 2200000 
counter 2210000 
counter 2220000 
counter 2230000 
counter 2240000 
counter 2250000 
counter 2260000 
counter 2270000 
counter 2280000 
counter 2290000 
counter 2300000 
counter 2310000 
counter 2320000 
counter 2330000 
counter 2340000 
counter 2350000 
counter 2360000 
counter 2370000 
counter 2380000 
counter 2390000 
counter 2400000 
counter 2410000 
counter 2420000 
counter 2430000 
counter 2440000 
counter 2450000 
counter 2460000 
counter 2470000 
counter 2480000 
counter 2490000 
counter 2500000 
counter 2510000 
counter 2520000 
counter 2530000 
counter 2540000 
counter 2550000 
counter 2560000 
counter 2570000 
counter 2580000 
counter 2590000 
counter 2600000 
counter 2610000 
counter 2620000 
counter 2630000 
counter 2640000 
counter 2650000 
counter 2660000 
counter 2670000 
counter 2680000 
counter 2690000 
counter 2700000 
counter 2710000 
counter 2720000 
counter 2730000 
counter 2740000 
counter 2750000 
counter 2760000 
counter 2770000 
counter 2780000 
counter 2790000 
counter 2800000 
counter 2810000 
counter 2820000 
counter 2830000 
counter 2840000 
counter 2850000 
counter 2860000 
counter 2870000 
counter 2880000 
counter 2890000 
counter 2900000 
counter 2910000 
counter 2920000 
counter 2930000 
counter 2940000 
counter 2950000 
counter 2960000 
counter 2970000 
counter 2980000 
counter 2990000 
counter 3000000 
counter 3010000 
counter 3020000 
counter 3030000 
counter 3040000 
counter 3050000 
counter 3060000 
counter 3070000 
counter 3080000 
counter 3090000 
counter 3100000 
counter 3110000 
counter 3120000 
counter 3130000 
counter 3140000 
counter 3150000 
counter 3160000 
counter 3170000 
counter 3180000 
counter 3190000 
counter 3200000 
counter 3210000 
counter 3220000 
counter 3230000 
counter 3240000 
counter 3250000 
counter 3260000 
counter 3270000 
counter 3280000 
counter 3290000 
counter 3300000 
counter 3310000 
counter 3320000 
counter 3330000 
counter 3340000 
counter 3350000 
counter 3360000 
counter 3370000 
counter 3380000 
counter 3390000 
counter 3400000 
counter 3410000 
counter 3420000 
counter 3430000 
counter 3440000 
counter 3450000 
counter 3460000 
counter 3470000 
counter 3480000 
counter 3490000 
counter 3500000 
counter 3510000 
counter 3520000 
counter 3530000 
counter 3540000 
counter 3550000 
counter 3560000 
counter 3570000 
counter 3580000 
counter 3590000 
counter 3600000 
counter 3610000 
counter 3620000 
counter 3630000 
counter 3640000 
counter 3650000 
counter 3660000 
counter 3670000 
counter 3680000 
counter 3690000 
counter 3700000 
counter 3710000 
counter 3720000 
counter 3730000 
counter 3740000 
counter 3750000 
counter 3760000 
counter 3770000 
counter 3780000 
counter 3790000 
counter 3800000 
counter 3810000 
counter 3820000 
counter 3830000 
counter 3840000 
counter 3850000 
counter 3860000 
counter 3870000 
counter 3880000 
counter 3890000 
counter 3900000 
counter 3910000 
counter 3920000 
counter 3930000 
counter 3940000 
counter 3950000 
counter 3960000 
counter 3970000 
counter 3980000 
counter 3990000 
counter 4000000 
counter 4010000 
counter 4020000 
counter 4030000 
counter 4040000 
counter 4050000 
counter 4060000 
counter 4070000 
counter 4080000 
counter 4090000 
counter 4100000 
counter 4110000 
counter 4120000 
counter 4130000 
counter 4140000 
counter 4150000 
counter 4160000 
counter 4170000 
counter 4180000 
counter 4190000 
counter 4200000 
counter 4210000 
counter 4220000 
counter 4230000 
counter 4240000 
counter 4250000 
counter 4260000 
counter 4270000 
counter 4280000 
counter 4290000 
counter 4300000 
counter 4310000 
counter 4320000 
counter 4330000 
counter 4340000 
counter 4350000 
counter 4360000 
counter 4370000 
counter 4380000 
counter 4390000 
counter 4400000 
counter 4410000 
counter 4420000 
counter 4430000 
counter 4440000 
counter 4450000 
counter 4460000 
counter 4470000 
counter 4480000 
counter 4490000 
counter 4500000 
counter 4510000 
counter 4520000 
counter 4530000 
counter 4540000 
counter 4550000 
counter 4560000 
counter 4570000 
counter 4580000 
counter 4590000 
counter 4600000 
counter 4610000 
counter 4620000 
counter 4630000 
counter 4640000 
counter 4650000 
counter 4660000 
counter 4670000 
counter 4680000 
counter 4690000 
counter 4700000 
counter 4710000 
counter 4720000 
counter 4730000 
counter 4740000 
counter 4750000 
counter 4760000 
counter 4770000 
counter 4780000 
counter 4790000 
counter 4800000 
counter 4810000 
counter 4820000 
counter 4830000 
counter 4840000 
counter 4850000 
counter 4860000 
counter 4870000 
counter 4880000 
counter 4890000 
counter 4900000 
counter 4910000 
counter 4920000 
counter 4930000 
counter 4940000 
counter 4950000 
counter 4960000 
Error, user interrupt in
  res[i] := func( C[i] ); at /usr/local/Cellar/gap/4.15.1/share/gap/lib/coll.gi:663 called from 
List( m1, function ( row )
      return PROD_VECTOR_MATRIX( row, m2 );
  end ) at /usr/local/Cellar/gap/4.15.1/share/gap/lib/list.gi:3640 called from
T * M at gapReads/LinearAlgebra.txt:252 called from
TMTTmult( orthoB, sQ ) at gapReads/LatticeTools.txt:41 called from
signaturejob( sdim - 1, newsQ ); at gapReads/LatticeTools.txt:42 called from
signaturejob( sdim - 1, newsQ ); at gapReads/LatticeTools.txt:42 called from
...  at Task20260920Vc.g:41
you can 'return;'
brk> quit;
gap> Read("Task20260920Vd.g");
Syntax warning: Unbound global variable in Task20260920Vd.g:15
  for cc in [1..100] do
      ^^
Syntax error: ; expected in Task20260920Vd.g:19
    trec:=WGraphToGramh(newadj, kk+1+1);
    ^^^^
Syntax warning: Unbound global variable in Task20260920Vd.g:26
        Printn(dim, Length(scons));
               ^^^
gap> Read("Task20260920Vd.g");
Syntax error: Name used for two locals in Task20260920Vd.g:14
  cc, trec;
      ^^^^
Syntax error: ; expected in Task20260920Vd.g:20
    trec:=WGraphToGramh(newadj, kk+1+1);
    ^^^^
gap> Read("Task20260920Vd.g");
Error, List Element: <list>[3] must have an assigned value in
  M[ii][ii] := -2; at SplitConsTools.g:97 called from 
WGraphToGramh( newadj, kk + 1 + 1 ) at Task20260920Vd.g:20 called from
<function "task">( <arguments> )
 called from read-eval loop at Task20260920Vd.g:36
type 'quit;' to quit to outer loop
brk> quit;
gap> Read("Task20260920Vd.g");
12 176 
12 130 
10 124 
11 124 
11 125 
12 139 
11 137 
12 129 
11 125 
12 127 
12 161 
12 130 
12 144 
11 147 
12 123 
12 133 
10 123 
12 157 
12 165 
11 132 
11 130 
11 124 
13 136 
11 127 
11 156 
11 165 
11 133 
12 166 
12 145 
11 137 
11 144 
11 139 
12 131 
12 129 
11 159 
10 125 
11 130 
11 162 
11 138 
11 161 
11 160 
11 121 
11 185 
11 121 
11 132 
11 123 
11 123 
12 149 
11 154 
11 128 
12 134 
11 138 
12 122 
12 175 
11 137 
12 186 
11 140 
11 126 
11 122 
11 139 
10 122 
12 156 
12 148 
12 121 
11 124 
12 192 
11 150 
11 132 
12 125 
11 161 
12 157 
10 135 
10 131 
11 121 
11 152 
11 143 
11 132 
11 140 
12 186 
12 166 
11 155 
11 122 
11 131 
12 126 
11 125 
11 135 
12 212 
12 154 
10 124 
10 125 
11 130 
11 194 
11 124 
11 127 
11 136 
11 131 
11 125 
11 142 
11 132 
11 124 
10 140 
12 124 
11 125 
11 137 
11 125 
11 140 
11 122 
11 128 
10 138 
12 162 
11 186 
12 140 
11 157 
11 146 
12 244 
11 121 
12 134 
11 127 
10 133 
10 144 
11 127 
11 130 
11 140 
11 156 
11 143 
12 154 
10 128 
12 155 
11 125 
11 132 
11 138 
11 122 
11 157 
12 123 
12 141 
11 136 
10 130 
11 137 
11 165 
11 135 
13 139 
12 156 
11 137 
12 125 
12 161 
10 122 
11 142 
12 180 
11 122 
12 128 
11 140 
11 128 
11 146 
12 166 
11 175 
11 134 
12 176 
11 153 
11 148 
11 125 
12 121 
11 177 
11 145 
12 129 
11 148 
13 141 
11 131 
11 134 
13 143 
12 158 
10 121 
11 182 
12 156 
12 123 
11 180 
11 140 
11 132 
11 133 
12 156 
10 125 
11 135 
11 131 
11 140 
11 154 
11 122 
11 124 
11 128 
10 127 
10 130 
12 149 
12 142 
11 127 
12 143 
12 123 
11 144 
12 162 
11 139 
11 156 
11 158 
11 131 
12 132 
12 144 
11 130 
11 139 
11 121 
10 136 
10 131 
12 131 
12 131 
11 121 
11 133 
11 156 
11 132 
11 134 
11 138 
10 152 
11 123 
11 150 
11 141 
12 122 
10 124 
10 130 
12 150 
12 156 
12 178 
12 128 
13 155 
12 125 
11 132 
12 220 
11 132 
11 131 
11 122 
12 126 
12 123 
11 169 
10 123 
11 163 
12 188 
11 125 
12 125 
11 133 
11 123 
11 147 
12 129 
10 122 
11 135 
10 127 
11 135 
12 145 
10 129 
11 134 
11 147 
12 140 
10 127 
11 124 
11 134 
10 147 
11 127 
12 121 
11 124 
10 122 
11 173 
11 147 
11 152 
12 225 
11 170 
11 123 
12 155 
11 126 
11 134 
11 126 
11 148 
11 150 
12 124 
11 122 
12 125 
11 141 
12 146 
11 136 
11 126 
11 121 
11 136 
11 134 
11 135 
11 132 
11 146 
12 144 
11 150 
11 123 
11 135 
11 142 
11 143 
11 121 
12 140 
10 124 
11 122 
11 136 
11 147 
11 124 
10 147 
12 146 
12 138 
11 135 
10 144 
11 122 
12 124 
11 124 
11 129 
10 127 
10 123 
11 186 
11 167 
10 122 
11 124 
11 137 
11 121 
12 139 
11 127 
11 132 
11 162 
11 129 
11 135 
10 122 
10 123 
12 131 
11 123 
10 124 
10 126 
10 138 
10 142 
11 183 
11 121 
11 121 
11 122 
10 133 
10 124 
12 191 
10 133 
11 154 
11 142 
12 150 
10 125 
11 169 
12 163 
11 143 
11 128 
11 121 
11 148 
10 124 
11 173 
12 122 
12 122 
11 122 
12 148 
11 121 
11 128 
11 131 
11 132 
11 144 
11 123 
11 126 
11 142 
11 135 
11 136 
11 160 
11 128 
10 134 
11 200 
11 146 
12 136 
12 145 
11 121 
12 139 
11 157 
11 124 
11 144 
12 148 
11 123 
11 122 
11 125 
11 204 
13 143 
11 129 
12 155 
11 124 
12 125 
12 128 
11 126 
11 129 
12 133 
10 126 
11 147 
10 124 
11 133 
10 129 
10 157 
11 122 
10 124 
10 130 
10 122 
11 146 
12 125 
11 154 
11 127 
11 124 
11 136 
11 122 
11 137 
11 138 
11 182 
11 126 
10 142 
10 121 
11 132 
11 121 
11 126 
11 138 
11 133 
12 142 
11 150 
10 121 
11 123 
11 125 
11 137 
11 141 
11 146 
10 134 
12 135 
10 164 
10 128 
11 185 
11 136 
12 122 
11 126 
11 124 
11 123 
10 121 
12 154 
10 123 
11 161 
11 133 
11 127 
11 136 
10 144 
11 129 
11 136 
11 153 
11 128 
11 128 
11 126 
11 136 
10 124 
11 126 
11 152 
11 127 
11 132 
10 125 
11 143 
12 251 
12 127 
11 139 
10 130 
11 127 
12 235 
11 138 
11 140 
11 134 
11 151 
11 138 
10 124 
10 122 
11 122 
10 144 
12 131 
11 128 
11 122 
12 126 
11 150 
10 128 
10 125 
10 130 
11 141 
11 139 
12 126 
12 139 
11 134 
11 141 
11 147 
11 128 
10 125 
12 127 
11 153 
11 167 
10 144 
11 122 
11 134 
11 141 
12 152 
11 145 
11 129 
11 131 
10 122 
11 138 
11 140 
11 121 
11 185 
11 127 
12 161 
11 127 
11 138 
11 157 
11 135 
11 128 
11 123 
11 127 
11 144 
12 126 
11 141 
12 138 
11 154 
12 163 
11 121 
13 145 
11 132 
11 139 
11 137 
12 193 
10 124 
11 157 
11 124 
11 122 
11 133 
11 121 
11 122 
11 156 
11 122 
10 121 
11 128 
10 128 
12 142 
11 150 
11 125 
11 131 
10 138 
12 139 
10 124 
11 134 
12 131 
11 122 
12 151 
11 124 
10 126 
12 123 
11 176 
10 125 
11 142 
12 153 
11 124 
11 185 
11 134 
12 159 
11 139 
11 140 
11 126 
10 126 
11 135 
12 174 
11 135 
12 179 
11 146 
11 165 
12 139 
11 150 
12 122 
11 135 
12 192 
11 123 
10 121 
11 132 
11 129 
11 134 
11 138 
12 177 
13 275 
12 126 
11 145 
11 126 
11 172 
10 131 
12 203 
10 122 
11 127 
12 134 
11 125 
11 194 
10 131 
12 140 
11 121 
10 123 
12 125 
10 147 
10 126 
11 184 
11 122 
12 203 
11 137 
11 138 
11 134 
11 126 
12 137 
11 166 
12 225 
11 122 
11 125 
12 159 
10 121 
10 123 
11 141 
10 179 
10 131 
10 137 
12 153 
11 145 
11 121 
11 167 
10 132 
11 125 
10 141 
11 123 
12 191 
11 134 
10 144 
11 121 
12 123 
12 189 
10 141 
11 126 
11 150 
11 168 
10 129 
11 179 
12 168 
12 179 
12 138 
12 122 
11 121 
11 166 
11 123 
10 136 
12 151 
12 132 
11 122 
12 193 
11 137 
11 123 
11 131 
11 141 
12 138 
11 135 
11 160 
12 138 
11 127 
11 121 
11 125 
11 168 
11 129 
11 160 
11 153 
11 130 
10 140 
10 129 
11 123 
11 180 
12 193 
10 124 
12 133 
10 160 
11 153 
12 188 
11 134 
11 131 
13 168 
11 125 
13 154 
12 192 
10 124 
11 122 
11 124 
11 137 
11 136 
10 131 
12 147 
12 137 
11 122 
11 123 
10 123 
11 121 
11 126 
11 148 
11 129 
10 123 
11 133 
13 137 
13 183 
12 156 
13 138 
11 125 
11 138 
11 125 
11 146 
12 122 
11 124 
13 134 
11 123 
13 134 
11 160 
12 204 
11 134 
11 137 
11 125 
12 192 
12 168 
12 125 
10 122 
10 127 
11 149 
10 134 
11 122 
10 121 
11 141 
12 262 
11 122 
10 123 
13 172 
11 121 
11 130 
11 141 
12 156 
12 150 
13 259 
11 160 
11 132 
11 136 
11 130 
11 134 
11 134 
11 124 
12 135 
12 191 
11 142 
10 123 
11 138 
11 144 
11 129 
11 126 
11 135 
10 124 
11 133 
12 184 
10 124 
11 126 
12 134 
10 130 
10 132 
10 123 
11 156 
12 136 
11 150 
13 174 
10 121 
11 145 
11 129 
11 138 
11 148 
11 147 
11 124 
12 155 
11 140 
12 121 
12 134 
11 136 
10 140 
11 127 
11 170 
11 127 
11 137 
11 122 
11 125 
12 122 
13 241 
10 143 
11 154 
10 121 
12 188 
11 149 
11 162 
12 206 
12 181 
11 129 
10 145 
11 161 
12 126 
10 157 
11 157 
12 143 
11 122 
11 144 
11 134 
12 123 
11 136 
12 187 
12 151 
11 121 
11 123 
13 209 
12 203 
11 122 
11 123 
11 122 
11 140 
10 122 
12 143 
11 151 
12 124 
11 142 
11 144 
11 146 
10 127 
10 137 
11 125 
11 122 
11 160 
11 135 
11 194 
11 135 
11 137 
12 170 
12 185 
11 127 
11 150 
11 137 
11 135 
10 134 
11 162 
12 188 
12 181 
11 129 
11 125 
11 159 
11 122 
10 125 
11 137 
11 121 
10 121 
11 124 
11 138 
12 193 
11 128 
11 158 
11 136 
11 121 
11 143 
11 143 
11 122 
11 131 
12 157 
11 139 
12 193 
12 129 
10 121 
11 145 
11 132 
12 131 
11 135 
11 178 
11 153 
11 139 
11 143 
11 137 
11 125 
11 126 
10 128 
12 145 
11 126 
12 143 
11 131 
11 158 
10 136 
11 136 
12 190 
12 191 
13 188 
12 188 
10 130 
12 184 
10 127 
10 131 
10 121 
10 150 
11 124 
11 124 
11 123 
11 130 
11 121 
12 231 
11 170 
11 147 
12 138 
11 155 
11 123 
12 152 
11 122 
12 126 
11 134 
11 131 
11 141 
11 133 
11 131 
13 154 
10 126 
11 133 
12 182 
12 135 
10 122 
10 142 
11 128 
11 140 
11 131 
11 148 
10 136 
11 122 
11 166 
11 129 
12 141 
12 126 
11 136 
12 121 
12 131 
10 132 
11 169 
12 190 
11 144 
11 136 
11 147 
11 167 
12 140 
11 127 
11 166 
11 139 
11 137 
11 124 
11 163 
12 122 
10 126 
11 123 
11 123 
11 126 
11 123 
12 184 
11 128 
11 144 
11 127 
12 186 
11 133 
11 132 
11 161 
11 131 
10 144 
11 134 
11 125 
11 153 
12 135 
11 175 
11 129 
11 134 
11 123 
11 133 
11 186 
11 131 
10 133 
10 140 
11 135 
11 150 
11 146 
12 223 
12 125 
11 122 
10 126 
11 130 
11 122 
12 187 
11 136 
11 162 
11 136 
10 128 
11 125 
11 151 
11 153 
11 161 
11 135 
11 144 
11 130 
11 125 
11 146 
10 122 
11 123 
11 125 
11 121 
10 131 
12 141 
11 124 
11 133 
10 129 
10 130 
11 152 
11 148 
11 134 
10 121 
11 179 
11 141 
10 133 
12 161 
11 126 
10 128 
10 137 
11 133 
11 172 
11 136 
11 126 
11 126 
11 142 
11 140 
10 133 
10 129 
12 157 
13 126 
14 204 
11 157 
13 127 
11 149 
11 122 
12 189 
11 129 
11 125 
12 155 
11 131 
12 164 
11 194 
10 145 
11 129 
11 143 
11 121 
11 130 
11 123 
10 121 
11 124 
10 138 
11 148 
11 122 
10 154 
10 124 
11 132 
12 122 
11 123 
11 122 
11 131 
11 124 
10 126 
10 124 
11 169 
10 138 
11 131 
12 148 
11 149 
11 157 
11 123 
11 139 
11 152 
10 122 
11 148 
11 129 
12 125 
12 121 
11 140 
11 157 
12 127 
11 145 
11 167 
11 128 
11 135 
11 130 
11 158 
12 135 
13 218 
12 143 
11 141 
11 157 
11 126 
11 123 
11 152 
13 125 
11 126 
11 167 
10 121 
11 130 
12 162 
11 137 
11 139 
11 129 
12 121 
10 124 
11 140 
11 121 
10 123 
11 151 
12 151 
11 128 
12 144 
11 142 
11 157 
11 139 
12 240 
11 131 
11 148 
12 126 
11 139 
12 148 
10 121 
13 132 
11 152 
11 124 
12 137 
12 127 
13 194 
11 127 
12 121 
11 133 
11 170 
11 136 
11 122 
11 126 
10 123 
13 148 
11 138 
11 129 
11 166 
13 136 
11 122 
11 131 
13 123 
11 124 
11 148 
11 128 
11 147 
11 144 
11 121 
10 127 
11 127 
11 140 
10 131 
11 126 
11 123 
12 151 
11 122 
11 130 
11 150 
12 144 
11 121 
12 135 
11 151 
12 127 
11 122 
10 134 
11 136 
11 128 
11 124 
11 153 
11 162 
11 144 
11 121 
12 135 
11 124 
12 159 
11 142 
11 128 
11 143 
11 128 
11 157 
11 124 
11 168 
11 144 
11 141 
11 154 
11 121 
11 141 
10 123 
12 147 
11 135 
11 128 
10 139 
11 123 
12 124 
11 143 
12 129 
11 125 
12 156 
11 121 
11 140 
11 123 
11 121 
10 126 
11 180 
11 149 
11 131 
11 162 
12 126 
12 121 
11 147 
12 158 
12 131 
11 129 
11 125 
11 137 
11 150 
11 142 
11 122 
11 141 
11 145 
12 166 
12 140 
12 127 
10 124 
11 149 
12 198 
11 128 
11 121 
11 151 
11 121 
11 122 
12 121 
11 132 
10 133 
11 139 
11 149 
11 139 
12 189 
11 137 
10 131 
10 124 
11 138 
12 138 
10 150 
11 156 
11 146 
10 134 
11 123 
10 157 
11 127 
12 142 
12 145 
11 131 
11 126 
11 155 
12 142 
11 136 
11 123 
11 132 
11 174 
11 138 
12 127 
10 121 
11 156 
12 146 
12 155 
11 147 
12 176 
10 126 
10 142 
10 152 
12 184 
12 131 
12 166 
11 165 
11 121 
10 140 
11 121 
11 170 
11 167 
12 131 
11 123 
12 173 
11 129 
11 142 
11 122 
12 150 
11 134 
11 127 
10 126 
12 148 
10 121 
12 162 
10 125 
10 123 
11 122 
11 143 
11 155 
13 174 
12 146 
11 156 
11 129 
10 125 
12 205 
10 124 
11 131 
11 124 
11 135 
11 133 
11 155 
10 141 
11 121 
12 156 
11 133 
11 121 
11 131 
10 136 
11 122 
12 122 
12 151 
12 159 
11 167 
11 121 
10 142 
11 171 
11 172 
11 188 
11 149 
11 128 
11 122 
11 124 
11 152 
10 148 
11 169 
11 133 
10 124 
11 136 
11 137 
11 122 
12 151 
11 140 
11 124 
12 149 
12 136 
13 168 
11 154 
12 170 
12 201 
11 133 
10 141 
12 154 
10 124 
13 123 
10 124 
10 128 
10 129 
11 135 
11 126 
10 121 
11 186 
11 157 
11 127 
11 128 
12 216 
10 121 
12 140 
13 245 
11 136 
11 128 
10 127 
11 137 
10 122 
11 138 
11 150 
11 123 
12 139 
12 143 
11 123 
12 180 
11 132 
11 125 
11 124 
10 126 
11 123 
12 158 
11 156 
10 144 
11 137 
11 151 
12 126 
11 125 
11 136 
11 121 
12 130 
11 176 
12 173 
11 128 
11 137 
11 152 
11 137 
11 141 
10 124 
11 127 
11 129 
11 130 
11 124 
11 130 
11 154 
12 124 
10 133 
11 148 
10 132 
11 132 
10 149 
11 141 
12 153 
11 128 
11 138 
11 130 
10 139 
10 130 
10 124 
12 124 
11 132 
10 121 
11 168 
11 149 
12 133 
12 143 
11 151 
11 159 
11 130 
10 147 
11 171 
12 148 
11 155 
12 196 
12 250 
11 170 
11 123 
11 124 
11 148 
11 135 
11 236 
10 123 
11 136 
11 157 
11 140 
12 148 
11 121 
11 132 
11 121 
11 134 
13 139 
12 170 
11 122 
12 237 
11 157 
11 151 
11 172 
10 134 
11 148 
11 127 
11 129 
11 142 
11 150 
11 128 
11 143 
11 138 
10 131 
11 133 
12 158 
11 132 
11 126 
11 147 
11 132 
10 123 
11 174 
11 167 
11 128 
11 150 
10 124 
10 127 
11 136 
11 156 
12 146 
11 140 
11 127 
11 125 
11 139 
12 202 
12 145 
11 142 
11 138 
12 135 
11 146 
12 149 
11 131 
11 131 
11 150 
11 136 
11 160 
12 139 
11 134 
11 121 
11 123 
11 134 
11 128 
11 142 
11 169 
11 128 
11 128 
10 123 
12 130 
12 129 
11 162 
11 152 
10 127 
12 170 
10 125 
10 121 
12 135 
12 123 
12 145 
12 131 
11 134 
11 131 
12 160 
10 126 
12 148 
12 122 
12 123 
11 165 
12 136 
11 130 
11 132 
11 135 
10 123 
11 133 
11 127 
11 130 
11 125 
10 122 
11 127 
11 154 
11 135 
10 121 
11 127 
11 129 
10 124 
11 151 
11 125 
11 172 
12 122 
11 133 
11 147 
11 147 
11 140 
11 141 
10 122 
11 121 
12 166 
11 136 
11 151 
12 183 
11 129 
11 171 
12 165 
10 127 
11 124 
12 133 
11 138 
11 129 
10 124 
10 128 
12 134 
11 140 
11 179 
11 136 
10 140 
10 140 
11 135 
12 189 
12 223 
11 138 
11 121 
12 136 
11 158 
11 154 
10 154 
11 148 
11 136 
11 128 
11 123 
11 155 
11 148 
11 147 
12 131 
11 171 
12 189 
10 127 
12 138 
12 148 
11 144 
11 122 
11 127 
11 125 
12 186 
11 152 
11 123 
13 179 
11 121 
12 170 
11 144 
11 132 
11 151 
11 141 
10 124 
10 174 
12 149 
11 146 
11 162 
11 125 
10 130 
12 121 
10 146 
12 155 
10 140 
11 145 
10 121 
10 135 
11 179 
12 126 
10 126 
11 127 
11 123 
11 159 
11 175 
11 151 
10 135 
11 145 
11 125 
11 201 
10 123 
11 145 
10 124 
11 142 
10 121 
10 154 
10 135 
11 171 
11 137 
11 145 
11 121 
10 122 
11 162 
10 128 
11 135 
11 124 
11 158 
12 127 
11 123 
11 162 
11 218 
11 140 
11 129 
11 135 
11 122 
12 149 
13 173 
12 147 
12 140 
11 159 
11 135 
11 139 
12 186 
10 124 
12 138 
12 122 
11 125 
13 139 
12 142 
11 147 
10 127 
12 162 
11 194 
11 128 
11 130 
12 140 
12 165 
11 125 
11 154 
9 127 
10 153 
11 158 
11 142 
13 171 
11 192 
11 131 
11 134 
11 128 
10 133 
12 154 
11 121 
12 171 
11 148 
11 152 
11 129 
11 133 
11 122 
11 124 
12 176 
11 122 
13 128 
12 142 
11 139 
12 144 
12 133 
12 123 
13 154 
11 125 
10 138 
10 145 
11 138 
11 121 
10 121 
12 142 
11 150 
12 201 
11 144 
13 177 
11 197 
11 126 
11 138 
10 124 
12 135 
12 130 
13 134 
11 124 
11 132 
11 122 
11 136 
11 124 
13 137 
11 131 
11 127 
11 124 
12 142 
12 164 
13 196 
11 172 
12 121 
11 152 
11 132 
11 134 
12 147 
11 125 
11 140 
11 171 
11 124 
11 158 
11 129 
12 123 
11 183 
11 159 
10 122 
11 129 
11 122 
11 138 
12 179 
11 138 
11 130 
10 127 
11 126 
12 134 
11 133 
11 154 
11 129 
11 122 
11 130 
12 203 
11 140 
10 131 
11 121 
11 144 
11 155 
11 132 
11 122 
11 130 
11 177 
11 125 
11 127 
12 139 
12 150 
11 145 
12 156 
11 122 
11 121 
12 126 
11 158 
12 148 
13 127 
11 126 
11 127 
11 122 
13 139 
12 160 
11 121 
12 181 
10 122 
11 136 
10 131 
13 127 
12 143 
13 200 
10 129 
11 163 
11 153 
12 126 
11 143 
14 164 
11 121 
13 149 
11 128 
12 188 
11 126 
11 127 
12 189 
11 133 
11 122 
11 152 
12 177 
12 126 
12 153 
10 129 
11 126 
11 128 
11 146 
12 127 
12 132 
11 121 
12 127 
11 159 
13 184 
11 125 
12 153 
12 158 
12 147 
13 248 
12 129 
11 143 
10 128 
12 121 
11 136 
11 131 
11 130 
12 155 
11 123 
10 130 
12 165 
11 144 
11 131 
11 141 
11 140 
11 127 
11 149 
11 170 
11 139 
11 141 
12 132 
11 142 
10 130 
11 133 
11 137 
10 136 
11 146 
10 162 
11 147 
11 138 
11 167 
11 133 
11 123 
10 144 
12 122 
12 159 
10 129 
11 166 
10 133 
10 124 
11 123 
11 134 
11 156 
12 148 
11 131 
11 144 
11 148 
10 140 
10 140 
11 188 
11 146 
11 141 
11 134 
12 138 
13 144 
12 156 
12 149 
12 140 
11 136 
11 149 
12 185 
11 126 
11 145 
11 129 
11 136 
11 137 
11 126 
12 216 
11 138 
11 162 
12 142 
12 149 
11 143 
10 140 
11 133 
11 130 
11 132 
11 134 
11 122 
12 141 
10 139 
11 171 
11 138 
11 133 
11 121 
11 135 
11 127 
11 160 
11 127 
12 194 
10 124 
11 122 
11 165 
11 137 
10 144 
10 121 
11 172 
11 130 
11 122 
12 173 
10 130 
12 126 
10 132 
12 129 
10 134 
11 150 
12 155 
11 145 
10 125 
12 152 
11 140 
11 141 
11 138 
12 196 
11 171 
11 130 
12 122 
11 184 
10 123 
10 150 
10 124 
11 188 
11 183 
11 156 
11 130 
12 240 
11 123 
11 189 
12 170 
11 124 
10 127 
12 190 
10 135 
12 124 
12 165 
12 126 
12 126 
12 140 
13 187 
11 136 
11 121 
11 121 
11 134 
10 126 
11 158 
11 126 
12 128 
11 127 
10 122 
11 123 
12 179 
11 172 
11 158 
11 141 
13 159 
11 163 
12 131 
11 130 
10 150 
11 130 
11 151 
11 130 
12 177 
10 129 
11 146 
11 138 
12 170 
11 130 
11 132 
12 128 
11 125 
13 130 
11 133 
11 166 
11 159 
10 121 
12 141 
12 122 
12 126 
12 129 
11 130 
11 133 
12 187 
12 159 
11 124 
11 124 
11 124 
11 126 
12 142 
11 135 
10 124 
11 129 
11 122 
11 151 
10 130 
12 126 
11 140 
11 130 
12 186 
12 127 
11 148 
12 145 
11 127 
10 144 
11 129 
11 143 
11 140 
12 164 
11 154 
11 160 
11 121 
11 146 
11 149 
11 161 
11 138 
12 148 
12 132 
11 121 
12 169 
12 121 
12 130 
12 153 
11 123 
10 124 
13 163 
12 164 
12 121 
12 131 
12 141 
12 122 
11 154 
11 170 
11 160 
11 121 
11 137 
11 136 
12 131 
11 144 
11 132 
11 138 
11 163 
12 122 
11 128 
11 133 
11 130 
11 167 
11 130 
10 125 
12 168 
10 129 
12 123 
10 121 
12 142 
11 121 
11 143 
10 128 
11 143 
11 139 
11 130 
11 121 
10 131 
11 122 
12 154 
12 121 
11 144 
12 224 
11 159 
11 130 
12 156 
10 129 
10 129 
10 123 
10 150 
11 183 
11 139 
12 167 
11 151 
11 134 
11 124 
11 151 
10 122 
10 129 
10 128 
11 132 
11 167 
11 153 
11 151 
10 123 
12 179 
12 147 
11 133 
10 162 
11 158 
12 260 
10 131 
11 129 
11 129 
12 153 
11 146 
11 145 
11 137 
12 146 
10 121 
11 122 
11 139 
11 135 
11 127 
11 132 
11 182 
12 146 
10 121 
12 152 
10 142 
10 123 
10 121 
10 128 
10 144 
11 207 
11 141 
11 131 
11 126 
12 172 
10 125 
11 125 
11 134 
12 159 
12 129 
11 121 
12 123 
11 134 
12 173 
11 180 
11 129 
11 130 
10 126 
11 121 
12 121 
12 133 
11 158 
11 132 
12 125 
12 164 
11 143 
10 132 
11 122 
11 165 
11 138 
11 124 
11 149 
11 122 
10 122 
11 145 
11 122 
11 162 
10 121 
11 195 
10 135 
11 134 
10 131 
10 130 
10 141 
11 133 
11 121 
12 131 
12 142 
10 125 
10 122 
11 128 
11 142 
12 165 
11 152 
12 126 
11 126 
11 137 
12 185 
11 126 
11 163 
11 134 
11 137 
11 145 
11 130 
10 123 
11 127 
11 125 
11 135 
11 176 
10 123 
12 182 
11 130 
11 148 
12 129 
11 172 
11 124 
11 131 
11 152 
11 123 
11 167 
11 125 
10 124 
12 177 
10 138 
10 128 
10 125 
12 134 
11 163 
11 155 
12 205 
11 167 
10 121 
11 129 
12 172 
11 121 
11 172 
11 129 
10 123 
11 157 
11 149 
10 141 
12 160 
11 144 
10 142 
11 193 
10 121 
11 144 
11 141 
11 132 
12 135 
11 139 
11 139 
11 148 
10 128 
10 127 
11 122 
11 127 
11 169 
10 148 
10 123 
11 139 
11 132 
11 128 
11 125 
12 159 
12 135 
10 127 
11 147 
10 126 
12 188 
13 214 
11 123 
10 134 
12 129 
11 125 
11 124 
10 125 
10 130 
11 133 
10 155 
11 153 
11 133 
11 132 
12 173 
11 127 
11 138 
12 130 
11 127 
11 134 
12 164 
11 128 
11 128 
12 159 
11 130 
12 180 
10 125 
11 121 
11 147 
11 140 
12 131 
12 145 
10 132 
10 121 
11 129 
10 125 
11 126 
11 131 
11 167 
11 181 
12 146 
10 123 
11 131 
11 123 
12 123 
11 125 
12 155 
10 135 
11 128 
11 164 
11 128 
11 129 
11 121 
11 134 
12 127 
11 121 
11 125 
11 147 
10 123 
11 130 
11 129 
11 126 
11 136 
11 165 
11 130 
11 127 
11 129 
10 144 
10 124 
12 164 
11 154 
12 201 
11 130 
12 168 
12 144 
12 139 
11 130 
11 121 
12 197 
12 161 
11 123 
12 130 
11 132 
10 123 
11 175 
11 182 
11 123 
11 147 
12 232 
12 165 
11 129 
11 130 
11 128 
11 165 
11 123 
12 165 
12 201 
11 130 
12 122 
11 137 
11 138 
12 140 
12 142 
12 148 
11 122 
11 129 
11 138 
11 141 
11 172 
12 194 
11 122 
12 173 
11 150 
11 164 
11 129 
11 136 
11 135 
11 147 
11 135 
11 127 
12 222 
12 123 
12 159 
11 124 
11 121 
11 136 
12 124 
11 144 
10 128 
11 137 
11 122 
11 165 
11 145 
11 135 
10 129 
10 150 
10 150 
11 122 
11 127 
12 307 
10 127 
12 129 
11 126 
12 127 
11 127 
11 121 
11 135 
12 140 
12 133 
11 138 
11 124 
12 122 
12 143 
11 121 
11 136 
11 132 
11 132 
11 129 
10 125 
11 128 
11 124 
12 147 
11 128 
10 130 
12 144 
12 123 
10 139 
12 213 
11 123 
11 130 
11 129 
11 128 
11 132 
11 130 
11 159 
11 129 
11 163 
11 123 
11 138 
12 133 
12 174 
13 148 
13 145 
11 123 
10 135 
12 157 
11 126 
12 150 
12 128 
13 184 
12 139 
12 176 
11 124 
11 134 
11 129 
12 129 
13 141 
10 124 
11 161 
11 141 
11 142 
11 136 
11 133 
11 131 
11 195 
11 138 
11 128 
11 121 
11 127 
11 123 
11 126 
12 205 
12 125 
11 152 
11 133 
11 127 
10 133 
12 141 
11 125 
11 126 
11 164 
11 145 
11 145 
11 138 
12 158 
11 140 
11 133 
11 161 
12 183 
10 147 
13 139 
12 208 
12 195 
11 139 
11 136 
12 125 
11 150 
12 181 
12 128 
11 132 
11 131 
12 157 
11 160 
11 165 
12 159 
11 132 
11 134 
11 127 
11 126 
10 129 
11 128 
12 132 
11 122 
11 133 
12 125 
11 159 
12 170 
11 121 
12 144 
11 125 
11 122 
11 128 
12 121 
12 130 
11 139 
11 162 
11 145 
11 125 
11 136 
12 138 
10 127 
12 175 
13 126 
11 128 
10 122 
11 151 
11 144 
11 128 
11 125 
10 132 
11 147 
12 132 
10 142 
11 217 
11 144 
11 151 
11 131 
12 140 
11 126 
11 144 
12 145 
12 186 
11 146 
11 138 
12 139 
12 260 
11 121 
10 162 
12 140 
11 126 
12 135 
11 125 
12 150 
12 179 
12 141 
11 146 
12 160 
12 181 
11 186 
11 138 
11 122 
11 143 
11 123 
10 134 
11 141 
12 165 
11 123 
10 132 
13 170 
12 160 
12 152 
12 125 
12 171 
11 136 
12 121 
12 123 
10 121 
11 178 
11 177 
11 161 
12 129 
11 133 
12 140 
12 151 
11 142 
12 230 
11 139 
11 121 
12 194 
12 129 
11 126 
11 168 
12 131 
10 124 
12 140 
11 128 
12 142 
12 131 
10 128 
10 124 
11 142 
11 164 
11 129 
13 203 
11 127 
12 162 
11 141 
11 123 
11 128 
11 131 
11 129 
11 122 
10 138 
11 138 
12 126 
12 130 
11 144 
11 143 
12 133 
12 148 
12 179 
12 125 
11 140 
13 126 
12 156 
11 134 
12 194 
11 181 
12 121 
11 165 
11 136 
13 134 
12 167 
11 123 
11 177 
12 134 
10 136 
11 153 
12 133 
10 127 
11 169 
11 132 
12 122 
11 129 
11 140 
12 168 
11 123 
11 127 
11 140 
12 127 
11 125 
12 137 
12 140 
13 184 
11 127 
11 123 
12 127 
12 146 
11 160 
12 186 
11 141 
11 122 
11 123 
12 174 
11 122 
11 158 
12 160 
11 146 
11 122 
11 132 
11 128 
12 138 
11 121 
11 159 
11 140 
12 156 
12 199 
12 159 
11 122 
12 182 
12 130 
12 131 
11 124 
12 143 
12 123 
12 131 
12 141 
10 146 
11 128 
10 141 
12 126 
12 151 
11 121 
10 136 
11 121 
13 147 
12 141 
11 147 
11 166 
12 181 
11 124 
13 169 
11 128 
12 126 
11 147 
11 127 
12 130 
12 125 
12 174 
11 128 
11 148 
13 126 
13 191 
13 147 
12 137 
11 145 
12 131 
12 149 
12 157 
11 133 
12 139 
11 131 
11 129 
11 155 
12 161 
12 128 
12 135 
11 137 
11 122 
11 124 
10 144 
12 152 
11 128 
12 140 
11 152 
11 136 
11 129 
12 121 
11 129 
11 127 
12 137 
11 123 
12 126 
10 124 
11 121 
11 140 
11 136 
12 152 
11 152 
11 130 
10 125 
11 138 
12 148 
11 138 
11 133 
11 171 
11 145 
13 141 
11 122 
13 151 
13 224 
13 204 
12 151 
12 146 
12 136 
11 138 
11 124 
12 174 
12 143 
11 125 
10 123 
11 122 
11 144 
11 174 
10 130 
10 140 
10 137 
11 130 
12 125 
11 136 
12 171 
10 124 
11 126 
12 173 
10 146 
10 122 
11 137 
12 185 
11 147 
11 151 
11 164 
10 125 
11 127 
12 136 
12 133 
11 124 
11 144 
11 127 
11 131 
11 154 
12 121 
11 135 
11 159 
10 129 
14 173 
11 130 
12 159 
11 131 
12 152 
10 128 
11 128 
11 128 
11 147 
11 126 
12 185 
11 127 
11 133 
11 124 
11 129 
11 127 
12 158 
11 121 
11 138 
11 121 
12 124 
12 169 
11 158 
12 148 
11 138 
10 153 
11 128 
12 138 
12 133 
11 139 
10 123 
11 126 
11 124 
11 121 
11 174 
11 136 
11 125 
10 129 
10 147 
12 157 
12 130 
11 169 
12 213 
11 130 
12 161 
12 188 
11 128 
11 124 
11 129 
10 135 
11 141 
11 181 
12 146 
11 123 
10 122 
11 127 
11 180 
11 134 
11 140 
11 132 
11 153 
11 128 
11 143 
11 133 
11 165 
11 138 
11 136 
11 148 
11 148 
11 146 
10 135 
11 127 
12 121 
11 133 
11 146 
13 135 
11 152 
11 136 
11 126 
11 127 
11 127 
11 126 
10 123 
11 121 
11 139 
11 129 
13 163 
11 131 
12 143 
10 125 
11 131 
12 141 
10 132 
11 131 
11 125 
11 122 
11 140 
10 129 
11 136 
11 124 
11 130 
11 128 
11 129 
11 130 
11 126 
11 131 
11 123 
11 140 
11 124 
11 139 
11 168 
12 225 
10 132 
10 127 
11 153 
11 196 
12 195 
11 147 
11 160 
11 125 
10 121 
12 170 
12 131 
12 144 
12 125 
12 170 
12 131 
11 169 
11 126 
12 161 
11 132 
12 202 
12 132 
11 122 
12 149 
11 124 
11 156 
12 167 
12 211 
11 154 
11 126 
12 143 
11 135 
11 139 
11 125 
12 134 
13 199 
11 125 
12 139 
11 124 
12 166 
11 121 
11 144 
12 168 
10 153 
11 136 
11 169 
11 156 
12 141 
11 135 
11 145 
10 124 
11 137 
10 125 
10 125 
12 138 
11 148 
12 145 
10 127 
11 125 
10 121 
11 126 
11 172 
11 160 
12 162 
11 125 
10 121 
13 165 
12 125 
12 134 
11 165 
12 248 
11 152 
10 144 
10 125 
11 149 
11 191 
11 128 
11 129 
11 131 
11 156 
11 143 
10 141 
12 138 
11 156 
11 121 
11 151 
12 194 
11 126 
11 153 
12 142 
13 205 
11 135 
11 123 
12 199 
11 131 
11 132 
12 174 
13 164 
12 135 
12 142 
11 187 
12 173 
10 154 
11 124 
12 159 
11 125 
10 121 
11 155 
11 180 
11 132 
11 129 
11 127 
11 131 
11 163 
11 121 
11 133 
13 122 
12 133 
11 152 
11 122 
12 143 
12 160 
12 136 
12 148 
11 128 
11 122 
10 121 
12 130 
11 133 
11 148 
12 180 
11 121 
11 123 
11 122 
12 145 
11 139 
10 121 
11 135 
12 138 
11 125 
11 140 
11 139 
11 161 
11 135 
11 147 
11 121 
11 140 
11 134 
11 131 
11 140 
10 126 
11 121 
12 126 
11 146 
11 131 
12 180 
12 129 
11 141 
11 142 
10 121 
10 124 
11 136 
11 128 
11 168 
11 136 
11 158 
10 141 
11 161 
11 122 
11 123 
11 155 
11 142 
10 123 
11 160 
11 146 
12 121 
11 152 
11 142 
11 124 
11 146 
12 221 
10 141 
11 145 
10 126 
10 123 
11 127 
10 137 
11 124 
11 185 
11 123 
11 176 
11 126 
11 122 
10 147 
10 125 
11 126 
11 208 
10 131 
13 131 
11 132 
10 121 
11 138 
10 130 
10 126 
11 132 
11 126 
11 132 
11 138 
10 142 
12 224 
12 126 
10 133 
11 133 
11 174 
11 149 
10 153 
11 161 
12 154 
11 139 
11 166 
12 134 
11 124 
11 136 
10 134 
11 216 
12 224 
10 129 
11 149 
12 129 
11 138 
12 183 
10 125 
11 122 
11 126 
11 129 
12 211 
12 133 
11 135 
10 129 
12 197 
10 125 
10 125 
11 135 
12 122 
11 139 
12 124 
12 171 
12 132 
12 140 
12 131 
11 137 
12 178 
11 130 
11 121 
10 124 
11 155 
12 126 
12 152 
12 175 
11 187 
12 127 
12 182 
11 138 
12 212 
12 205 
11 121 
10 127 
11 133 
10 123 
13 148 
13 123 
11 121 
13 142 
11 160 
11 129 
10 125 
12 159 
11 144 
12 143 
11 132 
12 173 
12 127 
10 123 
11 135 
11 160 
12 125 
11 134 
11 158 
12 126 
12 126 
12 125 
11 203 
12 125 
12 139 
11 131 
12 133 
11 138 
11 131 
11 127 
11 174 
11 140 
12 182 
11 128 
10 136 
10 125 
11 147 
11 134 
12 135 
12 127 
11 131 
10 126 
12 191 
11 129 
12 197 
12 141 
10 137 
11 139 
11 175 
11 122 
11 126 
12 132 
11 128 
12 131 
11 128 
11 143 
12 125 
12 175 
12 151 
11 126 
11 155 
11 136 
11 122 
11 169 
12 124 
12 144 
12 146 
12 122 
11 134 
12 141 
11 158 
11 129 
11 126 
12 208 
11 128 
12 135 
11 129 
12 176 
12 136 
11 131 
11 129 
12 138 
11 172 
11 142 
11 136 
11 123 
11 146 
11 127 
12 141 
11 122 
11 138 
12 127 
11 145 
13 140 
12 121 
12 161 
11 139 
12 124 
12 150 
11 129 
12 159 
12 134 
11 142 
11 125 
12 187 
12 130 
11 175 
11 134 
11 142 
11 123 
12 122 
11 124 
11 161 
11 135 
11 132 
11 137 
11 157 
13 239 
10 135 
11 130 
12 131 
12 140 
11 135 
11 131 
11 128 
11 124 
10 136 
10 150 
10 124 
11 155 
12 168 
12 139 
11 145 
12 173 
12 131 
12 167 
11 121 
12 132 
11 127 
11 148 
12 185 
12 135 
11 126 
12 121 
12 121 
11 126 
11 123 
12 146 
12 162 
11 150 
12 182 
10 141 
12 144 
11 129 
11 123 
10 121 
13 153 
12 144 
10 128 
12 205 
11 122 
10 129 
11 129 
10 128 
12 206 
12 127 
11 123 
12 167 
9 138 
11 140 
11 130 
11 127 
12 144 
11 169 
12 153 
11 157 
11 164 
11 134 
12 155 
11 122 
12 193 
12 123 
12 124 
11 149 
12 156 
12 127 
11 134 
12 135 
13 164 
11 138 
11 138 
11 138 
12 161 
11 131 
11 131 
11 174 
11 121 
11 190 
11 146 
12 133 
11 142 
10 153 
12 144 
10 136 
11 151 
12 149 
11 123 
11 131 
12 134 
13 146 
13 142 
11 138 
12 136 
12 147 
12 122 
11 123 
12 154 
12 122 
11 141 
11 129 
11 162 
12 206 
11 126 
12 179 
11 122 
11 131 
11 154 
11 153 
11 153 
10 126 
10 126 
12 125 
12 141 
12 131 
13 139 
12 186 
12 186 
12 140 
12 146 
13 190 
11 121 
11 126 
12 148 
11 141 
11 131 
10 122 
11 171 
12 170 
12 126 
11 122 
12 153 
11 147 
11 150 
11 132 
12 131 
12 127 
11 176 
12 155 
13 203 
11 146 
11 143 
11 130 
12 128 
11 136 
11 124 
11 127 
12 122 
12 157 
13 133 
13 123 
11 157 
13 166 
12 125 
12 131 
12 131 
11 144 
11 133 
11 146 
12 137 
12 163 
11 131 
11 145 
11 140 
11 136 
11 129 
11 142 
11 131 
12 139 
12 127 
12 127 
11 152 
11 159 
12 121 
11 125 
12 122 
11 126 
10 127 
11 126 
11 122 
11 158 
11 136 
12 175 
11 124 
11 150 
13 125 
11 135 
11 159 
11 130 
11 138 
12 145 
13 230 
11 155 
11 124 
12 123 
12 135 
11 138 
11 138 
12 174 
12 142 
12 144 
12 148 
11 137 
11 131 
11 122 
11 121 
11 132 
12 150 
11 166 
11 141 
12 122 
12 167 
11 133 
11 123 
13 162 
11 148 
12 121 
11 137 
12 142 
11 124 
12 142 
11 130 
13 143 
11 153 
12 208 
11 155 
10 121 
10 122 
11 149 
11 171 
10 128 
11 125 
11 144 
11 169 
11 128 
11 138 
11 128 
10 129 
11 139 
12 125 
10 123 
11 133 
11 146 
10 139 
11 160 
11 146 
12 165 
12 131 
12 136 
11 124 
11 150 
10 123 
11 181 
11 123 
11 126 
11 141 
12 175 
10 121 
12 126 
11 154 
11 143 
12 122 
11 123 
11 140 
12 155 
11 130 
11 121 
12 138 
11 125 
12 123 
12 164 
12 155 
10 128 
11 127 
11 126 
12 123 
12 131 
10 143 
11 123 
11 149 
11 135 
11 150 
12 203 
10 157 
12 147 
12 129 
11 142 
11 151 
12 133 
11 125 
12 125 
12 134 
10 146 
10 121 
11 134 
12 121 
10 129 
11 141 
11 122 
11 166 
11 129 
12 143 
11 129 
11 124 
13 168 
11 138 
12 203 
11 131 
11 135 
12 151 
11 124 
11 135 
10 135 
11 173 
12 178 
11 126 
10 125 
11 141 
12 139 
11 128 
12 131 
13 136 
10 124 
11 157 
11 145 
11 122 
12 147 
11 127 
11 124 
11 132 
11 127 
11 174 
11 144 
12 184 
10 150 
11 130 
11 122 
12 123 
12 124 
13 127 
12 166 
11 127 
12 196 
11 155 
13 166 
11 121 
10 131 
13 136 
12 169 
10 137 
10 128 
12 122 
11 127 
12 121 
11 147 
11 130 
12 147 
12 152 
11 132 
12 127 
11 148 
11 151 
11 148 
11 139 
12 121 
12 210 
11 124 
11 145 
10 121 
10 122 
11 149 
12 135 
11 131 
11 174 
10 122 
11 121 
12 125 
12 143 
11 123 
12 258 
11 124 
11 128 
11 150 
11 191 
11 142 
11 129 
11 126 
11 128 
12 149 
11 151 
11 138 
11 141 
11 128 
11 162 
11 133 
11 126 
11 122 
11 126 
12 122 
12 143 
12 167 
11 128 
12 133 
10 128 
10 125 
10 131 
10 147 
10 122 
10 162 
11 148 
12 126 
10 138 
12 126 
11 122 
10 129 
11 155 
11 132 
11 141 
12 124 
11 150 
10 122 
11 154 
11 168 
11 153 
11 139 
11 161 
10 146 
11 121 
11 125 
11 131 
10 122 
11 124 
11 134 
11 127 
12 125 
11 124 
12 143 
12 123 
10 128 
10 126 
10 147 
11 131 
10 128 
11 189 
11 139 
11 135 
12 178 
11 129 
11 143 
12 195 
12 146 
11 124 
11 126 
10 121 
11 178 
10 121 
11 155 
10 136 
10 121 
10 126 
10 130 
11 194 
11 170 
12 122 
11 125 
12 139 
12 158 
12 218 
12 131 
11 133 
11 123 
12 151 
13 356 
11 122 
10 130 
10 136 
12 149 
12 180 
12 125 
11 122 
12 149 
11 131 
11 157 
11 158 
11 160 
11 158 
11 129 
12 197 
11 159 
12 202 
10 133 
12 137 
11 124 
11 124 
12 133 
12 138 
11 123 
12 126 
11 126 
11 137 
11 127 
11 129 
11 135 
11 155 
11 153 
11 130 
11 130 
13 174 
11 150 
11 140 
11 134 
12 221 
11 161 
12 123 
11 149 
12 125 
12 125 
11 152 
12 151 
10 149 
11 167 
11 139 
11 121 
11 147 
11 136 
11 153 
11 129 
10 140 
11 134 
11 123 
13 139 
12 156 
12 128 
11 142 
13 151 
12 160 
11 124 
11 121 
11 166 
12 223 
11 133 
12 138 
12 140 
10 128 
10 121 
13 170 
11 124 
11 126 
11 125 
12 146 
11 127 
11 127 
11 151 
12 132 
12 130 
12 132 
12 141 
12 126 
12 152 
11 171 
11 141 
12 165 
10 122 
11 147 
11 131 
11 125 
10 129 
12 146 
11 167 
12 127 
11 141 
11 121 
10 122 
10 138 
10 136 
11 123 
10 121 
11 131 
10 132 
11 172 
11 133 
11 143 
12 123 
12 192 
10 125 
11 179 
12 129 
12 133 
10 124 
11 142 
11 154 
11 155 
12 137 
11 160 
11 155 
12 152 
11 140 
11 123 
11 180 
10 125 
11 124 
12 125 
11 141 
10 129 
11 128 
12 170 
10 141 
11 131 
10 125 
11 135 
11 123 
12 137 
12 243 
12 146 
11 158 
11 137 
12 126 
12 157 
11 130 
11 139 
11 124 
11 153 
11 171 
12 134 
10 130 
11 136 
11 131 
12 192 
11 142 
12 157 
11 134 
11 135 
12 134 
11 121 
12 127 
11 128 
11 157 
11 154 
11 139 
