sessionnumb  20261001175742 
gap> Read("Task20261001Pa.g");
17 18 [ 0, 377 ] [ [ -2, 17 ], [ 1, 128 ], [ 3, 144 ] ] 1150 
17 18 [ 0, 464 ] [ [ -2, 17 ], [ 1, 132 ], [ 3, 140 ] ] 1690 
17 18 [ 0, 406 ] [ [ -2, 17 ], [ 1, 136 ], [ 3, 136 ] ] 2465 
17 18 [ 0, 516 ] [ [ -2, 17 ], [ 1, 128 ], [ 3, 144 ] ] 2507 
17 18 [ 0, 535 ] [ [ -2, 17 ], [ 1, 120 ], [ 3, 152 ] ] 2509 
17 18 [ 0, 500 ] [ [ -2, 17 ], [ 1, 122 ], [ 3, 150 ] ] 4175 
17 18 [ 0, 695 ] [ [ -2, 17 ], [ 1, 124 ], [ 3, 148 ] ] 5304 
17 18 [ 0, 801 ] [ [ -2, 17 ], [ 1, 128 ], [ 3, 144 ] ] 6175 
17 18 [ 0, 831 ] [ [ -2, 17 ], [ 1, 124 ], [ 3, 148 ] ] 6237 
17 18 [ 0, 568 ] [ [ -2, 17 ], [ 1, 120 ], [ 3, 152 ] ] 6313 
17 18 [ 0, 471 ] [ [ -2, 17 ], [ 1, 136 ], [ 3, 136 ] ] 8843 
17 18 [ 0, 1005 ] [ [ -2, 17 ], [ 1, 138 ], [ 3, 134 ] ] 9120 
17 18 [ 0, 392 ] [ [ -2, 17 ], [ 1, 138 ], [ 3, 134 ] ] 9707 
17 18 [ 0, 539 ] [ [ -2, 17 ], [ 1, 130 ], [ 3, 142 ] ] 10954 
17 18 [ 0, 726 ] [ [ -2, 17 ], [ 1, 132 ], [ 3, 140 ] ] 11299 
17 18 [ 0, 275 ] [ [ -2, 17 ], [ 1, 150 ], [ 3, 122 ] ] 11522 
17 18 [ 0, 525 ] [ [ -2, 17 ], [ 1, 128 ], [ 3, 144 ] ] 11643 
17 18 [ 0, 562 ] [ [ -2, 17 ], [ 1, 132 ], [ 3, 140 ] ] 11814 
17 18 [ 0, 297 ] [ [ -2, 17 ], [ 1, 144 ], [ 3, 128 ] ] 11827 
17 18 [ 0, 189 ] [ [ -2, 17 ], [ 1, 134 ], [ 3, 138 ] ] 11930 
17 18 [ 0, 465 ] [ [ -2, 17 ], [ 1, 122 ], [ 3, 150 ] ] 12134 
17 18 [ 0, 389 ] [ [ -2, 17 ], [ 1, 120 ], [ 3, 152 ] ] 12314 
17 18 [ 0, 424 ] [ [ -2, 17 ], [ 1, 138 ], [ 3, 134 ] ] 12944 
17 18 [ 0, 278 ] [ [ -2, 17 ], [ 1, 128 ], [ 3, 144 ] ] 14705 
17 18 [ 0, 371 ] [ [ -2, 17 ], [ 1, 130 ], [ 3, 142 ] ] 14945 
17 18 [ 0, 357 ] [ [ -2, 17 ], [ 1, 136 ], [ 3, 136 ] ] 18300 
17 18 [ 0, 282 ] [ [ -2, 17 ], [ 1, 126 ], [ 3, 146 ] ] 18599 
17 18 [ 0, 283 ] [ [ -2, 17 ], [ 1, 130 ], [ 3, 142 ] ] 18776 
17 18 [ 0, 324 ] [ [ -2, 17 ], [ 1, 126 ], [ 3, 146 ] ] 19014 
17 18 [ 0, 853 ] [ [ -2, 17 ], [ 1, 142 ], [ 3, 130 ] ] 19313 
17 18 [ 0, 141 ] [ [ -2, 17 ], [ 1, 124 ], [ 3, 148 ] ] 19393 
17 18 [ 0, 224 ] [ [ -2, 17 ], [ 1, 128 ], [ 3, 144 ] ] 19741 
17 18 [ 0, 174 ] [ [ -2, 17 ], [ 1, 124 ], [ 3, 148 ] ] 19745 
17 18 [ 0, 281 ] [ [ -2, 17 ], [ 1, 132 ], [ 3, 140 ] ] 19918 
17 18 [ 0, 906 ] [ [ -2, 17 ], [ 1, 140 ], [ 3, 132 ] ] 19943 
17 18 [ 0, 441 ] [ [ -2, 17 ], [ 1, 126 ], [ 3, 146 ] ] 20520 
17 18 [ 0, 720 ] [ [ -2, 17 ], [ 1, 138 ], [ 3, 134 ] ] 20962 
17 18 [ 0, 334 ] [ [ -2, 17 ], [ 1, 148 ], [ 3, 124 ] ] 21717 
17 18 [ 0, 481 ] [ [ -2, 17 ], [ 1, 122 ], [ 3, 150 ] ] 23044 
17 18 [ 0, 545 ] [ [ -2, 17 ], [ 1, 126 ], [ 3, 146 ] ] 23080 
17 18 [ 0, 842 ] [ [ -2, 17 ], [ 1, 120 ], [ 3, 152 ] ] 23101 
17 18 [ 0, 470 ] [ [ -2, 17 ], [ 1, 116 ], [ 3, 156 ] ] 23108 
17 18 [ 0, 427 ] [ [ -2, 17 ], [ 1, 130 ], [ 3, 142 ] ] 23464 
17 18 [ 0, 356 ] [ [ -2, 17 ], [ 1, 130 ], [ 3, 142 ] ] 23721 
17 18 [ 0, 595 ] [ [ -2, 17 ], [ 1, 114 ], [ 3, 158 ] ] 24380 
17 18 [ 0, 179 ] [ [ -2, 17 ], [ 1, 132 ], [ 3, 140 ] ] 24456 
17 18 [ 0, 822 ] [ [ -2, 17 ], [ 1, 140 ], [ 3, 132 ] ] 24468 
17 18 [ 0, 448 ] [ [ -2, 17 ], [ 1, 120 ], [ 3, 152 ] ] 24620 
17 18 [ 0, 589 ] [ [ -2, 17 ], [ 1, 126 ], [ 3, 146 ] ] 24722 
17 18 [ 0, 362 ] [ [ -2, 17 ], [ 1, 128 ], [ 3, 144 ] ] 24735 
17 18 [ 0, 381 ] [ [ -2, 17 ], [ 1, 124 ], [ 3, 148 ] ] 24841 
17 18 [ 0, 353 ] [ [ -2, 17 ], [ 1, 132 ], [ 3, 140 ] ] 24924 
17 18 [ 0, 353 ] [ [ -2, 17 ], [ 1, 140 ], [ 3, 132 ] ] 24925 
17 18 [ 0, 207 ] [ [ -2, 17 ], [ 1, 122 ], [ 3, 150 ] ] 24988 
17 18 [ 0, 248 ] [ [ -2, 17 ], [ 1, 136 ], [ 3, 136 ] ] 25025 
17 18 [ 0, 374 ] [ [ -2, 17 ], [ 1, 134 ], [ 3, 138 ] ] 25136 
17 18 [ 0, 366 ] [ [ -2, 17 ], [ 1, 128 ], [ 3, 144 ] ] 25219 
17 18 [ 0, 470 ] [ [ -2, 17 ], [ 1, 128 ], [ 3, 144 ] ] 25339 
17 18 [ 0, 571 ] [ [ -2, 17 ], [ 1, 128 ], [ 3, 144 ] ] 25725 
17 18 [ 0, 595 ] [ [ -2, 17 ], [ 1, 126 ], [ 3, 146 ] ] 25784 
17 18 [ 0, 355 ] [ [ -2, 17 ], [ 1, 132 ], [ 3, 140 ] ] 26011 
17 18 [ 0, 248 ] [ [ -2, 17 ], [ 1, 128 ], [ 3, 144 ] ] 26061 
17 18 [ 0, 340 ] [ [ -2, 17 ], [ 1, 134 ], [ 3, 138 ] ] 26736 
17 18 [ 0, 554 ] [ [ -2, 17 ], [ 1, 128 ], [ 3, 144 ] ] 26947 
17 18 [ 0, 356 ] [ [ -2, 17 ], [ 1, 134 ], [ 3, 138 ] ] 27535 
17 18 [ 0, 452 ] [ [ -2, 17 ], [ 1, 124 ], [ 3, 148 ] ] 28043 
17 18 [ 0, 328 ] [ [ -2, 17 ], [ 1, 134 ], [ 3, 138 ] ] 28044 
17 18 [ 0, 285 ] [ [ -2, 17 ], [ 1, 134 ], [ 3, 138 ] ] 28753 
17 18 [ 0, 265 ] [ [ -2, 17 ], [ 1, 124 ], [ 3, 148 ] ] 29225 
17 18 [ 0, 400 ] [ [ -2, 17 ], [ 1, 146 ], [ 3, 126 ] ] 29269 
17 18 [ 0, 154 ] [ [ -2, 17 ], [ 1, 136 ], [ 3, 136 ] ] 29270 
17 18 [ 0, 794 ] [ [ -2, 17 ], [ 1, 134 ], [ 3, 138 ] ] 29374 
17 18 [ 0, 269 ] [ [ -2, 17 ], [ 1, 144 ], [ 3, 128 ] ] 29572 
17 18 [ 0, 937 ] [ [ -2, 17 ], [ 1, 146 ], [ 3, 126 ] ] 29974 
17 18 [ 0, 340 ] [ [ -2, 17 ], [ 1, 126 ], [ 3, 146 ] ] 30105 
17 18 [ 0, 471 ] [ [ -2, 17 ], [ 1, 140 ], [ 3, 132 ] ] 30147 
17 18 [ 0, 404 ] [ [ -2, 17 ], [ 1, 120 ], [ 3, 152 ] ] 30214 
17 18 [ 0, 392 ] [ [ -2, 17 ], [ 1, 130 ], [ 3, 142 ] ] 30442 
17 18 [ 0, 721 ] [ [ -2, 17 ], [ 1, 134 ], [ 3, 138 ] ] 30546 
17 18 [ 0, 598 ] [ [ -2, 17 ], [ 1, 122 ], [ 3, 150 ] ] 30568 
17 18 [ 0, 344 ] [ [ -2, 17 ], [ 1, 122 ], [ 3, 150 ] ] 30574 
17 18 [ 0, 197 ] [ [ -2, 17 ], [ 1, 134 ], [ 3, 138 ] ] 30579 
17 18 [ 0, 269 ] [ [ -2, 17 ], [ 1, 120 ], [ 3, 152 ] ] 30658 
17 18 [ 0, 517 ] [ [ -2, 17 ], [ 1, 116 ], [ 3, 156 ] ] 30682 
17 18 [ 0, 176 ] [ [ -2, 17 ], [ 1, 132 ], [ 3, 140 ] ] 31213 
17 18 [ 0, 471 ] [ [ -2, 17 ], [ 1, 124 ], [ 3, 148 ] ] 31220 
17 18 [ 0, 242 ] [ [ -2, 17 ], [ 1, 138 ], [ 3, 134 ] ] 31886 
Error, user interrupt in
  prod := PROD_VECTOR_MATRIX( v, mat ); at /usr/local/Cellar/gap/4.15.1/share/gap/lib/list.gi:3622 called from 
tv * redGram at SplitConsTools.g:124 called from
WGraphToGramh( newadj, kk + 1 ) at Task20261001Pa.g:28 called from
task( newadj ); at Task20261001Pa.g:39 called from
task( newadj ); at Task20261001Pa.g:39 called from
task( newadj ); at Task20261001Pa.g:39 called from
...  at Task20261001Pa.g:44
you can 'return;'
brk> quit;
gap> quit;
