sessionnumb  20261003172734 
gap> rho:=17;
17
gap> Read("Task20261003Ua.g");
Error, Variable: 'tG' must have an assigned value in
  tG[ii][jj] := aa; at Task20261003Ua.g:43 called from 
<function "unknown">( <arguments> )
 called from read-eval loop at Task20261003Ua.g:69
type 'quit;' to quit to outer loop
brk> quit;
gap> Read("Task20261003Ua.g");
reset 10000 rho 17 [ 603, 0, 9373, 23, 0, 0 ] 
reset 20000 rho 17 [ 1190, 0, 18761, 48, 0, 0 ] 
reset 30000 rho 17 [ 1813, 0, 28117, 69, 0, 0 ] 
[ 0, 30 ] 75972096 [ [ "odd", 100 ], [ "tt", 269 ], [ "zf", 66 ] ] 30025 25 
[ 0, 30 ] 68490592 [ [ "odd", 102 ], [ "tt", 267 ], [ "zf", 66 ] ] 30026 1 
[ 0, 30 ] 63742336 [ [ "odd", 103 ], [ "tt", 266 ], [ "zf", 66 ] ] 30027 1 
[ 0, 30 ] 58715776 [ [ "odd", 103 ], [ "tt", 266 ], [ "zf", 66 ] ] 30028 1 
Error, user interrupt in
  v := MakeZeroVect( dim ); at gapReads/LinearAlgebra.txt:39 called from 
MakeVectei( sdim, ii ) at gapReads/LatticeTools.txt:22 called from
signaturejob( sdim - 1, newsQ ); at gapReads/LatticeTools.txt:42 called from
signaturejob( sdim - 1, newsQ ); at gapReads/LatticeTools.txt:42 called from
signaturejob( sdim - 1, newsQ ); at gapReads/LatticeTools.txt:42 called from
signaturejob( sdim - 1, newsQ ); at gapReads/LatticeTools.txt:42 called from
...  at Task20261003Ua.g:70
you can 'return;'
brk> quit;
gap> Read("Task20261003Ua.g");
[ 0, 16 ] 3116897280 [ [ "odd", 14 ], [ "tt", 106 ] ] 40 40 
[ 0, 16 ] 3116897280 [ [ "odd", 14 ], [ "tt", 106 ] ] 41 1 
[ 0, 16 ] 3116897280 [ [ "odd", 14 ], [ "tt", 106 ] ] 42 1 
[ 0, 16 ] 3116897280 [ [ "odd", 14 ], [ "tt", 106 ] ] 43 1 
[ 0, 16 ] 2880943104 [ [ "odd", 15 ], [ "tt", 105 ] ] 44 1 
[ 0, 16 ] 3116897280 [ [ "odd", 14 ], [ "tt", 106 ] ] 45 1 
[ 0, 16 ] 2901132000 [ [ "odd", 15 ], [ "tt", 105 ] ] 46 1 
[ 0, 16 ] 2901132000 [ [ "odd", 15 ], [ "tt", 105 ] ] 47 1 
[ 0, 16 ] 2901132000 [ [ "odd", 15 ], [ "tt", 105 ] ] 48 1 
[ 0, 16 ] 2901132000 [ [ "odd", 15 ], [ "tt", 105 ] ] 49 1 
[ 0, 16 ] 2673036000 [ [ "odd", 16 ], [ "tt", 104 ] ] 50 1 
[ 0, 16 ] 2673036000 [ [ "odd", 16 ], [ "tt", 104 ] ] 51 1 
[ 0, 16 ] 2607852000 [ [ "odd", 17 ], [ "tt", 103 ] ] 52 1 
[ 0, 16 ] 2400132000 [ [ "odd", 18 ], [ "tt", 102 ] ] 53 1 
[ 0, 16 ] 2384666400 [ [ "odd", 18 ], [ "tt", 102 ] ] 54 1 
[ 0, 16 ] 2384666400 [ [ "odd", 18 ], [ "tt", 102 ] ] 55 1 
[ 0, 16 ] 2077311168 [ [ "odd", 19 ], [ "tt", 101 ] ] 56 1 
[ 0, 16 ] 1895230368 [ [ "odd", 20 ], [ "tt", 100 ] ] 57 1 
[ 0, 16 ] 1754727168 [ [ "odd", 21 ], [ "tt", 99 ] ] 58 1 
[ 0, 16 ] 1754727168 [ [ "odd", 21 ], [ "tt", 99 ] ] 59 1 
[ 0, 16 ] 1768065696 [ [ "odd", 20 ], [ "tt", 100 ] ] 60 1 
[ 0, 16 ] 1768065696 [ [ "odd", 20 ], [ "tt", 100 ] ] 61 1 
[ 0, 16 ] 1768065696 [ [ "odd", 20 ], [ "tt", 100 ] ] 62 1 
[ 0, 16 ] 1901493152 [ [ "odd", 19 ], [ "tt", 101 ] ] 63 1 
[ 0, 16 ] 1642469024 [ [ "odd", 20 ], [ "tt", 100 ] ] 64 1 
[ 0, 16 ] 1642469024 [ [ "odd", 20 ], [ "tt", 100 ] ] 65 1 
[ 0, 16 ] 1448647328 [ [ "odd", 21 ], [ "tt", 99 ] ] 66 1 
[ 0, 16 ] 1290563680 [ [ "odd", 22 ], [ "tt", 98 ] ] 67 1 
[ 0, 16 ] 1290563680 [ [ "odd", 22 ], [ "tt", 98 ] ] 68 1 
[ 0, 16 ] 1290563680 [ [ "odd", 22 ], [ "tt", 98 ] ] 69 1 
[ 0, 16 ] 1510581088 [ [ "odd", 21 ], [ "tt", 99 ] ] 70 1 
[ 0, 16 ] 1368589920 [ [ "odd", 22 ], [ "tt", 98 ] ] 71 1 
[ 0, 16 ] 1274667986 [ [ "odd", 23 ], [ "tt", 97 ] ] 72 1 
[ 0, 16 ] 1381305360 [ [ "odd", 22 ], [ "tt", 98 ] ] 73 1 
[ 0, 16 ] 1670223810 [ [ "odd", 21 ], [ "tt", 99 ] ] 74 1 
[ 0, 16 ] 1523739842 [ [ "odd", 22 ], [ "tt", 98 ] ] 75 1 
[ 0, 16 ] 1523739842 [ [ "odd", 22 ], [ "tt", 98 ] ] 76 1 
[ 0, 16 ] 1359499202 [ [ "odd", 23 ], [ "tt", 97 ] ] 77 1 
[ 0, 16 ] 1359499202 [ [ "odd", 23 ], [ "tt", 97 ] ] 78 1 
[ 0, 16 ] 1195097762 [ [ "odd", 24 ], [ "tt", 96 ] ] 79 1 
[ 0, 16 ] 1195097762 [ [ "odd", 24 ], [ "tt", 96 ] ] 80 1 
[ 0, 16 ] 1016857490 [ [ "odd", 25 ], [ "tt", 95 ] ] 81 1 
[ 0, 16 ] 910181586 [ [ "odd", 26 ], [ "tt", 94 ] ] 82 1 
[ 0, 16 ] 776821680 [ [ "odd", 27 ], [ "tt", 93 ] ] 83 1 
[ 0, 16 ] 724903392 [ [ "odd", 28 ], [ "tt", 92 ] ] 84 1 
[ 0, 16 ] 648576112 [ [ "odd", 29 ], [ "tt", 91 ] ] 86 2 
[ 0, 16 ] 580010368 [ [ "odd", 30 ], [ "tt", 90 ] ] 87 1 
[ 0, 16 ] 416135160 [ [ "odd", 31 ], [ "tt", 89 ] ] 88 1 
[ 0, 16 ] 346328770 [ [ "odd", 32 ], [ "tt", 88 ] ] 89 1 
[ 0, 16 ] 200701504 [ [ "odd", 33 ], [ "tt", 87 ] ] 90 1 
[ 0, 16 ] 151156416 [ [ "odd", 33 ], [ "tt", 87 ] ] 91 1 
[ 0, 16 ] 151156416 [ [ "odd", 33 ], [ "tt", 87 ] ] 92 1 
[ 0, 16 ] 151156416 [ [ "odd", 33 ], [ "tt", 87 ] ] 93 1 
[ 0, 16 ] 151156416 [ [ "odd", 33 ], [ "tt", 87 ] ] 94 1 
[ 0, 16 ] 238133842 [ [ "odd", 34 ], [ "tt", 86 ] ] 95 1 
[ 0, 16 ] 238133842 [ [ "odd", 34 ], [ "tt", 86 ] ] 96 1 
[ 0, 16 ] 275516168 [ [ "odd", 35 ], [ "tt", 85 ] ] 97 1 
[ 0, 16 ] 241029986 [ [ "odd", 36 ], [ "tt", 84 ] ] 99 2 
[ 0, 16 ] 201817026 [ [ "odd", 37 ], [ "tt", 83 ] ] 100 1 
[ 0, 16 ] 109517186 [ [ "odd", 38 ], [ "tt", 82 ] ] 102 2 
[ 0, 16 ] 109517186 [ [ "odd", 38 ], [ "tt", 82 ] ] 103 1 
[ 0, 16 ] 109517186 [ [ "odd", 38 ], [ "tt", 82 ] ] 105 2 
[ 0, 16 ] 31343504 [ [ "odd", 39 ], [ "tt", 81 ] ] 106 1 
reset 10106 rho 17 [ 640, 0, 9366, 36, 0, 0 ] 
[ 0, 16 ] 4312957440 [ [ "odd", 10 ], [ "tt", 110 ] ] 10121 15 
[ 0, 16 ] 4001687040 [ [ "odd", 11 ], [ "tt", 109 ] ] 10122 1 
[ 0, 16 ] 3709655520 [ [ "odd", 12 ], [ "tt", 108 ] ] 10123 1 
[ 0, 16 ] 3709655520 [ [ "odd", 12 ], [ "tt", 108 ] ] 10124 1 
[ 0, 16 ] 3709655520 [ [ "odd", 12 ], [ "tt", 108 ] ] 10125 1 
[ 0, 16 ] 3320970720 [ [ "odd", 13 ], [ "tt", 107 ] ] 10126 1 
[ 0, 16 ] 3081420000 [ [ "odd", 14 ], [ "tt", 106 ] ] 10127 1 
[ 0, 16 ] 3081420000 [ [ "odd", 14 ], [ "tt", 106 ] ] 10128 1 
[ 0, 16 ] 3083148000 [ [ "odd", 14 ], [ "tt", 106 ] ] 10129 1 
[ 0, 16 ] 3083148000 [ [ "odd", 14 ], [ "tt", 106 ] ] 10130 1 
[ 0, 16 ] 2859633632 [ [ "odd", 15 ], [ "tt", 105 ] ] 10131 1 
[ 0, 16 ] 2681096672 [ [ "odd", 16 ], [ "tt", 104 ] ] 10132 1 
[ 0, 16 ] 2451810240 [ [ "odd", 17 ], [ "tt", 103 ] ] 10133 1 
[ 0, 16 ] 2239343872 [ [ "odd", 18 ], [ "tt", 102 ] ] 10134 1 
[ 0, 16 ] 2047459072 [ [ "odd", 19 ], [ "tt", 101 ] ] 10135 1 
[ 0, 16 ] 1907399968 [ [ "odd", 20 ], [ "tt", 100 ] ] 10136 1 
[ 0, 16 ] 1836866122 [ [ "odd", 21 ], [ "tt", 99 ] ] 10137 1 
[ 0, 16 ] 1836866122 [ [ "odd", 21 ], [ "tt", 99 ] ] 10138 1 
[ 0, 16 ] 1765459738 [ [ "odd", 22 ], [ "tt", 98 ] ] 10139 1 
[ 0, 16 ] 1535355250 [ [ "odd", 23 ], [ "tt", 97 ] ] 10140 1 
[ 0, 16 ] 1467924642 [ [ "odd", 24 ], [ "tt", 96 ] ] 10141 1 
[ 0, 16 ] 1260305362 [ [ "odd", 25 ], [ "tt", 95 ] ] 10142 1 
[ 0, 16 ] 1260305362 [ [ "odd", 25 ], [ "tt", 95 ] ] 10143 1 
[ 0, 16 ] 1194245298 [ [ "odd", 26 ], [ "tt", 94 ] ] 10144 1 
[ 0, 16 ] 1072921984 [ [ "odd", 27 ], [ "tt", 93 ] ] 10145 1 
[ 0, 16 ] 1072921984 [ [ "odd", 27 ], [ "tt", 93 ] ] 10147 2 
[ 0, 16 ] 906906144 [ [ "odd", 28 ], [ "tt", 92 ] ] 10148 1 
[ 0, 16 ] 906906144 [ [ "odd", 28 ], [ "tt", 92 ] ] 10149 1 
[ 0, 16 ] 699002080 [ [ "odd", 29 ], [ "tt", 91 ] ] 10150 1 
[ 0, 16 ] 699002080 [ [ "odd", 29 ], [ "tt", 91 ] ] 10151 1 
[ 0, 16 ] 626575720 [ [ "odd", 30 ], [ "tt", 90 ] ] 10152 1 
[ 0, 16 ] 538440520 [ [ "odd", 31 ], [ "tt", 89 ] ] 10153 1 
[ 0, 16 ] 507964928 [ [ "odd", 32 ], [ "tt", 88 ] ] 10154 1 
[ 0, 16 ] 507964928 [ [ "odd", 32 ], [ "tt", 88 ] ] 10155 1 
[ 0, 16 ] 467807360 [ [ "odd", 33 ], [ "tt", 87 ] ] 10156 1 
[ 0, 16 ] 467807360 [ [ "odd", 33 ], [ "tt", 87 ] ] 10157 1 
[ 0, 16 ] 467807360 [ [ "odd", 33 ], [ "tt", 87 ] ] 10158 1 
[ 0, 16 ] 363631752 [ [ "odd", 34 ], [ "tt", 86 ] ] 10159 1 
[ 0, 16 ] 295664664 [ [ "odd", 35 ], [ "tt", 85 ] ] 10160 1 
[ 0, 16 ] 295664664 [ [ "odd", 35 ], [ "tt", 85 ] ] 10161 1 
[ 0, 16 ] 190690680 [ [ "odd", 36 ], [ "tt", 84 ] ] 10162 1 
[ 0, 16 ] 152883432 [ [ "odd", 37 ], [ "tt", 83 ] ] 10163 1 
[ 0, 16 ] 88011592 [ [ "odd", 38 ], [ "tt", 82 ] ] 10164 1 
[ 0, 16 ] 70709746 [ [ "odd", 39 ], [ "tt", 81 ] ] 10165 1 
[ 0, 16 ] 73443216 [ [ "odd", 40 ], [ "tt", 80 ] ] 10166 1 
[ 0, 16 ] 138621776 [ [ "odd", 40 ], [ "tt", 80 ] ] 10167 1 
[ 0, 16 ] 191087280 [ [ "odd", 41 ], [ "tt", 79 ] ] 10168 1 
[ 0, 16 ] 118197992 [ [ "odd", 42 ], [ "tt", 78 ] ] 10169 1 
[ 0, 16 ] 100168010 [ [ "odd", 43 ], [ "tt", 77 ] ] 10170 1 
[ 0, 16 ] 100168010 [ [ "odd", 43 ], [ "tt", 77 ] ] 10171 1 
[ 0, 16 ] 136812458 [ [ "odd", 44 ], [ "tt", 76 ] ] 10172 1 
[ 0, 16 ] 136812458 [ [ "odd", 44 ], [ "tt", 76 ] ] 10173 1 
[ 0, 16 ] 65584698 [ [ "odd", 44 ], [ "tt", 76 ] ] 10174 1 
[ 0, 16 ] 121725432 [ [ "odd", 45 ], [ "tt", 75 ] ] 10175 1 
[ 0, 16 ] 121725432 [ [ "odd", 45 ], [ "tt", 75 ] ] 10176 1 
[ 0, 16 ] 121725432 [ [ "odd", 45 ], [ "tt", 75 ] ] 10177 1 
[ 0, 16 ] 121725432 [ [ "odd", 45 ], [ "tt", 75 ] ] 10178 1 
[ 0, 16 ] 96115026 [ [ "odd", 46 ], [ "tt", 74 ] ] 10179 1 
[ 0, 16 ] 34005762 [ [ "odd", 47 ], [ "tt", 73 ] ] 10180 1 
[ 0, 16 ] 58316880 [ [ "odd", 48 ], [ "tt", 72 ] ] 10181 1 
[ 0, 16 ] 72154416 [ [ "odd", 48 ], [ "tt", 72 ] ] 10182 1 
[ 0, 16 ] 109714104 [ [ "odd", 47 ], [ "tt", 73 ] ] 10183 1 
[ 0, 16 ] 109714104 [ [ "odd", 47 ], [ "tt", 73 ] ] 10184 1 
[ 0, 16 ] 110599474 [ [ "odd", 48 ], [ "tt", 72 ] ] 10185 1 
[ 0, 16 ] 89653576 [ [ "odd", 49 ], [ "tt", 71 ] ] 10186 1 
[ 0, 16 ] 96378888 [ [ "odd", 50 ], [ "tt", 70 ] ] 10187 1 
[ 0, 16 ] 51833048 [ [ "odd", 50 ], [ "tt", 70 ] ] 10188 1 
[ 0, 16 ] 52817168 [ [ "odd", 51 ], [ "tt", 69 ] ] 10189 1 
[ 0, 16 ] 98523776 [ [ "odd", 50 ], [ "tt", 70 ] ] 10190 1 
[ 0, 16 ] 48744480 [ [ "odd", 51 ], [ "tt", 69 ] ] 10191 1 
[ 0, 16 ] 36029714 [ [ "odd", 52 ], [ "tt", 68 ] ] 10192 1 
[ 0, 33 ] 3418552 [ [ "odd", 250 ], [ "tt", 218 ], [ "zf", 60 ] ] 10204 12 
[ 0, 33 ] 3418552 [ [ "odd", 250 ], [ "tt", 218 ], [ "zf", 60 ] ] 10205 1 
[ 0, 33 ] 3418552 [ [ "odd", 250 ], [ "tt", 218 ], [ "zf", 60 ] ] 10206 1 
reset 20206 rho 17 [ 1266, 1, 18748, 50, 3, 0 ] 
[ 0, 16 ] 2408448000 [ [ "odd", 16 ], [ "tt", 104 ] ] 20225 19 
[ 0, 16 ] 2408448000 [ [ "odd", 16 ], [ "tt", 104 ] ] 20226 1 
[ 0, 16 ] 2115567616 [ [ "odd", 17 ], [ "tt", 103 ] ] 20227 1 
[ 0, 16 ] 2115567616 [ [ "odd", 17 ], [ "tt", 103 ] ] 20228 1 
[ 0, 16 ] 2115567616 [ [ "odd", 17 ], [ "tt", 103 ] ] 20229 1 
[ 0, 16 ] 1772186112 [ [ "odd", 18 ], [ "tt", 102 ] ] 20230 1 
[ 0, 16 ] 1991718912 [ [ "odd", 17 ], [ "tt", 103 ] ] 20231 1 
[ 0, 16 ] 1841149440 [ [ "odd", 18 ], [ "tt", 102 ] ] 20232 1 
[ 0, 16 ] 1841149440 [ [ "odd", 18 ], [ "tt", 102 ] ] 20233 1 
[ 0, 16 ] 1841149440 [ [ "odd", 18 ], [ "tt", 102 ] ] 20234 1 
[ 0, 16 ] 1841149440 [ [ "odd", 18 ], [ "tt", 102 ] ] 20235 1 
[ 0, 16 ] 1841149440 [ [ "odd", 18 ], [ "tt", 102 ] ] 20236 1 
[ 0, 16 ] 1655030880 [ [ "odd", 19 ], [ "tt", 101 ] ] 20237 1 
[ 0, 16 ] 1523990656 [ [ "odd", 20 ], [ "tt", 100 ] ] 20238 1 
[ 0, 16 ] 1523990656 [ [ "odd", 20 ], [ "tt", 100 ] ] 20240 2 
[ 0, 16 ] 1420974226 [ [ "odd", 21 ], [ "tt", 99 ] ] 20241 1 
[ 0, 16 ] 1368747240 [ [ "odd", 22 ], [ "tt", 98 ] ] 20245 4 
[ 0, 16 ] 1735445992 [ [ "odd", 21 ], [ "tt", 99 ] ] 20246 1 
[ 0, 16 ] 1735445992 [ [ "odd", 21 ], [ "tt", 99 ] ] 20247 1 
[ 0, 16 ] 1258236392 [ [ "odd", 22 ], [ "tt", 98 ] ] 20248 1 
[ 0, 16 ] 1258236392 [ [ "odd", 22 ], [ "tt", 98 ] ] 20249 1 
[ 0, 16 ] 1103564120 [ [ "odd", 23 ], [ "tt", 97 ] ] 20250 1 
[ 0, 16 ] 1006088946 [ [ "odd", 24 ], [ "tt", 96 ] ] 20251 1 
[ 0, 16 ] 865263186 [ [ "odd", 25 ], [ "tt", 95 ] ] 20252 1 
[ 0, 16 ] 865263186 [ [ "odd", 25 ], [ "tt", 95 ] ] 20253 1 
[ 0, 16 ] 468868626 [ [ "odd", 26 ], [ "tt", 94 ] ] 20254 1 
[ 0, 16 ] 429207296 [ [ "odd", 27 ], [ "tt", 93 ] ] 20255 1 
[ 0, 16 ] 429207296 [ [ "odd", 27 ], [ "tt", 93 ] ] 20256 1 
[ 0, 16 ] 387694714 [ [ "odd", 28 ], [ "tt", 92 ] ] 20257 1 
[ 0, 16 ] 354915832 [ [ "odd", 29 ], [ "tt", 91 ] ] 20258 1 
[ 0, 16 ] 315454384 [ [ "odd", 30 ], [ "tt", 90 ] ] 20259 1 
[ 0, 16 ] 192785026 [ [ "odd", 31 ], [ "tt", 89 ] ] 20260 1 
[ 0, 16 ] 106098034 [ [ "odd", 32 ], [ "tt", 88 ] ] 20261 1 
[ 0, 16 ] 116729426 [ [ "odd", 33 ], [ "tt", 87 ] ] 20262 1 
[ 0, 16 ] 116729426 [ [ "odd", 33 ], [ "tt", 87 ] ] 20263 1 
[ 0, 16 ] 236313456 [ [ "odd", 34 ], [ "tt", 86 ] ] 20264 1 
[ 0, 16 ] 193761474 [ [ "odd", 35 ], [ "tt", 85 ] ] 20265 1 
[ 0, 16 ] 193761474 [ [ "odd", 35 ], [ "tt", 85 ] ] 20266 1 
[ 0, 16 ] 193761474 [ [ "odd", 35 ], [ "tt", 85 ] ] 20267 1 
[ 0, 16 ] 193761474 [ [ "odd", 35 ], [ "tt", 85 ] ] 20268 1 
[ 0, 16 ] 193761474 [ [ "odd", 35 ], [ "tt", 85 ] ] 20269 1 
[ 0, 16 ] 189176496 [ [ "odd", 36 ], [ "tt", 84 ] ] 20270 1 
[ 0, 16 ] 180209088 [ [ "odd", 37 ], [ "tt", 83 ] ] 20271 1 
[ 0, 16 ] 173053824 [ [ "odd", 37 ], [ "tt", 83 ] ] 20272 1 
[ 0, 16 ] 166530808 [ [ "odd", 38 ], [ "tt", 82 ] ] 20273 1 
[ 0, 16 ] 120096568 [ [ "odd", 39 ], [ "tt", 81 ] ] 20274 1 
[ 0, 16 ] 116305336 [ [ "odd", 40 ], [ "tt", 80 ] ] 20276 2 
[ 0, 16 ] 116305336 [ [ "odd", 40 ], [ "tt", 80 ] ] 20277 1 
[ 0, 18 ] 55900440 [ [ "odd", 59 ], [ "tt", 91 ], [ "zf", 3 ] ] 20278 1 
[ 0, 18 ] 45390450 [ [ "odd", 62 ], [ "tt", 88 ], [ "zf", 3 ] ] 20279 1 
[ 0, 18 ] 45390450 [ [ "odd", 62 ], [ "tt", 88 ], [ "zf", 3 ] ] 20280 1 
[ 0, 18 ] 46900112 [ [ "odd", 63 ], [ "tt", 87 ], [ "zf", 3 ] ] 20281 1 
[ 0, 24 ] 9896482 [ [ "odd", 123 ], [ "tt", 138 ], [ "zf", 15 ] ] 20282 1 
[ 0, 24 ] 9896482 [ [ "odd", 123 ], [ "tt", 138 ], [ "zf", 15 ] ] 20283 1 
[ 0, 22 ] 13916946 [ [ "odd", 108 ], [ "tt", 111 ], [ "zf", 12 ] ] 20285 2 
[ 0, 22 ] 13916946 [ [ "odd", 108 ], [ "tt", 111 ], [ "zf", 12 ] ] 20287 2 
[ 0, 40 ] 2027314 [ [ "odd", 383 ], [ "tt", 313 ], [ "zf", 84 ] ] 20288 1 
[ 0, 40 ] 2027314 [ [ "odd", 383 ], [ "tt", 313 ], [ "zf", 84 ] ] 20289 1 
[ 0, 41 ] 1284162 [ [ "odd", 408 ], [ "tt", 328 ], [ "zf", 84 ] ] 20290 1 
reset 30290 rho 17 [ 1873, 1, 28147, 69, 3, 0 ] 
[ 0, 16 ] 4641408000 [ [ "odd", 9 ], [ "tt", 111 ] ] 30304 14 
[ 0, 16 ] 4641408000 [ [ "odd", 9 ], [ "tt", 111 ] ] 30305 1 
[ 0, 16 ] 4328748000 [ [ "odd", 10 ], [ "tt", 110 ] ] 30306 1 
[ 0, 16 ] 4037040000 [ [ "odd", 11 ], [ "tt", 109 ] ] 30307 1 
[ 0, 16 ] 4037040000 [ [ "odd", 11 ], [ "tt", 109 ] ] 30308 1 
[ 0, 16 ] 3745440000 [ [ "odd", 12 ], [ "tt", 108 ] ] 30309 1 
[ 0, 16 ] 3599640000 [ [ "odd", 13 ], [ "tt", 107 ] ] 30310 1 
[ 0, 16 ] 3341034000 [ [ "odd", 14 ], [ "tt", 106 ] ] 30311 1 
[ 0, 16 ] 3341034000 [ [ "odd", 14 ], [ "tt", 106 ] ] 30312 1 
[ 0, 16 ] 3341034000 [ [ "odd", 14 ], [ "tt", 106 ] ] 30313 1 
[ 0, 16 ] 3102300000 [ [ "odd", 15 ], [ "tt", 105 ] ] 30315 2 
[ 0, 16 ] 2859692400 [ [ "odd", 16 ], [ "tt", 104 ] ] 30316 1 
[ 0, 16 ] 2859692400 [ [ "odd", 16 ], [ "tt", 104 ] ] 30317 1 
[ 0, 16 ] 2859692400 [ [ "odd", 16 ], [ "tt", 104 ] ] 30318 1 
[ 0, 16 ] 2859692400 [ [ "odd", 16 ], [ "tt", 104 ] ] 30319 1 
[ 0, 16 ] 2636726400 [ [ "odd", 17 ], [ "tt", 103 ] ] 30320 1 
[ 0, 16 ] 2525243400 [ [ "odd", 18 ], [ "tt", 102 ] ] 30321 1 
[ 0, 16 ] 2525243400 [ [ "odd", 18 ], [ "tt", 102 ] ] 30322 1 
[ 0, 16 ] 2422902600 [ [ "odd", 19 ], [ "tt", 101 ] ] 30323 1 
[ 0, 16 ] 2221893192 [ [ "odd", 20 ], [ "tt", 100 ] ] 30324 1 
[ 0, 16 ] 2061035472 [ [ "odd", 21 ], [ "tt", 99 ] ] 30325 1 
[ 0, 16 ] 2061035472 [ [ "odd", 21 ], [ "tt", 99 ] ] 30326 1 
[ 0, 16 ] 2061035472 [ [ "odd", 21 ], [ "tt", 99 ] ] 30327 1 
[ 0, 16 ] 1839636570 [ [ "odd", 22 ], [ "tt", 98 ] ] 30328 1 
[ 0, 16 ] 1839636570 [ [ "odd", 22 ], [ "tt", 98 ] ] 30329 1 
[ 0, 16 ] 1839636570 [ [ "odd", 22 ], [ "tt", 98 ] ] 30330 1 
[ 0, 16 ] 1662072768 [ [ "odd", 23 ], [ "tt", 97 ] ] 30331 1 
[ 0, 16 ] 1495769130 [ [ "odd", 24 ], [ "tt", 96 ] ] 30332 1 
[ 0, 16 ] 1153752642 [ [ "odd", 25 ], [ "tt", 95 ] ] 30333 1 
[ 0, 16 ] 956371872 [ [ "odd", 26 ], [ "tt", 94 ] ] 30334 1 
[ 0, 16 ] 1057241760 [ [ "odd", 25 ], [ "tt", 95 ] ] 30335 1 
[ 0, 16 ] 1027512240 [ [ "odd", 26 ], [ "tt", 94 ] ] 30336 1 
[ 0, 16 ] 1027512240 [ [ "odd", 26 ], [ "tt", 94 ] ] 30337 1 
[ 0, 16 ] 1027512240 [ [ "odd", 26 ], [ "tt", 94 ] ] 30338 1 
[ 0, 16 ] 933101898 [ [ "odd", 27 ], [ "tt", 93 ] ] 30339 1 
[ 0, 16 ] 933101898 [ [ "odd", 27 ], [ "tt", 93 ] ] 30340 1 
[ 0, 16 ] 844751496 [ [ "odd", 28 ], [ "tt", 92 ] ] 30341 1 
[ 0, 16 ] 749297944 [ [ "odd", 28 ], [ "tt", 92 ] ] 30342 1 
[ 0, 16 ] 459381264 [ [ "odd", 29 ], [ "tt", 91 ] ] 30343 1 
[ 0, 16 ] 459381264 [ [ "odd", 29 ], [ "tt", 91 ] ] 30344 1 
[ 0, 16 ] 600529240 [ [ "odd", 29 ], [ "tt", 91 ] ] 30345 1 
[ 0, 16 ] 600529240 [ [ "odd", 29 ], [ "tt", 91 ] ] 30347 2 
[ 0, 16 ] 600529240 [ [ "odd", 29 ], [ "tt", 91 ] ] 30348 1 
[ 0, 16 ] 593302680 [ [ "odd", 30 ], [ "tt", 90 ] ] 30349 1 
[ 0, 16 ] 593302680 [ [ "odd", 30 ], [ "tt", 90 ] ] 30350 1 
[ 0, 16 ] 593302680 [ [ "odd", 30 ], [ "tt", 90 ] ] 30351 1 
[ 0, 16 ] 593302680 [ [ "odd", 30 ], [ "tt", 90 ] ] 30352 1 
[ 0, 16 ] 510999216 [ [ "odd", 31 ], [ "tt", 89 ] ] 30353 1 
[ 0, 16 ] 478091184 [ [ "odd", 32 ], [ "tt", 88 ] ] 30354 1 
[ 0, 16 ] 365066928 [ [ "odd", 33 ], [ "tt", 87 ] ] 30355 1 
[ 0, 16 ] 457645152 [ [ "odd", 32 ], [ "tt", 88 ] ] 30357 2 
[ 0, 16 ] 385564192 [ [ "odd", 33 ], [ "tt", 87 ] ] 30358 1 
[ 0, 16 ] 334066912 [ [ "odd", 34 ], [ "tt", 86 ] ] 30359 1 
[ 0, 16 ] 303661792 [ [ "odd", 35 ], [ "tt", 85 ] ] 30360 1 
[ 0, 16 ] 260132216 [ [ "odd", 36 ], [ "tt", 84 ] ] 30361 1 
[ 0, 16 ] 375207234 [ [ "odd", 35 ], [ "tt", 85 ] ] 30362 1 
[ 0, 16 ] 375207234 [ [ "odd", 35 ], [ "tt", 85 ] ] 30363 1 
[ 0, 16 ] 445688658 [ [ "odd", 34 ], [ "tt", 86 ] ] 30364 1 
[ 0, 16 ] 445688658 [ [ "odd", 34 ], [ "tt", 86 ] ] 30365 1 
[ 0, 16 ] 418098578 [ [ "odd", 35 ], [ "tt", 85 ] ] 30366 1 
[ 0, 16 ] 381643040 [ [ "odd", 36 ], [ "tt", 84 ] ] 30367 1 
[ 0, 16 ] 326341144 [ [ "odd", 37 ], [ "tt", 83 ] ] 30368 1 
[ 0, 16 ] 260208040 [ [ "odd", 38 ], [ "tt", 82 ] ] 30370 2 
[ 0, 16 ] 234541298 [ [ "odd", 37 ], [ "tt", 83 ] ] 30371 1 
[ 0, 16 ] 225828210 [ [ "odd", 36 ], [ "tt", 84 ] ] 30372 1 
[ 0, 16 ] 165134562 [ [ "odd", 37 ], [ "tt", 83 ] ] 30374 2 
[ 0, 16 ] 165134562 [ [ "odd", 37 ], [ "tt", 83 ] ] 30375 1 
[ 0, 16 ] 165134562 [ [ "odd", 37 ], [ "tt", 83 ] ] 30376 1 
[ 0, 16 ] 165134562 [ [ "odd", 37 ], [ "tt", 83 ] ] 30377 1 
[ 0, 16 ] 64141664 [ [ "odd", 38 ], [ "tt", 82 ] ] 30378 1 
[ 0, 16 ] 149298944 [ [ "odd", 37 ], [ "tt", 83 ] ] 30379 1 
[ 0, 16 ] 215677024 [ [ "odd", 36 ], [ "tt", 84 ] ] 30380 1 
[ 0, 16 ] 137219696 [ [ "odd", 37 ], [ "tt", 83 ] ] 30381 1 
[ 0, 17 ] 49800674 [ [ "odd", 48 ], [ "tt", 88 ] ] 30382 1 
[ 0, 17 ] 56852072 [ [ "odd", 50 ], [ "tt", 86 ] ] 30383 1 
[ 0, 16 ] 121019378 [ [ "odd", 38 ], [ "tt", 82 ] ] 30384 1 
[ 0, 16 ] 146806018 [ [ "odd", 38 ], [ "tt", 82 ] ] 30385 1 
[ 0, 16 ] 148656898 [ [ "odd", 38 ], [ "tt", 82 ] ] 30386 1 
[ 0, 16 ] 148656898 [ [ "odd", 38 ], [ "tt", 82 ] ] 30387 1 
[ 0, 16 ] 148656898 [ [ "odd", 38 ], [ "tt", 82 ] ] 30388 1 
[ 0, 18 ] 42099312 [ [ "odd", 59 ], [ "tt", 91 ], [ "zf", 3 ] ] 30389 1 
[ 0, 16 ] 148384256 [ [ "odd", 39 ], [ "tt", 81 ] ] 30390 1 
[ 0, 16 ] 78341408 [ [ "odd", 40 ], [ "tt", 80 ] ] 30391 1 
[ 0, 16 ] 78341408 [ [ "odd", 40 ], [ "tt", 80 ] ] 30392 1 
[ 0, 16 ] 78341408 [ [ "odd", 40 ], [ "tt", 80 ] ] 30393 1 
[ 0, 16 ] 78341408 [ [ "odd", 40 ], [ "tt", 80 ] ] 30394 1 
[ 0, 16 ] 78341408 [ [ "odd", 40 ], [ "tt", 80 ] ] 30395 1 
[ 0, 16 ] 79054560 [ [ "odd", 39 ], [ "tt", 81 ] ] 30396 1 
[ 0, 16 ] 71218504 [ [ "odd", 40 ], [ "tt", 80 ] ] 30397 1 
reset 40397 rho 17 [ 2452, 1, 37571, 82, 5, 0 ] 
[ 0, 16 ] 4004782592 [ [ "odd", 11 ], [ "tt", 109 ] ] 40419 22 
[ 0, 16 ] 3690086912 [ [ "odd", 12 ], [ "tt", 108 ] ] 40420 1 
[ 0, 16 ] 3392532992 [ [ "odd", 13 ], [ "tt", 107 ] ] 40421 1 
[ 0, 16 ] 3145344000 [ [ "odd", 14 ], [ "tt", 106 ] ] 40422 1 
[ 0, 16 ] 3434761728 [ [ "odd", 13 ], [ "tt", 107 ] ] 40423 1 
[ 0, 16 ] 3434761728 [ [ "odd", 13 ], [ "tt", 107 ] ] 40424 1 
[ 0, 16 ] 3186885120 [ [ "odd", 14 ], [ "tt", 106 ] ] 40425 1 
[ 0, 16 ] 2957985792 [ [ "odd", 15 ], [ "tt", 105 ] ] 40426 1 
[ 0, 16 ] 2957985792 [ [ "odd", 15 ], [ "tt", 105 ] ] 40428 2 
[ 0, 16 ] 2957985792 [ [ "odd", 15 ], [ "tt", 105 ] ] 40429 1 
[ 0, 16 ] 2555430912 [ [ "odd", 16 ], [ "tt", 104 ] ] 40430 1 
[ 0, 16 ] 2555430912 [ [ "odd", 16 ], [ "tt", 104 ] ] 40431 1 
[ 0, 16 ] 2395844352 [ [ "odd", 17 ], [ "tt", 103 ] ] 40432 1 
[ 0, 16 ] 2308407552 [ [ "odd", 18 ], [ "tt", 102 ] ] 40435 3 
[ 0, 16 ] 2308407552 [ [ "odd", 18 ], [ "tt", 102 ] ] 40436 1 
[ 0, 16 ] 2308407552 [ [ "odd", 18 ], [ "tt", 102 ] ] 40437 1 
[ 0, 16 ] 2092164096 [ [ "odd", 19 ], [ "tt", 101 ] ] 40438 1 
[ 0, 16 ] 2092164096 [ [ "odd", 19 ], [ "tt", 101 ] ] 40439 1 
[ 0, 16 ] 1927250128 [ [ "odd", 20 ], [ "tt", 100 ] ] 40440 1 
[ 0, 16 ] 1725231664 [ [ "odd", 21 ], [ "tt", 99 ] ] 40442 2 
[ 0, 16 ] 1601037986 [ [ "odd", 22 ], [ "tt", 98 ] ] 40443 1 
[ 0, 16 ] 1447497304 [ [ "odd", 23 ], [ "tt", 97 ] ] 40444 1 
[ 0, 16 ] 1447497304 [ [ "odd", 23 ], [ "tt", 97 ] ] 40445 1 
[ 0, 16 ] 1447497304 [ [ "odd", 23 ], [ "tt", 97 ] ] 40446 1 
[ 0, 16 ] 1701666616 [ [ "odd", 22 ], [ "tt", 98 ] ] 40447 1 
[ 0, 16 ] 1567878530 [ [ "odd", 23 ], [ "tt", 97 ] ] 40449 2 
[ 0, 16 ] 1399813058 [ [ "odd", 23 ], [ "tt", 97 ] ] 40450 1 
[ 0, 16 ] 1317589528 [ [ "odd", 24 ], [ "tt", 96 ] ] 40451 1 
[ 0, 16 ] 1217156616 [ [ "odd", 25 ], [ "tt", 95 ] ] 40452 1 
[ 0, 16 ] 1084283346 [ [ "odd", 26 ], [ "tt", 94 ] ] 40453 1 
[ 0, 16 ] 1084283346 [ [ "odd", 26 ], [ "tt", 94 ] ] 40454 1 
[ 0, 16 ] 986420114 [ [ "odd", 27 ], [ "tt", 93 ] ] 40455 1 
[ 0, 16 ] 986420114 [ [ "odd", 27 ], [ "tt", 93 ] ] 40456 1 
[ 0, 16 ] 843315378 [ [ "odd", 28 ], [ "tt", 92 ] ] 40457 1 
[ 0, 16 ] 642364320 [ [ "odd", 29 ], [ "tt", 91 ] ] 40458 1 
[ 0, 16 ] 642364320 [ [ "odd", 29 ], [ "tt", 91 ] ] 40459 1 
[ 0, 16 ] 642364320 [ [ "odd", 29 ], [ "tt", 91 ] ] 40460 1 
[ 0, 16 ] 642364320 [ [ "odd", 29 ], [ "tt", 91 ] ] 40461 1 
[ 0, 16 ] 642364320 [ [ "odd", 29 ], [ "tt", 91 ] ] 40462 1 
[ 0, 16 ] 535445154 [ [ "odd", 30 ], [ "tt", 90 ] ] 40463 1 
[ 0, 16 ] 535445154 [ [ "odd", 30 ], [ "tt", 90 ] ] 40464 1 
[ 0, 16 ] 504606696 [ [ "odd", 31 ], [ "tt", 89 ] ] 40465 1 
[ 0, 16 ] 455252576 [ [ "odd", 31 ], [ "tt", 89 ] ] 40466 1 
[ 0, 16 ] 393698202 [ [ "odd", 32 ], [ "tt", 88 ] ] 40467 1 
[ 0, 16 ] 339820016 [ [ "odd", 33 ], [ "tt", 87 ] ] 40468 1 
[ 0, 16 ] 259716882 [ [ "odd", 34 ], [ "tt", 86 ] ] 40469 1 
[ 0, 16 ] 228544848 [ [ "odd", 35 ], [ "tt", 85 ] ] 40470 1 
[ 0, 16 ] 150530048 [ [ "odd", 36 ], [ "tt", 84 ] ] 40472 2 
[ 0, 16 ] 158069248 [ [ "odd", 36 ], [ "tt", 84 ] ] 40473 1 
[ 0, 16 ] 210583552 [ [ "odd", 36 ], [ "tt", 84 ] ] 40474 1 
[ 0, 16 ] 121982056 [ [ "odd", 37 ], [ "tt", 83 ] ] 40475 1 
[ 0, 16 ] 129748224 [ [ "odd", 38 ], [ "tt", 82 ] ] 40476 1 
[ 0, 16 ] 133140480 [ [ "odd", 38 ], [ "tt", 82 ] ] 40477 1 
[ 0, 16 ] 210235098 [ [ "odd", 37 ], [ "tt", 83 ] ] 40478 1 
[ 0, 16 ] 254729672 [ [ "odd", 36 ], [ "tt", 84 ] ] 40479 1 
[ 0, 16 ] 254729672 [ [ "odd", 36 ], [ "tt", 84 ] ] 40480 1 
[ 0, 16 ] 220536362 [ [ "odd", 37 ], [ "tt", 83 ] ] 40481 1 
[ 0, 16 ] 220536362 [ [ "odd", 37 ], [ "tt", 83 ] ] 40482 1 
[ 0, 16 ] 123614226 [ [ "odd", 38 ], [ "tt", 82 ] ] 40483 1 
[ 0, 16 ] 141368738 [ [ "odd", 39 ], [ "tt", 81 ] ] 40484 1 
[ 0, 16 ] 270693290 [ [ "odd", 38 ], [ "tt", 82 ] ] 40485 1 
[ 0, 16 ] 406793162 [ [ "odd", 37 ], [ "tt", 83 ] ] 40486 1 
[ 0, 16 ] 335152120 [ [ "odd", 38 ], [ "tt", 82 ] ] 40487 1 
[ 0, 16 ] 335152120 [ [ "odd", 38 ], [ "tt", 82 ] ] 40488 1 
[ 0, 16 ] 335152120 [ [ "odd", 38 ], [ "tt", 82 ] ] 40489 1 
[ 0, 16 ] 366655106 [ [ "odd", 37 ], [ "tt", 83 ] ] 40490 1 
[ 0, 16 ] 366655106 [ [ "odd", 37 ], [ "tt", 83 ] ] 40491 1 
[ 0, 16 ] 419608930 [ [ "odd", 36 ], [ "tt", 84 ] ] 40492 1 
[ 0, 16 ] 354906338 [ [ "odd", 37 ], [ "tt", 83 ] ] 40493 1 
[ 0, 16 ] 392904930 [ [ "odd", 36 ], [ "tt", 84 ] ] 40495 2 
[ 0, 16 ] 392904930 [ [ "odd", 36 ], [ "tt", 84 ] ] 40497 2 
[ 0, 16 ] 392904930 [ [ "odd", 36 ], [ "tt", 84 ] ] 40498 1 
[ 0, 16 ] 400093714 [ [ "odd", 35 ], [ "tt", 85 ] ] 40499 1 
[ 0, 16 ] 425346888 [ [ "odd", 34 ], [ "tt", 86 ] ] 40500 1 
[ 0, 16 ] 420828608 [ [ "odd", 35 ], [ "tt", 85 ] ] 40501 1 
[ 0, 16 ] 420828608 [ [ "odd", 35 ], [ "tt", 85 ] ] 40502 1 
[ 0, 16 ] 420828608 [ [ "odd", 35 ], [ "tt", 85 ] ] 40503 1 
[ 0, 16 ] 215530658 [ [ "odd", 36 ], [ "tt", 84 ] ] 40504 1 
[ 0, 16 ] 200333778 [ [ "odd", 37 ], [ "tt", 83 ] ] 40505 1 
[ 0, 16 ] 212442568 [ [ "odd", 36 ], [ "tt", 84 ] ] 40506 1 
[ 0, 16 ] 382390432 [ [ "odd", 36 ], [ "tt", 84 ] ] 40507 1 
[ 0, 16 ] 382390432 [ [ "odd", 36 ], [ "tt", 84 ] ] 40508 1 
[ 0, 16 ] 298389618 [ [ "odd", 37 ], [ "tt", 83 ] ] 40509 1 
[ 0, 16 ] 298389618 [ [ "odd", 37 ], [ "tt", 83 ] ] 40510 1 
[ 0, 16 ] 298389618 [ [ "odd", 37 ], [ "tt", 83 ] ] 40512 2 
[ 0, 16 ] 298389618 [ [ "odd", 37 ], [ "tt", 83 ] ] 40513 1 
[ 0, 16 ] 298389618 [ [ "odd", 37 ], [ "tt", 83 ] ] 40514 1 
[ 0, 16 ] 394317648 [ [ "odd", 36 ], [ "tt", 84 ] ] 40516 2 
[ 0, 16 ] 320880802 [ [ "odd", 37 ], [ "tt", 83 ] ] 40517 1 
[ 0, 16 ] 396241058 [ [ "odd", 36 ], [ "tt", 84 ] ] 40518 1 
[ 0, 16 ] 396241058 [ [ "odd", 36 ], [ "tt", 84 ] ] 40519 1 
[ 0, 16 ] 384219600 [ [ "odd", 37 ], [ "tt", 83 ] ] 40520 1 
[ 0, 16 ] 245530298 [ [ "odd", 38 ], [ "tt", 82 ] ] 40521 1 
[ 0, 16 ] 302945498 [ [ "odd", 39 ], [ "tt", 81 ] ] 40522 1 
[ 0, 16 ] 302945498 [ [ "odd", 39 ], [ "tt", 81 ] ] 40523 1 
[ 0, 16 ] 276307210 [ [ "odd", 40 ], [ "tt", 80 ] ] 40524 1 
[ 0, 16 ] 356144440 [ [ "odd", 39 ], [ "tt", 81 ] ] 40525 1 
[ 0, 16 ] 356144440 [ [ "odd", 39 ], [ "tt", 81 ] ] 40526 1 
[ 0, 16 ] 335022640 [ [ "odd", 40 ], [ "tt", 80 ] ] 40527 1 
[ 0, 16 ] 335022640 [ [ "odd", 40 ], [ "tt", 80 ] ] 40528 1 
[ 0, 16 ] 357264880 [ [ "odd", 39 ], [ "tt", 81 ] ] 40529 1 
[ 0, 16 ] 381277648 [ [ "odd", 39 ], [ "tt", 81 ] ] 40530 1 
[ 0, 16 ] 289371690 [ [ "odd", 40 ], [ "tt", 80 ] ] 40531 1 
[ 0, 16 ] 289371690 [ [ "odd", 40 ], [ "tt", 80 ] ] 40532 1 
[ 0, 16 ] 251263466 [ [ "odd", 40 ], [ "tt", 80 ] ] 40533 1 
[ 0, 16 ] 251263466 [ [ "odd", 40 ], [ "tt", 80 ] ] 40534 1 
[ 0, 16 ] 251263466 [ [ "odd", 40 ], [ "tt", 80 ] ] 40535 1 
[ 0, 16 ] 129636610 [ [ "odd", 41 ], [ "tt", 79 ] ] 40536 1 
[ 0, 16 ] 85657522 [ [ "odd", 42 ], [ "tt", 78 ] ] 40537 1 
[ 0, 16 ] 85657522 [ [ "odd", 42 ], [ "tt", 78 ] ] 40538 1 
[ 0, 25 ] 3332824 [ [ "odd", 165 ], [ "tt", 117 ], [ "zf", 18 ] ] 48003 7465 
[ 0, 25 ] 3332824 [ [ "odd", 165 ], [ "tt", 117 ], [ "zf", 18 ] ] 48004 1 
reset 58004 rho 17 [ 3591, 1, 53907, 101, 6, 0 ] 
[ 0, 16 ] 3447498752 [ [ "odd", 13 ], [ "tt", 107 ] ] 58022 18 
[ 0, 16 ] 3447498752 [ [ "odd", 13 ], [ "tt", 107 ] ] 58023 1 
[ 0, 16 ] 3447498752 [ [ "odd", 13 ], [ "tt", 107 ] ] 58024 1 
[ 0, 16 ] 3098642432 [ [ "odd", 14 ], [ "tt", 106 ] ] 58025 1 
[ 0, 16 ] 3098642432 [ [ "odd", 14 ], [ "tt", 106 ] ] 58026 1 
[ 0, 16 ] 2837476352 [ [ "odd", 15 ], [ "tt", 105 ] ] 58027 1 
[ 0, 16 ] 2646223712 [ [ "odd", 16 ], [ "tt", 104 ] ] 58028 1 
[ 0, 16 ] 2398543712 [ [ "odd", 17 ], [ "tt", 103 ] ] 58029 1 
[ 0, 16 ] 2398543712 [ [ "odd", 17 ], [ "tt", 103 ] ] 58030 1 
[ 0, 16 ] 2398543712 [ [ "odd", 17 ], [ "tt", 103 ] ] 58031 1 
[ 0, 16 ] 2229487968 [ [ "odd", 18 ], [ "tt", 102 ] ] 58032 1 
[ 0, 16 ] 1964527968 [ [ "odd", 19 ], [ "tt", 101 ] ] 58034 2 
[ 0, 16 ] 1818763936 [ [ "odd", 20 ], [ "tt", 100 ] ] 58035 1 
[ 0, 16 ] 1633830048 [ [ "odd", 21 ], [ "tt", 99 ] ] 58036 1 
[ 0, 16 ] 1521398944 [ [ "odd", 22 ], [ "tt", 98 ] ] 58037 1 
[ 0, 16 ] 1455635232 [ [ "odd", 23 ], [ "tt", 97 ] ] 58038 1 
[ 0, 16 ] 1582551872 [ [ "odd", 22 ], [ "tt", 98 ] ] 58039 1 
[ 0, 16 ] 1464873330 [ [ "odd", 23 ], [ "tt", 97 ] ] 58040 1 
[ 0, 16 ] 1464873330 [ [ "odd", 23 ], [ "tt", 97 ] ] 58041 1 
[ 0, 16 ] 1298637778 [ [ "odd", 24 ], [ "tt", 96 ] ] 58042 1 
[ 0, 16 ] 1113615218 [ [ "odd", 25 ], [ "tt", 95 ] ] 58043 1 
[ 0, 16 ] 1029910578 [ [ "odd", 26 ], [ "tt", 94 ] ] 58044 1 
[ 0, 16 ] 941351090 [ [ "odd", 27 ], [ "tt", 93 ] ] 58045 1 
[ 0, 16 ] 851167170 [ [ "odd", 28 ], [ "tt", 92 ] ] 58046 1 
[ 0, 16 ] 851167170 [ [ "odd", 28 ], [ "tt", 92 ] ] 58047 1 
[ 0, 16 ] 690683426 [ [ "odd", 29 ], [ "tt", 91 ] ] 58048 1 
[ 0, 16 ] 618537792 [ [ "odd", 30 ], [ "tt", 90 ] ] 58049 1 
[ 0, 16 ] 618217666 [ [ "odd", 31 ], [ "tt", 89 ] ] 58050 1 
[ 0, 16 ] 398941090 [ [ "odd", 31 ], [ "tt", 89 ] ] 58051 1 
[ 0, 16 ] 416941264 [ [ "odd", 32 ], [ "tt", 88 ] ] 58052 1 
[ 0, 16 ] 416941264 [ [ "odd", 32 ], [ "tt", 88 ] ] 58053 1 
[ 0, 16 ] 372869104 [ [ "odd", 33 ], [ "tt", 87 ] ] 58054 1 
[ 0, 16 ] 349166480 [ [ "odd", 34 ], [ "tt", 86 ] ] 58055 1 
[ 0, 16 ] 349166480 [ [ "odd", 34 ], [ "tt", 86 ] ] 58056 1 
[ 0, 16 ] 349166480 [ [ "odd", 34 ], [ "tt", 86 ] ] 58057 1 
[ 0, 16 ] 333551032 [ [ "odd", 34 ], [ "tt", 86 ] ] 58058 1 
[ 0, 16 ] 314909080 [ [ "odd", 35 ], [ "tt", 85 ] ] 58059 1 
[ 0, 16 ] 321907506 [ [ "odd", 36 ], [ "tt", 84 ] ] 58060 1 
[ 0, 16 ] 258204618 [ [ "odd", 37 ], [ "tt", 83 ] ] 58061 1 
[ 0, 16 ] 177951312 [ [ "odd", 38 ], [ "tt", 82 ] ] 58062 1 
[ 0, 16 ] 177951312 [ [ "odd", 38 ], [ "tt", 82 ] ] 58063 1 
[ 0, 16 ] 177951312 [ [ "odd", 38 ], [ "tt", 82 ] ] 58064 1 
[ 0, 16 ] 98929338 [ [ "odd", 39 ], [ "tt", 81 ] ] 58065 1 
[ 0, 16 ] 115591072 [ [ "odd", 40 ], [ "tt", 80 ] ] 58066 1 
[ 0, 16 ] 123904408 [ [ "odd", 41 ], [ "tt", 79 ] ] 58067 1 
[ 0, 16 ] 116570576 [ [ "odd", 42 ], [ "tt", 78 ] ] 58068 1 
[ 0, 16 ] 120387050 [ [ "odd", 43 ], [ "tt", 77 ] ] 58070 2 
[ 0, 16 ] 120387050 [ [ "odd", 43 ], [ "tt", 77 ] ] 58071 1 
[ 0, 16 ] 107266032 [ [ "odd", 44 ], [ "tt", 76 ] ] 58072 1 
[ 0, 16 ] 107266032 [ [ "odd", 44 ], [ "tt", 76 ] ] 58073 1 
[ 0, 16 ] 107266032 [ [ "odd", 44 ], [ "tt", 76 ] ] 58074 1 
[ 0, 16 ] 107266032 [ [ "odd", 44 ], [ "tt", 76 ] ] 58075 1 
[ 0, 16 ] 85657658 [ [ "odd", 45 ], [ "tt", 75 ] ] 58076 1 
[ 0, 16 ] 71236904 [ [ "odd", 46 ], [ "tt", 74 ] ] 58077 1 
[ 0, 16 ] 71236904 [ [ "odd", 46 ], [ "tt", 74 ] ] 58078 1 
[ 0, 18 ] 59037992 [ [ "odd", 58 ], [ "tt", 92 ], [ "zf", 3 ] ] 58079 1 
[ 0, 18 ] 59037992 [ [ "odd", 58 ], [ "tt", 92 ], [ "zf", 3 ] ] 58080 1 
[ 0, 18 ] 39813120 [ [ "odd", 61 ], [ "tt", 89 ], [ "zf", 3 ] ] 58081 1 
[ 0, 18 ] 28689032 [ [ "odd", 62 ], [ "tt", 88 ], [ "zf", 3 ] ] 58082 1 
[ 0, 18 ] 28689032 [ [ "odd", 62 ], [ "tt", 88 ], [ "zf", 3 ] ] 58083 1 
[ 0, 20 ] 13677272 [ [ "odd", 74 ], [ "tt", 104 ], [ "zf", 12 ] ] 58084 1 
[ 0, 20 ] 13677272 [ [ "odd", 74 ], [ "tt", 104 ], [ "zf", 12 ] ] 58085 1 
[ 0, 20 ] 21383600 [ [ "odd", 74 ], [ "tt", 104 ], [ "zf", 12 ] ] 58086 1 
[ 0, 20 ] 21383600 [ [ "odd", 74 ], [ "tt", 104 ], [ "zf", 12 ] ] 58087 1 
[ 0, 19 ] 24300530 [ [ "odd", 73 ], [ "tt", 95 ], [ "zf", 3 ] ] 58089 2 
[ 0, 19 ] 24300530 [ [ "odd", 73 ], [ "tt", 95 ], [ "zf", 3 ] ] 58090 1 
[ 0, 23 ] 16052610 [ [ "odd", 108 ], [ "tt", 124 ], [ "zf", 21 ] ] 58113 23 
[ 0, 23 ] 20826866 [ [ "odd", 108 ], [ "tt", 124 ], [ "zf", 21 ] ] 58114 1 
[ 0, 32 ] 4414194 [ [ "odd", 239 ], [ "tt", 209 ], [ "zf", 48 ] ] 58115 1 
[ 0, 32 ] 2217010 [ [ "odd", 246 ], [ "tt", 208 ], [ "zf", 42 ] ] 58220 105 
[ 0, 34 ] 2448058 [ [ "odd", 290 ], [ "tt", 226 ], [ "zf", 45 ] ] 66293 8073 
[ 0, 34 ] 2448058 [ [ "odd", 290 ], [ "tt", 226 ], [ "zf", 45 ] ] 66294 1 
[ 0, 34 ] 2448058 [ [ "odd", 290 ], [ "tt", 226 ], [ "zf", 45 ] ] 66295 1 
[ 0, 34 ] 2448058 [ [ "odd", 290 ], [ "tt", 226 ], [ "zf", 45 ] ] 66297 2 
[ 0, 55 ] 610538 [ [ "odd", 755 ], [ "tt", 538 ], [ "zf", 192 ] ] 67115 818 
[ 0, 83 ] 280336 [ [ "odd", 1708 ], [ "tt", 1308 ], [ "zf", 387 ] ] 67116 1 
reset 77116 rho 17 [ 4791, 1, 71727, 117, 6, 0 ] 
[ 0, 16 ] 1079258880 [ [ "odd", 20 ], [ "tt", 100 ] ] 77147 31 
[ 0, 16 ] 819293952 [ [ "odd", 21 ], [ "tt", 99 ] ] 77148 1 
[ 0, 16 ] 922420992 [ [ "odd", 22 ], [ "tt", 98 ] ] 77149 1 
[ 0, 16 ] 922420992 [ [ "odd", 22 ], [ "tt", 98 ] ] 77151 2 
[ 0, 16 ] 698863872 [ [ "odd", 23 ], [ "tt", 97 ] ] 77152 1 
[ 0, 16 ] 438164224 [ [ "odd", 24 ], [ "tt", 96 ] ] 77153 1 
[ 0, 16 ] 378474912 [ [ "odd", 25 ], [ "tt", 95 ] ] 77154 1 
[ 0, 16 ] 652236192 [ [ "odd", 25 ], [ "tt", 95 ] ] 77155 1 
[ 0, 16 ] 652236192 [ [ "odd", 25 ], [ "tt", 95 ] ] 77156 1 
[ 0, 16 ] 499077792 [ [ "odd", 26 ], [ "tt", 94 ] ] 77157 1 
[ 0, 16 ] 499077792 [ [ "odd", 26 ], [ "tt", 94 ] ] 77158 1 
[ 0, 16 ] 499077792 [ [ "odd", 26 ], [ "tt", 94 ] ] 77159 1 
[ 0, 16 ] 357635456 [ [ "odd", 27 ], [ "tt", 93 ] ] 77160 1 
[ 0, 16 ] 357635456 [ [ "odd", 27 ], [ "tt", 93 ] ] 77162 2 
[ 0, 16 ] 168027104 [ [ "odd", 28 ], [ "tt", 92 ] ] 77164 2 
[ 0, 16 ] 96395392 [ [ "odd", 30 ], [ "tt", 90 ] ] 77166 2 
[ 0, 16 ] 129668256 [ [ "odd", 31 ], [ "tt", 89 ] ] 77167 1 
[ 0, 16 ] 129668256 [ [ "odd", 31 ], [ "tt", 89 ] ] 77168 1 
[ 0, 16 ] 129668256 [ [ "odd", 31 ], [ "tt", 89 ] ] 77169 1 
[ 0, 16 ] 116064288 [ [ "odd", 32 ], [ "tt", 88 ] ] 77170 1 
[ 0, 16 ] 216053586 [ [ "odd", 31 ], [ "tt", 89 ] ] 77171 1 
[ 0, 16 ] 168842656 [ [ "odd", 32 ], [ "tt", 88 ] ] 77172 1 
[ 0, 16 ] 211095184 [ [ "odd", 33 ], [ "tt", 87 ] ] 77173 1 
[ 0, 16 ] 159161274 [ [ "odd", 34 ], [ "tt", 86 ] ] 77174 1 
[ 0, 16 ] 168914584 [ [ "odd", 35 ], [ "tt", 85 ] ] 77175 1 
[ 0, 16 ] 128196170 [ [ "odd", 36 ], [ "tt", 84 ] ] 77176 1 
[ 0, 16 ] 128196170 [ [ "odd", 36 ], [ "tt", 84 ] ] 77177 1 
[ 0, 16 ] 37643178 [ [ "odd", 37 ], [ "tt", 83 ] ] 77180 3 
[ 0, 37 ] 3410378 [ [ "odd", 318 ], [ "tt", 285 ], [ "zf", 63 ] ] 77190 10 
[ 0, 37 ] 3567642 [ [ "odd", 319 ], [ "tt", 284 ], [ "zf", 63 ] ] 77192 2 
[ 0, 16 ] 155631808 [ [ "odd", 37 ], [ "tt", 83 ] ] 77193 1 
[ 0, 16 ] 108835264 [ [ "odd", 36 ], [ "tt", 84 ] ] 77194 1 
[ 0, 16 ] 108835264 [ [ "odd", 36 ], [ "tt", 84 ] ] 77195 1 
[ 0, 16 ] 103290970 [ [ "odd", 37 ], [ "tt", 83 ] ] 77196 1 
[ 0, 16 ] 42928186 [ [ "odd", 38 ], [ "tt", 82 ] ] 77197 1 
[ 0, 16 ] 42928186 [ [ "odd", 38 ], [ "tt", 82 ] ] 77199 2 
[ 0, 16 ] 42928186 [ [ "odd", 38 ], [ "tt", 82 ] ] 77200 1 
[ 0, 24 ] 5806584 [ [ "odd", 134 ], [ "tt", 127 ], [ "zf", 15 ] ] 77202 2 
[ 0, 18 ] 31848688 [ [ "odd", 60 ], [ "tt", 90 ], [ "zf", 3 ] ] 77203 1 
[ 0, 18 ] 31848688 [ [ "odd", 60 ], [ "tt", 90 ], [ "zf", 3 ] ] 77204 1 
[ 0, 18 ] 60334368 [ [ "odd", 59 ], [ "tt", 91 ], [ "zf", 3 ] ] 77205 1 
[ 0, 18 ] 90191360 [ [ "odd", 56 ], [ "tt", 94 ], [ "zf", 3 ] ] 77206 1 
[ 0, 35 ] 3709298 [ [ "odd", 230 ], [ "tt", 281 ], [ "zf", 84 ] ] 77249 43 
[ 0, 35 ] 3591104 [ [ "odd", 281 ], [ "tt", 251 ], [ "zf", 63 ] ] 77254 5 
[ 0, 36 ] 3533856 [ [ "odd", 309 ], [ "tt", 255 ], [ "zf", 66 ] ] 77257 3 
[ 0, 26 ] 10941128 [ [ "odd", 150 ], [ "tt", 148 ], [ "zf", 27 ] ] 77258 1 
[ 0, 26 ] 10941128 [ [ "odd", 150 ], [ "tt", 148 ], [ "zf", 27 ] ] 77259 1 
[ 0, 26 ] 11496752 [ [ "odd", 149 ], [ "tt", 149 ], [ "zf", 27 ] ] 77260 1 
[ 0, 30 ] 3905576 [ [ "odd", 197 ], [ "tt", 199 ], [ "zf", 39 ] ] 77264 4 
[ 0, 77 ] 250608 [ [ "odd", 1477 ], [ "tt", 1137 ], [ "zf", 312 ] ] 78461 1197 
[ 0, 38 ] 963888 [ [ "odd", 358 ], [ "tt", 282 ], [ "zf", 63 ] ] 78462 1 
[ 0, 52 ] 462896 [ [ "odd", 675 ], [ "tt", 528 ], [ "zf", 123 ] ] 78464 2 
reset 88464 rho 17 [ 5532, 1, 82253, 146, 6, 0 ] 
[ 0, 16 ] 2905560064 [ [ "odd", 14 ], [ "tt", 106 ] ] 88491 27 
[ 0, 16 ] 2905560064 [ [ "odd", 14 ], [ "tt", 106 ] ] 88492 1 
[ 0, 16 ] 2658371072 [ [ "odd", 15 ], [ "tt", 105 ] ] 88493 1 
[ 0, 16 ] 2373643776 [ [ "odd", 16 ], [ "tt", 104 ] ] 88494 1 
[ 0, 16 ] 2150646784 [ [ "odd", 17 ], [ "tt", 103 ] ] 88495 1 
[ 0, 16 ] 1996048896 [ [ "odd", 18 ], [ "tt", 102 ] ] 88496 1 
[ 0, 16 ] 2164370432 [ [ "odd", 17 ], [ "tt", 103 ] ] 88497 1 
[ 0, 16 ] 2125261824 [ [ "odd", 17 ], [ "tt", 103 ] ] 88498 1 
[ 0, 16 ] 2282133504 [ [ "odd", 16 ], [ "tt", 104 ] ] 88499 1 
[ 0, 16 ] 2071100416 [ [ "odd", 17 ], [ "tt", 103 ] ] 88500 1 
[ 0, 16 ] 1851522048 [ [ "odd", 18 ], [ "tt", 102 ] ] 88501 1 
[ 0, 16 ] 1851522048 [ [ "odd", 18 ], [ "tt", 102 ] ] 88502 1 
[ 0, 16 ] 1851522048 [ [ "odd", 18 ], [ "tt", 102 ] ] 88503 1 
[ 0, 16 ] 1719485312 [ [ "odd", 19 ], [ "tt", 101 ] ] 88504 1 
[ 0, 16 ] 1584444032 [ [ "odd", 20 ], [ "tt", 100 ] ] 88505 1 
[ 0, 16 ] 1496199392 [ [ "odd", 21 ], [ "tt", 99 ] ] 88506 1 
[ 0, 16 ] 1346814912 [ [ "odd", 22 ], [ "tt", 98 ] ] 88507 1 
[ 0, 16 ] 998935696 [ [ "odd", 23 ], [ "tt", 97 ] ] 88508 1 
[ 0, 16 ] 648207856 [ [ "odd", 24 ], [ "tt", 96 ] ] 88509 1 
[ 0, 16 ] 584175504 [ [ "odd", 25 ], [ "tt", 95 ] ] 88510 1 
[ 0, 16 ] 1095648176 [ [ "odd", 25 ], [ "tt", 95 ] ] 88511 1 
[ 0, 16 ] 1262369712 [ [ "odd", 25 ], [ "tt", 95 ] ] 88512 1 
[ 0, 16 ] 1262369712 [ [ "odd", 25 ], [ "tt", 95 ] ] 88513 1 
[ 0, 16 ] 1129334208 [ [ "odd", 26 ], [ "tt", 94 ] ] 88514 1 
[ 0, 16 ] 1092436712 [ [ "odd", 26 ], [ "tt", 94 ] ] 88515 1 
[ 0, 16 ] 1030677720 [ [ "odd", 27 ], [ "tt", 93 ] ] 88516 1 
[ 0, 16 ] 888530200 [ [ "odd", 28 ], [ "tt", 92 ] ] 88517 1 
[ 0, 16 ] 888530200 [ [ "odd", 28 ], [ "tt", 92 ] ] 88518 1 
[ 0, 16 ] 888530200 [ [ "odd", 28 ], [ "tt", 92 ] ] 88519 1 
[ 0, 16 ] 888530200 [ [ "odd", 28 ], [ "tt", 92 ] ] 88520 1 
[ 0, 16 ] 888530200 [ [ "odd", 28 ], [ "tt", 92 ] ] 88521 1 
[ 0, 16 ] 864436576 [ [ "odd", 29 ], [ "tt", 91 ] ] 88522 1 
[ 0, 16 ] 936248800 [ [ "odd", 29 ], [ "tt", 91 ] ] 88523 1 
[ 0, 16 ] 936248800 [ [ "odd", 29 ], [ "tt", 91 ] ] 88524 1 
[ 0, 16 ] 886857376 [ [ "odd", 28 ], [ "tt", 92 ] ] 88525 1 
[ 0, 16 ] 1018744576 [ [ "odd", 27 ], [ "tt", 93 ] ] 88526 1 
[ 0, 16 ] 1018744576 [ [ "odd", 27 ], [ "tt", 93 ] ] 88527 1 
[ 0, 16 ] 1018744576 [ [ "odd", 27 ], [ "tt", 93 ] ] 88528 1 
[ 0, 16 ] 794037760 [ [ "odd", 28 ], [ "tt", 92 ] ] 88529 1 
[ 0, 16 ] 683491648 [ [ "odd", 29 ], [ "tt", 91 ] ] 88530 1 
[ 0, 16 ] 660417600 [ [ "odd", 30 ], [ "tt", 90 ] ] 88531 1 
[ 0, 16 ] 660417600 [ [ "odd", 30 ], [ "tt", 90 ] ] 88532 1 
[ 0, 16 ] 470451712 [ [ "odd", 30 ], [ "tt", 90 ] ] 88533 1 
Error, user interrupt in
  t ^ 2 at gapReads/pDiscriminantForms.txt:200 called from 
findt( numalpha / 2, pnuii ) at gapReads/pDiscriminantForms.txt:246 called from
_Normalform_oddpfqf( p, fag, fqf ) at gapReads/pDiscriminantForms.txt:502 called from
Normalform_pfqf( p, pfag, pfqf ) at gapReads/pDiscriminantForms.txt:545 called from
Normalform_fqf( fag, fqf ) at gapReads/Genera.txt:488 called from
new2Genera( targetsignature, discmS.discg, discmS.discf ) at gapReads/Genera.txt:617 called from
...  at Task20261003Ua.g:70
you can 'return;'
brk> quit;
gap> Read("Task20261003Ua.g");
