sessionnumb  20261001181245 
17 18 [ 0, 703 ] [ [ -2, 17 ], [ 1, 122 ], [ 3, 150 ] ] 76 
17 18 [ 0, 203 ] [ [ -2, 17 ], [ 1, 136 ], [ 3, 136 ] ] 186 
17 18 [ 0, 322 ] [ [ -2, 17 ], [ 1, 132 ], [ 3, 140 ] ] 187 
17 18 [ 0, 233 ] [ [ -2, 17 ], [ 1, 142 ], [ 3, 130 ] ] 603 
17 18 [ 0, 520 ] [ [ -2, 17 ], [ 1, 124 ], [ 3, 148 ] ] 645 
17 18 [ 0, 245 ] [ [ -2, 17 ], [ 1, 130 ], [ 3, 142 ] ] 716 
17 18 [ 0, 496 ] [ [ -2, 17 ], [ 1, 150 ], [ 3, 122 ] ] 1322 
17 18 [ 0, 281 ] [ [ -2, 17 ], [ 1, 144 ], [ 3, 128 ] ] 1383 
17 18 [ 0, 283 ] [ [ -2, 17 ], [ 1, 150 ], [ 3, 122 ] ] 1422 
17 18 [ 0, 429 ] [ [ -2, 17 ], [ 1, 124 ], [ 3, 148 ] ] 1434 
17 18 [ 0, 254 ] [ [ -2, 17 ], [ 1, 138 ], [ 3, 134 ] ] 1541 
17 18 [ 0, 317 ] [ [ -2, 17 ], [ 1, 142 ], [ 3, 130 ] ] 1612 
17 18 [ 0, 403 ] [ [ -2, 17 ], [ 1, 134 ], [ 3, 138 ] ] 1840 
17 18 [ 0, 542 ] [ [ -2, 17 ], [ 1, 132 ], [ 3, 140 ] ] 1841 
17 18 [ 0, 367 ] [ [ -2, 17 ], [ 1, 158 ], [ 3, 114 ] ] 1859 
17 18 [ 0, 415 ] [ [ -2, 17 ], [ 1, 138 ], [ 3, 134 ] ] 2831 
17 18 [ 0, 470 ] [ [ -2, 17 ], [ 1, 152 ], [ 3, 120 ] ] 3263 
17 18 [ 0, 375 ] [ [ -2, 17 ], [ 1, 148 ], [ 3, 124 ] ] 5168 
17 18 [ 0, 271 ] [ [ -2, 17 ], [ 1, 148 ], [ 3, 124 ] ] 5277 
17 18 [ 0, 538 ] [ [ -2, 17 ], [ 1, 118 ], [ 3, 154 ] ] 5563 
17 18 [ 0, 406 ] [ [ -2, 17 ], [ 1, 128 ], [ 3, 144 ] ] 5570 
17 18 [ 0, 211 ] [ [ -2, 17 ], [ 1, 132 ], [ 3, 140 ] ] 5573 
17 18 [ 0, 143 ] [ [ -2, 17 ], [ 1, 124 ], [ 3, 148 ] ] 5574 
17 18 [ 0, 122 ] [ [ -2, 17 ], [ 1, 134 ], [ 3, 138 ] ] 5577 
17 18 [ 0, 270 ] [ [ -2, 17 ], [ 1, 140 ], [ 3, 132 ] ] 5584 
17 18 [ 0, 200 ] [ [ -2, 17 ], [ 1, 126 ], [ 3, 146 ] ] 5605 
17 18 [ 0, 135 ] [ [ -2, 17 ], [ 1, 130 ], [ 3, 142 ] ] 5609 
17 18 [ 0, 297 ] [ [ -2, 17 ], [ 1, 128 ], [ 3, 144 ] ] 5626 
17 18 [ 0, 197 ] [ [ -2, 17 ], [ 1, 122 ], [ 3, 150 ] ] 5655 
17 18 [ 0, 460 ] [ [ -2, 17 ], [ 1, 146 ], [ 3, 126 ] ] 5855 
17 18 [ 0, 233 ] [ [ -2, 17 ], [ 1, 150 ], [ 3, 122 ] ] 5861 
17 18 [ 0, 454 ] [ [ -2, 17 ], [ 1, 146 ], [ 3, 126 ] ] 6022 
17 18 [ 0, 324 ] [ [ -2, 17 ], [ 1, 154 ], [ 3, 118 ] ] 6523 
17 18 [ 0, 321 ] [ [ -2, 17 ], [ 1, 140 ], [ 3, 132 ] ] 6868 
17 18 [ 0, 624 ] [ [ -2, 17 ], [ 1, 142 ], [ 3, 130 ] ] 6948 
17 18 [ 0, 151 ] [ [ -2, 17 ], [ 1, 140 ], [ 3, 132 ] ] 6968 
17 18 [ 0, 356 ] [ [ -2, 17 ], [ 1, 138 ], [ 3, 134 ] ] 7105 
17 18 [ 0, 790 ] [ [ -2, 17 ], [ 1, 144 ], [ 3, 128 ] ] 7112 
17 18 [ 0, 738 ] [ [ -2, 17 ], [ 1, 138 ], [ 3, 134 ] ] 7266 
17 18 [ 0, 247 ] [ [ -2, 17 ], [ 1, 152 ], [ 3, 120 ] ] 7273 
17 18 [ 0, 494 ] [ [ -2, 17 ], [ 1, 138 ], [ 3, 134 ] ] 7406 
17 18 [ 0, 211 ] [ [ -2, 17 ], [ 1, 144 ], [ 3, 128 ] ] 7572 
17 18 [ 0, 1125 ] [ [ -2, 17 ], [ 1, 142 ], [ 3, 130 ] ] 7673 
17 18 [ 0, 537 ] [ [ -2, 17 ], [ 1, 154 ], [ 3, 118 ] ] 7786 
17 18 [ 0, 384 ] [ [ -2, 17 ], [ 1, 138 ], [ 3, 134 ] ] 7961 
17 18 [ 0, 367 ] [ [ -2, 17 ], [ 1, 140 ], [ 3, 132 ] ] 8010 
17 18 [ 0, 656 ] [ [ -2, 17 ], [ 1, 140 ], [ 3, 132 ] ] 8236 
17 18 [ 0, 338 ] [ [ -2, 17 ], [ 1, 154 ], [ 3, 118 ] ] 8251 
17 18 [ 0, 347 ] [ [ -2, 17 ], [ 1, 140 ], [ 3, 132 ] ] 8289 
17 18 [ 0, 545 ] [ [ -2, 17 ], [ 1, 142 ], [ 3, 130 ] ] 8299 
17 18 [ 0, 458 ] [ [ -2, 17 ], [ 1, 124 ], [ 3, 148 ] ] 8327 
17 18 [ 0, 526 ] [ [ -2, 17 ], [ 1, 126 ], [ 3, 146 ] ] 8346 
17 18 [ 0, 373 ] [ [ -2, 17 ], [ 1, 144 ], [ 3, 128 ] ] 8392 
17 18 [ 0, 203 ] [ [ -2, 17 ], [ 1, 140 ], [ 3, 132 ] ] 8406 
17 18 [ 0, 270 ] [ [ -2, 17 ], [ 1, 138 ], [ 3, 134 ] ] 8484 
17 18 [ 0, 637 ] [ [ -2, 17 ], [ 1, 138 ], [ 3, 134 ] ] 8533 
17 18 [ 0, 597 ] [ [ -2, 17 ], [ 1, 132 ], [ 3, 140 ] ] 9343 
17 18 [ 0, 98 ] [ [ -2, 17 ], [ 1, 140 ], [ 3, 132 ] ] 10798 
18 19 [ 0, 174 ] [ [ -2, 18 ], [ 1, 164 ], [ 3, 142 ] ] 10799 
17 18 [ 0, 322 ] [ [ -2, 17 ], [ 1, 152 ], [ 3, 120 ] ] 10853 
17 18 [ 0, 342 ] [ [ -2, 17 ], [ 1, 136 ], [ 3, 136 ] ] 11293 
17 18 [ 0, 437 ] [ [ -2, 17 ], [ 1, 124 ], [ 3, 148 ] ] 12472 
17 18 [ 0, 390 ] [ [ -2, 17 ], [ 1, 132 ], [ 3, 140 ] ] 13108 
17 18 [ 0, 388 ] [ [ -2, 17 ], [ 1, 148 ], [ 3, 124 ] ] 13172 
17 18 [ 0, 220 ] [ [ -2, 17 ], [ 1, 124 ], [ 3, 148 ] ] 13603 
17 18 [ 0, 650 ] [ [ -2, 17 ], [ 1, 150 ], [ 3, 122 ] ] 13748 
17 18 [ 0, 477 ] [ [ -2, 17 ], [ 1, 124 ], [ 3, 148 ] ] 13892 
17 18 [ 0, 273 ] [ [ -2, 17 ], [ 1, 136 ], [ 3, 136 ] ] 13977 
17 18 [ 0, 284 ] [ [ -2, 17 ], [ 1, 162 ], [ 3, 110 ] ] 14050 
17 18 [ 0, 304 ] [ [ -2, 17 ], [ 1, 152 ], [ 3, 120 ] ] 14193 
17 18 [ 0, 375 ] [ [ -2, 17 ], [ 1, 134 ], [ 3, 138 ] ] 14225 
17 18 [ 0, 340 ] [ [ -2, 17 ], [ 1, 140 ], [ 3, 132 ] ] 14226 
17 18 [ 0, 587 ] [ [ -2, 17 ], [ 1, 126 ], [ 3, 146 ] ] 14421 
17 18 [ 0, 267 ] [ [ -2, 17 ], [ 1, 124 ], [ 3, 148 ] ] 14693 
17 18 [ 0, 919 ] [ [ -2, 17 ], [ 1, 126 ], [ 3, 146 ] ] 14771 
17 18 [ 0, 452 ] [ [ -2, 17 ], [ 1, 140 ], [ 3, 132 ] ] 14827 
17 18 [ 0, 455 ] [ [ -2, 17 ], [ 1, 140 ], [ 3, 132 ] ] 14953 
17 18 [ 0, 536 ] [ [ -2, 17 ], [ 1, 136 ], [ 3, 136 ] ] 14983 
17 18 [ 0, 496 ] [ [ -2, 17 ], [ 1, 124 ], [ 3, 148 ] ] 15065 
17 18 [ 0, 243 ] [ [ -2, 17 ], [ 1, 136 ], [ 3, 136 ] ] 15196 
17 18 [ 0, 333 ] [ [ -2, 17 ], [ 1, 128 ], [ 3, 144 ] ] 15310 
17 18 [ 0, 314 ] [ [ -2, 17 ], [ 1, 140 ], [ 3, 132 ] ] 15347 
17 18 [ 0, 422 ] [ [ -2, 17 ], [ 1, 128 ], [ 3, 144 ] ] 15505 
17 18 [ 0, 199 ] [ [ -2, 17 ], [ 1, 130 ], [ 3, 142 ] ] 15514 
17 18 [ 0, 191 ] [ [ -2, 17 ], [ 1, 122 ], [ 3, 150 ] ] 15561 
17 18 [ 0, 177 ] [ [ -2, 17 ], [ 1, 140 ], [ 3, 132 ] ] 15586 
17 18 [ 0, 240 ] [ [ -2, 17 ], [ 1, 130 ], [ 3, 142 ] ] 15670 
17 18 [ 0, 325 ] [ [ -2, 17 ], [ 1, 136 ], [ 3, 136 ] ] 15673 
17 18 [ 0, 507 ] [ [ -2, 17 ], [ 1, 134 ], [ 3, 138 ] ] 15788 
17 18 [ 0, 197 ] [ [ -2, 17 ], [ 1, 136 ], [ 3, 136 ] ] 15898 
17 18 [ 0, 341 ] [ [ -2, 17 ], [ 1, 128 ], [ 3, 144 ] ] 15907 
17 18 [ 0, 551 ] [ [ -2, 17 ], [ 1, 132 ], [ 3, 140 ] ] 16050 
17 18 [ 0, 272 ] [ [ -2, 17 ], [ 1, 132 ], [ 3, 140 ] ] 16097 
17 18 [ 0, 456 ] [ [ -2, 17 ], [ 1, 148 ], [ 3, 124 ] ] 16516 
17 18 [ 0, 270 ] [ [ -2, 17 ], [ 1, 124 ], [ 3, 148 ] ] 17030 
17 18 [ 0, 271 ] [ [ -2, 17 ], [ 1, 126 ], [ 3, 146 ] ] 17035 
17 18 [ 0, 490 ] [ [ -2, 17 ], [ 1, 128 ], [ 3, 144 ] ] 17081 
17 18 [ 0, 336 ] [ [ -2, 17 ], [ 1, 128 ], [ 3, 144 ] ] 17103 
17 18 [ 0, 341 ] [ [ -2, 17 ], [ 1, 118 ], [ 3, 154 ] ] 17156 
17 18 [ 0, 341 ] [ [ -2, 17 ], [ 1, 118 ], [ 3, 154 ] ] 17157 
17 18 [ 0, 911 ] [ [ -2, 17 ], [ 1, 128 ], [ 3, 144 ] ] 17166 
17 18 [ 0, 577 ] [ [ -2, 17 ], [ 1, 138 ], [ 3, 134 ] ] 17179 
17 18 [ 0, 482 ] [ [ -2, 17 ], [ 1, 136 ], [ 3, 136 ] ] 17339 
17 18 [ 0, 379 ] [ [ -2, 17 ], [ 1, 142 ], [ 3, 130 ] ] 17582 
17 18 [ 0, 471 ] [ [ -2, 17 ], [ 1, 150 ], [ 3, 122 ] ] 17599 
17 18 [ 0, 393 ] [ [ -2, 17 ], [ 1, 142 ], [ 3, 130 ] ] 17698 
17 18 [ 0, 533 ] [ [ -2, 17 ], [ 1, 140 ], [ 3, 132 ] ] 18101 
17 18 [ 0, 302 ] [ [ -2, 17 ], [ 1, 138 ], [ 3, 134 ] ] 18136 
17 18 [ 0, 184 ] [ [ -2, 17 ], [ 1, 136 ], [ 3, 136 ] ] 18197 
17 18 [ 0, 362 ] [ [ -2, 17 ], [ 1, 138 ], [ 3, 134 ] ] 18206 
17 18 [ 0, 168 ] [ [ -2, 17 ], [ 1, 136 ], [ 3, 136 ] ] 18219 
17 18 [ 0, 176 ] [ [ -2, 17 ], [ 1, 148 ], [ 3, 124 ] ] 18223 
17 18 [ 0, 229 ] [ [ -2, 17 ], [ 1, 144 ], [ 3, 128 ] ] 18231 
17 18 [ 0, 481 ] [ [ -2, 17 ], [ 1, 140 ], [ 3, 132 ] ] 18241 
17 18 [ 0, 187 ] [ [ -2, 17 ], [ 1, 134 ], [ 3, 138 ] ] 18368 
17 18 [ 0, 267 ] [ [ -2, 17 ], [ 1, 156 ], [ 3, 116 ] ] 18388 
17 18 [ 0, 235 ] [ [ -2, 17 ], [ 1, 152 ], [ 3, 120 ] ] 18390 
17 18 [ 0, 712 ] [ [ -2, 17 ], [ 1, 152 ], [ 3, 120 ] ] 18394 
17 18 [ 0, 367 ] [ [ -2, 17 ], [ 1, 162 ], [ 3, 110 ] ] 18395 
17 18 [ 0, 309 ] [ [ -2, 17 ], [ 1, 136 ], [ 3, 136 ] ] 18409 
17 18 [ 0, 308 ] [ [ -2, 17 ], [ 1, 128 ], [ 3, 144 ] ] 18431 
17 18 [ 0, 292 ] [ [ -2, 17 ], [ 1, 140 ], [ 3, 132 ] ] 18493 
17 18 [ 0, 201 ] [ [ -2, 17 ], [ 1, 160 ], [ 3, 112 ] ] 18544 
18 19 [ 0, 574 ] [ [ -2, 18 ], [ 1, 184 ], [ 3, 122 ] ] 18545 
17 18 [ 0, 482 ] [ [ -2, 17 ], [ 1, 136 ], [ 3, 136 ] ] 18669 
17 18 [ 0, 338 ] [ [ -2, 17 ], [ 1, 134 ], [ 3, 138 ] ] 18670 
18 19 [ 0, 1128 ] [ [ -2, 18 ], [ 1, 154 ], [ 3, 152 ] ] 18671 
17 18 [ 0, 744 ] [ [ -2, 17 ], [ 1, 144 ], [ 3, 128 ] ] 18720 
17 18 [ 0, 352 ] [ [ -2, 17 ], [ 1, 152 ], [ 3, 120 ] ] 18753 
17 18 [ 0, 415 ] [ [ -2, 17 ], [ 1, 132 ], [ 3, 140 ] ] 18868 
17 18 [ 0, 978 ] [ [ -2, 17 ], [ 1, 144 ], [ 3, 128 ] ] 18966 
17 18 [ 0, 374 ] [ [ -2, 17 ], [ 1, 142 ], [ 3, 130 ] ] 19001 
17 18 [ 0, 531 ] [ [ -2, 17 ], [ 1, 148 ], [ 3, 124 ] ] 19123 
17 18 [ 0, 281 ] [ [ -2, 17 ], [ 1, 154 ], [ 3, 118 ] ] 19178 
17 18 [ 0, 239 ] [ [ -2, 17 ], [ 1, 160 ], [ 3, 112 ] ] 19253 
17 18 [ 0, 431 ] [ [ -2, 17 ], [ 1, 132 ], [ 3, 140 ] ] 19267 
17 18 [ 0, 562 ] [ [ -2, 17 ], [ 1, 136 ], [ 3, 136 ] ] 19285 
17 18 [ 0, 874 ] [ [ -2, 17 ], [ 1, 132 ], [ 3, 140 ] ] 19569 
17 18 [ 0, 373 ] [ [ -2, 17 ], [ 1, 130 ], [ 3, 142 ] ] 19571 
17 18 [ 0, 919 ] [ [ -2, 17 ], [ 1, 158 ], [ 3, 114 ] ] 19644 
17 18 [ 0, 249 ] [ [ -2, 17 ], [ 1, 140 ], [ 3, 132 ] ] 19678 
17 18 [ 0, 414 ] [ [ -2, 17 ], [ 1, 160 ], [ 3, 112 ] ] 19910 
17 18 [ 0, 433 ] [ [ -2, 17 ], [ 1, 160 ], [ 3, 112 ] ] 19946 
17 18 [ 0, 143 ] [ [ -2, 17 ], [ 1, 156 ], [ 3, 116 ] ] 19972 
17 18 [ 0, 537 ] [ [ -2, 17 ], [ 1, 146 ], [ 3, 126 ] ] 20035 
17 18 [ 0, 589 ] [ [ -2, 17 ], [ 1, 170 ], [ 3, 102 ] ] 20065 
17 18 [ 0, 389 ] [ [ -2, 17 ], [ 1, 140 ], [ 3, 132 ] ] 20278 
17 18 [ 0, 240 ] [ [ -2, 17 ], [ 1, 142 ], [ 3, 130 ] ] 20597 
17 18 [ 0, 342 ] [ [ -2, 17 ], [ 1, 142 ], [ 3, 130 ] ] 20738 
17 18 [ 0, 472 ] [ [ -2, 17 ], [ 1, 158 ], [ 3, 114 ] ] 20793 
17 18 [ 0, 248 ] [ [ -2, 17 ], [ 1, 140 ], [ 3, 132 ] ] 20896 
17 18 [ 0, 398 ] [ [ -2, 17 ], [ 1, 134 ], [ 3, 138 ] ] 20899 
17 18 [ 0, 250 ] [ [ -2, 17 ], [ 1, 132 ], [ 3, 140 ] ] 20938 
17 18 [ 0, 304 ] [ [ -2, 17 ], [ 1, 144 ], [ 3, 128 ] ] 20998 
17 18 [ 0, 384 ] [ [ -2, 17 ], [ 1, 144 ], [ 3, 128 ] ] 21056 
17 18 [ 0, 260 ] [ [ -2, 17 ], [ 1, 140 ], [ 3, 132 ] ] 21312 
17 18 [ 0, 257 ] [ [ -2, 17 ], [ 1, 148 ], [ 3, 124 ] ] 21402 
17 18 [ 0, 374 ] [ [ -2, 17 ], [ 1, 146 ], [ 3, 126 ] ] 21483 
17 18 [ 0, 192 ] [ [ -2, 17 ], [ 1, 136 ], [ 3, 136 ] ] 21593 
17 18 [ 0, 790 ] [ [ -2, 17 ], [ 1, 140 ], [ 3, 132 ] ] 21613 
17 18 [ 0, 233 ] [ [ -2, 17 ], [ 1, 146 ], [ 3, 126 ] ] 21700 
17 18 [ 0, 492 ] [ [ -2, 17 ], [ 1, 142 ], [ 3, 130 ] ] 22006 
17 18 [ 0, 339 ] [ [ -2, 17 ], [ 1, 144 ], [ 3, 128 ] ] 22670 
17 18 [ 0, 199 ] [ [ -2, 17 ], [ 1, 128 ], [ 3, 144 ] ] 22737 
17 18 [ 0, 171 ] [ [ -2, 17 ], [ 1, 128 ], [ 3, 144 ] ] 22855 
17 18 [ 0, 633 ] [ [ -2, 17 ], [ 1, 130 ], [ 3, 142 ] ] 22863 
17 18 [ 0, 682 ] [ [ -2, 17 ], [ 1, 130 ], [ 3, 142 ] ] 22877 
17 18 [ 0, 222 ] [ [ -2, 17 ], [ 1, 128 ], [ 3, 144 ] ] 22981 
17 18 [ 0, 240 ] [ [ -2, 17 ], [ 1, 124 ], [ 3, 148 ] ] 22983 
17 18 [ 0, 347 ] [ [ -2, 17 ], [ 1, 142 ], [ 3, 130 ] ] 23207 
17 18 [ 0, 350 ] [ [ -2, 17 ], [ 1, 138 ], [ 3, 134 ] ] 23303 
17 18 [ 0, 334 ] [ [ -2, 17 ], [ 1, 138 ], [ 3, 134 ] ] 23358 
17 18 [ 0, 308 ] [ [ -2, 17 ], [ 1, 156 ], [ 3, 116 ] ] 23400 
17 18 [ 0, 385 ] [ [ -2, 17 ], [ 1, 168 ], [ 3, 104 ] ] 23510 
17 18 [ 0, 321 ] [ [ -2, 17 ], [ 1, 150 ], [ 3, 122 ] ] 23540 
17 18 [ 0, 338 ] [ [ -2, 17 ], [ 1, 134 ], [ 3, 138 ] ] 23541 
17 18 [ 0, 486 ] [ [ -2, 17 ], [ 1, 156 ], [ 3, 116 ] ] 23567 
17 18 [ 0, 430 ] [ [ -2, 17 ], [ 1, 154 ], [ 3, 118 ] ] 23572 
17 18 [ 0, 277 ] [ [ -2, 17 ], [ 1, 154 ], [ 3, 118 ] ] 23609 
17 18 [ 0, 160 ] [ [ -2, 17 ], [ 1, 160 ], [ 3, 112 ] ] 23612 
17 18 [ 0, 217 ] [ [ -2, 17 ], [ 1, 136 ], [ 3, 136 ] ] 23616 
17 18 [ 0, 353 ] [ [ -2, 17 ], [ 1, 138 ], [ 3, 134 ] ] 23621 
17 18 [ 0, 755 ] [ [ -2, 17 ], [ 1, 162 ], [ 3, 110 ] ] 23629 
17 18 [ 0, 321 ] [ [ -2, 17 ], [ 1, 138 ], [ 3, 134 ] ] 23644 
17 18 [ 0, 442 ] [ [ -2, 17 ], [ 1, 158 ], [ 3, 114 ] ] 23684 
17 18 [ 0, 152 ] [ [ -2, 17 ], [ 1, 154 ], [ 3, 118 ] ] 23904 
17 18 [ 0, 410 ] [ [ -2, 17 ], [ 1, 140 ], [ 3, 132 ] ] 23951 
17 18 [ 0, 346 ] [ [ -2, 17 ], [ 1, 142 ], [ 3, 130 ] ] 23958 
17 18 [ 0, 247 ] [ [ -2, 17 ], [ 1, 142 ], [ 3, 130 ] ] 23999 
17 18 [ 0, 198 ] [ [ -2, 17 ], [ 1, 138 ], [ 3, 134 ] ] 24040 
17 18 [ 0, 259 ] [ [ -2, 17 ], [ 1, 142 ], [ 3, 130 ] ] 24075 
17 18 [ 0, 464 ] [ [ -2, 17 ], [ 1, 132 ], [ 3, 140 ] ] 24100 
17 18 [ 0, 265 ] [ [ -2, 17 ], [ 1, 132 ], [ 3, 140 ] ] 24119 
17 18 [ 0, 300 ] [ [ -2, 17 ], [ 1, 140 ], [ 3, 132 ] ] 24137 
17 18 [ 0, 359 ] [ [ -2, 17 ], [ 1, 150 ], [ 3, 122 ] ] 24210 
17 18 [ 0, 136 ] [ [ -2, 17 ], [ 1, 138 ], [ 3, 134 ] ] 24217 
17 18 [ 0, 412 ] [ [ -2, 17 ], [ 1, 138 ], [ 3, 134 ] ] 24235 
17 18 [ 0, 351 ] [ [ -2, 17 ], [ 1, 164 ], [ 3, 108 ] ] 24259 
17 18 [ 0, 639 ] [ [ -2, 17 ], [ 1, 138 ], [ 3, 134 ] ] 24314 
17 18 [ 0, 560 ] [ [ -2, 17 ], [ 1, 148 ], [ 3, 124 ] ] 24437 
17 18 [ 0, 317 ] [ [ -2, 17 ], [ 1, 146 ], [ 3, 126 ] ] 25112 
17 18 [ 0, 925 ] [ [ -2, 17 ], [ 1, 138 ], [ 3, 134 ] ] 25418 
17 18 [ 0, 470 ] [ [ -2, 17 ], [ 1, 122 ], [ 3, 150 ] ] 25490 
17 18 [ 0, 728 ] [ [ -2, 17 ], [ 1, 144 ], [ 3, 128 ] ] 25705 
17 18 [ 0, 606 ] [ [ -2, 17 ], [ 1, 144 ], [ 3, 128 ] ] 26126 
17 18 [ 0, 433 ] [ [ -2, 17 ], [ 1, 150 ], [ 3, 122 ] ] 26213 
17 18 [ 0, 421 ] [ [ -2, 17 ], [ 1, 142 ], [ 3, 130 ] ] 26588 
17 18 [ 0, 290 ] [ [ -2, 17 ], [ 1, 148 ], [ 3, 124 ] ] 26626 
17 18 [ 0, 558 ] [ [ -2, 17 ], [ 1, 124 ], [ 3, 148 ] ] 26694 
17 18 [ 0, 327 ] [ [ -2, 17 ], [ 1, 150 ], [ 3, 122 ] ] 26789 
17 18 [ 0, 400 ] [ [ -2, 17 ], [ 1, 138 ], [ 3, 134 ] ] 26840 
17 18 [ 0, 679 ] [ [ -2, 17 ], [ 1, 138 ], [ 3, 134 ] ] 27012 
17 18 [ 0, 1498 ] [ [ -2, 17 ], [ 1, 146 ], [ 3, 126 ] ] 27051 
17 18 [ 0, 219 ] [ [ -2, 17 ], [ 1, 142 ], [ 3, 130 ] ] 27152 
17 18 [ 0, 285 ] [ [ -2, 17 ], [ 1, 138 ], [ 3, 134 ] ] 27437 
17 18 [ 0, 623 ] [ [ -2, 17 ], [ 1, 140 ], [ 3, 132 ] ] 27645 
17 18 [ 0, 341 ] [ [ -2, 17 ], [ 1, 130 ], [ 3, 142 ] ] 27648 
17 18 [ 0, 197 ] [ [ -2, 17 ], [ 1, 124 ], [ 3, 148 ] ] 27734 
17 18 [ 0, 217 ] [ [ -2, 17 ], [ 1, 134 ], [ 3, 138 ] ] 27796 
17 18 [ 0, 269 ] [ [ -2, 17 ], [ 1, 136 ], [ 3, 136 ] ] 27872 
17 18 [ 0, 305 ] [ [ -2, 17 ], [ 1, 140 ], [ 3, 132 ] ] 27905 
17 18 [ 0, 273 ] [ [ -2, 17 ], [ 1, 148 ], [ 3, 124 ] ] 27919 
17 18 [ 0, 474 ] [ [ -2, 17 ], [ 1, 150 ], [ 3, 122 ] ] 27934 
17 18 [ 0, 284 ] [ [ -2, 17 ], [ 1, 150 ], [ 3, 122 ] ] 28138 
17 18 [ 0, 522 ] [ [ -2, 17 ], [ 1, 150 ], [ 3, 122 ] ] 28212 
17 18 [ 0, 250 ] [ [ -2, 17 ], [ 1, 142 ], [ 3, 130 ] ] 28293 
17 18 [ 0, 304 ] [ [ -2, 17 ], [ 1, 134 ], [ 3, 138 ] ] 28305 
17 18 [ 0, 211 ] [ [ -2, 17 ], [ 1, 134 ], [ 3, 138 ] ] 28318 
17 18 [ 0, 211 ] [ [ -2, 17 ], [ 1, 134 ], [ 3, 138 ] ] 28320 
18 19 [ 0, 303 ] [ [ -2, 18 ], [ 1, 156 ], [ 3, 150 ] ] 28321 
17 18 [ 0, 235 ] [ [ -2, 17 ], [ 1, 128 ], [ 3, 144 ] ] 28335 
17 18 [ 0, 251 ] [ [ -2, 17 ], [ 1, 130 ], [ 3, 142 ] ] 28337 
17 18 [ 0, 368 ] [ [ -2, 17 ], [ 1, 128 ], [ 3, 144 ] ] 28406 
17 18 [ 0, 338 ] [ [ -2, 17 ], [ 1, 138 ], [ 3, 134 ] ] 28538 
17 18 [ 0, 363 ] [ [ -2, 17 ], [ 1, 132 ], [ 3, 140 ] ] 28630 
17 18 [ 0, 218 ] [ [ -2, 17 ], [ 1, 134 ], [ 3, 138 ] ] 28649 
17 18 [ 0, 444 ] [ [ -2, 17 ], [ 1, 134 ], [ 3, 138 ] ] 28771 
17 18 [ 0, 152 ] [ [ -2, 17 ], [ 1, 146 ], [ 3, 126 ] ] 28876 
17 18 [ 0, 912 ] [ [ -2, 17 ], [ 1, 142 ], [ 3, 130 ] ] 29127 
17 18 [ 0, 454 ] [ [ -2, 17 ], [ 1, 144 ], [ 3, 128 ] ] 29132 
17 18 [ 0, 913 ] [ [ -2, 17 ], [ 1, 134 ], [ 3, 138 ] ] 29169 
17 18 [ 0, 332 ] [ [ -2, 17 ], [ 1, 152 ], [ 3, 120 ] ] 29298 
17 18 [ 0, 235 ] [ [ -2, 17 ], [ 1, 138 ], [ 3, 134 ] ] 29370 
17 18 [ 0, 325 ] [ [ -2, 17 ], [ 1, 138 ], [ 3, 134 ] ] 29474 
17 18 [ 0, 208 ] [ [ -2, 17 ], [ 1, 132 ], [ 3, 140 ] ] 29498 
17 18 [ 0, 416 ] [ [ -2, 17 ], [ 1, 136 ], [ 3, 136 ] ] 29543 
17 18 [ 0, 261 ] [ [ -2, 17 ], [ 1, 136 ], [ 3, 136 ] ] 29601 
17 18 [ 0, 477 ] [ [ -2, 17 ], [ 1, 140 ], [ 3, 132 ] ] 29701 
17 18 [ 0, 159 ] [ [ -2, 17 ], [ 1, 142 ], [ 3, 130 ] ] 29764 
17 18 [ 0, 175 ] [ [ -2, 17 ], [ 1, 128 ], [ 3, 144 ] ] 29857 
17 18 [ 0, 678 ] [ [ -2, 17 ], [ 1, 130 ], [ 3, 142 ] ] 29858 
17 18 [ 0, 314 ] [ [ -2, 17 ], [ 1, 132 ], [ 3, 140 ] ] 29888 
17 18 [ 0, 379 ] [ [ -2, 17 ], [ 1, 126 ], [ 3, 146 ] ] 29958 
17 18 [ 0, 330 ] [ [ -2, 17 ], [ 1, 124 ], [ 3, 148 ] ] 29959 
17 18 [ 0, 383 ] [ [ -2, 17 ], [ 1, 118 ], [ 3, 154 ] ] 29988 
17 18 [ 0, 197 ] [ [ -2, 17 ], [ 1, 134 ], [ 3, 138 ] ] 29989 
17 18 [ 0, 159 ] [ [ -2, 17 ], [ 1, 148 ], [ 3, 124 ] ] 30060 
18 19 [ 0, 270 ] [ [ -2, 18 ], [ 1, 168 ], [ 3, 138 ] ] 30061 
17 18 [ 0, 267 ] [ [ -2, 17 ], [ 1, 150 ], [ 3, 122 ] ] 30065 
17 18 [ 0, 283 ] [ [ -2, 17 ], [ 1, 148 ], [ 3, 124 ] ] 30067 
17 18 [ 0, 315 ] [ [ -2, 17 ], [ 1, 148 ], [ 3, 124 ] ] 30069 
17 18 [ 0, 450 ] [ [ -2, 17 ], [ 1, 134 ], [ 3, 138 ] ] 30115 
17 18 [ 0, 259 ] [ [ -2, 17 ], [ 1, 140 ], [ 3, 132 ] ] 30207 
17 18 [ 0, 235 ] [ [ -2, 17 ], [ 1, 128 ], [ 3, 144 ] ] 30335 
17 18 [ 0, 241 ] [ [ -2, 17 ], [ 1, 142 ], [ 3, 130 ] ] 30379 
17 18 [ 0, 494 ] [ [ -2, 17 ], [ 1, 144 ], [ 3, 128 ] ] 30391 
17 18 [ 0, 302 ] [ [ -2, 17 ], [ 1, 140 ], [ 3, 132 ] ] 30396 
17 18 [ 0, 397 ] [ [ -2, 17 ], [ 1, 138 ], [ 3, 134 ] ] 30401 
17 18 [ 0, 176 ] [ [ -2, 17 ], [ 1, 136 ], [ 3, 136 ] ] 30412 
Error, user interrupt in
  row := mat[i]; at /usr/local/Cellar/gap/4.15.1/share/gap/lib/matrix.gi:2577 called from 
DoSemiEchelonMatTransformationDestructive( DefaultFieldOfMatrix( mat ), mat ) at /usr/local/Cellar/gap/4.15.1/share/gap/lib/matrix.gi:2621 called from
SemiEchelonMatTransformationDestructive( copymat ) at /usr/local/Cellar/gap/4.15.1/share/gap/lib/matrix.gi:2534 called from
SemiEchelonMatTransformation( mat ) at /usr/local/Cellar/gap/4.15.1/share/gap/lib/matrix.gi:2201 called from
NullspaceMat( TransposedMat( [ v * sQ ] ) ) at gapReads/LatticeTools.txt:40 called from
signaturejob( sdim - 1, newsQ ); at gapReads/LatticeTools.txt:42 called from
...  at Task20261001Pa.g:44
you can 'return;'
brk> quit;
gap> quit;
