sessionnumb  20260904180823 
gap> Read("Task20260904Ud.g");
1 42 1 
2 82 1 
3 121 1 
4 159 2 
5 196 2 
6 233 2 
7 268 2 
8 303 2 
9 337 2 
10 370 2 
11 403 3 
12 435 3 
13 466 3 
14 497 3 
15 528 3 
16 559 3 
17 587 3 
18 616 3 
19 644 3 
20 673 3 
21 700 3 
22 728 3 
23 754 3 
24 781 3 
25 809 3 
26 838 3 
27 867 3 
28 894 3 
29 918 3 
30 943 3 
31 968 3 
32 993 3 
33 1017 3 
34 1042 3 
35 1065 3 
36 1092 3 
37 1116 3 
38 1138 3 
39 1161 3 
40 1173 3 
41 1199 3 
42 1220 3 
43 1259 3 
44 1297 3 
45 1334 3 
46 1371 3 
47 1406 3 
48 1441 3 
49 1476 3 
50 1509 3 
51 1541 3 
52 1573 3 
53 1604 3 
54 1635 3 
55 1666 3 
56 1697 3 
57 1725 3 
58 1754 3 
59 1782 3 
60 1811 3 
61 1840 3 
62 1867 3 
63 1895 3 
64 1921 3 
65 1948 3 
66 1974 3 
67 2002 3 
68 2027 3 
69 2053 3 
70 2081 3 
71 2106 3 
72 2131 3 
73 2155 3 
74 2180 3 
75 2204 3 
76 2231 3 
77 2254 3 
78 2281 3 
79 2303 3 
80 2315 3 
81 2337 3 
82 2358 3 
83 2397 3 
84 2434 3 
85 2470 3 
86 2506 3 
87 2540 3 
88 2574 3 
89 2607 3 
90 2640 3 
91 2672 3 
92 2703 3 
93 2734 3 
94 2765 3 
95 2795 3 
96 2825 3 
97 2854 3 
98 2882 3 
99 2910 3 
100 2937 3 
101 2966 3 
102 2996 3 
103 3024 3 
104 3050 3 
105 3076 3 
106 3102 3 
107 3127 3 
108 3155 3 
109 3180 3 
110 3206 3 
111 3230 3 
112 3254 3 
113 3281 3 
114 3306 3 
115 3329 3 
116 3352 3 
117 3375 3 
118 3398 3 
119 3410 3 
120 3436 3 
121 3457 3 
122 3494 3 
123 3531 3 
124 3566 3 
125 3601 4 
126 3636 4 
127 3667 5 
128 3699 5 
129 3731 5 
130 3760 5 
131 3791 5 
132 3820 5 
133 3848 5 
134 3876 5 
135 3903 5 
136 3931 5 
137 3960 5 
138 3987 5 
139 4016 5 
140 4042 5 
141 4065 5 
142 4093 5 
143 4122 5 
144 4151 5 
145 4178 5 
146 4202 5 
147 4227 5 
148 4254 5 
149 4281 5 
150 4308 5 
151 4333 5 
152 4356 5 
153 4383 5 
154 4407 5 
155 4429 5 
156 4455 5 
157 4467 5 
158 4493 5 
159 4518 5 
160 4555 5 
161 4591 5 
162 4625 5 
163 4659 5 
164 4692 5 
165 4725 5 
166 4757 5 
167 4788 5 
168 4819 5 
169 4850 5 
170 4881 5 
171 4909 5 
172 4938 5 
173 4966 5 
174 4995 5 
175 5022 5 
176 5050 5 
177 5076 5 
178 5103 5 
179 5131 5 
180 5160 5 
181 5189 5 
182 5216 5 
183 5240 5 
184 5265 5 
185 5290 5 
186 5315 5 
187 5339 5 
188 5364 5 
189 5387 5 
190 5414 5 
191 5438 5 
192 5460 5 
193 5483 5 
194 5495 5 
195 5521 5 
196 5542 5 
197 5578 5 
198 5613 5 
199 5648 5 
200 5682 5 
201 5715 5 
202 5748 5 
203 5780 5 
204 5811 5 
205 5842 5 
206 5873 5 
207 5904 5 
208 5932 5 
209 5961 5 
210 5989 5 
211 6018 5 
212 6045 5 
213 6073 5 
214 6099 5 
215 6128 5 
216 6154 5 
217 6183 5 
218 6212 5 
219 6239 5 
220 6265 5 
221 6288 5 
222 6313 5 
223 6338 5 
224 6362 5 
225 6387 5 
226 6410 5 
227 6437 5 
228 6461 5 
229 6483 5 
230 6506 5 
231 6518 5 
232 6544 5 
233 6565 5 
234 6600 5 
235 6634 5 
236 6667 5 
237 6700 5 
238 6732 5 
239 6763 5 
240 6794 5 
241 6825 5 
242 6856 5 
243 6884 5 
244 6913 5 
245 6941 5 
246 6970 5 
247 6997 5 
248 7025 5 
249 7051 5 
250 7078 5 
251 7106 5 
252 7135 5 
253 7164 5 
254 7191 5 
255 7215 5 
256 7240 5 
257 7265 5 
258 7290 5 
259 7314 5 
260 7339 5 
261 7362 5 
262 7389 5 
263 7413 5 
264 7435 5 
265 7458 5 
266 7485 5 
267 7496 5 
268 7517 5 
269 7549 5 
270 7581 5 
271 7614 5 
272 7647 5 
273 7679 5 
274 7708 5 
275 7739 5 
276 7770 5 
277 7801 5 
278 7829 5 
279 7856 5 
280 7884 5 
281 7913 5 
282 7940 5 
283 7968 5 
284 7991 5 
285 8018 5 
286 8046 5 
287 8075 5 
288 8104 5 
289 8132 5 
290 8152 5 
291 8179 5 
292 8204 5 
293 8229 5 
294 8253 5 
295 8280 5 
296 8306 5 
297 8333 5 
298 8360 5 
299 8386 5 
300 8409 5 
301 8421 5 
302 8447 5 
303 8468 5 
304 8503 5 
305 8536 5 
306 8569 5 
307 8601 5 
308 8632 5 
309 8661 5 
310 8689 5 
311 8720 5 
312 8749 5 
313 8778 5 
314 8806 5 
315 8835 5 
316 8864 5 
317 8892 5 
318 8914 5 
319 8941 5 
320 8969 5 
321 8998 5 
322 9027 5 
323 9054 5 
324 9078 5 
325 9103 5 
326 9128 5 
327 9155 5 
328 9179 5 
329 9204 5 
330 9227 5 
331 9254 5 
332 9280 5 
333 9306 5 
334 9329 5 
335 9339 5 
336 9365 5 
337 9390 5 
338 9422 5 
339 9455 5 
340 9487 5 
341 9518 5 
342 9549 5 
343 9580 5 
344 9611 5 
345 9639 5 
346 9668 5 
347 9696 5 
348 9725 5 
349 9752 5 
350 9780 5 
351 9806 5 
352 9833 5 
353 9861 5 
354 9890 5 
355 9919 5 
356 9944 5 
357 9970 5 
358 9995 5 
359 10020 5 
360 10045 5 
361 10069 5 
362 10094 5 
363 10117 5 
364 10144 5 
365 10168 5 
366 10190 5 
367 10213 5 
368 10225 5 
369 10251 5 
370 10272 5 
371 10304 5 
372 10337 5 
373 10369 5 
374 10400 5 
375 10431 5 
376 10461 5 
377 10491 5 
378 10521 5 
379 10550 5 
380 10578 5 
381 10606 5 
382 10633 5 
383 10661 5 
384 10687 5 
385 10714 5 
386 10740 5 
387 10767 5 
388 10794 5 
389 10819 5 
390 10844 5 
391 10869 5 
392 10894 5 
393 10919 5 
394 10943 5 
395 10968 5 
396 10991 5 
397 11015 5 
398 11039 5 
399 11061 5 
400 11084 5 
401 11098 5 
402 11120 5 
403 11141 5 
404 11172 5 
405 11203 5 
406 11234 5 
407 11265 5 
408 11296 5 
409 11327 5 
410 11355 5 
411 11384 5 
412 11414 5 
413 11442 5 
414 11468 5 
415 11496 5 
416 11522 5 
417 11551 5 
418 11579 5 
419 11605 5 
420 11630 5 
421 11655 5 
422 11680 5 
423 11708 5 
424 11733 5 
425 11761 5 
426 11788 5 
427 11812 5 
428 11837 5 
429 11861 5 
430 11884 5 
431 11911 5 
432 11934 5 
433 11956 5 
434 11967 5 
435 11988 5 
436 12017 5 
437 12048 5 
438 12079 5 
439 12110 5 
440 12140 5 
441 12170 5 
442 12199 5 
443 12225 5 
444 12253 5 
445 12281 5 
446 12310 5 
447 12336 5 
448 12363 5 
449 12391 5 
450 12420 5 
451 12449 5 
452 12476 5 
453 12502 5 
454 12527 5 
455 12546 5 
456 12573 5 
457 12598 5 
458 12625 5 
459 12649 5 
460 12675 5 
461 12698 5 
462 12724 5 
463 12735 5 
464 12761 5 
465 12787 5 
466 12808 5 
467 12839 5 
468 12869 5 
469 12899 5 
470 12930 5 
471 12959 5 
472 12989 5 
473 13017 5 
474 13045 5 
475 13073 5 
476 13102 5 
477 13131 5 
478 13160 5 
479 13189 5 
480 13214 5 
481 13240 5 
482 13266 5 
483 13292 5 
484 13316 5 
485 13344 5 
486 13370 5 
487 13394 5 
488 13419 5 
489 13442 5 
490 13466 5 
491 13493 5 
492 13517 5 
493 13540 5 
494 13563 5 
495 13575 5 
496 13601 5 
497 13622 5 
498 13653 5 
499 13683 5 
500 13714 5 
501 13745 5 
502 13775 5 
503 13804 5 
504 13834 5 
505 13862 5 
506 13889 5 
507 13919 5 
508 13949 5 
509 13978 5 
510 14004 5 
511 14030 5 
512 14056 5 
513 14082 5 
514 14110 5 
515 14135 5 
516 14159 5 
517 14187 5 
518 14212 5 
519 14233 5 
520 14256 5 
521 14280 5 
522 14295 5 
523 14318 5 
524 14340 5 
525 14366 5 
526 14389 5 
527 14410 5 
528 14435 5 
529 14467 5 
530 14497 5 
531 14527 5 
532 14558 5 
533 14586 5 
534 14617 5 
535 14645 5 
536 14674 5 
537 14701 5 
538 14730 5 
539 14760 5 
540 14786 5 
541 14813 5 
542 14840 5 
543 14867 5 
544 14893 5 
545 14920 5 
546 14948 5 
547 14973 5 
548 14998 5 
549 15020 5 
550 15045 5 
551 15062 5 
552 15089 5 
553 15107 5 
554 15131 5 
555 15152 5 
556 15178 5 
557 15201 5 
558 15226 5 
559 15247 5 
560 15276 5 
561 15305 5 
562 15334 5 
563 15363 5 
564 15391 5 
565 15420 5 
566 15448 5 
567 15475 5 
568 15502 5 
569 15529 5 
570 15556 5 
571 15582 5 
572 15608 5 
573 15633 5 
574 15659 5 
575 15684 5 
576 15709 5 
577 15733 5 
578 15758 5 
579 15781 5 
580 15805 5 
581 15829 5 
582 15853 5 
583 15876 5 
584 15889 5 
585 15911 5 
586 15933 5 
587 15954 5 
588 15985 5 
589 16016 5 
590 16041 5 
591 16071 5 
592 16101 5 
593 16130 5 
594 16152 5 
595 16180 5 
596 16209 5 
597 16238 5 
598 16268 5 
599 16295 5 
600 16322 5 
601 16346 5 
602 16373 5 
603 16399 5 
604 16424 5 
605 16453 5 
606 16478 5 
607 16506 5 
608 16530 5 
609 16545 5 
610 16568 5 
611 16581 5 
612 16608 5 
613 16633 5 
614 16659 5 
615 16680 5 
616 16705 5 
617 16733 5 
618 16762 5 
619 16791 5 
620 16820 5 
621 16849 5 
622 16877 5 
623 16906 5 
624 16933 5 
625 16959 5 
626 16986 5 
627 17014 5 
628 17042 5 
629 17068 5 
630 17093 5 
631 17118 5 
632 17145 5 
633 17170 5 
634 17197 5 
635 17222 5 
636 17250 5 
637 17277 5 
638 17300 5 
639 17323 5 
640 17347 5 
641 17370 5 
642 17393 5 
643 17415 5 
644 17425 5 
645 17456 5 
646 17487 5 
647 17517 5 
648 17546 5 
649 17575 5 
650 17601 5 
651 17629 5 
652 17655 5 
653 17684 5 
654 17713 5 
655 17740 5 
656 17766 5 
657 17793 5 
658 17822 5 
659 17848 5 
660 17874 5 
661 17898 5 
662 17924 5 
663 17949 5 
664 17970 5 
665 17998 5 
666 18017 5 
667 18041 5 
668 18063 5 
669 18086 5 
670 18108 5 
671 18129 5 
672 18155 5 
673 18176 5 
674 18204 5 
675 18231 5 
676 18260 5 
677 18289 5 
678 18317 5 
679 18346 5 
680 18375 5 
681 18400 5 
682 18427 5 
683 18454 5 
684 18479 5 
685 18507 5 
686 18533 5 
687 18558 5 
688 18586 5 
689 18611 5 
690 18635 5 
691 18659 5 
692 18686 5 
693 18713 5 
694 18740 5 
695 18763 5 
696 18787 5 
697 18810 5 
698 18833 5 
699 18855 5 
700 18865 5 
701 18893 5 
702 18922 5 
703 18952 5 
704 18982 5 
705 19010 5 
706 19038 5 
707 19066 5 
708 19093 5 
709 19122 5 
710 19146 5 
711 19174 5 
712 19202 5 
713 19227 5 
714 19252 5 
715 19277 5 
716 19302 5 
717 19330 5 
718 19350 5 
719 19375 5 
720 19399 5 
721 19426 5 
722 19453 5 
723 19477 5 
724 19493 5 
725 19515 5 
726 19537 5 
727 19558 5 
728 19583 5 
729 19612 5 
730 19638 5 
731 19664 5 
732 19693 5 
733 19722 5 
734 19751 5 
735 19779 5 
736 19804 5 
737 19830 5 
738 19857 5 
739 19882 5 
740 19906 5 
741 19934 5 
742 19960 5 
743 19984 5 
744 20009 5 
745 20026 5 
746 20053 5 
747 20078 5 
748 20102 5 
749 20125 5 
750 20141 5 
751 20167 5 
752 20193 5 
753 20215 5 
754 20236 5 
755 20264 5 
756 20293 5 
757 20323 5 
758 20354 5 
759 20383 5 
760 20409 5 
761 20437 5 
762 20465 5 
763 20494 5 
764 20522 5 
765 20548 5 
766 20574 5 
767 20603 5 
768 20625 5 
769 20649 5 
770 20671 5 
771 20690 5 
772 20714 5 
773 20730 5 
774 20756 5 
775 20780 5 
776 20803 5 
777 20825 5 
778 20851 5 
779 20877 5 
780 20899 5 
781 20920 5 
782 20950 5 
783 20980 5 
784 21008 5 
785 21037 5 
786 21064 5 
787 21091 5 
788 21118 5 
789 21147 5 
790 21173 5 
791 21203 5 
792 21229 5 
793 21256 5 
794 21282 5 
795 21310 5 
796 21338 5 
797 21364 5 
798 21387 5 
799 21409 5 
800 21433 5 
801 21461 5 
802 21485 5 
803 21503 5 
804 21526 5 
805 21548 5 
806 21574 5 
807 21596 5 
808 21618 5 
809 21639 5 
810 21671 5 
811 21701 5 
812 21731 5 
813 21759 5 
814 21788 5 
815 21817 5 
816 21843 5 
817 21869 5 
818 21898 5 
819 21927 5 
820 21953 5 
821 21979 5 
822 22006 5 
823 22035 5 
824 22060 5 
825 22086 5 
826 22112 5 
827 22138 5 
828 22163 5 
829 22189 5 
830 22209 5 
831 22228 5 
832 22255 5 
833 22278 5 
834 22300 5 
835 22322 5 
836 22348 5 
837 22369 5 
838 22390 5 
839 22422 5 
840 22452 5 
841 22482 5 
842 22510 5 
843 22539 5 
844 22566 5 
845 22593 5 
846 22620 5 
847 22650 5 
848 22679 5 
849 22706 5 
850 22732 5 
851 22758 5 
852 22784 5 
853 22812 5 
854 22840 5 
855 22866 5 
856 22889 5 
857 22911 5 
858 22935 5 
859 22963 5 
860 22986 5 
861 23004 5 
862 23027 5 
863 23050 5 
864 23072 5 
865 23094 5 
866 23120 5 
867 23141 5 
868 23168 5 
869 23199 5 
870 23228 5 
871 23256 5 
872 23286 5 
873 23315 5 
874 23340 5 
875 23369 5 
876 23395 5 
877 23424 5 
878 23452 5 
879 23475 5 
880 23502 5 
881 23528 5 
882 23555 5 
883 23577 5 
884 23602 5 
885 23628 5 
886 23648 5 
887 23665 5 
888 23687 5 
889 23713 5 
890 23738 5 
891 23761 5 
892 23782 5 
893 23808 5 
894 23829 5 
895 23855 5 
896 23882 5 
897 23906 5 
898 23934 5 
899 23962 5 
900 23988 5 
901 24011 5 
902 24039 5 
903 24065 5 
904 24093 5 
905 24120 5 
906 24144 5 
907 24170 5 
908 24188 5 
909 24216 5 
910 24235 5 
911 24258 5 
912 24275 5 
913 24299 5 
914 24322 5 
915 24348 5 
916 24370 5 
917 24396 5 
918 24417 5 
919 24444 5 
920 24473 5 
921 24501 5 
922 24530 5 
923 24555 5 
924 24581 5 
925 24607 5 
926 24635 5 
927 24664 5 
928 24692 5 
929 24714 5 
930 24740 5 
931 24762 5 
932 24787 5 
933 24814 5 
934 24835 5 
935 24860 5 
936 24883 5 
937 24901 5 
938 24927 5 
939 24952 5 
940 24974 5 
941 24996 5 
942 25022 5 
943 25043 5 
944 25070 5 
945 25097 5 
946 25125 5 
947 25153 5 
948 25179 5 
949 25207 5 
950 25236 5 
951 25263 5 
952 25288 5 
953 25311 5 
954 25338 5 
955 25363 5 
956 25388 5 
957 25414 5 
958 25442 5 
959 25461 5 
960 25485 5 
961 25512 5 
962 25536 5 
963 25553 5 
964 25579 5 
965 25601 5 
966 25623 5 
967 25648 5 
968 25669 5 
969 25695 5 
970 25724 5 
971 25753 5 
972 25779 5 
973 25808 5 
974 25836 5 
975 25862 5 
976 25891 5 
977 25915 5 
978 25941 5 
979 25967 5 
980 25989 5 
981 26015 5 
982 26040 5 
983 26062 5 
984 26087 5 
985 26112 5 
986 26135 5 
987 26161 5 
988 26186 5 
989 26202 5 
990 26223 5 
991 26245 5 
992 26270 5 
993 26295 5 
994 26321 5 
995 26350 5 
996 26379 5 
997 26404 5 
998 26430 5 
999 26456 5 
1000 26485 5 
1001 26514 5 
1002 26540 5 
1003 26567 5 
1004 26589 5 
1005 26616 5 
1006 26638 5 
1007 26658 5 
1008 26683 5 
1009 26709 5 
1010 26734 5 
1011 26757 5 
1012 26774 5 
1013 26797 5 
1014 26820 5 
1015 26845 5 
1016 26866 5 
1017 26891 5 
1018 26917 5 
1019 26946 5 
1020 26975 5 
1021 27001 5 
1022 27030 5 
1023 27056 5 
1024 27082 5 
1025 27111 5 
1026 27140 5 
1027 27166 5 
1028 27191 5 
1029 27219 5 
1030 27240 5 
1031 27264 5 
1032 27290 5 
1033 27311 5 
1034 27336 5 
1035 27353 5 
1036 27378 5 
1037 27400 5 
1038 27426 5 
1039 27448 5 
1040 27470 5 
1041 27496 5 
1042 27517 5 
1043 27543 5 
1044 27569 5 
1045 27598 5 
1046 27623 5 
1047 27652 5 
1048 27678 5 
1049 27704 5 
1050 27732 5 
1051 27759 5 
1052 27781 5 
1053 27807 5 
1054 27830 5 
1055 27849 5 
1056 27874 5 
1057 27900 5 
1058 27919 5 
1059 27945 5 
1060 27968 5 
1061 27990 5 
1062 28016 5 
1063 28038 5 
1064 28063 5 
1065 28084 5 
1066 28114 5 
1067 28142 5 
1068 28171 5 
1069 28198 5 
1070 28225 5 
1071 28252 5 
1072 28282 5 
1073 28308 5 
1074 28337 5 
1075 28363 5 
1076 28389 5 
1077 28418 5 
1078 28444 5 
1079 28471 5 
1080 28498 5 
1081 28521 5 
1082 28546 5 
1083 28567 5 
1084 28587 5 
1085 28614 5 
1086 28641 5 
1087 28664 5 
1088 28686 5 
1089 28708 5 
1090 28731 5 
1091 28752 5 
1092 28773 5 
1093 28799 5 
1094 28828 5 
1095 28854 5 
1096 28882 5 
1097 28911 5 
1098 28937 5 
1099 28963 5 
1100 28989 5 
1101 29015 5 
1102 29040 5 
1103 29068 5 
1104 29093 5 
1105 29118 5 
1106 29138 5 
1107 29157 5 
1108 29184 5 
1109 29207 5 
1110 29230 5 
1111 29247 5 
1112 29272 5 
1113 29298 5 
1114 29320 5 
1115 29346 5 
1116 29367 5 
1117 29393 5 
1118 29419 5 
1119 29444 5 
1120 29473 5 
1121 29499 5 
1122 29525 5 
1123 29551 5 
1124 29578 5 
1125 29607 5 
1126 29629 5 
1127 29649 5 
1128 29674 5 
1129 29695 5 
1130 29720 5 
1131 29739 5 
1132 29762 5 
1133 29788 5 
1134 29811 5 
1135 29837 5 
1136 29858 5 
1137 29879 5 
1138 29904 5 
1139 29930 5 
1140 29956 5 
1141 29984 5 
1142 30013 5 
1143 30039 5 
1144 30065 5 
1145 30091 5 
1146 30117 5 
1147 30143 5 
1148 30172 5 
1149 30194 5 
1150 30219 5 
1151 30244 5 
1152 30264 5 
1153 30292 5 
1154 30309 5 
1155 30327 5 
1156 30352 5 
1157 30378 5 
1158 30404 5 
1159 30426 5 
1160 30448 5 
1161 30469 5 
1162 30485 5 
1163 30512 5 
1164 30539 5 
1165 30566 5 
1166 30595 5 
1167 30622 5 
1168 30640 5 
1169 30651 5 
1170 30674 5 
1171 30683 5 
1172 30708 5 
1173 30733 5 
1174 30762 5 
1175 30791 5 
1176 30818 5 
1177 30845 5 
1178 30872 5 
1179 30901 5 
1180 30931 5 
1181 30957 5 
1182 30983 5 
1183 31012 5 
1184 31038 5 
1185 31064 5 
1186 31089 5 
1187 31115 5 
1188 31141 5 
1189 31163 5 
1190 31187 5 
1191 31207 5 
1192 31234 5 
1193 31257 5 
1194 31284 5 
1195 31307 5 
1196 31328 5 
1197 31351 5 
1198 31372 5 
1199 31393 5 
1200 31419 5 
1201 31445 5 
1202 31471 5 
1203 31500 5 
1204 31526 5 
1205 31552 5 
1206 31581 5 
1207 31607 5 
1208 31631 5 
1209 31657 5 
1210 31677 5 
1211 31703 5 
1212 31723 5 
1213 31740 5 
1214 31762 5 
1215 31788 5 
1216 31814 5 
1217 31839 5 
1218 31861 5 
1219 31883 5 
1220 31904 5 
1221 31943 5 
1222 31980 5 
1223 32016 5 
1224 32052 5 
1225 32086 5 
1226 32120 5 
1227 32154 5 
1228 32186 5 
1229 32218 5 
1230 32249 5 
1231 32280 5 
1232 32311 5 
1233 32341 5 
1234 32371 5 
1235 32400 5 
1236 32429 5 
1237 32457 5 
1238 32485 5 
1239 32512 5 
1240 32539 5 
1241 32566 5 
1242 32595 5 
1243 32622 5 
1244 32648 5 
1245 32674 5 
1246 32699 5 
1247 32723 5 
1248 32751 5 
1249 32776 5 
1250 32800 5 
1251 32825 5 
1252 32849 5 
1253 32876 5 
1254 32903 5 
1255 32926 5 
1256 32939 5 
1257 32960 5 
1258 32982 5 
1259 33003 5 
1260 33040 5 
1261 33077 5 
1262 33112 5 
1263 33147 5 
1264 33182 5 
1265 33216 5 
1266 33246 5 
1267 33277 5 
1268 33306 5 
1269 33337 5 
1270 33366 5 
1271 33394 5 
1272 33422 5 
1273 33449 5 
1274 33477 5 
1275 33506 5 
1276 33535 5 
1277 33562 5 
1278 33591 5 
1279 33620 5 
1280 33646 5 
1281 33668 5 
1282 33696 5 
1283 33721 5 
1284 33747 5 
1285 33775 5 
1286 33800 5 
1287 33825 5 
1288 33849 5 
1289 33876 5 
1290 33903 5 
1291 33930 5 
1292 33953 5 
1293 33980 5 
1294 34002 5 
1295 34014 5 
1296 34039 5 
1297 34064 5 
1298 34101 5 
1299 34137 5 
1300 34171 5 
1301 34205 5 
1302 34239 5 
1303 34271 5 
1304 34303 5 
1305 34334 5 
1306 34365 5 
1307 34396 5 
1308 34427 5 
1309 34455 5 
1310 34484 5 
1311 34512 5 
1312 34541 5 
1313 34570 5 
1314 34597 5 
1315 34625 5 
1316 34651 5 
1317 34678 5 
1318 34704 5 
1319 34732 5 
1320 34757 5 
1321 34783 5 
1322 34811 5 
1323 34836 5 
1324 34861 5 
1325 34885 5 
1326 34910 5 
1327 34934 5 
1328 34961 5 
1329 34984 5 
1330 35011 5 
1331 35033 5 
1332 35045 5 
1333 35067 5 
1334 35088 5 
1335 35124 5 
1336 35159 5 
1337 35194 5 
1338 35229 5 
1339 35262 5 
1340 35294 5 
1341 35326 5 
1342 35357 5 
1343 35388 5 
1344 35419 5 
1345 35450 5 
1346 35478 5 
1347 35507 5 
1348 35535 5 
1349 35564 5 
1350 35593 5 
1351 35620 5 
1352 35648 5 
1353 35674 5 
1354 35701 5 
1355 35730 5 
1356 35755 5 
1357 35780 5 
1358 35806 5 
1359 35834 5 
1360 35859 5 
1361 35884 5 
1362 35908 5 
1363 35933 5 
1364 35957 5 
1365 35984 5 
1366 36007 5 
1367 36034 5 
1368 36056 5 
1369 36068 5 
1370 36090 5 
1371 36111 5 
1372 36146 5 
1373 36181 5 
1374 36214 5 
1375 36246 5 
1376 36278 5 
1377 36309 5 
1378 36340 5 
1379 36371 5 
1380 36402 5 
1381 36430 5 
1382 36459 5 
1383 36487 5 
1384 36516 5 
1385 36545 5 
1386 36572 5 
1387 36600 5 
1388 36626 5 
1389 36653 5 
1390 36679 5 
1391 36707 5 
1392 36732 5 
1393 36758 5 
1394 36786 5 
1395 36811 5 
1396 36836 5 
1397 36860 5 
1398 36885 5 
1399 36909 5 
1400 36936 5 
1401 36959 5 
1402 36986 5 
1403 37008 5 
1404 37020 5 
1405 37042 5 
1406 37063 5 
1407 37095 5 
1408 37130 5 
1409 37161 5 
1410 37193 5 
1411 37223 5 
1412 37254 5 
1413 37285 5 
1414 37316 5 
1415 37347 5 
1416 37375 5 
1417 37402 5 
1418 37430 5 
1419 37459 5 
1420 37488 5 
1421 37515 5 
1422 37543 5 
1423 37566 5 
1424 37593 5 
1425 37619 5 
1426 37647 5 
1427 37668 5 
1428 37695 5 
1429 37723 5 
1430 37750 5 
1431 37777 5 
1432 37804 5 
1433 37829 5 
1434 37853 5 
1435 37880 5 
1436 37906 5 
1437 37933 5 
1438 37959 5 
1439 37971 5 
1440 37993 5 
1441 38014 5 
1442 38049 5 
1443 38083 5 
1444 38116 5 
1445 38148 5 
1446 38180 5 
1447 38210 5 
1448 38241 5 
1449 38272 5 
1450 38303 5 
1451 38331 5 
1452 38360 5 
1453 38388 5 
1454 38417 5 
1455 38446 5 
1456 38473 5 
1457 38501 5 
1458 38527 5 
1459 38554 5 
1460 38580 5 
1461 38608 5 
1462 38633 5 
1463 38659 5 
1464 38687 5 
1465 38712 5 
1466 38737 5 
1467 38761 5 
1468 38786 5 
1469 38810 5 
1470 38837 5 
1471 38860 5 
1472 38887 5 
1473 38909 5 
1474 38921 5 
1475 38943 5 
1476 38964 5 
1477 38998 5 
1478 39030 5 
1479 39062 5 
1480 39093 5 
1481 39122 5 
1482 39153 5 
1483 39181 5 
1484 39210 5 
1485 39239 5 
1486 39267 5 
1487 39296 5 
1488 39325 5 
1489 39354 5 
1490 39382 5 
1491 39404 5 
1492 39431 5 
1493 39457 5 
1494 39485 5 
1495 39510 5 
1496 39536 5 
1497 39564 5 
1498 39589 5 
1499 39614 5 
1500 39640 5 
1501 39667 5 
1502 39691 5 
1503 39718 5 
1504 39741 5 
1505 39768 5 
1506 39794 5 
1507 39804 5 
1508 39826 5 
1509 39851 5 
1510 39882 5 
1511 39914 5 
1512 39945 5 
1513 39976 5 
1514 40007 5 
1515 40038 5 
1516 40066 5 
1517 40095 5 
1518 40123 5 
1519 40152 5 
1520 40181 5 
1521 40208 5 
1522 40236 5 
1523 40262 5 
1524 40289 5 
1525 40315 5 
1526 40340 5 
1527 40368 5 
1528 40394 5 
1529 40422 5 
1530 40448 5 
1531 40472 5 
1532 40496 5 
1533 40521 5 
1534 40545 5 
1535 40572 5 
1536 40595 5 
1537 40622 5 
1538 40644 5 
1539 40656 5 
1540 40678 5 
1541 40699 5 
1542 40732 5 
1543 40764 5 
1544 40795 5 
1545 40823 5 
1546 40851 5 
1547 40882 5 
1548 40911 5 
1549 40940 5 
1550 40969 5 
1551 40999 5 
1552 41028 5 
1553 41055 5 
1554 41083 5 
1555 41109 5 
1556 41136 5 
1557 41162 5 
1558 41190 5 
1559 41211 5 
1560 41237 5 
1561 41265 5 
1562 41290 5 
1563 41315 5 
1564 41341 5 
1565 41366 5 
1566 41392 5 
1567 41419 5 
1568 41446 5 
1569 41473 5 
1570 41495 5 
1571 41505 5 
1572 41527 5 
1573 41552 5 
1574 41582 5 
1575 41613 5 
1576 41644 5 
1577 41674 5 
1578 41704 5 
1579 41734 5 
1580 41763 5 
1581 41791 5 
1582 41819 5 
1583 41846 5 
1584 41873 5 
1585 41901 5 
1586 41927 5 
1587 41954 5 
1588 41980 5 
1589 42005 5 
1590 42031 5 
1591 42057 5 
1592 42082 5 
1593 42107 5 
1594 42132 5 
1595 42156 5 
1596 42181 5 
1597 42205 5 
1598 42228 5 
1599 42252 5 
1600 42275 5 
1601 42297 5 
1602 42311 5 
1603 42333 5 
1604 42354 5 
1605 42385 5 
1606 42415 5 
1607 42445 5 
1608 42476 5 
1609 42505 5 
1610 42535 5 
1611 42563 5 
1612 42592 5 
1613 42621 5 
1614 42648 5 
1615 42676 5 
1616 42704 5 
1617 42733 5 
1618 42758 5 
1619 42787 5 
1620 42812 5 
1621 42838 5 
1622 42866 5 
1623 42891 5 
1624 42916 5 
1625 42941 5 
1626 42965 5 
1627 42992 5 
1628 43016 5 
1629 43041 5 
1630 43064 5 
1631 43086 5 
1632 43109 5 
1633 43121 5 
1634 43147 5 
1635 43168 5 
1636 43199 5 
1637 43229 5 
1638 43260 5 
1639 43290 5 
1640 43320 5 
1641 43348 5 
1642 43378 5 
1643 43408 5 
1644 43436 5 
1645 43465 5 
1646 43492 5 
1647 43520 5 
1648 43549 5 
1649 43574 5 
1650 43602 5 
1651 43629 5 
1652 43654 5 
1653 43680 5 
1654 43707 5 
1655 43736 5 
1656 43758 5 
1657 43779 5 
1658 43802 5 
1659 43818 5 
1660 43842 5 
1661 43865 5 
1662 43886 5 
1663 43912 5 
1664 43935 5 
1665 43960 5 
1666 43981 5 
1667 44012 5 
1668 44042 5 
1669 44073 5 
1670 44104 5 
1671 44134 5 
1672 44163 5 
1673 44193 5 
1674 44221 5 
1675 44251 5 
1676 44279 5 
1677 44304 5 
1678 44331 5 
1679 44357 5 
1680 44386 5 
1681 44414 5 
1682 44440 5 
1683 44466 5 
1684 44494 5 
1685 44519 5 
1686 44542 5 
1687 44570 5 
1688 44591 5 
1689 44614 5 
1690 44630 5 
1691 44653 5 
1692 44675 5 
1693 44698 5 
1694 44724 5 
1695 44747 5 
1696 44772 5 
1697 44793 5 
1698 44822 5 
1699 44851 5 
1700 44880 5 
1701 44909 5 
1702 44937 5 
1703 44966 5 
1704 44994 5 
1705 45022 5 
1706 45048 5 
1707 45075 5 
1708 45101 5 
1709 45126 5 
1710 45153 5 
1711 45179 5 
1712 45204 5 
1713 45229 5 
1714 45255 5 
1715 45280 5 
1716 45304 5 
1717 45328 5 
1718 45351 5 
1719 45367 5 
1720 45390 5 
1721 45413 5 
1722 45435 5 
1723 45457 5 
1724 45479 5 
1725 45500 5 
1726 45531 5 
1727 45562 5 
1728 45587 5 
1729 45612 5 
1730 45641 5 
1731 45670 5 
1732 45699 5 
1733 45727 5 
1734 45755 5 
1735 45784 5 
1736 45812 5 
1737 45841 5 
1738 45868 5 
1739 45894 5 
1740 45917 5 
1741 45944 5 
1742 45970 5 
1743 45999 5 
1744 46024 5 
1745 46053 5 
1746 46081 5 
1747 46105 5 
1748 46119 5 
1749 46146 5 
1750 46158 5 
1751 46180 5 
1752 46201 5 
1753 46226 5 
1754 46251 5 
1755 46279 5 
1756 46308 5 
1757 46337 5 
1758 46366 5 
1759 46395 5 
1760 46423 5 
1761 46452 5 
1762 46481 5 
1763 46506 5 
1764 46533 5 
1765 46560 5 
1766 46588 5 
1767 46613 5 
1768 46639 5 
1769 46664 5 
1770 46689 5 
1771 46716 5 
1772 46744 5 
1773 46771 5 
1774 46796 5 
1775 46819 5 
1776 46843 5 
1777 46870 5 
1778 46893 5 
1779 46916 5 
1780 46939 5 
1781 46961 5 
1782 46971 5 
1783 47002 5 
1784 47033 5 
1785 47063 5 
1786 47092 5 
1787 47121 5 
1788 47147 5 
1789 47175 5 
1790 47201 5 
1791 47230 5 
1792 47259 5 
1793 47286 5 
1794 47312 5 
1795 47338 5 
1796 47365 5 
1797 47394 5 
1798 47418 5 
1799 47444 5 
1800 47470 5 
1801 47495 5 
1802 47521 5 
1803 47541 5 
1804 47560 5 
1805 47583 5 
1806 47610 5 
1807 47632 5 
1808 47658 5 
1809 47680 5 
1810 47701 5 
1811 47722 5 
1812 47753 5 
1813 47784 5 
1814 47814 5 
1815 47843 5 
1816 47872 5 
1817 47900 5 
1818 47926 5 
1819 47952 5 
1820 47981 5 
1821 48008 5 
1822 48037 5 
1823 48063 5 
1824 48089 5 
1825 48116 5 
1826 48145 5 
1827 48169 5 
1828 48195 5 
1829 48221 5 
1830 48246 5 
1831 48272 5 
1832 48292 5 
1833 48311 5 
1834 48338 5 
1835 48361 5 
1836 48383 5 
1837 48405 5 
1838 48431 5 
1839 48452 5 
1840 48473 5 
1841 48501 5 
1842 48528 5 
1843 48557 5 
1844 48586 5 
1845 48614 5 
1846 48643 5 
1847 48672 5 
1848 48697 5 
1849 48724 5 
1850 48752 5 
1851 48779 5 
1852 48804 5 
1853 48830 5 
1854 48855 5 
1855 48880 5 
1856 48907 5 
1857 48935 5 
1858 48962 5 
1859 48986 5 
1860 49010 5 
1861 49034 5 
1862 49061 5 
1863 49084 5 
1864 49107 5 
1865 49130 5 
1866 49152 5 
1867 49162 5 
1868 49190 5 
1869 49219 5 
1870 49249 5 
1871 49278 5 
1872 49307 5 
1873 49335 5 
1874 49363 5 
1875 49389 5 
1876 49415 5 
1877 49443 5 
1878 49471 5 
1879 49499 5 
1880 49524 5 
1881 49549 5 
1882 49574 5 
1883 49599 5 
1884 49627 5 
1885 49647 5 
1886 49672 5 
1887 49699 5 
1888 49723 5 
1889 49747 5 
1890 49764 5 
1891 49790 5 
1892 49812 5 
1893 49837 5 
1894 49859 5 
1895 49880 5 
1896 49909 5 
1897 49935 5 
1898 49961 5 
1899 49990 5 
1900 50019 5 
1901 50044 5 
1902 50072 5 
1903 50100 5 
1904 50128 5 
1905 50155 5 
1906 50181 5 
1907 50209 5 
1908 50234 5 
1909 50257 5 
1910 50285 5 
1911 50309 5 
1912 50326 5 
1913 50350 5 
1914 50373 5 
1915 50398 5 
1916 50422 5 
1917 50438 5 
1918 50464 5 
1919 50486 5 
1920 50512 5 
1921 50533 5 
1922 50561 5 
1923 50591 5 
1924 50619 5 
1925 50648 5 
1926 50676 5 
1927 50704 5 
1928 50730 5 
1929 50758 5 
1930 50784 5 
1931 50812 5 
1932 50840 5 
1933 50865 5 
1934 50890 5 
1935 50915 5 
1936 50940 5 
1937 50968 5 
1938 50988 5 
1939 51013 5 
1940 51040 5 
1941 51064 5 
1942 51088 5 
1943 51105 5 
1944 51131 5 
1945 51153 5 
1946 51175 5 
1947 51200 5 
1948 51221 5 
1949 51249 5 
1950 51277 5 
1951 51303 5 
1952 51333 5 
1953 51362 5 
1954 51389 5 
1955 51419 5 
1956 51445 5 
1957 51474 5 
1958 51502 5 
1959 51531 5 
1960 51553 5 
1961 51578 5 
1962 51607 5 
1963 51629 5 
1964 51653 5 
1965 51670 5 
1966 51687 5 
1967 51710 5 
1968 51732 5 
1969 51756 5 
1970 51779 5 
1971 51805 5 
1972 51831 5 
1973 51853 5 
1974 51874 5 
1975 51904 5 
1976 51934 5 
1977 51962 5 
1978 51991 5 
1979 52018 5 
1980 52045 5 
1981 52072 5 
1982 52101 5 
1983 52127 5 
1984 52154 5 
1985 52184 5 
1986 52210 5 
1987 52238 5 
1988 52264 5 
1989 52292 5 
1990 52316 5 
1991 52341 5 
1992 52363 5 
1993 52391 5 
1994 52415 5 
1995 52438 5 
1996 52456 5 
1997 52479 5 
1998 52502 5 
1999 52524 5 
2000 52550 5 
2001 52572 5 
2002 52593 5 
2003 52622 5 
2004 52647 5 
2005 52672 5 
2006 52701 5 
2007 52730 5 
2008 52758 5 
2009 52782 5 
2010 52810 5 
2011 52837 5 
2012 52863 5 
2013 52892 5 
2014 52914 5 
2015 52939 5 
2016 52967 5 
2017 52991 5 
2018 53008 5 
2019 53032 5 
2020 53055 5 
2021 53080 5 
2022 53096 5 
2023 53119 5 
2024 53145 5 
2025 53167 5 
2026 53193 5 
2027 53214 5 
2028 53241 5 
2029 53269 5 
2030 53298 5 
2031 53328 5 
2032 53357 5 
2033 53382 5 
2034 53408 5 
2035 53437 5 
2036 53463 5 
2037 53492 5 
2038 53521 5 
2039 53543 5 
2040 53569 5 
2041 53595 5 
2042 53617 5 
2043 53643 5 
2044 53664 5 
2045 53689 5 
2046 53706 5 
2047 53731 5 
2048 53753 5 
2049 53779 5 
2050 53801 5 
2051 53823 5 
2052 53849 5 
2053 53870 5 
2054 53900 5 
2055 53930 5 
2056 53958 5 
2057 53987 5 
2058 54014 5 
2059 54041 5 
2060 54070 5 
2061 54097 5 
2062 54123 5 
2063 54153 5 
2064 54180 5 
2065 54206 5 
2066 54232 5 
2067 54260 5 
2068 54288 5 
2069 54314 5 
2070 54337 5 
2071 54359 5 
2072 54383 5 
2073 54411 5 
2074 54434 5 
2075 54452 5 
2076 54475 5 
2077 54498 5 
2078 54520 5 
2079 54546 5 
2080 54568 5 
2081 54589 5 
2082 54615 5 
2083 54644 5 
2084 54674 5 
2085 54703 5 
2086 54728 5 
2087 54757 5 
2088 54783 5 
2089 54809 5 
2090 54838 5 
2091 54866 5 
2092 54888 5 
2093 54915 5 
2094 54941 5 
2095 54963 5 
2096 54989 5 
2097 55010 5 
2098 55035 5 
2099 55052 5 
2100 55074 5 
2101 55099 5 
2102 55125 5 
2103 55148 5 
2104 55169 5 
2105 55195 5 
2106 55216 5 
2107 55243 5 
2108 55271 5 
2109 55300 5 
2110 55326 5 
2111 55354 5 
2112 55380 5 
2113 55409 5 
2114 55435 5 
2115 55463 5 
2116 55488 5 
2117 55516 5 
2118 55538 5 
2119 55559 5 
2120 55585 5 
2121 55606 5 
2122 55633 5 
2123 55658 5 
2124 55681 5 
2125 55704 5 
2126 55721 5 
2127 55747 5 
2128 55772 5 
2129 55794 5 
2130 55820 5 
2131 55841 5 
2132 55867 5 
2133 55896 5 
2134 55922 5 
2135 55950 5 
2136 55979 5 
2137 56005 5 
2138 56031 5 
2139 56060 5 
2140 56086 5 
2141 56112 5 
2142 56134 5 
2143 56155 5 
2144 56181 5 
2145 56202 5 
2146 56229 5 
2147 56254 5 
2148 56277 5 
2149 56300 5 
2150 56317 5 
2151 56342 5 
2152 56368 5 
2153 56390 5 
2154 56416 5 
2155 56437 5 
2156 56463 5 
2157 56492 5 
2158 56521 5 
2159 56547 5 
2160 56575 5 
2161 56604 5 
2162 56630 5 
2163 56656 5 
2164 56685 5 
2165 56711 5 
2166 56734 5 
2167 56760 5 
2168 56783 5 
2169 56804 5 
2170 56829 5 
2171 56854 5 
2172 56879 5 
2173 56902 5 
2174 56928 5 
2175 56945 5 
2176 56968 5 
2177 56991 5 
2178 57012 5 
2179 57037 5 
2180 57062 5 
2181 57088 5 
2182 57117 5 
2183 57143 5 
2184 57171 5 
2185 57197 5 
2186 57226 5 
2187 57252 5 
2188 57281 5 
2189 57307 5 
2190 57334 5 
2191 57356 5 
2192 57383 5 
2193 57405 5 
2194 57425 5 
2195 57450 5 
2196 57475 5 
2197 57501 5 
2198 57524 5 
2199 57541 5 
2200 57565 5 
2201 57587 5 
2202 57608 5 
2203 57633 5 
2204 57658 5 
2205 57687 5 
2206 57716 5 
2207 57745 5 
2208 57772 5 
2209 57799 5 
2210 57829 5 
2211 57856 5 
2212 57882 5 
2213 57911 5 
2214 57937 5 
2215 57963 5 
2216 57992 5 
2217 58018 5 
2218 58045 5 
2219 58072 5 
2220 58095 5 
2221 58120 5 
2222 58141 5 
2223 58161 5 
2224 58188 5 
2225 58211 5 
2226 58238 5 
2227 58261 5 
2228 58282 5 
2229 58305 5 
2230 58326 5 
2231 58347 5 
2232 58373 5 
2233 58399 5 
2234 58428 5 
2235 58453 5 
2236 58482 5 
2237 58508 5 
2238 58534 5 
2239 58560 5 
2240 58589 5 
2241 58616 5 
2242 58643 5 
2243 58664 5 
2244 58686 5 
2245 58704 5 
2246 58729 5 
2247 58748 5 
2248 58774 5 
2249 58800 5 
2250 58823 5 
2251 58845 5 
2252 58867 5 
2253 58892 5 
2254 58913 5 
2255 58942 5 
2256 58971 5 
2257 59000 5 
2258 59027 5 
2259 59054 5 
2260 59081 5 
2261 59111 5 
2262 59137 5 
2263 59166 5 
2264 59192 5 
2265 59221 5 
2266 59247 5 
2267 59273 5 
2268 59300 5 
2269 59327 5 
2270 59350 5 
2271 59375 5 
2272 59396 5 
2273 59416 5 
2274 59443 5 
2275 59466 5 
2276 59493 5 
2277 59516 5 
2278 59537 5 
2279 59559 5 
2280 59581 5 
2281 59602 5 
2282 59628 5 
2283 59654 5 
2284 59679 5 
2285 59708 5 
2286 59734 5 
2287 59760 5 
2288 59786 5 
2289 59813 5 
2290 59842 5 
2291 59864 5 
2292 59887 5 
2293 59906 5 
2294 59930 5 
2295 59955 5 
2296 59974 5 
2297 59997 5 
2298 60023 5 
2299 60049 5 
2300 60072 5 
2301 60093 5 
2302 60118 5 
2303 60139 5 
2304 60167 5 
2305 60195 5 
2306 60223 5 
2307 60238 5 
2308 60265 5 
2309 60284 5 
2310 60308 5 
2311 60318 5 
2312 60341 5 
2313 60350 5 
2314 60375 5 
2315 60400 5 
2316 60426 5 
2317 60454 5 
2318 60483 5 
2319 60509 5 
2320 60535 5 
2321 60561 5 
2322 60587 5 
2323 60616 5 
2324 60642 5 
2325 60671 5 
2326 60692 5 
2327 60717 5 
2328 60742 5 
2329 60762 5 
2330 60779 5 
2331 60797 5 
2332 60823 5 
2333 60848 5 
2334 60870 5 
2335 60896 5 
2336 60918 5 
2337 60939 5 
2338 60965 5 
2339 60991 5 
2340 61020 5 
2341 61046 5 
2342 61072 5 
2343 61098 5 
2344 61127 5 
2345 61153 5 
2346 61180 5 
2347 61201 5 
2348 61228 5 
2349 61249 5 
2350 61267 5 
2351 61290 5 
2352 61308 5 
2353 61334 5 
2354 61360 5 
2355 61385 5 
2356 61407 5 
2357 61429 5 
2358 61450 5 
2359 61488 5 
2360 61525 5 
2361 61562 5 
2362 61597 5 
2363 61632 5 
2364 61667 5 
2365 61700 5 
2366 61731 5 
2367 61763 5 
2368 61794 5 
2369 61825 5 
2370 61856 5 
2371 61886 5 
2372 61916 5 
2373 61945 5 
2374 61974 5 
2375 62001 5 
2376 62028 5 
2377 62056 5 
2378 62082 5 
2379 62112 5 
2380 62138 5 
2381 62166 5 
2382 62193 5 
2383 62222 5 
2384 62246 5 
2385 62271 5 
2386 62296 5 
2387 62323 5 
2388 62348 5 
2389 62372 5 
2390 62396 5 
2391 62420 5 
2392 62444 5 
2393 62466 5 
2394 62479 5 
2395 62501 5 
2396 62527 5 
2397 62548 5 
2398 62584 5 
2399 62620 5 
2400 62654 5 
2401 62688 5 
2402 62722 5 
2403 62752 5 
2404 62784 5 
2405 62813 5 
2406 62842 5 
2407 62873 5 
2408 62901 5 
2409 62928 5 
2410 62957 5 
2411 62985 5 
2412 63013 5 
2413 63040 5 
2414 63069 5 
2415 63098 5 
2416 63128 5 
2417 63154 5 
2418 63176 5 
2419 63201 5 
2420 63227 5 
2421 63255 5 
2422 63282 5 
2423 63307 5 
2424 63334 5 
2425 63361 5 
2426 63388 5 
2427 63413 5 
2428 63436 5 
2429 63459 5 
2430 63485 5 
2431 63508 5 
2432 63520 5 
2433 63546 5 
2434 63571 5 
2435 63607 5 
2436 63642 5 
2437 63675 5 
2438 63708 5 
2439 63741 5 
2440 63773 5 
2441 63804 5 
2442 63835 5 
2443 63866 5 
2444 63896 5 
2445 63926 5 
2446 63955 5 
2447 63983 5 
2448 64011 5 
2449 64038 5 
2450 64067 5 
2451 64097 5 
2452 64125 5 
2453 64151 5 
2454 64177 5 
2455 64203 5 
2456 64228 5 
2457 64256 5 
2458 64281 5 
2459 64307 5 
2460 64331 5 
2461 64355 5 
2462 64382 5 
2463 64407 5 
2464 64430 5 
2465 64453 5 
2466 64476 5 
2467 64499 5 
2468 64511 5 
2469 64537 5 
2470 64558 5 
2471 64593 5 
2472 64627 5 
2473 64661 5 
2474 64694 5 
2475 64727 5 
2476 64759 5 
2477 64790 5 
2478 64821 5 
2479 64852 5 
2480 64882 5 
2481 64912 5 
2482 64941 5 
2483 64969 5 
2484 64997 5 
2485 65024 5 
2486 65053 5 
2487 65083 5 
2488 65111 5 
2489 65137 5 
2490 65164 5 
2491 65189 5 
2492 65218 5 
2493 65242 5 
2494 65267 5 
2495 65293 5 
2496 65317 5 
2497 65341 5 
2498 65368 5 
2499 65393 5 
2500 65416 5 
2501 65439 5 
2502 65462 5 
2503 65485 5 
2504 65497 5 
2505 65523 5 
2506 65544 5 
2507 65578 5 
2508 65611 5 
2509 65644 5 
2510 65676 5 
2511 65707 5 
2512 65738 5 
2513 65769 5 
2514 65799 5 
2515 65829 5 
2516 65858 5 
2517 65886 5 
2518 65914 5 
2519 65941 5 
2520 65970 5 
2521 66000 5 
2522 66028 5 
2523 66054 5 
2524 66080 5 
2525 66106 5 
2526 66131 5 
2527 66159 5 
2528 66184 5 
2529 66210 5 
2530 66234 5 
2531 66258 5 
2532 66285 5 
2533 66310 5 
2534 66333 5 
2535 66356 5 
2536 66379 5 
2537 66402 5 
2538 66414 5 
2539 66440 5 
2540 66461 5 
2541 66492 5 
2542 66523 5 
2543 66556 5 
2544 66588 5 
2545 66617 5 
2546 66648 5 
2547 66679 5 
2548 66707 5 
2549 66737 5 
2550 66766 5 
2551 66794 5 
2552 66822 5 
2553 66849 5 
2554 66878 5 
2555 66908 5 
2556 66936 5 
2557 66959 5 
2558 66981 5 
2559 67008 5 
2560 67033 5 
2561 67061 5 
2562 67088 5 
2563 67114 5 
2564 67138 5 
2565 67162 5 
2566 67189 5 
2567 67216 5 
2568 67242 5 
2569 67268 5 
2570 67295 5 
2571 67318 5 
2572 67330 5 
2573 67356 5 
2574 67377 5 
2575 67411 5 
2576 67444 5 
2577 67476 5 
2578 67507 5 
2579 67536 5 
2580 67564 5 
2581 67594 5 
2582 67624 5 
2583 67653 5 
2584 67682 5 
2585 67712 5 
2586 67739 5 
2587 67768 5 
2588 67798 5 
2589 67826 5 
2590 67848 5 
2591 67874 5 
2592 67900 5 
2593 67925 5 
2594 67953 5 
2595 67978 5 
2596 68004 5 
2597 68028 5 
2598 68054 5 
2599 68081 5 
2600 68108 5 
2601 68135 5 
2602 68158 5 
2603 68181 5 
2604 68204 5 
2605 68214 5 
2606 68240 5 
2607 68265 5 
2608 68297 5 
2609 68330 5 
2610 68362 5 
2611 68393 5 
2612 68424 5 
2613 68455 5 
2614 68484 5 
2615 68514 5 
2616 68543 5 
2617 68571 5 
2618 68599 5 
2619 68626 5 
2620 68654 5 
2621 68681 5 
2622 68707 5 
2623 68734 5 
2624 68760 5 
2625 68787 5 
2626 68812 5 
2627 68837 5 
2628 68862 5 
2629 68888 5 
2630 68912 5 
2631 68936 5 
2632 68961 5 
2633 68985 5 
2634 69008 5 
2635 69031 5 
2636 69054 5 
2637 69077 5 
2638 69091 5 
2639 69113 5 
2640 69134 5 
2641 69165 5 
2642 69196 5 
2643 69227 5 
2644 69258 5 
2645 69289 5 
2646 69320 5 
2647 69349 5 
2648 69378 5 
2649 69406 5 
2650 69434 5 
2651 69461 5 
2652 69490 5 
2653 69518 5 
2654 69544 5 
2655 69571 5 
2656 69597 5 
2657 69623 5 
2658 69649 5 
2659 69673 5 
2660 69701 5 
2661 69728 5 
2662 69753 5 
2663 69781 5 
2664 69805 5 
2665 69830 5 
2666 69853 5 
2667 69877 5 
2668 69904 5 
2669 69927 5 
2670 69939 5 
2671 69960 5 
2672 69981 5 
2673 70010 5 
2674 70041 5 
2675 70072 5 
2676 70103 5 
2677 70133 5 
2678 70163 5 
2679 70192 5 
2680 70218 5 
2681 70246 5 
2682 70275 5 
2683 70305 5 
2684 70333 5 
2685 70362 5 
2686 70388 5 
2687 70414 5 
2688 70442 5 
2689 70469 5 
2690 70489 5 
2691 70516 5 
2692 70541 5 
2693 70566 5 
2694 70593 5 
2695 70618 5 
2696 70644 5 
2697 70667 5 
2698 70691 5 
2699 70703 5 
2700 70728 5 
2701 70754 5 
2702 70780 5 
2703 70801 5 
2704 70832 5 
2705 70862 5 
2706 70893 5 
2707 70923 5 
2708 70954 5 
2709 70984 5 
2710 71012 5 
2711 71040 5 
2712 71070 5 
2713 71100 5 
2714 71129 5 
2715 71155 5 
2716 71182 5 
2717 71209 5 
2718 71236 5 
2719 71263 5 
2720 71288 5 
2721 71315 5 
2722 71339 5 
2723 71367 5 
2724 71392 5 
2725 71413 5 
2726 71436 5 
2727 71460 5 
2728 71483 5 
2729 71498 5 
2730 71524 5 
2731 71546 5 
2732 71568 5 
2733 71590 5 
2734 71615 5 
2735 71646 5 
2736 71676 5 
2737 71707 5 
2738 71737 5 
2739 71767 5 
2740 71796 5 
2741 71824 5 
2742 71852 5 
2743 71879 5 
2744 71908 5 
2745 71938 5 
2746 71964 5 
2747 71991 5 
2748 72020 5 
2749 72046 5 
2750 72071 5 
2751 72097 5 
2752 72126 5 
2753 72150 5 
2754 72176 5 
2755 72200 5 
2756 72224 5 
2757 72248 5 
2758 72272 5 
2759 72296 5 
2760 72323 5 
2761 72346 5 
2762 72369 5 
2763 72381 5 
2764 72407 5 
2765 72428 5 
2766 72459 5 
2767 72486 5 
2768 72517 5 
2769 72548 5 
2770 72573 5 
2771 72602 5 
2772 72631 5 
2773 72659 5 
2774 72688 5 
2775 72718 5 
2776 72746 5 
2777 72773 5 
2778 72800 5 
2779 72829 5 
2780 72854 5 
2781 72881 5 
2782 72907 5 
2783 72936 5 
2784 72961 5 
2785 72989 5 
2786 73014 5 
2787 73038 5 
2788 73053 5 
2789 73079 5 
2790 73102 5 
2791 73114 5 
2792 73140 5 
2793 73167 5 
2794 73188 5 
2795 73213 5 
2796 73246 5 
2797 73277 5 
2798 73308 5 
2799 73338 5 
2800 73367 5 
2801 73394 5 
2802 73422 5 
2803 73450 5 
2804 73476 5 
2805 73505 5 
2806 73534 5 
2807 73561 5 
2808 73588 5 
2809 73614 5 
2810 73643 5 
2811 73669 5 
2812 73695 5 
2813 73719 5 
2814 73745 5 
2815 73770 5 
2816 73799 5 
2817 73819 5 
2818 73838 5 
2819 73861 5 
2820 73884 5 
2821 73906 5 
2822 73928 5 
2823 73950 5 
2824 73976 5 
2825 73997 5 
2826 74027 5 
2827 74055 5 
2828 74085 5 
2829 74113 5 
2830 74141 5 
2831 74171 5 
2832 74200 5 
2833 74227 5 
2834 74253 5 
2835 74280 5 
2836 74309 5 
2837 74338 5 
2838 74365 5 
2839 74391 5 
2840 74416 5 
2841 74442 5 
2842 74468 5 
2843 74494 5 
2844 74520 5 
2845 74538 5 
2846 74558 5 
2847 74577 5 
2848 74603 5 
2849 74625 5 
2850 74648 5 
2851 74674 5 
2852 74697 5 
2853 74722 5 
2854 74743 5 
2855 74772 5 
2856 74801 5 
2857 74831 5 
2858 74859 5 
2859 74887 5 
2860 74916 5 
2861 74944 5 
2862 74973 5 
2863 75001 5 
2864 75027 5 
2865 75052 5 
2866 75077 5 
2867 75104 5 
2868 75129 5 
2869 75154 5 
2870 75179 5 
2871 75205 5 
2872 75229 5 
2873 75253 5 
2874 75276 5 
2875 75300 5 
2876 75324 5 
2877 75348 5 
2878 75362 5 
2879 75384 5 
2880 75406 5 
2881 75428 5 
2882 75449 5 
2883 75477 5 
2884 75507 5 
2885 75535 5 
2886 75564 5 
2887 75593 5 
2888 75621 5 
2889 75650 5 
2890 75679 5 
2891 75704 5 
2892 75731 5 
2893 75758 5 
2894 75783 5 
2895 75811 5 
2896 75837 5 
2897 75866 5 
2898 75890 5 
2899 75915 5 
2900 75940 5 
2901 75967 5 
2902 75990 5 
2903 76013 5 
2904 76040 5 
2905 76067 5 
2906 76091 5 
2907 76114 5 
2908 76137 5 
2909 76159 5 
2910 76169 5 
2911 76196 5 
2912 76224 5 
2913 76253 5 
2914 76282 5 
2915 76310 5 
2916 76338 5 
2917 76366 5 
2918 76394 5 
2919 76420 5 
2920 76446 5 
2921 76474 5 
2922 76501 5 
2923 76526 5 
2924 76551 5 
2925 76578 5 
2926 76605 5 
2927 76630 5 
2928 76658 5 
2929 76685 5 
2930 76710 5 
2931 76733 5 
2932 76758 5 
2933 76780 5 
2934 76803 5 
2935 76826 5 
2936 76848 5 
2937 76858 5 
2938 76890 5 
2939 76920 5 
2940 76950 5 
2941 76978 5 
2942 77007 5 
2943 77036 5 
2944 77062 5 
2945 77091 5 
2946 77117 5 
2947 77146 5 
2948 77172 5 
2949 77198 5 
2950 77225 5 
2951 77250 5 
2952 77279 5 
2953 77305 5 
2954 77331 5 
2955 77357 5 
2956 77382 5 
2957 77408 5 
2958 77428 5 
2959 77447 5 
2960 77474 5 
2961 77497 5 
2962 77519 5 
2963 77545 5 
2964 77567 5 
2965 77588 5 
2966 77609 5 
2967 77642 5 
2968 77674 5 
2969 77704 5 
2970 77734 5 
2971 77762 5 
2972 77791 5 
2973 77818 5 
2974 77845 5 
2975 77872 5 
2976 77901 5 
2977 77931 5 
2978 77958 5 
2979 77984 5 
2980 78010 5 
2981 78038 5 
2982 78064 5 
2983 78091 5 
2984 78118 5 
2985 78141 5 
2986 78170 5 
2987 78191 5 
2988 78215 5 
2989 78238 5 
2990 78256 5 
2991 78279 5 
2992 78302 5 
2993 78324 5 
2994 78346 5 
2995 78372 5 
2996 78393 5 
2997 78421 5 
2998 78450 5 
2999 78480 5 
3000 78510 5 
3001 78538 5 
3002 78566 5 
3003 78594 5 
3004 78623 5 
3005 78648 5 
3006 78677 5 
3007 78702 5 
3008 78727 5 
3009 78755 5 
3010 78781 5 
3011 78809 5 
3012 78833 5 
3013 78853 5 
3014 78878 5 
3015 78903 5 
3016 78927 5 
3017 78954 5 
3018 78981 5 
3019 79005 5 
3020 79021 5 
3021 79043 5 
3022 79065 5 
3023 79086 5 
3024 79111 5 
3025 79140 5 
3026 79166 5 
3027 79192 5 
3028 79221 5 
3029 79250 5 
3030 79279 5 
3031 79307 5 
3032 79334 5 
3033 79358 5 
3034 79386 5 
3035 79410 5 
3036 79437 5 
3037 79462 5 
3038 79487 5 
3039 79512 5 
3040 79537 5 
3041 79554 5 
3042 79581 5 
3043 79606 5 
3044 79630 5 
3045 79653 5 
3046 79669 5 
3047 79695 5 
3048 79721 5 
3049 79743 5 
3050 79764 5 
3051 79792 5 
3052 79820 5 
3053 79845 5 
3054 79874 5 
3055 79903 5 
3056 79931 5 
3057 79958 5 
3058 79982 5 
3059 80008 5 
3060 80036 5 
3061 80064 5 
3062 80089 5 
3063 80115 5 
3064 80141 5 
3065 80167 5 
3066 80185 5 
3067 80205 5 
3068 80232 5 
3069 80255 5 
3070 80272 5 
3071 80296 5 
3072 80319 5 
3073 80345 5 
3074 80367 5 
3075 80393 5 
3076 80414 5 
3077 80441 5 
3078 80470 5 
3079 80498 5 
3080 80527 5 
3081 80556 5 
3082 80581 5 
3083 80607 5 
3084 80636 5 
3085 80662 5 
3086 80691 5 
3087 80714 5 
3088 80740 5 
3089 80766 5 
3090 80788 5 
3091 80815 5 
3092 80837 5 
3093 80862 5 
3094 80886 5 
3095 80909 5 
3096 80935 5 
3097 80952 5 
3098 80978 5 
3099 81000 5 
3100 81022 5 
3101 81048 5 
3102 81069 5 
3103 81095 5 
3104 81123 5 
3105 81153 5 
3106 81181 5 
3107 81211 5 
3108 81239 5 
3109 81263 5 
3110 81291 5 
3111 81320 5 
3112 81342 5 
3113 81367 5 
3114 81393 5 
3115 81418 5 
3116 81438 5 
3117 81463 5 
3118 81480 5 
3119 81499 5 
3120 81525 5 
3121 81547 5 
3122 81571 5 
3123 81594 5 
3124 81620 5 
3125 81646 5 
3126 81668 5 
3127 81689 5 
3128 81719 5 
3129 81749 5 
3130 81777 5 
3131 81806 5 
3132 81833 5 
3133 81862 5 
3134 81889 5 
3135 81916 5 
3136 81946 5 
3137 81972 5 
3138 81998 5 
3139 82024 5 
3140 82051 5 
3141 82079 5 
3142 82106 5 
3143 82133 5 
3144 82156 5 
3145 82178 5 
3146 82202 5 
3147 82230 5 
3148 82249 5 
3149 82273 5 
3150 82295 5 
3151 82317 5 
3152 82343 5 
3153 82365 5 
3154 82387 5 
3155 82408 5 
3156 82435 5 
3157 82465 5 
3158 82494 5 
3159 82522 5 
3160 82547 5 
3161 82576 5 
3162 82602 5 
3163 82631 5 
3164 82660 5 
3165 82687 5 
3166 82709 5 
3167 82735 5 
3168 82761 5 
3169 82788 5 
3170 82809 5 
3171 82828 5 
3172 82853 5 
3173 82872 5 
3174 82894 5 
3175 82919 5 
3176 82945 5 
3177 82967 5 
3178 82989 5 
3179 83015 5 
3180 83036 5 
3181 83063 5 
3182 83091 5 
3183 83120 5 
3184 83149 5 
3185 83178 5 
3186 83203 5 
3187 83229 5 
3188 83258 5 
3189 83284 5 
3190 83310 5 
3191 83339 5 
3192 83362 5 
3193 83390 5 
3194 83415 5 
3195 83437 5 
3196 83457 5 
3197 83482 5 
3198 83508 5 
3199 83532 5 
3200 83556 5 
3201 83573 5 
3202 83596 5 
3203 83621 5 
3204 83643 5 
3205 83665 5 
3206 83690 5 
3207 83716 5 
3208 83743 5 
3209 83771 5 
3210 83797 5 
3211 83825 5 
3212 83854 5 
3213 83881 5 
3214 83906 5 
3215 83929 5 
3216 83956 5 
3217 83981 5 
3218 84006 5 
3219 84032 5 
3220 84052 5 
3221 84079 5 
3222 84106 5 
3223 84131 5 
3224 84154 5 
3225 84171 5 
3226 84193 5 
3227 84219 5 
3228 84244 5 
3229 84266 5 
3230 84287 5 
3231 84316 5 
3232 84342 5 
3233 84368 5 
3234 84397 5 
3235 84425 5 
3236 84451 5 
3237 84480 5 
3238 84509 5 
3239 84532 5 
3240 84558 5 
3241 84583 5 
3242 84604 5 
3243 84630 5 
3244 84655 5 
3245 84676 5 
3246 84701 5 
3247 84724 5 
3248 84750 5 
3249 84767 5 
3250 84789 5 
3251 84812 5 
3252 84837 5 
3253 84859 5 
3254 84884 5 
3255 84914 5 
3256 84942 5 
3257 84971 5 
3258 84998 5 
3259 85028 5 
3260 85055 5 
3261 85082 5 
3262 85111 5 
3263 85137 5 
3264 85163 5 
3265 85189 5 
3266 85218 5 
3267 85244 5 
3268 85271 5 
3269 85298 5 
3270 85321 5 
3271 85346 5 
3272 85367 5 
3273 85387 5 
3274 85414 5 
3275 85441 5 
3276 85465 5 
3277 85487 5 
3278 85508 5 
3279 85530 5 
3280 85552 5 
3281 85573 5 
3282 85599 5 
3283 85628 5 
3284 85657 5 
3285 85683 5 
3286 85711 5 
3287 85740 5 
3288 85766 5 
3289 85792 5 
3290 85818 5 
3291 85844 5 
3292 85869 5 
3293 85895 5 
3294 85916 5 
3295 85937 5 
3296 85962 5 
3297 85987 5 
3298 86014 5 
3299 86037 5 
3300 86064 5 
3301 86087 5 
3302 86103 5 
3303 86128 5 
3304 86150 5 
3305 86176 5 
3306 86197 5 
3307 86223 5 
3308 86249 5 
3309 86278 5 
3310 86303 5 
3311 86329 5 
3312 86358 5 
3313 86384 5 
3314 86411 5 
3315 86440 5 
3316 86462 5 
3317 86483 5 
3318 86509 5 
3319 86534 5 
3320 86555 5 
3321 86580 5 
3322 86607 5 
3323 86625 5 
3324 86648 5 
3325 86674 5 
3326 86697 5 
3327 86718 5 
3328 86739 5 
3329 86764 5 
3330 86790 5 
3331 86819 5 
3332 86844 5 
3333 86870 5 
3334 86899 5 
3335 86925 5 
3336 86951 5 
3337 86977 5 
3338 87004 5 
3339 87031 5 
3340 87053 5 
3341 87079 5 
3342 87101 5 
3343 87120 5 
3344 87146 5 
3345 87165 5 
3346 87191 5 
3347 87214 5 
3348 87240 5 
3349 87262 5 
3350 87284 5 
3351 87309 5 
3352 87330 5 
3353 87356 5 
3354 87382 5 
3355 87411 5 
3356 87437 5 
3357 87466 5 
3358 87492 5 
3359 87518 5 
3360 87547 5 
3361 87572 5 
3362 87598 5 
3363 87623 5 
3364 87650 5 
3365 87670 5 
3366 87691 5 
3367 87716 5 
3368 87733 5 
3369 87758 5 
3370 87780 5 
3371 87806 5 
3372 87829 5 
3373 87850 5 
3374 87876 5 
3375 87897 5 
3376 87923 5 
3377 87949 5 
3378 87977 5 
3379 88006 5 
3380 88032 5 
3381 88058 5 
3382 88084 5 
3383 88110 5 
3384 88136 5 
3385 88159 5 
3386 88185 5 
3387 88211 5 
3388 88232 5 
3389 88257 5 
3390 88285 5 
3391 88302 5 
3392 88320 5 
3393 88346 5 
3394 88372 5 
3395 88397 5 
3396 88420 5 
3397 88441 5 
3398 88462 5 
3399 88478 5 
3400 88505 5 
3401 88532 5 
3402 88559 5 
3403 88577 5 
3404 88604 5 
3405 88633 5 
3406 88644 5 
3407 88667 5 
3408 88676 5 
3409 88701 5 
3410 88726 5 
3411 88755 5 
3412 88783 5 
3413 88811 5 
3414 88838 5 
3415 88865 5 
3416 88895 5 
3417 88924 5 
3418 88950 5 
3419 88979 5 
3420 89005 5 
3421 89031 5 
3422 89057 5 
3423 89082 5 
3424 89109 5 
3425 89134 5 
3426 89159 5 
3427 89180 5 
3428 89200 5 
3429 89227 5 
3430 89254 5 
3431 89277 5 
3432 89299 5 
3433 89321 5 
3434 89343 5 
3435 89365 5 
3436 89386 5 
3437 89412 5 
3438 89438 5 
3439 89467 5 
3440 89493 5 
3441 89519 5 
3442 89548 5 
3443 89574 5 
3444 89600 5 
3445 89624 5 
3446 89650 5 
3447 89670 5 
3448 89696 5 
3449 89716 5 
3450 89733 5 
3451 89755 5 
3452 89781 5 
3453 89806 5 
3454 89829 5 
3455 89855 5 
3456 89876 5 
3457 89897 5 
3458 89934 5 
3459 89968 5 
3460 90002 5 
3461 90036 5 
3462 90070 5 
3463 90102 5 
3464 90134 5 
3465 90163 5 
3466 90194 5 
3467 90223 5 
3468 90251 5 
3469 90279 5 
3470 90306 5 
3471 90334 5 
3472 90363 5 
3473 90390 5 
3474 90419 5 
3475 90443 5 
3476 90468 5 
3477 90496 5 
3478 90525 5 
3479 90554 5 
3480 90581 5 
3481 90605 5 
3482 90630 5 
3483 90657 5 
3484 90684 5 
3485 90711 5 
3486 90736 5 
3487 90759 5 
3488 90786 5 
3489 90810 5 
3490 90832 5 
3491 90858 5 
3492 90870 5 
3493 90896 5 
3494 90921 5 
3495 90957 5 
3496 90992 5 
3497 91027 5 
3498 91062 5 
3499 91093 5 
3500 91125 5 
3501 91157 5 
3502 91186 5 
3503 91217 5 
3504 91246 5 
3505 91274 5 
3506 91302 5 
3507 91329 5 
3508 91357 5 
3509 91386 5 
3510 91413 5 
3511 91442 5 
3512 91468 5 
3513 91491 5 
3514 91519 5 
3515 91548 5 
3516 91577 5 
3517 91604 5 
3518 91630 5 
3519 91653 5 
3520 91680 5 
3521 91707 5 
3522 91734 5 
3523 91759 5 
3524 91782 5 
3525 91809 5 
3526 91833 5 
3527 91855 5 
3528 91881 5 
3529 91893 5 
3530 91919 5 
3531 91944 5 
3532 91979 5 
3533 92014 5 
3534 92045 5 
3535 92077 5 
3536 92109 5 
3537 92138 5 
3538 92169 5 
3539 92198 5 
3540 92226 5 
3541 92254 5 
3542 92281 5 
3543 92309 5 
3544 92338 5 
3545 92365 5 
3546 92394 5 
3547 92420 5 
3548 92443 5 
3549 92471 5 
3550 92500 5 
3551 92529 5 
3552 92556 5 
3553 92580 5 
3554 92605 5 
3555 92632 5 
3556 92659 5 
3557 92686 5 
3558 92711 5 
3559 92734 5 
3560 92761 5 
3561 92785 5 
3562 92807 5 
3563 92833 5 
3564 92860 5 
3565 92871 5 
3566 92896 5 
3567 92926 6 
3568 92961 6 
3569 92990 6 
3570 93022 6 
3571 93054 6 
3572 93081 6 
3573 93112 6 
3574 93139 6 
3575 93165 6 
3576 93193 6 
3577 93218 6 
3578 93246 6 
3579 93275 6 
3580 93302 6 
3581 93331 6 
3582 93352 6 
3583 93373 6 
3584 93401 6 
3585 93430 6 
3586 93459 6 
3587 93487 6 
3588 93505 6 
3589 93532 6 
3590 93559 6 
3591 93586 6 
3592 93613 6 
3593 93640 6 
3594 93666 6 
3595 93693 6 
3596 93720 6 
3597 93746 6 
3598 93772 6 
3599 93783 7 
3600 93809 7 
3601 93834 7 
3602 93870 7 
3603 93902 7 
3604 93935 7 
3605 93966 7 
3606 93998 7 
3607 94027 7 
3608 94058 7 
3609 94087 7 
3610 94115 7 
3611 94143 7 
3612 94170 7 
3613 94198 7 
3614 94227 7 
3615 94254 7 
3616 94283 7 
3617 94309 7 
3618 94332 7 
3619 94360 7 
3620 94389 7 
3621 94418 7 
3622 94445 7 
3623 94469 7 
3624 94494 7 
3625 94521 7 
3626 94548 7 
3627 94575 7 
3628 94600 7 
3629 94623 7 
3630 94650 7 
3631 94674 7 
3632 94696 7 
3633 94722 7 
3634 94734 7 
3635 94760 7 
3636 94785 7 
3637 94817 7 
3638 94847 7 
3639 94877 7 
3640 94904 7 
3641 94933 7 
3642 94957 8 
3643 94981 8 
3644 95008 8 
3645 95033 8 
3646 95059 8 
3647 95086 8 
3648 95113 8 
3649 95140 8 
3650 95158 8 
3651 95177 8 
3652 95203 8 
3653 95230 8 
3654 95257 8 
3655 95282 8 
3656 95304 8 
3657 95327 8 
3658 95352 8 
3659 95377 8 
3660 95400 8 
3661 95421 8 
3662 95446 8 
3663 95470 8 
3664 95494 8 
3665 95518 8 
3666 95527 8 
3667 95551 8 
3668 95582 8 
3669 95614 8 
3670 95643 8 
3671 95674 8 
3672 95703 8 
3673 95731 8 
3674 95759 8 
3675 95786 8 
3676 95814 8 
3677 95843 8 
3678 95870 8 
3679 95899 8 
3680 95925 8 
3681 95948 8 
3682 95976 8 
3683 96005 8 
3684 96034 8 
3685 96059 8 
3686 96085 8 
3687 96110 8 
3688 96137 8 
3689 96164 8 
3690 96191 8 
3691 96216 8 
3692 96239 8 
3693 96266 8 
3694 96290 8 
3695 96312 8 
3696 96338 8 
3697 96350 8 
3698 96376 8 
3699 96401 8 
3700 96432 8 
3701 96463 8 
3702 96492 8 
3703 96521 8 
3704 96552 8 
3705 96580 8 
3706 96608 8 
3707 96637 8 
3708 96667 8 
3709 96695 8 
3710 96724 8 
3711 96748 8 
3712 96774 8 
3713 96797 8 
3714 96826 8 
3715 96853 8 
3716 96878 8 
3717 96903 8 
3718 96930 8 
3719 96958 8 
3720 96983 8 
3721 97011 8 
3722 97038 8 
3723 97062 8 
3724 97089 8 
3725 97116 8 
3726 97142 8 
3727 97169 8 
3728 97192 8 
3729 97214 8 
3730 97225 8 
3731 97250 8 
3732 97275 8 
3733 97304 8 
3734 97333 8 
3735 97361 8 
3736 97385 8 
3737 97410 8 
3738 97437 8 
3739 97464 8 
3740 97490 8 
3741 97517 8 
3742 97544 8 
3743 97568 8 
3744 97587 8 
3745 97613 8 
3746 97640 8 
3747 97667 8 
3748 97692 8 
3749 97718 8 
3750 97743 8 
3751 97758 8 
3752 97783 8 
3753 97806 8 
3754 97831 8 
3755 97853 8 
3756 97874 8 
3757 97898 8 
3758 97908 8 
3759 97932 8 
3760 97955 8 
3761 97986 8 
3762 98014 8 
3763 98044 8 
3764 98073 8 
3765 98102 8 
3766 98130 8 
3767 98158 8 
3768 98186 8 
3769 98211 8 
3770 98236 8 
3771 98265 8 
3772 98294 8 
3773 98323 8 
3774 98348 8 
3775 98375 8 
3776 98403 8 
3777 98428 8 
3778 98455 8 
3779 98483 8 
3780 98509 8 
3781 98533 8 
3782 98560 8 
3783 98585 8 
3784 98608 8 
3785 98635 8 
3786 98659 8 
3787 98682 8 
3788 98708 8 
3789 98720 8 
3790 98746 8 
3791 98771 8 
3792 98800 8 
3793 98829 8 
3794 98856 8 
3795 98884 8 
3796 98913 8 
3797 98937 8 
3798 98964 8 
3799 98991 8 
3800 99018 8 
3801 99037 8 
3802 99060 8 
3803 99087 8 
3804 99114 8 
3805 99140 8 
3806 99163 8 
3807 99187 8 
3808 99212 8 
3809 99237 8 
3810 99264 8 
3811 99289 8 
3812 99303 8 
3813 99328 8 
3814 99351 8 
3815 99372 8 
3816 99396 8 
3817 99407 8 
3818 99430 8 
3819 99453 8 
3820 99477 8 
3821 99502 8 
3822 99529 8 
3823 99556 8 
3824 99583 8 
3825 99611 8 
3826 99634 8 
3827 99660 8 
3828 99687 8 
3829 99714 8 
3830 99739 8 
3831 99761 8 
3832 99787 8 
3833 99814 8 
3834 99839 8 
3835 99865 8 
3836 99890 8 
3837 99917 8 
3838 99942 8 
3839 99967 8 
3840 99989 8 
3841 100012 8 
3842 100038 8 
3843 100063 8 
3844 100073 8 
3845 100084 8 
3846 100108 8 
3847 100131 8 
3848 100154 8 
3849 100183 8 
3850 100212 8 
3851 100241 8 
3852 100270 8 
3853 100298 8 
3854 100328 8 
3855 100356 8 
3856 100381 8 
3857 100408 8 
3858 100435 8 
3859 100462 8 
3860 100490 8 
3861 100519 8 
3862 100544 8 
3863 100572 8 
3864 100597 8 
3865 100622 8 
3866 100646 8 
3867 100671 8 
3868 100694 8 
3869 100718 8 
3870 100745 8 
3871 100769 8 
3872 100792 8 
3873 100805 8 
3874 100831 8 
3875 100853 8 
3876 100874 8 
3877 100903 8 
3878 100932 8 
3879 100953 8 
3880 100981 8 
3881 101009 8 
3882 101036 8 
3883 101061 8 
3884 101078 8 
3885 101103 8 
3886 101129 8 
3887 101156 8 
3888 101183 8 
3889 101207 8 
3890 101232 8 
3891 101258 8 
3892 101278 8 
3893 101303 8 
3894 101325 8 
3895 101351 8 
3896 101374 8 
3897 101395 8 
3898 101419 8 
3899 101431 8 
3900 101456 8 
3901 101479 8 
3902 101502 8 
3903 101525 8 
3904 101553 8 
3905 101582 8 
3906 101611 8 
3907 101640 8 
3908 101666 8 
3909 101694 8 
3910 101723 8 
3911 101750 8 
3912 101774 8 
3913 101803 8 
3914 101830 8 
3915 101858 8 
3916 101884 8 
3917 101905 8 
3918 101932 8 
3919 101959 8 
3920 101984 8 
3921 102011 8 
3922 102038 8 
3923 102066 8 
3924 102093 8 
3925 102116 8 
3926 102142 8 
3927 102169 8 
3928 102196 8 
3929 102219 8 
3930 102241 8 
3931 102251 8 
3932 102282 8 
3933 102313 8 
3934 102343 8 
3935 102372 8 
3936 102400 8 
3937 102428 8 
3938 102456 8 
3939 102482 8 
3940 102511 8 
3941 102540 8 
3942 102567 8 
3943 102595 8 
3944 102622 8 
3945 102651 8 
3946 102677 8 
3947 102705 8 
3948 102729 8 
3949 102755 8 
3950 102780 8 
3951 102797 8 
3952 102825 8 
3953 102844 8 
3954 102870 8 
3955 102896 8 
3956 102919 8 
3957 102941 8 
3958 102962 8 
3959 102988 8 
3960 103013 8 
3961 103041 8 
3962 103068 8 
3963 103097 8 
3964 103123 8 
3965 103151 8 
3966 103180 8 
3967 103209 8 
3968 103232 8 
3969 103259 8 
3970 103286 8 
3971 103311 8 
3972 103340 8 
3973 103368 8 
3974 103389 8 
3975 103417 8 
3976 103442 8 
3977 103468 8 
3978 103495 8 
3979 103522 8 
3980 103549 8 
3981 103576 8 
3982 103599 8 
3983 103626 8 
3984 103653 8 
3985 103676 8 
3986 103698 8 
3987 103708 8 
3988 103740 8 
3989 103768 8 
3990 103798 8 
3991 103827 8 
3992 103856 8 
3993 103883 8 
3994 103910 8 
3995 103937 8 
3996 103966 8 
3997 103993 8 
3998 104022 8 
3999 104050 8 
4000 104076 8 
4001 104105 8 
4002 104133 8 
4003 104160 8 
4004 104184 8 
4005 104203 8 
4006 104228 8 
4007 104252 8 
4008 104279 8 
4009 104307 8 
4010 104325 8 
4011 104351 8 
4012 104373 8 
4013 104396 8 
4014 104417 8 
4015 104443 8 
4016 104468 8 
4017 104497 8 
4018 104523 8 
4019 104547 8 
4020 104573 8 
4021 104602 8 
4022 104631 8 
4023 104659 8 
4024 104688 8 
4025 104712 8 
4026 104732 8 
4027 104759 8 
4028 104784 8 
4029 104812 8 
4030 104838 8 
4031 104862 8 
4032 104889 8 
4033 104906 8 
4034 104933 8 
4035 104958 8 
4036 104982 8 
4037 105008 8 
4038 105024 8 
4039 105050 8 
4040 105076 8 
4041 105101 8 
4042 105126 8 
4043 105152 8 
4044 105178 8 
4045 105198 8 
4046 105224 8 
4047 105248 8 
4048 105274 8 
4049 105289 8 
4050 105316 8 
4051 105341 8 
4052 105364 8 
4053 105390 8 
4054 105415 8 
4055 105440 8 
4056 105463 8 
4057 105485 8 
4058 105510 8 
4059 105531 8 
4060 105556 8 
4061 105568 8 
4062 105592 8 
4063 105616 8 
4064 105639 8 
4065 105662 8 
4066 105692 8 
4067 105722 8 
4068 105750 8 
4069 105779 8 
4070 105807 8 
4071 105834 8 
4072 105861 8 
4073 105890 8 
4074 105918 8 
4075 105948 8 
4076 105976 8 
4077 106003 8 
4078 106029 8 
4079 106057 8 
4080 106085 8 
4081 106111 8 
4082 106134 8 
4083 106152 8 
4084 106176 8 
4085 106204 8 
4086 106228 8 
4087 106246 8 
4088 106269 8 
4089 106294 8 
4090 106320 8 
4091 106342 8 
4092 106367 8 
4093 106392 8 
4094 106424 8 
4095 106454 8 
4096 106484 8 
4097 106512 8 
4098 106541 8 
4099 106570 8 
4100 106597 8 
4101 106623 8 
4102 106652 8 
4103 106681 8 
4104 106707 8 
4105 106735 8 
4106 106762 8 
4107 106791 8 
4108 106819 8 
4109 106844 8 
4110 106870 8 
4111 106896 8 
4112 106921 8 
4113 106949 8 
4114 106969 8 
4115 106984 8 
4116 107011 8 
4117 107034 8 
4118 107060 8 
4119 107082 8 
4120 107108 8 
4121 107129 8 
4122 107154 8 
4123 107186 8 
4124 107216 8 
4125 107246 8 
4126 107274 8 
4127 107303 8 
4128 107331 8 
4129 107358 8 
4130 107385 8 
4131 107415 8 
4132 107444 8 
4133 107471 8 
4134 107499 8 
4135 107527 8 
4136 107553 8 
4137 107581 8 
4138 107609 8 
4139 107635 8 
4140 107658 8 
4141 107676 8 
4142 107700 8 
4143 107728 8 
4144 107754 8 
4145 107772 8 
4146 107795 8 
4147 107818 8 
4148 107840 8 
4149 107865 8 
4150 107891 8 
4151 107916 8 
4152 107943 8 
4153 107974 8 
4154 108003 8 
4155 108031 8 
4156 108061 8 
4157 108090 8 
4158 108115 8 
4159 108144 8 
4160 108170 8 
4161 108199 8 
4162 108227 8 
4163 108250 8 
4164 108277 8 
4165 108305 8 
4166 108332 8 
4167 108354 8 
4168 108379 8 
4169 108407 8 
4170 108423 8 
4171 108438 8 
4172 108460 8 
4173 108486 8 
4174 108511 8 
4175 108536 8 
4176 108561 8 
4177 108587 8 
4178 108612 8 
4179 108638 8 
4180 108665 8 
4181 108689 8 
4182 108717 8 
4183 108746 8 
4184 108774 8 
4185 108795 8 
4186 108823 8 
4187 108849 8 
4188 108877 8 
4189 108904 8 
4190 108928 8 
4191 108956 8 
4192 108973 8 
4193 108990 8 
4194 109017 8 
4195 109043 8 
4196 109060 8 
4197 109084 8 
4198 109107 8 
4199 109133 8 
4200 109158 8 
4201 109184 8 
4202 109209 8 
4203 109236 8 
4204 109265 8 
4205 109293 8 
4206 109323 8 
4207 109348 8 
4208 109374 8 
4209 109403 8 
4210 109431 8 
4211 109460 8 
4212 109488 8 
4213 109510 8 
4214 109538 8 
4215 109558 8 
4216 109583 8 
4217 109610 8 
4218 109631 8 
4219 109656 8 
4220 109679 8 
4221 109693 8 
4222 109719 8 
4223 109744 8 
4224 109769 8 
4225 109794 8 
4226 109820 8 
4227 109845 8 
4228 109875 8 
4229 109903 8 
4230 109932 8 
4231 109960 8 
4232 109988 8 
4233 110014 8 
4234 110043 8 
4235 110072 8 
4236 110098 8 
4237 110126 8 
4238 110153 8 
4239 110182 8 
4240 110210 8 
4241 110235 8 
4242 110261 8 
4243 110280 8 
4244 110305 8 
4245 110332 8 
4246 110356 8 
4247 110375 8 
4248 110402 8 
4249 110425 8 
4250 110451 8 
4251 110473 8 
4252 110499 8 
4253 110520 8 
4254 110545 8 
4255 110575 8 
4256 110603 8 
4257 110632 8 
4258 110660 8 
4259 110687 8 
4260 110716 8 
4261 110743 8 
4262 110771 8 
4263 110800 8 
4264 110829 8 
4265 110855 8 
4266 110882 8 
4267 110910 8 
4268 110937 8 
4269 110957 8 
4270 110983 8 
4271 111005 8 
4272 111029 8 
4273 111056 8 
4274 111081 8 
4275 111099 8 
4276 111121 8 
4277 111147 8 
4278 111169 8 
4279 111195 8 
4280 111220 8 
4281 111245 8 
4282 111275 8 
4283 111303 8 
4284 111332 8 
4285 111360 8 
4286 111387 8 
4287 111414 8 
4288 111443 8 
4289 111472 8 
4290 111499 8 
4291 111527 8 
4292 111556 8 
4293 111582 8 
4294 111610 8 
4295 111637 8 
4296 111664 8 
4297 111687 8 
4298 111705 8 
4299 111732 8 
4300 111756 8 
4301 111783 8 
4302 111801 8 
4303 111824 8 
4304 111847 8 
4305 111872 8 
4306 111894 8 
4307 111920 8 
4308 111945 8 
4309 111971 8 
4310 112000 8 
4311 112029 8 
4312 112055 8 
4313 112084 8 
4314 112110 8 
4315 112139 8 
4316 112168 8 
4317 112197 8 
4318 112223 8 
4319 112248 8 
4320 112276 8 
4321 112297 8 
4322 112321 8 
4323 112347 8 
4324 112364 8 
4325 112391 8 
4326 112406 8 
4327 112431 8 
4328 112453 8 
4329 112479 8 
4330 112504 8 
4331 112529 8 
4332 112555 8 
4333 112580 8 
4334 112606 8 
4335 112632 8 
4336 112661 8 
4337 112686 8 
4338 112715 8 
4339 112741 8 
4340 112770 8 
4341 112798 8 
4342 112825 8 
4343 112847 8 
4344 112873 8 
4345 112901 8 
4346 112923 8 
4347 112940 8 
4348 112966 8 
4349 112981 8 
4350 113007 8 
4351 113030 8 
4352 113055 8 
4353 113081 8 
4354 113106 8 
4355 113131 8 
4356 113156 8 
4357 113186 8 
4358 113214 8 
4359 113243 8 
4360 113271 8 
4361 113298 8 
4362 113325 8 
4363 113355 8 
4364 113383 8 
4365 113412 8 
4366 113438 8 
4367 113464 8 
4368 113493 8 
4369 113521 8 
4370 113548 8 
4371 113575 8 
4372 113598 8 
4373 113623 8 
4374 113644 8 
4375 113660 8 
4376 113687 8 
4377 113714 8 
4378 113740 8 
4379 113765 8 
4380 113791 8 
4381 113814 8 
4382 113835 8 
4383 113856 8 
4384 113882 8 
4385 113911 8 
4386 113937 8 
4387 113966 8 
4388 113995 8 
4389 114021 8 
4390 114047 8 
4391 114076 8 
4392 114105 8 
4393 114130 8 
4394 114158 8 
4395 114183 8 
4396 114208 8 
4397 114228 8 
4398 114245 8 
4399 114272 8 
4400 114295 8 
4401 114321 8 
4402 114334 8 
4403 114359 8 
4404 114385 8 
4405 114410 8 
4406 114436 8 
4407 114461 8 
4408 114487 8 
4409 114513 8 
4410 114538 8 
4411 114567 8 
4412 114593 8 
4413 114622 8 
4414 114648 8 
4415 114675 8 
4416 114704 8 
4417 114726 8 
4418 114744 8 
4419 114769 8 
4420 114790 8 
4421 114817 8 
4422 114832 8 
4423 114855 8 
4424 114881 8 
4425 114906 8 
4426 114932 8 
4427 114957 8 
4428 114982 8 
4429 115007 8 
4430 115035 8 
4431 115064 8 
4432 115092 8 
4433 115119 8 
4434 115148 8 
4435 115175 8 
4436 115204 8 
4437 115230 8 
4438 115259 8 
4439 115285 8 
4440 115314 8 
4441 115342 8 
4442 115370 8 
4443 115396 8 
4444 115422 8 
4445 115444 8 
4446 115461 8 
4447 115481 8 
4448 115507 8 
4449 115534 8 
4450 115560 8 
4451 115586 8 
4452 115612 8 
4453 115634 8 
4454 115656 8 
4455 115677 8 
4456 115691 8 
4457 115718 8 
4458 115745 8 
4459 115772 8 
4460 115796 8 
4461 115825 8 
4462 115852 8 
4463 115861 8 
4464 115888 8 
4465 115895 8 
4466 115920 8 
4467 115945 8 
4468 115974 8 
4469 116003 8 
4470 116031 8 
4471 116058 8 
4472 116085 8 
4473 116114 8 
4474 116144 8 
4475 116172 8 
4476 116198 8 
4477 116227 8 
4478 116253 8 
4479 116281 8 
4480 116306 8 
4481 116332 8 
4482 116358 8 
4483 116380 8 
4484 116404 8 
4485 116420 8 
4486 116447 8 
4487 116473 8 
4488 116500 8 
4489 116523 8 
4490 116544 8 
4491 116570 8 
4492 116595 8 
4493 116616 8 
4494 116645 8 
4495 116673 8 
4496 116700 8 
4497 116727 8 
4498 116756 8 
4499 116785 8 
4500 116814 8 
4501 116840 8 
4502 116869 8 
4503 116895 8 
4504 116923 8 
4505 116948 8 
4506 116974 8 
4507 117000 8 
4508 117022 8 
4509 117039 8 
4510 117062 8 
4511 117089 8 
4512 117115 8 
4513 117141 8 
4514 117167 8 
4515 117189 8 
4516 117211 8 
4517 117237 8 
4518 117258 8 
4519 117294 8 
4520 117330 8 
4521 117364 8 
4522 117398 8 
4523 117431 8 
4524 117464 8 
4525 117496 8 
4526 117527 8 
4527 117558 8 
4528 117589 8 
4529 117620 8 
4530 117648 8 
4531 117677 8 
4532 117705 8 
4533 117734 8 
4534 117761 8 
4535 117789 8 
4536 117815 8 
4537 117844 8 
4538 117870 8 
4539 117899 8 
4540 117928 8 
4541 117955 8 
4542 117981 8 
4543 118004 8 
4544 118029 8 
4545 118054 8 
4546 118078 8 
4547 118103 8 
4548 118126 8 
4549 118153 8 
4550 118177 8 
4551 118199 8 
4552 118222 8 
4553 118234 8 
4554 118260 8 
4555 118281 8 
4556 118318 8 
4557 118352 8 
4558 118384 8 
4559 118417 8 
4560 118450 8 
4561 118482 8 
4562 118513 8 
4563 118542 8 
4564 118570 8 
4565 118600 8 
4566 118630 8 
4567 118659 8 
4568 118687 8 
4569 118716 8 
4570 118745 8 
4571 118773 8 
4572 118795 8 
4573 118822 8 
4574 118850 8 
4575 118879 8 
4576 118908 8 
4577 118935 8 
4578 118959 8 
4579 118984 8 
4580 119009 8 
4581 119036 8 
4582 119060 8 
4583 119085 8 
4584 119108 8 
4585 119135 8 
4586 119161 8 
4587 119187 8 
4588 119210 8 
4589 119220 8 
4590 119246 8 
4591 119271 8 
4592 119305 8 
4593 119338 8 
4594 119371 8 
4595 119403 8 
4596 119434 8 
4597 119465 8 
4598 119496 8 
4599 119527 8 
4600 119555 8 
4601 119584 8 
4602 119612 8 
4603 119641 8 
4604 119668 8 
4605 119696 8 
4606 119722 8 
4607 119749 8 
4608 119777 8 
4609 119806 8 
4610 119835 8 
4611 119862 8 
4612 119886 8 
4613 119911 8 
4614 119936 8 
4615 119961 8 
4616 119985 8 
4617 120010 8 
4618 120033 8 
4619 120060 8 
4620 120084 8 
4621 120106 8 
4622 120129 8 
4623 120156 8 
4624 120167 8 
4625 120188 8 
4626 120219 8 
4627 120252 8 
4628 120285 8 
4629 120317 8 
4630 120346 8 
4631 120377 8 
4632 120408 8 
4633 120439 8 
4634 120467 8 
4635 120494 8 
4636 120522 8 
4637 120551 8 
4638 120578 8 
4639 120606 8 
4640 120629 8 
4641 120656 8 
4642 120684 8 
4643 120713 8 
4644 120742 8 
4645 120770 8 
4646 120790 8 
4647 120817 8 
4648 120842 8 
4649 120867 8 
4650 120891 8 
4651 120918 8 
4652 120944 8 
4653 120971 8 
4654 120998 8 
4655 121024 8 
4656 121047 8 
4657 121059 8 
4658 121085 8 
4659 121106 8 
4660 121138 8 
4661 121171 8 
4662 121203 8 
4663 121234 8 
4664 121265 8 
4665 121296 8 
4666 121327 8 
4667 121355 8 
4668 121384 8 
4669 121412 8 
4670 121441 8 
4671 121468 8 
4672 121496 8 
4673 121522 8 
4674 121549 8 
4675 121577 8 
4676 121606 8 
4677 121635 8 
4678 121660 8 
4679 121686 8 
4680 121711 8 
4681 121736 8 
4682 121761 8 
4683 121785 8 
4684 121810 8 
4685 121833 8 
4686 121860 8 
4687 121884 8 
4688 121906 8 
4689 121929 8 
4690 121941 8 
4691 121967 8 
4692 121988 8 
4693 122020 8 
4694 122053 8 
4695 122085 8 
4696 122116 8 
4697 122147 8 
4698 122177 8 
4699 122207 8 
4700 122237 8 
4701 122266 8 
4702 122294 8 
4703 122322 8 
4704 122349 8 
4705 122377 8 
4706 122403 8 
4707 122430 8 
4708 122456 8 
4709 122483 8 
4710 122510 8 
4711 122535 8 
4712 122560 8 
4713 122585 8 
4714 122610 8 
4715 122635 8 
4716 122659 8 
4717 122684 8 
4718 122707 8 
4719 122731 8 
4720 122755 8 
4721 122777 8 
4722 122800 8 
4723 122814 8 
4724 122836 8 
4725 122857 8 
4726 122888 8 
4727 122919 8 
4728 122950 8 
4729 122981 8 
4730 123012 8 
4731 123043 8 
4732 123071 8 
4733 123100 8 
4734 123130 8 
4735 123158 8 
4736 123184 8 
4737 123212 8 
4738 123238 8 
4739 123267 8 
4740 123295 8 
4741 123321 8 
4742 123346 8 
4743 123371 8 
4744 123396 8 
4745 123424 8 
4746 123449 8 
4747 123477 8 
4748 123504 8 
4749 123528 8 
4750 123553 8 
4751 123577 8 
4752 123600 8 
4753 123627 8 
4754 123650 8 
4755 123672 8 
4756 123683 8 
4757 123704 8 
4758 123733 8 
4759 123764 8 
4760 123795 8 
4761 123826 8 
4762 123856 8 
4763 123886 8 
4764 123915 8 
4765 123941 8 
4766 123969 8 
4767 123997 8 
4768 124026 8 
4769 124052 8 
4770 124079 8 
4771 124107 8 
4772 124136 8 
4773 124165 8 
4774 124192 8 
4775 124218 8 
4776 124243 8 
4777 124262 8 
4778 124289 8 
4779 124314 8 
4780 124341 8 
4781 124365 8 
4782 124391 8 
4783 124414 8 
4784 124440 8 
4785 124451 8 
4786 124477 8 
4787 124503 8 
4788 124524 8 
4789 124555 8 
4790 124585 8 
4791 124615 8 
4792 124646 8 
4793 124675 8 
4794 124705 8 
4795 124733 8 
4796 124761 8 
4797 124789 8 
4798 124818 8 
4799 124847 8 
4800 124876 8 
4801 124905 8 
4802 124930 8 
4803 124956 8 
4804 124982 8 
4805 125008 8 
4806 125032 8 
4807 125060 8 
4808 125086 8 
4809 125110 8 
4810 125135 8 
4811 125158 8 
4812 125182 8 
4813 125209 8 
4814 125233 8 
4815 125256 8 
4816 125279 8 
4817 125291 8 
4818 125317 8 
4819 125338 8 
4820 125369 8 
4821 125399 8 
4822 125430 8 
4823 125461 8 
4824 125491 8 
4825 125520 8 
4826 125550 8 
4827 125578 8 
4828 125605 8 
4829 125635 8 
4830 125665 8 
4831 125694 8 
4832 125720 8 
4833 125746 8 
4834 125772 8 
4835 125798 8 
4836 125826 8 
4837 125851 8 
4838 125880 8 
4839 125903 8 
4840 125928 8 
4841 125949 8 
4842 125972 8 
4843 125996 8 
4844 126011 8 
4845 126034 8 
4846 126056 8 
4847 126082 8 
4848 126105 8 
4849 126126 8 
4850 126151 8 
4851 126183 8 
4852 126213 8 
4853 126243 8 
4854 126274 8 
4855 126302 8 
4856 126333 8 
4857 126361 8 
4858 126390 8 
4859 126417 8 
4860 126446 8 
4861 126476 8 
4862 126502 8 
4863 126529 8 
4864 126556 8 
4865 126583 8 
4866 126609 8 
4867 126636 8 
4868 126664 8 
4869 126689 8 
4870 126714 8 
4871 126736 8 
4872 126761 8 
4873 126778 8 
4874 126805 8 
4875 126823 8 
4876 126847 8 
4877 126868 8 
4878 126894 8 
4879 126917 8 
4880 126942 8 
4881 126963 8 
4882 126992 8 
4883 127021 8 
4884 127050 8 
4885 127079 8 
4886 127107 8 
4887 127136 8 
4888 127164 8 
4889 127191 8 
4890 127218 8 
4891 127245 8 
4892 127272 8 
4893 127298 8 
4894 127324 8 
4895 127349 8 
4896 127375 8 
4897 127400 8 
4898 127425 8 
4899 127449 8 
4900 127474 8 
4901 127497 8 
4902 127521 8 
4903 127545 8 
4904 127569 8 
4905 127592 8 
4906 127605 8 
4907 127627 8 
4908 127649 8 
4909 127670 8 
4910 127701 8 
4911 127732 8 
4912 127757 8 
4913 127787 8 
4914 127817 8 
4915 127846 8 
4916 127868 8 
4917 127896 8 
4918 127925 8 
4919 127954 8 
4920 127984 8 
4921 128011 8 
4922 128038 8 
4923 128062 8 
4924 128089 8 
4925 128115 8 
4926 128140 8 
4927 128169 8 
4928 128194 8 
4929 128222 8 
4930 128246 8 
4931 128261 8 
4932 128284 8 
4933 128297 8 
4934 128324 8 
4935 128349 8 
4936 128375 8 
4937 128396 8 
4938 128421 8 
4939 128450 8 
4940 128478 8 
4941 128507 8 
4942 128536 8 
4943 128565 8 
4944 128593 8 
4945 128622 8 
4946 128649 8 
4947 128675 8 
4948 128702 8 
4949 128730 8 
4950 128758 8 
4951 128784 8 
4952 128809 8 
4953 128834 8 
4954 128861 8 
4955 128886 8 
4956 128913 8 
4957 128938 8 
4958 128966 8 
4959 128993 8 
4960 129016 8 
4961 129039 8 
4962 129063 8 
4963 129086 8 
4964 129109 8 
4965 129131 8 
4966 129141 8 
4967 129172 8 
4968 129203 8 
4969 129233 8 
4970 129262 8 
4971 129291 8 
4972 129317 8 
4973 129345 8 
4974 129371 8 
4975 129400 8 
4976 129429 8 
4977 129456 8 
4978 129482 8 
4979 129509 8 
4980 129538 8 
4981 129564 8 
4982 129590 8 
4983 129614 8 
4984 129640 8 
4985 129665 8 
4986 129686 8 
4987 129714 8 
4988 129733 8 
4989 129757 8 
4990 129779 8 
4991 129802 8 
4992 129824 8 
4993 129845 8 
4994 129871 8 
4995 129892 8 
4996 129920 8 
4997 129947 8 
4998 129976 8 
4999 130005 8 
5000 130033 8 
5001 130062 8 
5002 130088 8 
5003 130116 8 
5004 130143 8 
5005 130170 8 
5006 130195 8 
5007 130223 8 
5008 130249 8 
5009 130274 8 
5010 130302 8 
5011 130327 8 
5012 130351 8 
5013 130375 8 
5014 130402 8 
5015 130429 8 
5016 130456 8 
5017 130479 8 
5018 130503 8 
5019 130526 8 
5020 130549 8 
5021 130571 8 
5022 130581 8 
5023 130610 8 
5024 130638 8 
5025 130668 8 
5026 130698 8 
5027 130726 8 
5028 130754 8 
5029 130782 8 
5030 130809 8 
5031 130838 8 
5032 130862 8 
5033 130890 8 
5034 130918 8 
5035 130943 8 
5036 130968 8 
5037 130993 8 
5038 131018 8 
5039 131046 8 
5040 131066 8 
5041 131091 8 
5042 131115 8 
5043 131142 8 
5044 131169 8 
5045 131186 8 
5046 131209 8 
5047 131231 8 
5048 131253 8 
5049 131274 8 
5050 131299 8 
5051 131327 8 
5052 131355 8 
5053 131380 8 
5054 131409 8 
5055 131438 8 
5056 131467 8 
5057 131495 8 
5058 131520 8 
5059 131546 8 
5060 131573 8 
5061 131598 8 
5062 131627 8 
5063 131650 8 
5064 131676 8 
5065 131700 8 
5066 131725 8 
5067 131742 8 
5068 131769 8 
5069 131794 8 
5070 131818 8 
5071 131841 8 
5072 131857 8 
5073 131883 8 
5074 131909 8 
5075 131931 8 
5076 131952 8 
5077 131980 8 
5078 132009 8 
5079 132039 8 
5080 132070 8 
5081 132099 8 
5082 132125 8 
5083 132153 8 
5084 132181 8 
5085 132210 8 
5086 132238 8 
5087 132264 8 
5088 132290 8 
5089 132319 8 
5090 132341 8 
5091 132365 8 
5092 132387 8 
5093 132406 8 
5094 132430 8 
5095 132446 8 
5096 132472 8 
5097 132496 8 
5098 132519 8 
5099 132541 8 
5100 132567 8 
5101 132593 8 
5102 132615 8 
5103 132636 8 
5104 132666 8 
5105 132696 8 
5106 132724 8 
5107 132753 8 
5108 132780 8 
5109 132807 8 
5110 132834 8 
5111 132863 8 
5112 132889 8 
5113 132919 8 
5114 132945 8 
5115 132972 8 
5116 132998 8 
5117 133026 8 
5118 133054 8 
5119 133080 8 
5120 133103 8 
5121 133125 8 
5122 133149 8 
5123 133177 8 
5124 133201 8 
5125 133219 8 
5126 133242 8 
5127 133264 8 
5128 133290 8 
5129 133312 8 
5130 133334 8 
5131 133355 8 
5132 133387 8 
5133 133417 8 
5134 133447 8 
5135 133475 8 
5136 133504 8 
5137 133533 8 
5138 133559 8 
5139 133585 8 
5140 133614 8 
5141 133643 8 
5142 133669 8 
5143 133695 8 
5144 133722 8 
5145 133751 8 
5146 133776 8 
5147 133802 8 
5148 133828 8 
5149 133854 8 
5150 133879 8 
5151 133905 8 
5152 133925 8 
5153 133944 8 
5154 133971 8 
5155 133994 8 
5156 134016 8 
5157 134038 8 
5158 134064 8 
5159 134085 8 
5160 134106 8 
5161 134138 8 
5162 134168 8 
5163 134198 8 
5164 134226 8 
5165 134255 8 
5166 134282 8 
5167 134309 8 
5168 134336 8 
5169 134366 8 
5170 134395 8 
5171 134422 8 
5172 134448 8 
5173 134474 8 
5174 134500 8 
5175 134528 8 
5176 134556 8 
5177 134582 8 
5178 134605 8 
5179 134627 8 
5180 134651 8 
5181 134679 8 
5182 134702 8 
5183 134720 8 
5184 134743 8 
5185 134766 8 
5186 134788 8 
5187 134810 8 
5188 134836 8 
5189 134857 8 
5190 134884 8 
5191 134915 8 
5192 134944 8 
5193 134972 8 
5194 135002 8 
5195 135031 8 
5196 135056 8 
5197 135085 8 
5198 135111 8 
5199 135140 8 
5200 135164 8 
5201 135191 8 
5202 135218 8 
5203 135244 8 
5204 135271 8 
5205 135293 8 
5206 135318 8 
5207 135344 8 
5208 135364 8 
5209 135381 8 
5210 135403 8 
5211 135429 8 
5212 135454 8 
5213 135477 8 
5214 135498 8 
5215 135524 8 
5216 135545 8 
5217 135571 8 
5218 135598 8 
5219 135622 8 
5220 135650 8 
5221 135678 8 
5222 135704 8 
5223 135727 8 
5224 135755 8 
5225 135781 8 
5226 135809 8 
5227 135836 8 
5228 135860 8 
5229 135886 8 
5230 135904 8 
5231 135932 8 
5232 135951 8 
5233 135974 8 
5234 135991 8 
5235 136015 8 
5236 136038 8 
5237 136064 8 
5238 136086 8 
5239 136112 8 
5240 136133 8 
5241 136160 8 
5242 136189 8 
5243 136217 8 
5244 136246 8 
5245 136271 8 
5246 136297 8 
5247 136323 8 
5248 136351 8 
5249 136380 8 
5250 136408 8 
5251 136430 8 
5252 136456 8 
5253 136478 8 
5254 136503 8 
5255 136530 8 
5256 136551 8 
5257 136576 8 
5258 136599 8 
5259 136617 8 
5260 136643 8 
5261 136668 8 
5262 136690 8 
5263 136712 8 
5264 136738 8 
5265 136759 8 
5266 136786 8 
5267 136813 8 
5268 136841 8 
5269 136869 8 
5270 136895 8 
5271 136923 8 
5272 136952 8 
5273 136979 8 
5274 137004 8 
5275 137027 8 
5276 137054 8 
5277 137079 8 
5278 137104 8 
5279 137130 8 
5280 137158 8 
5281 137177 8 
5282 137201 8 
5283 137228 8 
5284 137252 8 
5285 137269 8 
5286 137295 8 
5287 137317 8 
5288 137339 8 
5289 137364 8 
5290 137385 8 
5291 137411 8 
5292 137440 8 
5293 137469 8 
5294 137495 8 
5295 137524 8 
5296 137552 8 
5297 137578 8 
5298 137607 8 
5299 137631 8 
5300 137657 8 
5301 137683 8 
5302 137705 8 
5303 137731 8 
5304 137756 8 
5305 137778 8 
5306 137803 8 
5307 137828 8 
5308 137851 8 
5309 137877 8 
5310 137902 8 
5311 137918 8 
5312 137939 8 
5313 137961 8 
5314 137986 8 
5315 138011 8 
5316 138037 8 
5317 138066 8 
5318 138095 8 
5319 138120 8 
5320 138146 8 
5321 138172 8 
5322 138201 8 
5323 138230 8 
5324 138256 8 
5325 138283 8 
5326 138305 8 
5327 138332 8 
5328 138354 8 
5329 138374 8 
5330 138399 8 
5331 138425 8 
5332 138450 8 
5333 138473 8 
5334 138490 8 
5335 138513 8 
5336 138536 8 
5337 138561 8 
5338 138582 8 
5339 138607 8 
5340 138633 8 
5341 138662 8 
5342 138691 8 
5343 138717 8 
5344 138746 8 
5345 138772 8 
5346 138798 8 
5347 138827 8 
5348 138856 8 
5349 138882 8 
5350 138907 8 
5351 138929 8 
5352 138956 8 
5353 138980 8 
5354 139006 8 
5355 139027 8 
5356 139052 8 
5357 139069 8 
5358 139094 8 
5359 139116 8 
5360 139142 8 
5361 139164 8 
5362 139186 8 
5363 139212 8 
5364 139233 8 
5365 139259 8 
5366 139285 8 
5367 139314 8 
5368 139339 8 
5369 139368 8 
5370 139394 8 
5371 139420 8 
5372 139447 8 
5373 139470 8 
5374 139497 8 
5375 139523 8 
5376 139546 8 
5377 139565 8 
5378 139590 8 
5379 139616 8 
5380 139635 8 
5381 139661 8 
5382 139684 8 
5383 139706 8 
5384 139732 8 
5385 139754 8 
5386 139779 8 
5387 139800 8 
5388 139830 8 
5389 139858 8 
5390 139887 8 
5391 139914 8 
5392 139941 8 
5393 139968 8 
5394 139998 8 
5395 140024 8 
5396 140053 8 
5397 140079 8 
5398 140105 8 
5399 140134 8 
5400 140160 8 
5401 140187 8 
5402 140211 8 
5403 140237 8 
5404 140262 8 
5405 140283 8 
5406 140303 8 
5407 140330 8 
5408 140357 8 
5409 140380 8 
5410 140402 8 
5411 140424 8 
5412 140447 8 
5413 140468 8 
5414 140489 8 
5415 140515 8 
5416 140544 8 
5417 140570 8 
5418 140598 8 
5419 140627 8 
5420 140653 8 
5421 140679 8 
5422 140705 8 
5423 140731 8 
5424 140756 8 
5425 140784 8 
5426 140809 8 
5427 140834 8 
5428 140854 8 
5429 140873 8 
5430 140900 8 
5431 140923 8 
5432 140946 8 
5433 140963 8 
5434 140988 8 
5435 141014 8 
5436 141036 8 
5437 141062 8 
5438 141083 8 
5439 141109 8 
5440 141135 8 
5441 141160 8 
5442 141189 8 
5443 141215 8 
5444 141241 8 
5445 141267 8 
5446 141294 8 
5447 141323 8 
5448 141344 8 
5449 141365 8 
5450 141390 8 
5451 141411 8 
5452 141436 8 
5453 141455 8 
5454 141478 8 
5455 141504 8 
5456 141527 8 
5457 141553 8 
5458 141574 8 
5459 141595 8 
5460 141620 8 
5461 141646 8 
5462 141672 8 
5463 141700 8 
5464 141729 8 
5465 141755 8 
5466 141781 8 
5467 141807 8 
5468 141833 8 
5469 141859 8 
5470 141888 8 
5471 141910 8 
5472 141935 8 
5473 141956 8 
5474 141980 8 
5475 142008 8 
5476 142025 8 
5477 142043 8 
5478 142068 8 
5479 142094 8 
5480 142120 8 
5481 142142 8 
5482 142164 8 
5483 142185 8 
5484 142201 8 
5485 142228 8 
5486 142255 8 
5487 142284 8 
5488 142311 8 
5489 142338 8 
5490 142356 8 
5491 142367 8 
5492 142390 8 
5493 142399 8 
5494 142424 8 
5495 142449 8 
5496 142478 8 
5497 142507 8 
5498 142534 8 
5499 142561 8 
5500 142588 8 
5501 142617 8 
5502 142647 8 
5503 142673 8 
5504 142699 8 
5505 142728 8 
5506 142754 8 
5507 142780 8 
5508 142805 8 
5509 142831 8 
5510 142854 8 
5511 142879 8 
5512 142903 8 
5513 142923 8 
5514 142950 8 
5515 142973 8 
5516 143000 8 
5517 143023 8 
5518 143044 8 
5519 143067 8 
5520 143088 8 
5521 143109 8 
5522 143135 8 
5523 143161 8 
5524 143187 8 
5525 143216 8 
5526 143242 8 
5527 143268 8 
5528 143297 8 
5529 143323 8 
5530 143347 8 
5531 143373 8 
5532 143393 8 
5533 143419 8 
5534 143437 8 
5535 143456 8 
5536 143478 8 
5537 143504 8 
5538 143530 8 
5539 143555 8 
5540 143577 8 
5541 143599 8 
5542 143620 8 
5543 143656 8 
5544 143690 8 
5545 143724 8 
5546 143757 8 
5547 143790 8 
5548 143822 8 
5549 143853 8 
5550 143884 8 
5551 143915 8 
5552 143946 8 
5553 143974 8 
5554 144003 8 
5555 144031 8 
5556 144060 8 
5557 144087 8 
5558 144115 8 
5559 144141 8 
5560 144168 8 
5561 144196 8 
5562 144225 8 
5563 144254 8 
5564 144281 8 
5565 144305 8 
5566 144330 8 
5567 144355 8 
5568 144380 8 
5569 144404 8 
5570 144429 8 
5571 144452 8 
5572 144479 8 
5573 144503 8 
5574 144525 8 
5575 144548 8 
5576 144560 8 
5577 144586 8 
5578 144607 8 
5579 144642 8 
5580 144676 8 
5581 144709 8 
5582 144742 8 
5583 144774 8 
5584 144805 8 
5585 144836 8 
5586 144867 8 
5587 144898 8 
5588 144926 8 
5589 144955 8 
5590 144983 8 
5591 145012 8 
5592 145039 8 
5593 145067 8 
5594 145093 8 
5595 145122 8 
5596 145148 8 
5597 145177 8 
5598 145206 8 
5599 145233 8 
5600 145259 8 
5601 145282 8 
5602 145307 8 
5603 145332 8 
5604 145356 8 
5605 145381 8 
5606 145404 8 
5607 145431 8 
5608 145455 8 
5609 145477 8 
5610 145500 8 
5611 145527 8 
5612 145538 8 
5613 145559 8 
5614 145591 8 
5615 145623 8 
5616 145656 8 
5617 145689 8 
5618 145721 8 
5619 145750 8 
5620 145781 8 
5621 145812 8 
5622 145843 8 
5623 145871 8 
5624 145898 8 
5625 145926 8 
5626 145955 8 
5627 145982 8 
5628 146010 8 
5629 146033 8 
5630 146062 8 
5631 146088 8 
5632 146117 8 
5633 146146 8 
5634 146174 8 
5635 146202 8 
5636 146221 8 
5637 146246 8 
5638 146271 8 
5639 146295 8 
5640 146322 8 
5641 146348 8 
5642 146375 8 
5643 146402 8 
5644 146428 8 
5645 146451 8 
5646 146463 8 
5647 146489 8 
5648 146510 8 
5649 146545 8 
5650 146578 8 
5651 146611 8 
5652 146643 8 
5653 146674 8 
5654 146703 8 
5655 146731 8 
5656 146762 8 
5657 146791 8 
5658 146820 8 
5659 146848 8 
5660 146877 8 
5661 146906 8 
5662 146934 8 
5663 146956 8 
5664 146985 8 
5665 147011 8 
5666 147040 8 
5667 147069 8 
5668 147096 8 
5669 147122 8 
5670 147145 8 
5671 147170 8 
5672 147197 8 
5673 147221 8 
5674 147246 8 
5675 147269 8 
5676 147296 8 
5677 147322 8 
5678 147348 8 
5679 147371 8 
5680 147381 8 
5681 147407 8 
5682 147432 8 
5683 147464 8 
5684 147497 8 
5685 147529 8 
5686 147560 8 
5687 147591 8 
5688 147622 8 
5689 147653 8 
5690 147681 8 
5691 147710 8 
5692 147738 8 
5693 147767 8 
5694 147794 8 
5695 147822 8 
5696 147848 8 
5697 147877 8 
5698 147903 8 
5699 147932 8 
5700 147961 8 
5701 147988 8 
5702 148012 8 
5703 148037 8 
5704 148062 8 
5705 148087 8 
5706 148111 8 
5707 148136 8 
5708 148159 8 
5709 148186 8 
5710 148210 8 
5711 148232 8 
5712 148255 8 
5713 148267 8 
5714 148293 8 
5715 148314 8 
5716 148346 8 
5717 148379 8 
5718 148411 8 
5719 148442 8 
5720 148473 8 
5721 148503 8 
5722 148533 8 
5723 148563 8 
5724 148592 8 
5725 148620 8 
5726 148648 8 
5727 148675 8 
5728 148703 8 
5729 148729 8 
5730 148756 8 
5731 148782 8 
5732 148809 8 
5733 148836 8 
5734 148862 8 
5735 148886 8 
5736 148911 8 
5737 148936 8 
5738 148961 8 
5739 148985 8 
5740 149010 8 
5741 149033 8 
5742 149057 8 
5743 149081 8 
5744 149103 8 
5745 149126 8 
5746 149140 8 
5747 149162 8 
5748 149183 8 
5749 149214 8 
5750 149245 8 
5751 149276 8 
5752 149307 8 
5753 149338 8 
5754 149369 8 
5755 149397 8 
5756 149426 8 
5757 149456 8 
5758 149484 8 
5759 149510 8 
5760 149538 8 
5761 149564 8 
5762 149593 8 
5763 149621 8 
5764 149647 8 
5765 149673 8 
5766 149697 8 
5767 149722 8 
5768 149750 8 
5769 149775 8 
5770 149803 8 
5771 149830 8 
5772 149854 8 
5773 149879 8 
5774 149903 8 
5775 149926 8 
5776 149953 8 
5777 149976 8 
5778 149998 8 
5779 150009 8 
5780 150030 8 
5781 150059 8 
5782 150090 8 
5783 150121 8 
5784 150152 8 
5785 150182 8 
5786 150212 8 
5787 150241 8 
5788 150267 8 
5789 150295 8 
5790 150323 8 
5791 150352 8 
5792 150378 8 
5793 150407 8 
5794 150433 8 
5795 150462 8 
5796 150491 8 
5797 150518 8 
5798 150544 8 
5799 150569 8 
5800 150597 8 
5801 150615 8 
5802 150640 8 
5803 150667 8 
5804 150691 8 
5805 150717 8 
5806 150740 8 
5807 150766 8 
5808 150777 8 
5809 150803 8 
5810 150829 8 
5811 150850 8 
5812 150881 8 
5813 150911 8 
5814 150941 8 
5815 150972 8 
5816 151001 8 
5817 151031 8 
5818 151059 8 
5819 151087 8 
5820 151115 8 
5821 151145 8 
5822 151173 8 
5823 151202 8 
5824 151231 8 
5825 151256 8 
5826 151282 8 
5827 151308 8 
5828 151334 8 
5829 151358 8 
5830 151386 8 
5831 151412 8 
5832 151436 8 
5833 151461 8 
5834 151484 8 
5835 151508 8 
5836 151535 8 
5837 151559 8 
5838 151582 8 
5839 151605 8 
5840 151617 8 
5841 151643 8 
5842 151664 8 
5843 151695 8 
5844 151725 8 
5845 151756 8 
5846 151787 8 
5847 151817 8 
5848 151846 8 
5849 151876 8 
5850 151904 8 
5851 151931 8 
5852 151961 8 
5853 151991 8 
5854 152020 8 
5855 152046 8 
5856 152073 8 
5857 152098 8 
5858 152124 8 
5859 152152 8 
5860 152177 8 
5861 152201 8 
5862 152229 8 
5863 152254 8 
5864 152275 8 
5865 152298 8 
5866 152322 8 
5867 152337 8 
5868 152360 8 
5869 152382 8 
5870 152408 8 
5871 152431 8 
5872 152452 8 
5873 152477 8 
5874 152509 8 
5875 152539 8 
5876 152569 8 
5877 152600 8 
5878 152628 8 
5879 152659 8 
5880 152687 8 
5881 152716 8 
5882 152743 8 
5883 152772 8 
5884 152802 8 
5885 152828 8 
5886 152855 8 
5887 152882 8 
5888 152909 8 
5889 152935 8 
5890 152962 8 
5891 152990 8 
5892 153015 8 
5893 153040 8 
5894 153062 8 
5895 153087 8 
5896 153104 8 
5897 153131 8 
5898 153149 8 
5899 153173 8 
5900 153194 8 
5901 153220 8 
5902 153243 8 
5903 153268 8 
5904 153289 8 
5905 153318 8 
5906 153347 8 
5907 153376 8 
5908 153405 8 
5909 153433 8 
5910 153462 8 
5911 153490 8 
5912 153517 8 
5913 153544 8 
5914 153572 8 
5915 153598 8 
5916 153624 8 
5917 153650 8 
5918 153675 8 
5919 153701 8 
5920 153726 8 
5921 153751 8 
5922 153775 8 
5923 153800 8 
5924 153823 8 
5925 153847 8 
5926 153871 8 
5927 153895 8 
5928 153918 8 
5929 153931 8 
5930 153953 8 
5931 153975 8 
5932 153996 8 
5933 154027 8 
5934 154053 8 
5935 154083 8 
5936 154113 8 
5937 154143 8 
5938 154172 8 
5939 154194 8 
5940 154222 8 
5941 154251 8 
5942 154280 8 
5943 154310 8 
5944 154338 8 
5945 154364 8 
5946 154388 8 
5947 154415 8 
5948 154441 8 
5949 154466 8 
5950 154495 8 
5951 154520 8 
5952 154548 8 
5953 154572 8 
5954 154587 8 
5955 154610 8 
5956 154623 8 
5957 154650 8 
5958 154675 8 
5959 154701 8 
5960 154722 8 
5961 154747 8 
5962 154775 8 
5963 154804 8 
5964 154833 8 
5965 154862 8 
5966 154891 8 
5967 154919 8 
5968 154948 8 
5969 154975 8 
5970 155001 8 
5971 155028 8 
5972 155056 8 
5973 155084 8 
5974 155110 8 
5975 155135 8 
5976 155160 8 
5977 155187 8 
5978 155212 8 
5979 155239 8 
5980 155264 8 
5981 155292 8 
5982 155319 8 
5983 155342 8 
5984 155365 8 
5985 155389 8 
5986 155412 8 
5987 155435 8 
5988 155457 8 
5989 155467 8 
5990 155498 8 
5991 155529 8 
5992 155559 8 
5993 155588 8 
5994 155617 8 
5995 155643 8 
5996 155671 8 
5997 155697 8 
5998 155726 8 
5999 155755 8 
6000 155782 8 
6001 155808 8 
6002 155835 8 
6003 155864 8 
6004 155890 8 
6005 155916 8 
6006 155940 8 
6007 155966 8 
6008 155991 8 
6009 156012 8 
6010 156040 8 
6011 156059 8 
6012 156083 8 
6013 156105 8 
6014 156128 8 
6015 156150 8 
6016 156171 8 
6017 156197 8 
6018 156218 8 
6019 156246 8 
6020 156273 8 
6021 156302 8 
6022 156331 8 
6023 156359 8 
6024 156388 8 
6025 156417 8 
6026 156442 8 
6027 156469 8 
6028 156496 8 
6029 156521 8 
6030 156549 8 
6031 156575 8 
6032 156600 8 
6033 156628 8 
6034 156653 8 
6035 156677 8 
6036 156701 8 
6037 156728 8 
6038 156755 8 
6039 156782 8 
6040 156805 8 
6041 156829 8 
6042 156852 8 
6043 156875 8 
6044 156897 8 
6045 156907 8 
6046 156935 8 
6047 156965 8 
6048 156994 8 
6049 157024 8 
6050 157052 8 
6051 157080 8 
6052 157108 8 
6053 157135 8 
6054 157164 8 
6055 157188 8 
6056 157216 8 
6057 157244 8 
6058 157269 8 
6059 157294 8 
6060 157319 8 
6061 157344 8 
6062 157372 8 
6063 157392 8 
6064 157417 8 
6065 157441 8 
6066 157468 8 
6067 157495 8 
6068 157519 8 
6069 157535 8 
6070 157557 8 
6071 157579 8 
6072 157600 8 
6073 157625 8 
6074 157654 8 
6075 157680 8 
6076 157706 8 
6077 157736 8 
6078 157764 8 
6079 157793 8 
6080 157821 8 
6081 157846 8 
6082 157872 8 
6083 157899 8 
6084 157924 8 
6085 157948 8 
6086 157976 8 
6087 158002 8 
6088 158026 8 
6089 158051 8 
6090 158068 8 
6091 158095 8 
6092 158120 8 
6093 158144 8 
6094 158167 8 
6095 158183 8 
6096 158209 8 
6097 158235 8 
6098 158257 8 
6099 158278 8 
6100 158310 8 
6101 158340 8 
6102 158370 8 
6103 158398 8 
6104 158427 8 
6105 158454 8 
6106 158481 8 
6107 158508 8 
6108 158537 8 
6109 158563 8 
6110 158593 8 
6111 158619 8 
6112 158646 8 
6113 158672 8 
6114 158700 8 
6115 158728 8 
6116 158754 8 
6117 158777 8 
6118 158799 8 
6119 158823 8 
6120 158851 8 
6121 158875 8 
6122 158899 8 
6123 158916 8 
6124 158938 8 
6125 158964 8 
6126 158986 8 
6127 159008 8 
6128 159029 8 
6129 159056 8 
6130 159084 8 
6131 159115 8 
6132 159144 8 
6133 159170 8 
6134 159198 8 
6135 159226 8 
6136 159255 8 
6137 159283 8 
6138 159309 8 
6139 159335 8 
6140 159364 8 
6141 159386 8 
6142 159410 8 
6143 159432 8 
6144 159451 8 
6145 159475 8 
6146 159491 8 
6147 159517 8 
6148 159541 8 
6149 159564 8 
6150 159586 8 
6151 159612 8 
6152 159638 8 
6153 159660 8 
6154 159681 8 
6155 159713 8 
6156 159743 8 
6157 159773 8 
6158 159801 8 
6159 159830 8 
6160 159859 8 
6161 159885 8 
6162 159911 8 
6163 159940 8 
6164 159969 8 
6165 159995 8 
6166 160021 8 
6167 160048 8 
6168 160077 8 
6169 160102 8 
6170 160128 8 
6171 160154 8 
6172 160180 8 
6173 160205 8 
6174 160231 8 
6175 160251 8 
6176 160279 8 
6177 160297 8 
6178 160320 8 
6179 160342 8 
6180 160364 8 
6181 160390 8 
6182 160411 8 
6183 160432 8 
6184 160464 8 
6185 160494 8 
6186 160524 8 
6187 160552 8 
6188 160581 8 
6189 160608 8 
6190 160635 8 
6191 160662 8 
6192 160692 8 
6193 160721 8 
6194 160748 8 
6195 160774 8 
6196 160800 8 
6197 160826 8 
6198 160854 8 
6199 160882 8 
6200 160908 8 
6201 160931 8 
6202 160953 8 
6203 160977 8 
6204 161005 8 
6205 161028 8 
6206 161046 8 
6207 161069 8 
6208 161092 8 
6209 161114 8 
6210 161136 8 
6211 161162 8 
6212 161183 8 
6213 161210 8 
6214 161240 8 
6215 161270 8 
6216 161298 8 
6217 161328 8 
6218 161357 8 
6219 161382 8 
6220 161411 8 
6221 161437 8 
6222 161466 8 
6223 161494 8 
6224 161517 8 
6225 161544 8 
6226 161570 8 
6227 161597 8 
6228 161619 8 
6229 161644 8 
6230 161670 8 
6231 161690 8 
6232 161707 8 
6233 161729 8 
6234 161755 8 
6235 161780 8 
6236 161803 8 
6237 161824 8 
6238 161850 8 
6239 161871 8 
6240 161898 8 
6241 161928 8 
6242 161957 8 
6243 161985 8 
6244 162014 8 
6245 162039 8 
6246 162065 8 
6247 162091 8 
6248 162119 8 
6249 162148 8 
6250 162171 8 
6251 162198 8 
6252 162224 8 
6253 162246 8 
6254 162271 8 
6255 162298 8 
6256 162319 8 
6257 162344 8 
6258 162367 8 
6259 162394 8 
6260 162411 8 
6261 162436 8 
6262 162458 8 
6263 162480 8 
6264 162506 8 
6265 162527 8 
6266 162552 8 
6267 162578 8 
6268 162602 8 
6269 162630 8 
6270 162656 8 
6271 162679 8 
6272 162707 8 
6273 162733 8 
6274 162761 8 
6275 162788 8 
6276 162812 8 
6277 162838 8 
6278 162856 8 
6279 162884 8 
6280 162903 8 
6281 162926 8 
6282 162943 8 
6283 162967 8 
6284 162990 8 
6285 163016 8 
6286 163038 8 
6287 163064 8 
6288 163085 8 
6289 163112 8 
6290 163139 8 
6291 163167 8 
6292 163195 8 
6293 163221 8 
6294 163249 8 
6295 163278 8 
6296 163305 8 
6297 163330 8 
6298 163353 8 
6299 163380 8 
6300 163405 8 
6301 163430 8 
6302 163456 8 
6303 163484 8 
6304 163503 8 
6305 163527 8 
6306 163554 8 
6307 163578 8 
6308 163595 8 
6309 163621 8 
6310 163643 8 
6311 163665 8 
6312 163690 8 
6313 163711 8 
6314 163737 8 
6315 163766 8 
6316 163795 8 
6317 163821 8 
6318 163850 8 
6319 163878 8 
6320 163904 8 
6321 163933 8 
6322 163957 8 
6323 163983 8 
6324 164009 8 
6325 164031 8 
6326 164057 8 
6327 164082 8 
6328 164104 8 
6329 164129 8 
6330 164154 8 
6331 164177 8 
6332 164203 8 
6333 164228 8 
6334 164250 8 
6335 164265 8 
6336 164287 8 
6337 164312 8 
6338 164337 8 
6339 164363 8 
6340 164392 8 
6341 164421 8 
6342 164446 8 
6343 164472 8 
6344 164498 8 
6345 164527 8 
6346 164556 8 
6347 164582 8 
6348 164609 8 
6349 164631 8 
6350 164658 8 
6351 164680 8 
6352 164700 8 
6353 164725 8 
6354 164751 8 
6355 164776 8 
6356 164799 8 
6357 164816 8 
6358 164839 8 
6359 164862 8 
6360 164887 8 
6361 164908 8 
6362 164933 8 
6363 164959 8 
6364 164988 8 
6365 165017 8 
6366 165043 8 
6367 165072 8 
6368 165098 8 
6369 165124 8 
6370 165153 8 
6371 165182 8 
6372 165208 8 
6373 165233 8 
6374 165261 8 
6375 165282 8 
6376 165306 8 
6377 165332 8 
6378 165353 8 
6379 165378 8 
6380 165395 8 
6381 165420 8 
6382 165442 8 
6383 165468 8 
6384 165490 8 
6385 165512 8 
6386 165538 8 
6387 165559 8 
6388 165585 8 
6389 165611 8 
6390 165640 8 
6391 165665 8 
6392 165694 8 
6393 165720 8 
6394 165746 8 
6395 165774 8 
6396 165797 8 
6397 165823 8 
6398 165849 8 
6399 165872 8 
6400 165891 8 
6401 165916 8 
6402 165942 8 
6403 165961 8 
6404 165987 8 
6405 166010 8 
6406 166032 8 
6407 166058 8 
6408 166080 8 
6409 166105 8 
6410 166126 8 
6411 166156 8 
6412 166184 8 
6413 166213 8 
6414 166240 8 
6415 166267 8 
6416 166294 8 
6417 166324 8 
6418 166350 8 
6419 166379 8 
6420 166405 8 
6421 166431 8 
6422 166460 8 
6423 166486 8 
6424 166513 8 
6425 166540 8 
6426 166563 8 
6427 166588 8 
6428 166609 8 
6429 166629 8 
6430 166656 8 
6431 166683 8 
6432 166706 8 
6433 166728 8 
6434 166750 8 
6435 166773 8 
6436 166794 8 
6437 166815 8 
6438 166841 8 
6439 166870 8 
6440 166896 8 
6441 166924 8 
6442 166953 8 
6443 166979 8 
6444 167005 8 
6445 167031 8 
6446 167057 8 
6447 167082 8 
6448 167110 8 
6449 167135 8 
6450 167156 8 
6451 167180 8 
6452 167199 8 
6453 167226 8 
6454 167249 8 
6455 167272 8 
6456 167298 8 
6457 167314 8 
6458 167340 8 
6459 167362 8 
6460 167388 8 
6461 167409 8 
6462 167435 8 
6463 167461 8 
6464 167486 8 
6465 167515 8 
Error, user interrupt in
  x := x + v[j] * llg.mue[j][d]; at /usr/local/Cellar/gap/4.15.1/share/gap/lib/zlattice.gi:1264 called from 
srt( d - 1, k1 ); at /usr/local/Cellar/gap/4.15.1/share/gap/lib/zlattice.gi:1282 called from
srt( d - 1, k1 ); at /usr/local/Cellar/gap/4.15.1/share/gap/lib/zlattice.gi:1282 called from
srt( d - 1, k1 ); at /usr/local/Cellar/gap/4.15.1/share/gap/lib/zlattice.gi:1282 called from
srt( d - 1, k1 ); at /usr/local/Cellar/gap/4.15.1/share/gap/lib/zlattice.gi:1282 called from
srt( d - 1, k1 ); at /usr/local/Cellar/gap/4.15.1/share/gap/lib/zlattice.gi:1282 called from
...  at Task20260904Ud.g:44
you can 'return;'
brk> quit;
gap> quit;
