sessionnumb  20260922232519 
gap> 
gap> 
gap> 
gap> 
gap> Read("Task20260922Ve.g");
15 16 310 [ [ -2, 15 ], [ 1, 104 ], [ 3, 106 ] ] 
14 15 314 [ [ -2, 14 ], [ 1, 82 ], [ 3, 100 ] ] 
15 16 348 [ [ -2, 15 ], [ 1, 96 ], [ 3, 114 ] ] 
14 15 305 [ [ -2, 14 ], [ 1, 88 ], [ 3, 94 ] ] 
15 16 408 [ [ -2, 15 ], [ 1, 94 ], [ 3, 116 ] ] 
15 16 314 [ [ -2, 15 ], [ 1, 96 ], [ 3, 114 ] ] 
15 16 304 [ [ -2, 15 ], [ 1, 104 ], [ 3, 106 ] ] 
15 16 338 [ [ -2, 15 ], [ 1, 110 ], [ 3, 100 ] ] 
15 16 309 [ [ -2, 15 ], [ 1, 106 ], [ 3, 104 ] ] 
15 16 307 [ [ -2, 15 ], [ 1, 100 ], [ 3, 110 ] ] 
15 16 362 [ [ -2, 15 ], [ 1, 102 ], [ 3, 108 ] ] 
15 16 332 [ [ -2, 15 ], [ 1, 106 ], [ 3, 104 ] ] 
14 15 324 [ [ -2, 14 ], [ 1, 76 ], [ 3, 106 ] ] 
14 15 324 [ [ -2, 14 ], [ 1, 76 ], [ 3, 106 ] ] 
15 16 324 [ [ -2, 15 ], [ 1, 102 ], [ 3, 108 ] ] 
15 16 360 [ [ -2, 15 ], [ 1, 108 ], [ 3, 102 ] ] 
15 16 311 [ [ -2, 15 ], [ 1, 106 ], [ 3, 104 ] ] 
15 16 310 [ [ -2, 15 ], [ 1, 92 ], [ 3, 118 ] ] 
15 16 324 [ [ -2, 15 ], [ 1, 106 ], [ 3, 104 ] ] 
16 17 429 [ [ -2, 16 ], [ 1, 112 ], [ 3, 128 ] ] 
Error, user interrupt in
  coeffs := [  ]; at /usr/local/Cellar/gap/4.15.1/share/gap/lib/matrix.gi:2572 called from 
DoSemiEchelonMatTransformationDestructive( DefaultFieldOfMatrix( mat ), mat 
 ) at /usr/local/Cellar/gap/4.15.1/share/gap/lib/matrix.gi:2621 called from
SemiEchelonMatTransformationDestructive( copymat 
 ) at /usr/local/Cellar/gap/4.15.1/share/gap/lib/matrix.gi:2534 called from
SemiEchelonMatTransformation( mat 
 ) at /usr/local/Cellar/gap/4.15.1/share/gap/lib/matrix.gi:2201 called from
NullspaceMat( TransposedMat( [ v * sQ ] ) ) at gapReads/LatticeTools.txt:40 called from
signaturejob( sdim - 1, newsQ ); at gapReads/LatticeTools.txt:42 called from
...  at Task20260922Ve.g:41
you can 'return;'
brk> quit;
gap> 
gap> 
gap> 
gap> Read("Task20260922Ve.g");
Syntax error: while parsing an 'if' statement: statement or 'fi' expected in Task20260922V\
e.g:41
end;
^^^
gap> Read("Task20260922Ve.g");
15 16 310 [ [ -2, 15 ], [ 1, 104 ], [ 3, 106 ] ] 
15 16 310 [ [ -2, 15 ], [ 1, 96 ], [ 3, 114 ] ] 
16 17 551 [ [ -2, 16 ], [ 1, 116 ], [ 3, 124 ] ] 
15 16 307 [ [ -2, 15 ], [ 1, 98 ], [ 3, 112 ] ] 
15 16 364 [ [ -2, 15 ], [ 1, 96 ], [ 3, 114 ] ] 
16 17 421 [ [ -2, 16 ], [ 1, 110 ], [ 3, 130 ] ] 
16 17 351 [ [ -2, 16 ], [ 1, 112 ], [ 3, 128 ] ] 
16 17 469 [ [ -2, 16 ], [ 1, 108 ], [ 3, 132 ] ] 
16 17 321 [ [ -2, 16 ], [ 1, 110 ], [ 3, 130 ] ] 
16 17 356 [ [ -2, 16 ], [ 1, 114 ], [ 3, 126 ] ] 
16 17 356 [ [ -2, 16 ], [ 1, 116 ], [ 3, 124 ] ] 
16 17 356 [ [ -2, 16 ], [ 1, 116 ], [ 3, 124 ] ] 
16 17 375 [ [ -2, 16 ], [ 1, 120 ], [ 3, 120 ] ] 
16 17 591 [ [ -2, 16 ], [ 1, 114 ], [ 3, 126 ] ] 
16 17 591 [ [ -2, 16 ], [ 1, 114 ], [ 3, 126 ] ] 
16 17 349 [ [ -2, 16 ], [ 1, 110 ], [ 3, 130 ] ] 
17 18 407 [ [ -2, 17 ], [ 1, 124 ], [ 3, 148 ] ] 
17 18 684 [ [ -2, 17 ], [ 1, 128 ], [ 3, 144 ] ] 
17 18 314 [ [ -2, 17 ], [ 1, 132 ], [ 3, 140 ] ] 
17 18 314 [ [ -2, 17 ], [ 1, 128 ], [ 3, 144 ] ] 
17 18 566 [ [ -2, 17 ], [ 1, 130 ], [ 3, 142 ] ] 
17 18 566 [ [ -2, 17 ], [ 1, 126 ], [ 3, 146 ] ] 
17 18 481 [ [ -2, 17 ], [ 1, 128 ], [ 3, 144 ] ] 
17 18 684 [ [ -2, 17 ], [ 1, 128 ], [ 3, 144 ] ] 
17 18 684 [ [ -2, 17 ], [ 1, 124 ], [ 3, 148 ] ] 
17 18 684 [ [ -2, 17 ], [ 1, 128 ], [ 3, 144 ] ] 
17 18 684 [ [ -2, 17 ], [ 1, 124 ], [ 3, 148 ] ] 
17 18 481 [ [ -2, 17 ], [ 1, 128 ], [ 3, 144 ] ] 
17 18 684 [ [ -2, 17 ], [ 1, 124 ], [ 3, 148 ] ] 
17 18 481 [ [ -2, 17 ], [ 1, 128 ], [ 3, 144 ] ] 
17 18 314 [ [ -2, 17 ], [ 1, 132 ], [ 3, 140 ] ] 
17 18 314 [ [ -2, 17 ], [ 1, 132 ], [ 3, 140 ] ] 
17 18 566 [ [ -2, 17 ], [ 1, 130 ], [ 3, 142 ] ] 
15 16 337 [ [ -2, 15 ], [ 1, 96 ], [ 3, 114 ] ] 
16 17 451 [ [ -2, 16 ], [ 1, 110 ], [ 3, 130 ] ] 
17 18 642 [ [ -2, 17 ], [ 1, 124 ], [ 3, 148 ] ] 
17 18 432 [ [ -2, 17 ], [ 1, 126 ], [ 3, 146 ] ] 
17 18 432 [ [ -2, 17 ], [ 1, 122 ], [ 3, 150 ] ] 
17 18 630 [ [ -2, 17 ], [ 1, 130 ], [ 3, 142 ] ] 
17 18 642 [ [ -2, 17 ], [ 1, 124 ], [ 3, 148 ] ] 
17 18 432 [ [ -2, 17 ], [ 1, 122 ], [ 3, 150 ] ] 
17 18 432 [ [ -2, 17 ], [ 1, 122 ], [ 3, 150 ] ] 
17 18 432 [ [ -2, 17 ], [ 1, 126 ], [ 3, 146 ] ] 
17 18 432 [ [ -2, 17 ], [ 1, 126 ], [ 3, 146 ] ] 
16 17 364 [ [ -2, 16 ], [ 1, 116 ], [ 3, 124 ] ] 
17 18 411 [ [ -2, 17 ], [ 1, 130 ], [ 3, 142 ] ] 
17 18 407 [ [ -2, 17 ], [ 1, 136 ], [ 3, 136 ] ] 
17 18 407 [ [ -2, 17 ], [ 1, 136 ], [ 3, 136 ] ] 
17 18 314 [ [ -2, 17 ], [ 1, 132 ], [ 3, 140 ] ] 
15 16 344 [ [ -2, 15 ], [ 1, 98 ], [ 3, 112 ] ] 
16 17 681 [ [ -2, 16 ], [ 1, 114 ], [ 3, 126 ] ] 
16 17 572 [ [ -2, 16 ], [ 1, 108 ], [ 3, 132 ] ] 
16 17 681 [ [ -2, 16 ], [ 1, 114 ], [ 3, 126 ] ] 
16 17 684 [ [ -2, 16 ], [ 1, 120 ], [ 3, 120 ] ] 
16 17 457 [ [ -2, 16 ], [ 1, 120 ], [ 3, 120 ] ] 
16 17 469 [ [ -2, 16 ], [ 1, 118 ], [ 3, 122 ] ] 
16 17 397 [ [ -2, 16 ], [ 1, 118 ], [ 3, 122 ] ] 
17 18 701 [ [ -2, 17 ], [ 1, 134 ], [ 3, 138 ] ] 
17 18 701 [ [ -2, 17 ], [ 1, 134 ], [ 3, 138 ] ] 
16 17 397 [ [ -2, 16 ], [ 1, 118 ], [ 3, 122 ] ] 
17 18 701 [ [ -2, 17 ], [ 1, 134 ], [ 3, 138 ] ] 
16 17 643 [ [ -2, 16 ], [ 1, 120 ], [ 3, 120 ] ] 
15 16 316 [ [ -2, 15 ], [ 1, 102 ], [ 3, 108 ] ] 
16 17 684 [ [ -2, 16 ], [ 1, 114 ], [ 3, 126 ] ] 
15 16 348 [ [ -2, 15 ], [ 1, 108 ], [ 3, 102 ] ] 
16 17 760 [ [ -2, 16 ], [ 1, 132 ], [ 3, 108 ] ] 
16 17 760 [ [ -2, 16 ], [ 1, 132 ], [ 3, 108 ] ] 
16 17 650 [ [ -2, 16 ], [ 1, 126 ], [ 3, 114 ] ] 
16 17 650 [ [ -2, 16 ], [ 1, 136 ], [ 3, 104 ] ] 
17 18 1845 [ [ -2, 17 ], [ 1, 152 ], [ 3, 120 ] ] 
17 18 1845 [ [ -2, 17 ], [ 1, 152 ], [ 3, 120 ] ] 
16 17 760 [ [ -2, 16 ], [ 1, 130 ], [ 3, 110 ] ] 
17 18 1845 [ [ -2, 17 ], [ 1, 152 ], [ 3, 120 ] ] 
17 18 1845 [ [ -2, 17 ], [ 1, 140 ], [ 3, 132 ] ] 
16 17 318 [ [ -2, 16 ], [ 1, 120 ], [ 3, 120 ] ] 
15 16 391 [ [ -2, 15 ], [ 1, 102 ], [ 3, 108 ] ] 
16 17 455 [ [ -2, 16 ], [ 1, 110 ], [ 3, 130 ] ] 
16 17 466 [ [ -2, 16 ], [ 1, 112 ], [ 3, 128 ] ] 
16 17 455 [ [ -2, 16 ], [ 1, 110 ], [ 3, 130 ] ] 
16 17 585 [ [ -2, 16 ], [ 1, 116 ], [ 3, 124 ] ] 
16 17 585 [ [ -2, 16 ], [ 1, 116 ], [ 3, 124 ] ] 
17 18 710 [ [ -2, 17 ], [ 1, 138 ], [ 3, 134 ] ] 
15 16 427 [ [ -2, 15 ], [ 1, 100 ], [ 3, 110 ] ] 
16 17 532 [ [ -2, 16 ], [ 1, 108 ], [ 3, 132 ] ] 
17 18 710 [ [ -2, 17 ], [ 1, 122 ], [ 3, 150 ] ] 
16 17 585 [ [ -2, 16 ], [ 1, 118 ], [ 3, 122 ] ] 
17 18 710 [ [ -2, 17 ], [ 1, 142 ], [ 3, 130 ] ] 
15 16 415 [ [ -2, 15 ], [ 1, 104 ], [ 3, 106 ] ] 
16 17 455 [ [ -2, 16 ], [ 1, 124 ], [ 3, 116 ] ] 
16 17 352 [ [ -2, 16 ], [ 1, 110 ], [ 3, 130 ] ] 
16 17 358 [ [ -2, 16 ], [ 1, 118 ], [ 3, 122 ] ] 
17 18 492 [ [ -2, 17 ], [ 1, 126 ], [ 3, 146 ] ] 
17 18 1366 [ [ -2, 17 ], [ 1, 134 ], [ 3, 138 ] ] 
17 18 492 [ [ -2, 17 ], [ 1, 142 ], [ 3, 130 ] ] 
16 17 423 [ [ -2, 16 ], [ 1, 116 ], [ 3, 124 ] ] 
17 18 846 [ [ -2, 17 ], [ 1, 128 ], [ 3, 144 ] ] 
17 18 846 [ [ -2, 17 ], [ 1, 128 ], [ 3, 144 ] ] 
16 17 558 [ [ -2, 16 ], [ 1, 120 ], [ 3, 120 ] ] 
17 18 1366 [ [ -2, 17 ], [ 1, 134 ], [ 3, 138 ] ] 
17 18 1366 [ [ -2, 17 ], [ 1, 134 ], [ 3, 138 ] ] 
16 17 423 [ [ -2, 16 ], [ 1, 126 ], [ 3, 114 ] ] 
17 18 846 [ [ -2, 17 ], [ 1, 140 ], [ 3, 132 ] ] 
16 17 407 [ [ -2, 16 ], [ 1, 108 ], [ 3, 132 ] ] 
16 17 475 [ [ -2, 16 ], [ 1, 110 ], [ 3, 130 ] ] 
16 17 417 [ [ -2, 16 ], [ 1, 114 ], [ 3, 126 ] ] 
16 17 417 [ [ -2, 16 ], [ 1, 110 ], [ 3, 130 ] ] 
16 17 337 [ [ -2, 16 ], [ 1, 116 ], [ 3, 124 ] ] 
17 18 489 [ [ -2, 17 ], [ 1, 140 ], [ 3, 132 ] ] 
16 17 337 [ [ -2, 16 ], [ 1, 116 ], [ 3, 124 ] ] 
17 18 489 [ [ -2, 17 ], [ 1, 124 ], [ 3, 148 ] ] 
17 18 489 [ [ -2, 17 ], [ 1, 124 ], [ 3, 148 ] ] 
17 18 489 [ [ -2, 17 ], [ 1, 140 ], [ 3, 132 ] ] 
16 17 340 [ [ -2, 16 ], [ 1, 114 ], [ 3, 126 ] ] 
17 18 532 [ [ -2, 17 ], [ 1, 134 ], [ 3, 138 ] ] 
17 18 532 [ [ -2, 17 ], [ 1, 134 ], [ 3, 138 ] ] 
16 17 432 [ [ -2, 16 ], [ 1, 126 ], [ 3, 114 ] ] 
16 17 310 [ [ -2, 16 ], [ 1, 126 ], [ 3, 114 ] ] 
17 18 416 [ [ -2, 17 ], [ 1, 136 ], [ 3, 136 ] ] 
16 17 339 [ [ -2, 16 ], [ 1, 118 ], [ 3, 122 ] ] 
16 17 432 [ [ -2, 16 ], [ 1, 122 ], [ 3, 118 ] ] 
16 17 432 [ [ -2, 16 ], [ 1, 122 ], [ 3, 118 ] ] 
17 18 416 [ [ -2, 17 ], [ 1, 136 ], [ 3, 136 ] ] 
17 18 416 [ [ -2, 17 ], [ 1, 128 ], [ 3, 144 ] ] 
17 18 416 [ [ -2, 17 ], [ 1, 132 ], [ 3, 140 ] ] 
17 18 416 [ [ -2, 17 ], [ 1, 128 ], [ 3, 144 ] ] 
16 17 310 [ [ -2, 16 ], [ 1, 114 ], [ 3, 126 ] ] 
17 18 416 [ [ -2, 17 ], [ 1, 128 ], [ 3, 144 ] ] 
17 18 416 [ [ -2, 17 ], [ 1, 128 ], [ 3, 144 ] ] 
17 18 416 [ [ -2, 17 ], [ 1, 140 ], [ 3, 132 ] ] 
16 17 370 [ [ -2, 16 ], [ 1, 120 ], [ 3, 120 ] ] 
16 17 312 [ [ -2, 16 ], [ 1, 126 ], [ 3, 114 ] ] 
17 18 598 [ [ -2, 17 ], [ 1, 142 ], [ 3, 130 ] ] 
17 18 361 [ [ -2, 17 ], [ 1, 138 ], [ 3, 134 ] ] 
17 18 598 [ [ -2, 17 ], [ 1, 142 ], [ 3, 130 ] ] 
16 17 566 [ [ -2, 16 ], [ 1, 118 ], [ 3, 122 ] ] 
16 17 566 [ [ -2, 16 ], [ 1, 118 ], [ 3, 122 ] ] 
17 18 480 [ [ -2, 17 ], [ 1, 132 ], [ 3, 140 ] ] 
17 18 480 [ [ -2, 17 ], [ 1, 128 ], [ 3, 144 ] ] 
16 17 685 [ [ -2, 16 ], [ 1, 120 ], [ 3, 120 ] ] 
16 17 685 [ [ -2, 16 ], [ 1, 120 ], [ 3, 120 ] ] 
16 17 427 [ [ -2, 16 ], [ 1, 116 ], [ 3, 124 ] ] 
16 17 685 [ [ -2, 16 ], [ 1, 118 ], [ 3, 122 ] ] 
16 17 445 [ [ -2, 16 ], [ 1, 124 ], [ 3, 116 ] ] 
16 17 685 [ [ -2, 16 ], [ 1, 124 ], [ 3, 116 ] ] 
16 17 400 [ [ -2, 16 ], [ 1, 114 ], [ 3, 126 ] ] 
16 17 344 [ [ -2, 16 ], [ 1, 118 ], [ 3, 122 ] ] 
15 16 333 [ [ -2, 15 ], [ 1, 104 ], [ 3, 106 ] ] 
15 16 323 [ [ -2, 15 ], [ 1, 108 ], [ 3, 102 ] ] 
16 17 368 [ [ -2, 16 ], [ 1, 120 ], [ 3, 120 ] ] 
17 18 755 [ [ -2, 17 ], [ 1, 136 ], [ 3, 136 ] ] 
17 18 755 [ [ -2, 17 ], [ 1, 136 ], [ 3, 136 ] ] 
16 17 662 [ [ -2, 16 ], [ 1, 124 ], [ 3, 116 ] ] 
16 17 662 [ [ -2, 16 ], [ 1, 124 ], [ 3, 116 ] ] 
17 18 755 [ [ -2, 17 ], [ 1, 144 ], [ 3, 128 ] ] 
15 16 353 [ [ -2, 15 ], [ 1, 114 ], [ 3, 96 ] ] 
16 17 708 [ [ -2, 16 ], [ 1, 128 ], [ 3, 112 ] ] 
15 16 353 [ [ -2, 15 ], [ 1, 102 ], [ 3, 108 ] ] 
16 17 550 [ [ -2, 16 ], [ 1, 114 ], [ 3, 126 ] ] 
16 17 708 [ [ -2, 16 ], [ 1, 116 ], [ 3, 124 ] ] 
16 17 582 [ [ -2, 16 ], [ 1, 122 ], [ 3, 118 ] ] 
15 16 345 [ [ -2, 15 ], [ 1, 112 ], [ 3, 98 ] ] 
15 16 367 [ [ -2, 15 ], [ 1, 110 ], [ 3, 100 ] ] 
16 17 521 [ [ -2, 16 ], [ 1, 124 ], [ 3, 116 ] ] 
16 17 610 [ [ -2, 16 ], [ 1, 128 ], [ 3, 112 ] ] 
16 17 430 [ [ -2, 16 ], [ 1, 122 ], [ 3, 118 ] ] 
17 18 786 [ [ -2, 17 ], [ 1, 138 ], [ 3, 134 ] ] 
17 18 786 [ [ -2, 17 ], [ 1, 138 ], [ 3, 134 ] ] 
16 17 430 [ [ -2, 16 ], [ 1, 122 ], [ 3, 118 ] ] 
17 18 786 [ [ -2, 17 ], [ 1, 138 ], [ 3, 134 ] ] 
17 18 443 [ [ -2, 17 ], [ 1, 148 ], [ 3, 124 ] ] 
17 18 436 [ [ -2, 17 ], [ 1, 154 ], [ 3, 118 ] ] 
17 18 616 [ [ -2, 17 ], [ 1, 148 ], [ 3, 124 ] ] 
17 18 491 [ [ -2, 17 ], [ 1, 138 ], [ 3, 134 ] ] 
17 18 491 [ [ -2, 17 ], [ 1, 138 ], [ 3, 134 ] ] 
17 18 436 [ [ -2, 17 ], [ 1, 154 ], [ 3, 118 ] ] 
17 18 361 [ [ -2, 17 ], [ 1, 142 ], [ 3, 130 ] ] 
18 19 334 [ [ -2, 18 ], [ 1, 152 ], [ 3, 154 ] ] 
18 19 334 [ [ -2, 18 ], [ 1, 170 ], [ 3, 136 ] ] 
18 19 334 [ [ -2, 18 ], [ 1, 170 ], [ 3, 136 ] ] 
18 19 334 [ [ -2, 18 ], [ 1, 152 ], [ 3, 154 ] ] 
18 19 334 [ [ -2, 18 ], [ 1, 170 ], [ 3, 136 ] ] 
18 19 334 [ [ -2, 18 ], [ 1, 152 ], [ 3, 154 ] ] 
18 19 334 [ [ -2, 18 ], [ 1, 170 ], [ 3, 136 ] ] 
17 18 360 [ [ -2, 17 ], [ 1, 144 ], [ 3, 128 ] ] 
17 18 360 [ [ -2, 17 ], [ 1, 144 ], [ 3, 128 ] ] 
17 18 443 [ [ -2, 17 ], [ 1, 144 ], [ 3, 128 ] ] 
17 18 443 [ [ -2, 17 ], [ 1, 144 ], [ 3, 128 ] ] 
17 18 430 [ [ -2, 17 ], [ 1, 146 ], [ 3, 126 ] ] 
18 19 767 [ [ -2, 18 ], [ 1, 158 ], [ 3, 148 ] ] 
18 19 334 [ [ -2, 18 ], [ 1, 154 ], [ 3, 152 ] ] 
18 19 334 [ [ -2, 18 ], [ 1, 154 ], [ 3, 152 ] ] 
18 19 334 [ [ -2, 18 ], [ 1, 154 ], [ 3, 152 ] ] 
18 19 334 [ [ -2, 18 ], [ 1, 170 ], [ 3, 136 ] ] 
18 19 334 [ [ -2, 18 ], [ 1, 160 ], [ 3, 146 ] ] 
18 19 334 [ [ -2, 18 ], [ 1, 170 ], [ 3, 136 ] ] 
18 19 334 [ [ -2, 18 ], [ 1, 160 ], [ 3, 146 ] ] 
18 19 334 [ [ -2, 18 ], [ 1, 170 ], [ 3, 136 ] ] 
18 19 334 [ [ -2, 18 ], [ 1, 170 ], [ 3, 136 ] ] 
18 19 334 [ [ -2, 18 ], [ 1, 168 ], [ 3, 138 ] ] 
18 19 767 [ [ -2, 18 ], [ 1, 170 ], [ 3, 136 ] ] 
17 18 311 [ [ -2, 17 ], [ 1, 138 ], [ 3, 134 ] ] 
18 19 767 [ [ -2, 18 ], [ 1, 152 ], [ 3, 154 ] ] 
18 19 767 [ [ -2, 18 ], [ 1, 158 ], [ 3, 148 ] ] 
18 19 334 [ [ -2, 18 ], [ 1, 160 ], [ 3, 146 ] ] 
18 19 334 [ [ -2, 18 ], [ 1, 160 ], [ 3, 146 ] ] 
18 19 334 [ [ -2, 18 ], [ 1, 154 ], [ 3, 152 ] ] 
18 19 334 [ [ -2, 18 ], [ 1, 160 ], [ 3, 146 ] ] 
18 19 334 [ [ -2, 18 ], [ 1, 160 ], [ 3, 146 ] ] 
17 18 430 [ [ -2, 17 ], [ 1, 146 ], [ 3, 126 ] ] 
18 19 767 [ [ -2, 18 ], [ 1, 156 ], [ 3, 150 ] ] 
18 19 767 [ [ -2, 18 ], [ 1, 156 ], [ 3, 150 ] ] 
17 18 430 [ [ -2, 17 ], [ 1, 146 ], [ 3, 126 ] ] 
18 19 767 [ [ -2, 18 ], [ 1, 172 ], [ 3, 134 ] ] 
18 19 767 [ [ -2, 18 ], [ 1, 154 ], [ 3, 152 ] ] 
18 19 767 [ [ -2, 18 ], [ 1, 172 ], [ 3, 134 ] ] 
17 18 430 [ [ -2, 17 ], [ 1, 146 ], [ 3, 126 ] ] 
18 19 767 [ [ -2, 18 ], [ 1, 156 ], [ 3, 150 ] ] 
18 19 767 [ [ -2, 18 ], [ 1, 156 ], [ 3, 150 ] ] 
17 18 311 [ [ -2, 17 ], [ 1, 138 ], [ 3, 134 ] ] 
18 19 767 [ [ -2, 18 ], [ 1, 154 ], [ 3, 152 ] ] 
17 18 314 [ [ -2, 17 ], [ 1, 164 ], [ 3, 108 ] ] 
18 19 384 [ [ -2, 18 ], [ 1, 182 ], [ 3, 124 ] ] 
18 19 384 [ [ -2, 18 ], [ 1, 180 ], [ 3, 126 ] ] 
18 19 384 [ [ -2, 18 ], [ 1, 182 ], [ 3, 124 ] ] 
18 19 384 [ [ -2, 18 ], [ 1, 180 ], [ 3, 126 ] ] 
18 19 384 [ [ -2, 18 ], [ 1, 180 ], [ 3, 126 ] ] 
17 18 305 [ [ -2, 17 ], [ 1, 154 ], [ 3, 118 ] ] 
17 18 418 [ [ -2, 17 ], [ 1, 150 ], [ 3, 122 ] ] 
18 19 452 [ [ -2, 18 ], [ 1, 166 ], [ 3, 140 ] ] 
18 19 452 [ [ -2, 18 ], [ 1, 168 ], [ 3, 138 ] ] 
Error, user interrupt in
  return not IsPlistRep( r ); at /usr/local/Cellar/gap/4.15.1/share/gap/lib/list.gi:3619 called from 
func( elm ) at /usr/local/Cellar/gap/4.15.1/share/gap/lib/coll.gi:1643 called from
ForAny( mat, function ( r )
      return not IsPlistRep( r );
  end ) at /usr/local/Cellar/gap/4.15.1/share/gap/lib/list.gi:3619 called from
v * sQ at gapReads/LatticeTools.txt:23 called from
signaturejob( sdim - 1, newsQ ); at gapReads/LatticeTools.txt:42 called from
signaturejob( sdim - 1, newsQ ); at gapReads/LatticeTools.txt:42 called from
...  at Task20260922Ve.g:42
you can 'return;'
brk> quit;
gap> quit;
