sessionnumb  20260916233503 
gap> Read("Task20260916Va.g");
Error, user interrupt in
  q := QuoInt( A[i, rp[j]] - A[i, rp[j]] mod A[j, rp[j]], A[j, rp[j]] )
 ; at /usr/local/Cellar/gap/4.15.1/share/gap/lib/matint.gi:470 called from 
DoNFIM( mat, options ) at /usr/local/Cellar/gap/4.15.1/share/gap/lib/matint.gi:559 called from
NormalFormIntMat( mat, 13 ) at /usr/local/Cellar/gap/4.15.1/share/gap/lib/matint.gi:697 called from
SmithNormalFormIntegerMatTransforms( GramMat ) at gapReads/DiscriminantForms.txt:104 called from
DiscriminantForm( - GramS ) at gapReads/Genera.txt:614 called from
PrimitivelyEmbeddableInK3Lattice( Gram ) at Task20260916Va.g:56 called from
...  at Task20260916Va.g:119
you can 'return;'
brk> quit;
gap> Read("Task20260916Va.g");
extra 6tans 2 -> 3 [ 0 ] 1 
extra 6tans 3 -> 6 [ 0, 0, 0 ] 4 
extra 6tans 3 -> 5 [ 0, 0, 1 ] 5 
extra 6tans 3 -> 6 [ 0, 0, 2 ] 6 
extra 6tans 3 -> 4 [ 0, 1, 1 ] 9 
extra 6tans 3 -> 4 [ 0, 1, 2 ] 10 
extra 6tans 3 -> 5 [ 0, 1, 3 ] 11 
extra 6tans 3 -> 4 [ 0, 2, 2 ] 13 
extra 6tans 3 -> 4 [ 0, 2, 3 ] 14 
extra 6tans 3 -> 6 [ 0, 2, 4 ] 15 
extra 6tans 3 -> 4 [ 0, 3, 3 ] 16 
extra 6tans 4 -> 10 [ 0, 0, 0, 0, 0, 0 ] 23 
extra 6tans 4 -> 9 [ 0, 0, 0, 0, 0, 1 ] 24 
extra 6tans 4 -> 12 [ 0, 0, 0, 0, 0, 2 ] 25 
extra 6tans 4 -> 8 [ 0, 0, 0, 0, 1, 1 ] 28 
extra 6tans 4 -> 9 [ 0, 0, 0, 0, 1, 2 ] 29 
extra 6tans 4 -> 10 [ 0, 0, 0, 0, 2, 2 ] 32 
extra 6tans 4 -> 7 [ 0, 0, 0, 1, 1, 1 ] 38 
extra 6tans 4 -> 8 [ 0, 0, 0, 1, 1, 2 ] 39 
extra 6tans 4 -> 9 [ 0, 0, 0, 1, 2, 2 ] 42 
extra 6tans 4 -> 12 [ 0, 0, 0, 2, 2, 2 ] 48 
extra 6tans 4 -> 7 [ 0, 0, 1, 0, 1, 1 ] 58 
extra 6tans 4 -> 7 [ 0, 0, 1, 0, 1, 2 ] 59 
extra 6tans 4 -> 9 [ 0, 0, 1, 0, 1, 3 ] 60 
extra 6tans 4 -> 7 [ 0, 0, 1, 0, 2, 2 ] 62 
extra 6tans 4 -> 8 [ 0, 0, 1, 0, 2, 3 ] 63 
extra 6tans 4 -> 9 [ 0, 0, 1, 0, 3, 3 ] 65 
extra 6tans 4 -> 9 [ 0, 0, 1, 1, 0, 0 ] 68 
extra 6tans 4 -> 7 [ 0, 0, 1, 1, 0, 1 ] 69 
extra 6tans 4 -> 7 [ 0, 0, 1, 1, 0, 2 ] 70 
extra 6tans 4 -> 9 [ 0, 0, 1, 1, 0, 3 ] 71 
extra 6tans 4 -> 6 [ 0, 0, 1, 1, 1, 1 ] 73 
extra 6tans 4 -> 6 [ 0, 0, 1, 1, 1, 2 ] 74 
extra 6tans 4 -> 7 [ 0, 0, 1, 1, 1, 3 ] 75 
extra 6tans 4 -> 6 [ 0, 0, 1, 1, 2, 2 ] 77 
extra 6tans 4 -> 7 [ 0, 0, 1, 1, 2, 3 ] 78 
extra 6tans 4 -> 9 [ 0, 0, 1, 1, 3, 3 ] 80 
extra 6tans 4 -> 9 [ 0, 0, 1, 2, 0, 1 ] 84 
extra 6tans 4 -> 8 [ 0, 0, 1, 2, 0, 2 ] 85 
extra 6tans 4 -> 9 [ 0, 0, 1, 2, 0, 3 ] 86 
extra 6tans 4 -> 7 [ 0, 0, 1, 2, 1, 1 ] 88 
extra 6tans 4 -> 7 [ 0, 0, 1, 2, 1, 2 ] 89 
extra 6tans 4 -> 8 [ 0, 0, 1, 2, 1, 3 ] 90 
extra 6tans 4 -> 7 [ 0, 0, 1, 2, 2, 2 ] 92 
extra 6tans 4 -> 9 [ 0, 0, 1, 2, 2, 3 ] 93 
extra 6tans 4 -> 7 [ 0, 0, 2, 0, 2, 2 ] 128 
extra 6tans 4 -> 7 [ 0, 0, 2, 0, 2, 3 ] 129 
extra 6tans 4 -> 10 [ 0, 0, 2, 0, 2, 4 ] 130 
extra 6tans 4 -> 7 [ 0, 0, 2, 0, 3, 3 ] 131 
extra 6tans 4 -> 9 [ 0, 0, 2, 0, 3, 4 ] 132 
extra 6tans 4 -> 12 [ 0, 0, 2, 0, 4, 4 ] 133 
extra 6tans 4 -> 6 [ 0, 0, 2, 1, 1, 1 ] 134 
extra 6tans 4 -> 6 [ 0, 0, 2, 1, 1, 2 ] 135 
extra 6tans 4 -> 6 [ 0, 0, 2, 1, 1, 3 ] 136 
extra 6tans 4 -> 9 [ 0, 0, 2, 1, 1, 4 ] 137 
extra 6tans 4 -> 6 [ 0, 0, 2, 1, 2, 2 ] 138 
extra 6tans 4 -> 6 [ 0, 0, 2, 1, 2, 3 ] 139 
extra 6tans 4 -> 8 [ 0, 0, 2, 1, 2, 4 ] 140 
extra 6tans 4 -> 6 [ 0, 0, 2, 1, 3, 3 ] 141 
extra 6tans 4 -> 9 [ 0, 0, 2, 1, 3, 4 ] 142 
extra 6tans 4 -> 10 [ 0, 0, 2, 2, 0, 2 ] 146 
extra 6tans 4 -> 9 [ 0, 0, 2, 2, 0, 3 ] 147 
extra 6tans 4 -> 12 [ 0, 0, 2, 2, 0, 4 ] 148 
extra 6tans 4 -> 8 [ 0, 0, 2, 2, 1, 1 ] 149 
extra 6tans 4 -> 7 [ 0, 0, 2, 2, 1, 2 ] 150 
extra 6tans 4 -> 7 [ 0, 0, 2, 2, 1, 3 ] 151 
extra 6tans 4 -> 9 [ 0, 0, 2, 2, 1, 4 ] 152 
extra 6tans 4 -> 7 [ 0, 0, 2, 2, 2, 2 ] 153 
extra 6tans 4 -> 7 [ 0, 0, 2, 2, 2, 3 ] 154 
extra 6tans 4 -> 10 [ 0, 0, 2, 2, 2, 4 ] 155 
extra 6tans 4 -> 8 [ 0, 0, 2, 2, 3, 3 ] 156 
extra 6tans 4 -> 7 [ 0, 0, 3, 0, 3, 3 ] 187 
extra 6tans 4 -> 8 [ 0, 0, 3, 0, 3, 4 ] 188 
extra 6tans 4 -> 9 [ 0, 0, 3, 1, 1, 1 ] 189 
extra 6tans 4 -> 7 [ 0, 0, 3, 1, 1, 2 ] 190 
extra 6tans 4 -> 7 [ 0, 0, 3, 1, 1, 3 ] 191 
extra 6tans 4 -> 9 [ 0, 0, 3, 1, 1, 4 ] 192 
extra 6tans 4 -> 6 [ 0, 0, 3, 1, 2, 2 ] 193 
extra 6tans 4 -> 6 [ 0, 0, 3, 1, 2, 3 ] 194 
extra 6tans 4 -> 7 [ 0, 0, 3, 1, 2, 4 ] 195 
extra 6tans 4 -> 6 [ 0, 0, 3, 1, 3, 3 ] 196 
extra 6tans 4 -> 7 [ 0, 0, 3, 1, 3, 4 ] 197 
extra 6tans 4 -> 9 [ 0, 0, 3, 2, 1, 2 ] 199 
extra 6tans 4 -> 8 [ 0, 0, 3, 2, 1, 3 ] 200 
extra 6tans 4 -> 9 [ 0, 0, 3, 2, 1, 4 ] 201 
extra 6tans 4 -> 7 [ 0, 0, 3, 2, 2, 2 ] 202 
extra 6tans 4 -> 7 [ 0, 0, 3, 2, 2, 3 ] 203 
extra 6tans 4 -> 8 [ 0, 0, 3, 2, 2, 4 ] 204 
extra 6tans 4 -> 7 [ 0, 0, 3, 2, 3, 3 ] 205 
extra 6tans 4 -> 9 [ 0, 0, 3, 2, 3, 4 ] 206 
extra 6tans 4 -> 9 [ 0, 0, 4, 1, 2, 2 ] 238 
extra 6tans 4 -> 8 [ 0, 0, 4, 1, 2, 3 ] 239 
extra 6tans 4 -> 7 [ 0, 0, 4, 1, 3, 3 ] 240 
extra 6tans 4 -> 12 [ 0, 0, 4, 2, 2, 2 ] 244 
extra 6tans 4 -> 9 [ 0, 0, 4, 2, 2, 3 ] 245 
extra 6tans 4 -> 8 [ 0, 0, 4, 2, 3, 3 ] 246 
extra 6tans 4 -> 6 [ 0, 1, 1, 1, 1, 0 ] 264 
extra 6tans 4 -> 5 [ 0, 1, 1, 1, 1, 1 ] 265 
extra 6tans 4 -> 5 [ 0, 1, 1, 1, 1, 2 ] 266 
extra 6tans 4 -> 5 [ 0, 1, 1, 1, 1, 3 ] 267 
extra 6tans 4 -> 8 [ 0, 1, 1, 1, 1, 4 ] 268 
extra 6tans 4 -> 6 [ 0, 1, 1, 1, 2, 0 ] 269 
extra 6tans 4 -> 5 [ 0, 1, 1, 1, 2, 1 ] 270 
extra 6tans 4 -> 5 [ 0, 1, 1, 1, 2, 2 ] 271 
extra 6tans 4 -> 5 [ 0, 1, 1, 1, 2, 3 ] 272 
extra 6tans 4 -> 7 [ 0, 1, 1, 1, 2, 4 ] 273 
extra 6tans 4 -> 9 [ 0, 1, 1, 1, 3, 0 ] 274 
extra 6tans 4 -> 6 [ 0, 1, 1, 1, 3, 1 ] 275 
extra 6tans 4 -> 6 [ 0, 1, 1, 1, 3, 2 ] 276 
extra 6tans 4 -> 6 [ 0, 1, 1, 1, 3, 3 ] 277 
extra 6tans 4 -> 9 [ 0, 1, 1, 1, 3, 4 ] 278 
extra 6tans 4 -> 6 [ 0, 1, 1, 2, 2, 0 ] 283 
extra 6tans 4 -> 5 [ 0, 1, 1, 2, 2, 1 ] 284 
extra 6tans 4 -> 5 [ 0, 1, 1, 2, 2, 2 ] 285 
extra 6tans 4 -> 5 [ 0, 1, 1, 2, 2, 3 ] 286 
extra 6tans 4 -> 8 [ 0, 1, 1, 2, 2, 4 ] 287 
extra 6tans 4 -> 7 [ 0, 1, 1, 2, 3, 0 ] 288 
extra 6tans 4 -> 6 [ 0, 1, 1, 2, 3, 1 ] 289 
extra 6tans 4 -> 6 [ 0, 1, 1, 2, 3, 2 ] 290 
extra 6tans 4 -> 7 [ 0, 1, 1, 2, 3, 3 ] 291 
extra 6tans 4 -> 8 [ 0, 1, 1, 3, 3, 0 ] 297 
extra 6tans 4 -> 7 [ 0, 1, 1, 3, 3, 1 ] 298 
extra 6tans 4 -> 8 [ 0, 1, 1, 3, 3, 2 ] 299 
extra 6tans 4 -> 5 [ 0, 1, 2, 1, 2, 1 ] 306 
extra 6tans 4 -> 5 [ 0, 1, 2, 1, 2, 2 ] 307 
extra 6tans 4 -> 5 [ 0, 1, 2, 1, 2, 3 ] 308 
extra 6tans 4 -> 6 [ 0, 1, 2, 1, 2, 4 ] 309 
extra 6tans 4 -> 5 [ 0, 1, 2, 1, 3, 1 ] 310 
extra 6tans 4 -> 5 [ 0, 1, 2, 1, 3, 2 ] 311 
extra 6tans 4 -> 5 [ 0, 1, 2, 1, 3, 3 ] 312 
extra 6tans 4 -> 6 [ 0, 1, 2, 1, 3, 4 ] 313 
extra 6tans 4 -> 8 [ 0, 1, 2, 1, 4, 1 ] 314 
extra 6tans 4 -> 7 [ 0, 1, 2, 1, 4, 2 ] 315 
extra 6tans 4 -> 7 [ 0, 1, 2, 1, 4, 3 ] 316 
extra 6tans 4 -> 7 [ 0, 1, 2, 2, 1, 0 ] 317 
extra 6tans 4 -> 5 [ 0, 1, 2, 2, 1, 1 ] 318 
extra 6tans 4 -> 5 [ 0, 1, 2, 2, 1, 2 ] 319 
extra 6tans 4 -> 5 [ 0, 1, 2, 2, 1, 3 ] 320 
extra 6tans 4 -> 6 [ 0, 1, 2, 2, 1, 4 ] 321 
extra 6tans 4 -> 6 [ 0, 1, 2, 2, 2, 0 ] 322 
extra 6tans 4 -> 5 [ 0, 1, 2, 2, 2, 1 ] 323 
extra 6tans 4 -> 5 [ 0, 1, 2, 2, 2, 2 ] 324 
extra 6tans 4 -> 5 [ 0, 1, 2, 2, 2, 3 ] 325 
extra 6tans 4 -> 6 [ 0, 1, 2, 2, 2, 4 ] 326 
extra 6tans 4 -> 6 [ 0, 1, 2, 2, 3, 0 ] 327 
extra 6tans 4 -> 5 [ 0, 1, 2, 2, 3, 1 ] 328 
extra 6tans 4 -> 5 [ 0, 1, 2, 2, 3, 2 ] 329 
extra 6tans 4 -> 5 [ 0, 1, 2, 2, 3, 3 ] 330 
extra 6tans 4 -> 7 [ 0, 1, 2, 2, 3, 4 ] 331 
extra 6tans 4 -> 9 [ 0, 1, 2, 2, 4, 0 ] 332 
extra 6tans 4 -> 7 [ 0, 1, 2, 2, 4, 1 ] 333 
extra 6tans 4 -> 7 [ 0, 1, 2, 2, 4, 2 ] 334 
extra 6tans 4 -> 8 [ 0, 1, 2, 2, 4, 3 ] 335 
extra 6tans 4 -> 7 [ 0, 1, 2, 3, 1, 1 ] 337 
extra 6tans 4 -> 6 [ 0, 1, 2, 3, 1, 2 ] 338 
extra 6tans 4 -> 6 [ 0, 1, 2, 3, 1, 3 ] 339 
extra 6tans 4 -> 7 [ 0, 1, 2, 3, 1, 4 ] 340 
extra 6tans 4 -> 8 [ 0, 1, 2, 3, 2, 0 ] 341 
extra 6tans 4 -> 6 [ 0, 1, 2, 3, 2, 1 ] 342 
extra 6tans 4 -> 6 [ 0, 1, 2, 3, 2, 2 ] 343 
extra 6tans 4 -> 6 [ 0, 1, 2, 3, 2, 3 ] 344 
extra 6tans 4 -> 8 [ 0, 1, 2, 3, 2, 4 ] 345 
extra 6tans 4 -> 7 [ 0, 1, 2, 3, 3, 0 ] 346 
extra 6tans 4 -> 6 [ 0, 1, 2, 3, 3, 1 ] 347 
extra 6tans 4 -> 6 [ 0, 1, 2, 3, 3, 2 ] 348 
extra 6tans 4 -> 7 [ 0, 1, 2, 3, 3, 3 ] 349 
extra 6tans 4 -> 9 [ 0, 1, 2, 3, 4, 0 ] 350 
extra 6tans 4 -> 8 [ 0, 1, 2, 3, 4, 1 ] 351 
extra 6tans 4 -> 9 [ 0, 1, 2, 3, 4, 2 ] 352 
extra 6tans 4 -> 5 [ 0, 1, 3, 1, 3, 1 ] 365 
extra 6tans 4 -> 5 [ 0, 1, 3, 1, 3, 2 ] 366 
extra 6tans 4 -> 5 [ 0, 1, 3, 1, 3, 3 ] 367 
extra 6tans 4 -> 7 [ 0, 1, 3, 1, 4, 1 ] 368 
extra 6tans 4 -> 5 [ 0, 1, 3, 2, 2, 1 ] 369 
extra 6tans 4 -> 5 [ 0, 1, 3, 2, 2, 2 ] 370 
extra 6tans 4 -> 5 [ 0, 1, 3, 2, 2, 3 ] 371 
extra 6tans 4 -> 5 [ 0, 1, 3, 2, 3, 1 ] 372 
extra 6tans 4 -> 5 [ 0, 1, 3, 2, 3, 2 ] 373 
extra 6tans 4 -> 5 [ 0, 1, 3, 2, 3, 3 ] 374 
extra 6tans 4 -> 6 [ 0, 1, 3, 2, 4, 1 ] 375 
extra 6tans 4 -> 8 [ 0, 1, 3, 3, 1, 2 ] 378 
extra 6tans 4 -> 7 [ 0, 1, 3, 3, 1, 3 ] 379 
extra 6tans 4 -> 8 [ 0, 1, 3, 3, 1, 4 ] 380 
extra 6tans 4 -> 7 [ 0, 1, 3, 3, 2, 1 ] 382 
extra 6tans 4 -> 6 [ 0, 1, 3, 3, 2, 2 ] 383 
extra 6tans 4 -> 6 [ 0, 1, 3, 3, 2, 3 ] 384 
extra 6tans 4 -> 9 [ 0, 1, 3, 3, 3, 0 ] 385 
extra 6tans 4 -> 6 [ 0, 1, 3, 3, 3, 1 ] 386 
extra 6tans 4 -> 6 [ 0, 1, 3, 3, 3, 2 ] 387 
extra 6tans 4 -> 6 [ 0, 1, 3, 3, 3, 3 ] 388 
extra 6tans 4 -> 9 [ 0, 1, 3, 3, 4, 0 ] 389 
extra 6tans 4 -> 7 [ 0, 1, 3, 3, 4, 1 ] 390 
extra 6tans 4 -> 9 [ 0, 1, 4, 2, 2, 1 ] 400 
extra 6tans 4 -> 7 [ 0, 1, 4, 2, 2, 2 ] 401 
extra 6tans 4 -> 9 [ 0, 1, 4, 3, 2, 2 ] 403 
extra 6tans 4 -> 6 [ 0, 2, 2, 2, 2, 0 ] 411 
extra 6tans 4 -> 5 [ 0, 2, 2, 2, 2, 1 ] 412 
extra 6tans 4 -> 5 [ 0, 2, 2, 2, 2, 2 ] 413 
extra 6tans 4 -> 5 [ 0, 2, 2, 2, 2, 3 ] 414 
extra 6tans 4 -> 6 [ 0, 2, 2, 2, 2, 4 ] 415 
extra 6tans 4 -> 6 [ 0, 2, 2, 2, 3, 0 ] 416 
extra 6tans 4 -> 5 [ 0, 2, 2, 2, 3, 1 ] 417 
extra 6tans 4 -> 5 [ 0, 2, 2, 2, 3, 2 ] 418 
extra 6tans 4 -> 5 [ 0, 2, 2, 2, 3, 3 ] 419 
extra 6tans 4 -> 10 [ 0, 2, 2, 2, 4, 0 ] 420 
extra 6tans 4 -> 7 [ 0, 2, 2, 2, 4, 1 ] 421 
extra 6tans 4 -> 7 [ 0, 2, 2, 2, 4, 2 ] 422 
extra 6tans 4 -> 6 [ 0, 2, 2, 3, 3, 0 ] 423 
extra 6tans 4 -> 5 [ 0, 2, 2, 3, 3, 1 ] 424 
extra 6tans 4 -> 5 [ 0, 2, 2, 3, 3, 2 ] 425 
extra 6tans 4 -> 5 [ 0, 2, 2, 3, 3, 3 ] 426 
extra 6tans 4 -> 5 [ 0, 2, 3, 2, 3, 1 ] 427 
extra 6tans 4 -> 5 [ 0, 2, 3, 2, 3, 2 ] 428 
extra 6tans 4 -> 5 [ 0, 2, 3, 2, 3, 3 ] 429 
extra 6tans 4 -> 7 [ 0, 2, 3, 3, 2, 0 ] 430 
extra 6tans 4 -> 5 [ 0, 2, 3, 3, 2, 1 ] 431 
extra 6tans 4 -> 5 [ 0, 2, 3, 3, 2, 2 ] 432 
extra 6tans 4 -> 5 [ 0, 2, 3, 3, 2, 3 ] 433 
extra 6tans 4 -> 6 [ 0, 2, 3, 3, 3, 0 ] 434 
extra 6tans 4 -> 5 [ 0, 2, 3, 3, 3, 1 ] 435 
extra 6tans 4 -> 5 [ 0, 2, 3, 3, 3, 2 ] 436 
extra 6tans 4 -> 5 [ 0, 2, 3, 3, 3, 3 ] 437 
extra 6tans 4 -> 8 [ 0, 2, 3, 4, 2, 1 ] 439 
extra 6tans 4 -> 6 [ 0, 3, 3, 3, 3, 0 ] 441 
extra 6tans 4 -> 5 [ 0, 3, 3, 3, 3, 1 ] 442 
extra 6tans 4 -> 5 [ 0, 3, 3, 3, 3, 2 ] 443 
extra 6tans 4 -> 5 [ 0, 3, 3, 3, 3, 3 ] 444 
extra 6tans 4 -> 5 [ 1, 1, 1, 3, 3, 3 ] 454 
extra 6tans 4 -> 5 [ 1, 1, 3, 3, 1, 1 ] 470 
Error, user interrupt in
  a := w[j]; at WeightedCompleteGraphClasses.g:30 called from 
CanStillBeCanonical( d + 1 ) at WeightedCompleteGraphClasses.g:48 called from
Search( d + 1 ); at WeightedCompleteGraphClasses.g:48 called from
Search( d + 1 ); at WeightedCompleteGraphClasses.g:48 called from
Search( d + 1 ); at WeightedCompleteGraphClasses.g:48 called from
Search( d + 1 ); at WeightedCompleteGraphClasses.g:48 called from
...  at Task20260916Va.g:117
you can 'return;'
brk> 
brk> quit;
gap> Read("Task20260916Va.g");
extra 6tans 3 -> 6 [ 0, 0, 2 ] 6 
extra 6tans 3 -> 5 [ 0, 1, 3 ] 11 
extra 6tans 3 -> 6 [ 0, 2, 4 ] 15 
extra 6tans 4 -> 12 [ 0, 0, 0, 0, 0, 2 ] 25 
extra 6tans 4 -> 9 [ 0, 0, 0, 0, 1, 2 ] 29 
extra 6tans 4 -> 10 [ 0, 0, 0, 0, 2, 2 ] 32 
extra 6tans 4 -> 8 [ 0, 0, 0, 1, 1, 2 ] 39 
extra 6tans 4 -> 9 [ 0, 0, 0, 1, 2, 2 ] 42 
extra 6tans 4 -> 12 [ 0, 0, 0, 2, 2, 2 ] 48 
extra 6tans 4 -> 9 [ 0, 0, 1, 0, 1, 3 ] 60 
extra 6tans 4 -> 8 [ 0, 0, 1, 0, 2, 3 ] 63 
extra 6tans 4 -> 9 [ 0, 0, 1, 0, 3, 3 ] 65 
extra 6tans 4 -> 9 [ 0, 0, 1, 1, 0, 0 ] 68 
extra 6tans 4 -> 9 [ 0, 0, 1, 1, 0, 3 ] 71 
extra 6tans 4 -> 7 [ 0, 0, 1, 1, 1, 3 ] 75 
extra 6tans 4 -> 7 [ 0, 0, 1, 1, 2, 3 ] 78 
extra 6tans 4 -> 9 [ 0, 0, 1, 1, 3, 3 ] 80 
extra 6tans 4 -> 9 [ 0, 0, 1, 2, 0, 1 ] 84 
extra 6tans 4 -> 8 [ 0, 0, 1, 2, 0, 2 ] 85 
extra 6tans 4 -> 9 [ 0, 0, 1, 2, 0, 3 ] 86 
extra 6tans 4 -> 7 [ 0, 0, 1, 2, 1, 1 ] 88 
extra 6tans 4 -> 7 [ 0, 0, 1, 2, 1, 2 ] 89 
extra 6tans 4 -> 8 [ 0, 0, 1, 2, 1, 3 ] 90 
extra 6tans 4 -> 7 [ 0, 0, 1, 2, 2, 2 ] 92 
extra 6tans 4 -> 9 [ 0, 0, 1, 2, 2, 3 ] 93 
extra 6tans 4 -> 10 [ 0, 0, 2, 0, 2, 4 ] 130 
extra 6tans 4 -> 9 [ 0, 0, 2, 0, 3, 4 ] 132 
extra 6tans 4 -> 12 [ 0, 0, 2, 0, 4, 4 ] 133 
extra 6tans 4 -> 9 [ 0, 0, 2, 1, 1, 4 ] 137 
extra 6tans 4 -> 8 [ 0, 0, 2, 1, 2, 4 ] 140 
extra 6tans 4 -> 9 [ 0, 0, 2, 1, 3, 4 ] 142 
extra 6tans 4 -> 10 [ 0, 0, 2, 2, 0, 2 ] 146 
extra 6tans 4 -> 9 [ 0, 0, 2, 2, 0, 3 ] 147 
extra 6tans 4 -> 12 [ 0, 0, 2, 2, 0, 4 ] 148 
extra 6tans 4 -> 8 [ 0, 0, 2, 2, 1, 1 ] 149 
extra 6tans 4 -> 7 [ 0, 0, 2, 2, 1, 2 ] 150 
extra 6tans 4 -> 7 [ 0, 0, 2, 2, 1, 3 ] 151 
extra 6tans 4 -> 9 [ 0, 0, 2, 2, 1, 4 ] 152 
extra 6tans 4 -> 7 [ 0, 0, 2, 2, 2, 2 ] 153 
extra 6tans 4 -> 7 [ 0, 0, 2, 2, 2, 3 ] 154 
extra 6tans 4 -> 10 [ 0, 0, 2, 2, 2, 4 ] 155 
extra 6tans 4 -> 8 [ 0, 0, 2, 2, 3, 3 ] 156 
extra 6tans 4 -> 8 [ 0, 0, 3, 0, 3, 4 ] 188 
extra 6tans 4 -> 9 [ 0, 0, 3, 1, 1, 1 ] 189 
extra 6tans 4 -> 7 [ 0, 0, 3, 1, 1, 2 ] 190 
extra 6tans 4 -> 7 [ 0, 0, 3, 1, 1, 3 ] 191 
extra 6tans 4 -> 9 [ 0, 0, 3, 1, 1, 4 ] 192 
extra 6tans 4 -> 7 [ 0, 0, 3, 1, 2, 4 ] 195 
extra 6tans 4 -> 7 [ 0, 0, 3, 1, 3, 4 ] 197 
extra 6tans 4 -> 9 [ 0, 0, 3, 2, 1, 2 ] 199 
extra 6tans 4 -> 8 [ 0, 0, 3, 2, 1, 3 ] 200 
extra 6tans 4 -> 9 [ 0, 0, 3, 2, 1, 4 ] 201 
extra 6tans 4 -> 7 [ 0, 0, 3, 2, 2, 2 ] 202 
extra 6tans 4 -> 7 [ 0, 0, 3, 2, 2, 3 ] 203 
extra 6tans 4 -> 8 [ 0, 0, 3, 2, 2, 4 ] 204 
extra 6tans 4 -> 7 [ 0, 0, 3, 2, 3, 3 ] 205 
extra 6tans 4 -> 9 [ 0, 0, 3, 2, 3, 4 ] 206 
extra 6tans 4 -> 9 [ 0, 0, 4, 1, 2, 2 ] 238 
extra 6tans 4 -> 8 [ 0, 0, 4, 1, 2, 3 ] 239 
extra 6tans 4 -> 7 [ 0, 0, 4, 1, 3, 3 ] 240 
extra 6tans 4 -> 12 [ 0, 0, 4, 2, 2, 2 ] 244 
extra 6tans 4 -> 9 [ 0, 0, 4, 2, 2, 3 ] 245 
extra 6tans 4 -> 8 [ 0, 0, 4, 2, 3, 3 ] 246 
extra 6tans 4 -> 8 [ 0, 1, 1, 1, 1, 4 ] 268 
extra 6tans 4 -> 7 [ 0, 1, 1, 1, 2, 4 ] 273 
extra 6tans 4 -> 9 [ 0, 1, 1, 1, 3, 0 ] 274 
extra 6tans 4 -> 6 [ 0, 1, 1, 1, 3, 1 ] 275 
extra 6tans 4 -> 6 [ 0, 1, 1, 1, 3, 2 ] 276 
extra 6tans 4 -> 6 [ 0, 1, 1, 1, 3, 3 ] 277 
extra 6tans 4 -> 9 [ 0, 1, 1, 1, 3, 4 ] 278 
extra 6tans 4 -> 8 [ 0, 1, 1, 2, 2, 4 ] 287 
extra 6tans 4 -> 7 [ 0, 1, 1, 2, 3, 0 ] 288 
extra 6tans 4 -> 6 [ 0, 1, 1, 2, 3, 1 ] 289 
extra 6tans 4 -> 6 [ 0, 1, 1, 2, 3, 2 ] 290 
extra 6tans 4 -> 7 [ 0, 1, 1, 2, 3, 3 ] 291 
extra 6tans 4 -> 8 [ 0, 1, 1, 3, 3, 0 ] 297 
extra 6tans 4 -> 7 [ 0, 1, 1, 3, 3, 1 ] 298 
extra 6tans 4 -> 8 [ 0, 1, 1, 3, 3, 2 ] 299 
extra 6tans 4 -> 6 [ 0, 1, 2, 1, 2, 4 ] 309 
extra 6tans 4 -> 6 [ 0, 1, 2, 1, 3, 4 ] 313 
extra 6tans 4 -> 8 [ 0, 1, 2, 1, 4, 1 ] 314 
extra 6tans 4 -> 7 [ 0, 1, 2, 1, 4, 2 ] 315 
extra 6tans 4 -> 7 [ 0, 1, 2, 1, 4, 3 ] 316 
extra 6tans 4 -> 7 [ 0, 1, 2, 2, 1, 0 ] 317 
extra 6tans 4 -> 6 [ 0, 1, 2, 2, 1, 4 ] 321 
extra 6tans 4 -> 6 [ 0, 1, 2, 2, 2, 4 ] 326 
extra 6tans 4 -> 7 [ 0, 1, 2, 2, 3, 4 ] 331 
extra 6tans 4 -> 9 [ 0, 1, 2, 2, 4, 0 ] 332 
extra 6tans 4 -> 7 [ 0, 1, 2, 2, 4, 1 ] 333 
extra 6tans 4 -> 7 [ 0, 1, 2, 2, 4, 2 ] 334 
extra 6tans 4 -> 8 [ 0, 1, 2, 2, 4, 3 ] 335 
extra 6tans 4 -> 7 [ 0, 1, 2, 3, 1, 1 ] 337 
extra 6tans 4 -> 6 [ 0, 1, 2, 3, 1, 2 ] 338 
extra 6tans 4 -> 6 [ 0, 1, 2, 3, 1, 3 ] 339 
extra 6tans 4 -> 7 [ 0, 1, 2, 3, 1, 4 ] 340 
extra 6tans 4 -> 8 [ 0, 1, 2, 3, 2, 0 ] 341 
extra 6tans 4 -> 6 [ 0, 1, 2, 3, 2, 1 ] 342 
extra 6tans 4 -> 6 [ 0, 1, 2, 3, 2, 2 ] 343 
extra 6tans 4 -> 6 [ 0, 1, 2, 3, 2, 3 ] 344 
extra 6tans 4 -> 8 [ 0, 1, 2, 3, 2, 4 ] 345 
extra 6tans 4 -> 7 [ 0, 1, 2, 3, 3, 0 ] 346 
extra 6tans 4 -> 6 [ 0, 1, 2, 3, 3, 1 ] 347 
extra 6tans 4 -> 6 [ 0, 1, 2, 3, 3, 2 ] 348 
extra 6tans 4 -> 7 [ 0, 1, 2, 3, 3, 3 ] 349 
extra 6tans 4 -> 9 [ 0, 1, 2, 3, 4, 0 ] 350 
extra 6tans 4 -> 8 [ 0, 1, 2, 3, 4, 1 ] 351 
extra 6tans 4 -> 9 [ 0, 1, 2, 3, 4, 2 ] 352 
extra 6tans 4 -> 7 [ 0, 1, 3, 1, 4, 1 ] 368 
extra 6tans 4 -> 6 [ 0, 1, 3, 2, 4, 1 ] 375 
extra 6tans 4 -> 8 [ 0, 1, 3, 3, 1, 2 ] 378 
extra 6tans 4 -> 7 [ 0, 1, 3, 3, 1, 3 ] 379 
extra 6tans 4 -> 8 [ 0, 1, 3, 3, 1, 4 ] 380 
extra 6tans 4 -> 7 [ 0, 1, 3, 3, 2, 1 ] 382 
extra 6tans 4 -> 6 [ 0, 1, 3, 3, 2, 2 ] 383 
extra 6tans 4 -> 6 [ 0, 1, 3, 3, 2, 3 ] 384 
extra 6tans 4 -> 9 [ 0, 1, 3, 3, 3, 0 ] 385 
extra 6tans 4 -> 6 [ 0, 1, 3, 3, 3, 1 ] 386 
extra 6tans 4 -> 6 [ 0, 1, 3, 3, 3, 2 ] 387 
extra 6tans 4 -> 6 [ 0, 1, 3, 3, 3, 3 ] 388 
extra 6tans 4 -> 9 [ 0, 1, 3, 3, 4, 0 ] 389 
extra 6tans 4 -> 7 [ 0, 1, 3, 3, 4, 1 ] 390 
extra 6tans 4 -> 9 [ 0, 1, 4, 2, 2, 1 ] 400 
extra 6tans 4 -> 7 [ 0, 1, 4, 2, 2, 2 ] 401 
extra 6tans 4 -> 9 [ 0, 1, 4, 3, 2, 2 ] 403 
extra 6tans 4 -> 6 [ 0, 2, 2, 2, 2, 4 ] 415 
extra 6tans 4 -> 10 [ 0, 2, 2, 2, 4, 0 ] 420 
extra 6tans 4 -> 7 [ 0, 2, 2, 2, 4, 1 ] 421 
extra 6tans 4 -> 7 [ 0, 2, 2, 2, 4, 2 ] 422 
extra 6tans 4 -> 7 [ 0, 2, 3, 3, 2, 0 ] 430 
extra 6tans 4 -> 8 [ 0, 2, 3, 4, 2, 1 ] 439 
extra 6tans 4 -> 5 [ 1, 1, 1, 3, 3, 3 ] 454 
extra 6tans 4 -> 5 [ 1, 1, 3, 3, 1, 1 ] 470 
extra 6tans 5 -> 20 [ 0, 0, 0, 0, 0, 0, 0, 0, 0, 2 ] 483 
extra 6tans 5 -> 16 [ 0, 0, 0, 0, 0, 0, 0, 0, 1, 2 ] 487 
extra 6tans 5 -> 20 [ 0, 0, 0, 0, 0, 0, 0, 0, 2, 2 ] 490 
extra 6tans 5 -> 16 [ 0, 0, 0, 0, 0, 0, 0, 1, 1, 2 ] 497 
extra 6tans 5 -> 13 [ 0, 0, 0, 0, 0, 0, 1, 0, 1, 2 ] 517 
extra 6tans 5 -> 14 [ 0, 0, 0, 0, 0, 0, 1, 0, 2, 2 ] 520 
extra 6tans 5 -> 14 [ 0, 0, 0, 0, 0, 0, 1, 1, 0, 0 ] 526 
extra 6tans 5 -> 13 [ 0, 0, 0, 0, 0, 0, 1, 1, 0, 2 ] 528 
extra 6tans 5 -> 12 [ 0, 0, 0, 0, 0, 0, 1, 1, 1, 2 ] 532 
extra 6tans 5 -> 14 [ 0, 0, 0, 0, 0, 0, 1, 1, 2, 2 ] 535 
extra 6tans 5 -> 16 [ 0, 0, 0, 0, 0, 0, 1, 2, 0, 1 ] 542 
extra 6tans 5 -> 16 [ 0, 0, 0, 0, 0, 0, 1, 2, 0, 2 ] 543 
extra 6tans 5 -> 14 [ 0, 0, 0, 0, 0, 0, 1, 2, 1, 1 ] 546 
extra 6tans 5 -> 16 [ 0, 0, 0, 0, 0, 0, 1, 2, 1, 2 ] 547 
extra 6tans 5 -> 15 [ 0, 0, 0, 0, 0, 0, 2, 0, 2, 2 ] 586 
extra 6tans 5 -> 12 [ 0, 0, 0, 0, 0, 0, 2, 1, 1, 1 ] 592 
extra 6tans 5 -> 13 [ 0, 0, 0, 0, 0, 0, 2, 1, 1, 2 ] 593 
extra 6tans 5 -> 14 [ 0, 0, 0, 0, 0, 0, 2, 1, 2, 2 ] 596 
extra 6tans 5 -> 20 [ 0, 0, 0, 0, 0, 0, 2, 2, 0, 2 ] 604 
extra 6tans 5 -> 16 [ 0, 0, 0, 0, 0, 0, 2, 2, 1, 1 ] 607 
extra 6tans 5 -> 16 [ 0, 0, 0, 0, 0, 0, 2, 2, 1, 2 ] 608 
extra 6tans 5 -> 20 [ 0, 0, 0, 0, 0, 0, 2, 2, 2, 2 ] 611 
extra 6tans 5 -> 11 [ 0, 0, 0, 0, 0, 1, 1, 1, 1, 2 ] 748 
extra 6tans 5 -> 12 [ 0, 0, 0, 0, 0, 1, 1, 1, 2, 0 ] 751 
extra 6tans 5 -> 11 [ 0, 0, 0, 0, 0, 1, 1, 1, 2, 1 ] 752 
extra 6tans 5 -> 12 [ 0, 0, 0, 0, 0, 1, 1, 1, 2, 2 ] 753 
extra 6tans 5 -> 13 [ 0, 0, 0, 0, 0, 1, 1, 2, 2, 0 ] 766 
extra 6tans 5 -> 12 [ 0, 0, 0, 0, 0, 1, 1, 2, 2, 1 ] 767 
extra 6tans 5 -> 16 [ 0, 0, 0, 0, 0, 1, 1, 2, 2, 2 ] 768 
extra 6tans 5 -> 12 [ 0, 0, 0, 0, 0, 1, 2, 1, 2, 1 ] 796 
extra 6tans 5 -> 13 [ 0, 0, 0, 0, 0, 1, 2, 1, 2, 2 ] 797 
extra 6tans 5 -> 14 [ 0, 0, 0, 0, 0, 1, 2, 2, 1, 0 ] 808 
extra 6tans 5 -> 12 [ 0, 0, 0, 0, 0, 1, 2, 2, 1, 1 ] 809 
extra 6tans 5 -> 13 [ 0, 0, 0, 0, 0, 1, 2, 2, 1, 2 ] 810 
extra 6tans 5 -> 14 [ 0, 0, 0, 0, 0, 1, 2, 2, 2, 0 ] 813 
extra 6tans 5 -> 13 [ 0, 0, 0, 0, 0, 1, 2, 2, 2, 1 ] 814 
extra 6tans 5 -> 16 [ 0, 0, 0, 0, 0, 1, 2, 2, 2, 2 ] 815 
extra 6tans 5 -> 15 [ 0, 0, 0, 0, 0, 2, 2, 2, 2, 0 ] 976 
extra 6tans 5 -> 14 [ 0, 0, 0, 0, 0, 2, 2, 2, 2, 1 ] 977 
extra 6tans 5 -> 20 [ 0, 0, 0, 0, 0, 2, 2, 2, 2, 2 ] 978 
extra 6tans 5 -> 10 [ 0, 0, 0, 0, 1, 1, 1, 1, 1, 2 ] 1106 
extra 6tans 5 -> 11 [ 0, 0, 0, 0, 1, 1, 1, 1, 2, 2 ] 1109 
extra 6tans 5 -> 14 [ 0, 0, 0, 0, 1, 1, 1, 2, 2, 2 ] 1115 
extra 6tans 5 -> 12 [ 0, 0, 0, 0, 1, 1, 2, 1, 2, 2 ] 1125 
extra 6tans 5 -> 11 [ 0, 0, 0, 0, 1, 1, 2, 2, 1, 1 ] 1131 
extra 6tans 5 -> 12 [ 0, 0, 0, 0, 1, 1, 2, 2, 1, 2 ] 1132 
extra 6tans 5 -> 16 [ 0, 0, 0, 0, 1, 1, 2, 2, 2, 2 ] 1135 
extra 6tans 5 -> 14 [ 0, 0, 0, 0, 1, 2, 2, 2, 2, 1 ] 1213 
extra 6tans 5 -> 14 [ 0, 0, 0, 1, 0, 0, 1, 0, 1, 3 ] 1383 
extra 6tans 5 -> 13 [ 0, 0, 0, 1, 0, 0, 1, 0, 2, 3 ] 1386 
extra 6tans 5 -> 16 [ 0, 0, 0, 1, 0, 0, 1, 0, 3, 3 ] 1388 
extra 6tans 5 -> 14 [ 0, 0, 0, 1, 0, 0, 1, 1, 0, 0 ] 1391 
extra 6tans 5 -> 14 [ 0, 0, 0, 1, 0, 0, 1, 1, 0, 3 ] 1394 
extra 6tans 5 -> 12 [ 0, 0, 0, 1, 0, 0, 1, 1, 1, 3 ] 1398 
extra 6tans 5 -> 13 [ 0, 0, 0, 1, 0, 0, 1, 1, 2, 3 ] 1401 
extra 6tans 5 -> 16 [ 0, 0, 0, 1, 0, 0, 1, 2, 0, 1 ] 1407 
extra 6tans 5 -> 14 [ 0, 0, 0, 1, 0, 0, 1, 2, 0, 2 ] 1408 
extra 6tans 5 -> 16 [ 0, 0, 0, 1, 0, 0, 1, 2, 0, 3 ] 1409 
extra 6tans 5 -> 13 [ 0, 0, 0, 1, 0, 0, 1, 2, 1, 1 ] 1411 
extra 6tans 5 -> 13 [ 0, 0, 0, 1, 0, 0, 1, 2, 1, 2 ] 1412 
extra 6tans 5 -> 16 [ 0, 0, 0, 1, 0, 0, 1, 2, 1, 3 ] 1413 
extra 6tans 5 -> 14 [ 0, 0, 0, 1, 0, 0, 1, 2, 2, 2 ] 1415 
extra 6tans 5 -> 12 [ 0, 0, 0, 1, 0, 0, 2, 0, 2, 3 ] 1452 
extra 6tans 5 -> 13 [ 0, 0, 0, 1, 0, 0, 2, 0, 3, 3 ] 1454 
extra 6tans 5 -> 13 [ 0, 0, 0, 1, 0, 0, 2, 1, 0, 1 ] 1458 
extra 6tans 5 -> 12 [ 0, 0, 0, 1, 0, 0, 2, 1, 0, 2 ] 1459 
extra 6tans 5 -> 14 [ 0, 0, 0, 1, 0, 0, 2, 1, 0, 3 ] 1460 
extra 6tans 5 -> 11 [ 0, 0, 0, 1, 0, 0, 2, 1, 1, 3 ] 1464 
extra 6tans 5 -> 11 [ 0, 0, 0, 1, 0, 0, 2, 1, 2, 3 ] 1467 
extra 6tans 5 -> 14 [ 0, 0, 0, 1, 0, 0, 2, 1, 3, 3 ] 1469 
extra 6tans 5 -> 16 [ 0, 0, 0, 1, 0, 0, 2, 2, 0, 2 ] 1474 
extra 6tans 5 -> 16 [ 0, 0, 0, 1, 0, 0, 2, 2, 0, 3 ] 1475 
extra 6tans 5 -> 14 [ 0, 0, 0, 1, 0, 0, 2, 2, 1, 1 ] 1477 
extra 6tans 5 -> 13 [ 0, 0, 0, 1, 0, 0, 2, 2, 1, 2 ] 1478 
extra 6tans 5 -> 14 [ 0, 0, 0, 1, 0, 0, 2, 2, 1, 3 ] 1479 
extra 6tans 5 -> 13 [ 0, 0, 0, 1, 0, 0, 2, 2, 2, 2 ] 1481 
extra 6tans 5 -> 16 [ 0, 0, 0, 1, 0, 0, 2, 2, 2, 3 ] 1482 
extra 6tans 5 -> 14 [ 0, 0, 0, 1, 0, 0, 3, 0, 3, 3 ] 1517 
extra 6tans 5 -> 14 [ 0, 0, 0, 1, 0, 0, 3, 1, 1, 1 ] 1525 
extra 6tans 5 -> 12 [ 0, 0, 0, 1, 0, 0, 3, 1, 1, 2 ] 1526 
extra 6tans 5 -> 13 [ 0, 0, 0, 1, 0, 0, 3, 1, 1, 3 ] 1527 
extra 6tans 5 -> 11 [ 0, 0, 0, 1, 0, 0, 3, 1, 2, 2 ] 1529 
extra 6tans 5 -> 12 [ 0, 0, 0, 1, 0, 0, 3, 1, 2, 3 ] 1530 
extra 6tans 5 -> 14 [ 0, 0, 0, 1, 0, 0, 3, 1, 3, 3 ] 1532 
extra 6tans 5 -> 16 [ 0, 0, 0, 1, 0, 0, 3, 2, 1, 2 ] 1541 
extra 6tans 5 -> 16 [ 0, 0, 0, 1, 0, 0, 3, 2, 1, 3 ] 1542 
extra 6tans 5 -> 14 [ 0, 0, 0, 1, 0, 0, 3, 2, 2, 2 ] 1544 
extra 6tans 5 -> 16 [ 0, 0, 0, 1, 0, 0, 3, 2, 2, 3 ] 1545 
extra 6tans 5 -> 12 [ 0, 0, 0, 1, 0, 1, 0, 1, 1, 0 ] 1641 
extra 6tans 5 -> 12 [ 0, 0, 0, 1, 0, 1, 0, 1, 1, 3 ] 1644 
extra 6tans 5 -> 14 [ 0, 0, 0, 1, 0, 1, 0, 1, 2, 0 ] 1646 
extra 6tans 5 -> 11 [ 0, 0, 0, 1, 0, 1, 0, 1, 2, 1 ] 1647 
extra 6tans 5 -> 11 [ 0, 0, 0, 1, 0, 1, 0, 1, 2, 2 ] 1648 
extra 6tans 5 -> 14 [ 0, 0, 0, 1, 0, 1, 0, 1, 2, 3 ] 1649 
extra 6tans 5 -> 14 [ 0, 0, 0, 1, 0, 1, 0, 2, 2, 0 ] 1661 
extra 6tans 5 -> 12 [ 0, 0, 0, 1, 0, 1, 0, 2, 2, 1 ] 1662 
extra 6tans 5 -> 13 [ 0, 0, 0, 1, 0, 1, 0, 2, 2, 2 ] 1663 
extra 6tans 5 -> 10 [ 0, 0, 0, 1, 0, 1, 1, 1, 1, 3 ] 1694 
extra 6tans 5 -> 10 [ 0, 0, 0, 1, 0, 1, 1, 1, 2, 3 ] 1699 
extra 6tans 5 -> 14 [ 0, 0, 0, 1, 0, 1, 1, 1, 3, 0 ] 1701 
extra 6tans 5 -> 11 [ 0, 0, 0, 1, 0, 1, 1, 1, 3, 1 ] 1702 
extra 6tans 5 -> 11 [ 0, 0, 0, 1, 0, 1, 1, 1, 3, 2 ] 1703 
extra 6tans 5 -> 14 [ 0, 0, 0, 1, 0, 1, 1, 1, 3, 3 ] 1704 
extra 6tans 5 -> 12 [ 0, 0, 0, 1, 0, 1, 1, 2, 0, 1 ] 1712 
extra 6tans 5 -> 11 [ 0, 0, 0, 1, 0, 1, 1, 2, 0, 2 ] 1713 
extra 6tans 5 -> 12 [ 0, 0, 0, 1, 0, 1, 1, 2, 0, 3 ] 1714 
extra 6tans 5 -> 12 [ 0, 0, 0, 1, 0, 1, 1, 2, 1, 0 ] 1716 
extra 6tans 5 -> 10 [ 0, 0, 0, 1, 0, 1, 1, 2, 1, 1 ] 1717 
extra 6tans 5 -> 10 [ 0, 0, 0, 1, 0, 1, 1, 2, 1, 2 ] 1718 
extra 6tans 5 -> 11 [ 0, 0, 0, 1, 0, 1, 1, 2, 1, 3 ] 1719 
extra 6tans 5 -> 11 [ 0, 0, 0, 1, 0, 1, 1, 2, 2, 0 ] 1721 
extra 6tans 5 -> 10 [ 0, 0, 0, 1, 0, 1, 1, 2, 2, 1 ] 1722 
extra 6tans 5 -> 10 [ 0, 0, 0, 1, 0, 1, 1, 2, 2, 2 ] 1723 
extra 6tans 5 -> 13 [ 0, 0, 0, 1, 0, 1, 1, 2, 2, 3 ] 1724 
extra 6tans 5 -> 13 [ 0, 0, 0, 1, 0, 1, 1, 2, 3, 0 ] 1726 
extra 6tans 5 -> 12 [ 0, 0, 0, 1, 0, 1, 1, 2, 3, 1 ] 1727 
extra 6tans 5 -> 14 [ 0, 0, 0, 1, 0, 1, 1, 2, 3, 2 ] 1728 
extra 6tans 5 -> 10 [ 0, 0, 0, 1, 0, 1, 2, 1, 2, 3 ] 1789 
extra 6tans 5 -> 12 [ 0, 0, 0, 1, 0, 1, 2, 1, 3, 0 ] 1791 
extra 6tans 5 -> 10 [ 0, 0, 0, 1, 0, 1, 2, 1, 3, 1 ] 1792 
extra 6tans 5 -> 10 [ 0, 0, 0, 1, 0, 1, 2, 1, 3, 2 ] 1793 
extra 6tans 5 -> 12 [ 0, 0, 0, 1, 0, 1, 2, 1, 3, 3 ] 1794 
extra 6tans 5 -> 14 [ 0, 0, 0, 1, 0, 1, 2, 2, 0, 1 ] 1802 
extra 6tans 5 -> 12 [ 0, 0, 0, 1, 0, 1, 2, 2, 0, 2 ] 1803 
extra 6tans 5 -> 13 [ 0, 0, 0, 1, 0, 1, 2, 2, 0, 3 ] 1804 
extra 6tans 5 -> 13 [ 0, 0, 0, 1, 0, 1, 2, 2, 1, 0 ] 1806 
extra 6tans 5 -> 10 [ 0, 0, 0, 1, 0, 1, 2, 2, 1, 1 ] 1807 
extra 6tans 5 -> 10 [ 0, 0, 0, 1, 0, 1, 2, 2, 1, 2 ] 1808 
extra 6tans 5 -> 11 [ 0, 0, 0, 1, 0, 1, 2, 2, 1, 3 ] 1809 
extra 6tans 5 -> 11 [ 0, 0, 0, 1, 0, 1, 2, 2, 2, 0 ] 1811 
extra 6tans 5 -> 10 [ 0, 0, 0, 1, 0, 1, 2, 2, 2, 1 ] 1812 
extra 6tans 5 -> 10 [ 0, 0, 0, 1, 0, 1, 2, 2, 2, 2 ] 1813 
extra 6tans 5 -> 12 [ 0, 0, 0, 1, 0, 1, 2, 2, 2, 3 ] 1814 
extra 6tans 5 -> 12 [ 0, 0, 0, 1, 0, 1, 2, 2, 3, 0 ] 1816 
extra 6tans 5 -> 11 [ 0, 0, 0, 1, 0, 1, 2, 2, 3, 1 ] 1817 
extra 6tans 5 -> 12 [ 0, 0, 0, 1, 0, 1, 2, 2, 3, 2 ] 1818 
extra 6tans 5 -> 14 [ 0, 0, 0, 1, 0, 1, 3, 1, 3, 0 ] 1876 
extra 6tans 5 -> 11 [ 0, 0, 0, 1, 0, 1, 3, 1, 3, 1 ] 1877 
extra 6tans 5 -> 11 [ 0, 0, 0, 1, 0, 1, 3, 1, 3, 2 ] 1878 
extra 6tans 5 -> 14 [ 0, 0, 0, 1, 0, 1, 3, 1, 3, 3 ] 1879 
extra 6tans 5 -> 13 [ 0, 0, 0, 1, 0, 1, 3, 2, 1, 1 ] 1892 
extra 6tans 5 -> 12 [ 0, 0, 0, 1, 0, 1, 3, 2, 1, 2 ] 1893 
extra 6tans 5 -> 14 [ 0, 0, 0, 1, 0, 1, 3, 2, 1, 3 ] 1894 
extra 6tans 5 -> 14 [ 0, 0, 0, 1, 0, 1, 3, 2, 2, 0 ] 1896 
extra 6tans 5 -> 11 [ 0, 0, 0, 1, 0, 1, 3, 2, 2, 1 ] 1897 
extra 6tans 5 -> 11 [ 0, 0, 0, 1, 0, 1, 3, 2, 2, 2 ] 1898 
extra 6tans 5 -> 14 [ 0, 0, 0, 1, 0, 1, 3, 2, 2, 3 ] 1899 
extra 6tans 5 -> 14 [ 0, 0, 0, 1, 0, 1, 3, 2, 3, 0 ] 1901 
extra 6tans 5 -> 12 [ 0, 0, 0, 1, 0, 1, 3, 2, 3, 1 ] 1902 
extra 6tans 5 -> 13 [ 0, 0, 0, 1, 0, 1, 3, 2, 3, 2 ] 1903 
extra 6tans 5 -> 16 [ 0, 0, 0, 1, 0, 2, 0, 2, 0, 1 ] 2042 
extra 6tans 5 -> 13 [ 0, 0, 0, 1, 0, 2, 0, 2, 0, 2 ] 2043 
extra 6tans 5 -> 14 [ 0, 0, 0, 1, 0, 2, 0, 2, 0, 3 ] 2044 
extra 6tans 5 -> 13 [ 0, 0, 0, 1, 0, 2, 0, 2, 1, 1 ] 2047 
extra 6tans 5 -> 12 [ 0, 0, 0, 1, 0, 2, 0, 2, 1, 2 ] 2048 
extra 6tans 5 -> 13 [ 0, 0, 0, 1, 0, 2, 0, 2, 1, 3 ] 2049 
extra 6tans 5 -> 14 [ 0, 0, 0, 1, 0, 2, 0, 2, 2, 1 ] 2052 
extra 6tans 5 -> 13 [ 0, 0, 0, 1, 0, 2, 0, 2, 2, 2 ] 2053 
extra 6tans 5 -> 16 [ 0, 0, 0, 1, 0, 2, 0, 2, 2, 3 ] 2054 
extra 6tans 5 -> 14 [ 0, 0, 0, 1, 0, 2, 1, 2, 1, 0 ] 2116 
extra 6tans 5 -> 11 [ 0, 0, 0, 1, 0, 2, 1, 2, 1, 1 ] 2117 
extra 6tans 5 -> 11 [ 0, 0, 0, 1, 0, 2, 1, 2, 1, 2 ] 2118 
extra 6tans 5 -> 12 [ 0, 0, 0, 1, 0, 2, 1, 2, 1, 3 ] 2119 
extra 6tans 5 -> 13 [ 0, 0, 0, 1, 0, 2, 1, 2, 2, 0 ] 2121 
extra 6tans 5 -> 11 [ 0, 0, 0, 1, 0, 2, 1, 2, 2, 1 ] 2122 
extra 6tans 5 -> 11 [ 0, 0, 0, 1, 0, 2, 1, 2, 2, 2 ] 2123 
extra 6tans 5 -> 13 [ 0, 0, 0, 1, 0, 2, 1, 2, 2, 3 ] 2124 
extra 6tans 5 -> 16 [ 0, 0, 0, 1, 0, 2, 1, 2, 3, 0 ] 2126 
extra 6tans 5 -> 13 [ 0, 0, 0, 1, 0, 2, 1, 2, 3, 1 ] 2127 
extra 6tans 5 -> 14 [ 0, 0, 0, 1, 0, 2, 1, 2, 3, 2 ] 2128 
extra 6tans 5 -> 12 [ 0, 0, 0, 1, 0, 2, 2, 2, 2, 0 ] 2186 
extra 6tans 5 -> 11 [ 0, 0, 0, 1, 0, 2, 2, 2, 2, 1 ] 2187 
extra 6tans 5 -> 11 [ 0, 0, 0, 1, 0, 2, 2, 2, 2, 2 ] 2188 
extra 6tans 5 -> 14 [ 0, 0, 0, 1, 0, 2, 2, 2, 2, 3 ] 2189 
extra 6tans 5 -> 13 [ 0, 0, 0, 1, 0, 2, 2, 2, 3, 0 ] 2191 
extra 6tans 5 -> 12 [ 0, 0, 0, 1, 0, 2, 2, 2, 3, 1 ] 2192 
extra 6tans 5 -> 13 [ 0, 0, 0, 1, 0, 2, 2, 2, 3, 2 ] 2193 
extra 6tans 5 -> 14 [ 0, 0, 0, 1, 0, 2, 3, 2, 3, 0 ] 2251 
extra 6tans 5 -> 13 [ 0, 0, 0, 1, 0, 2, 3, 2, 3, 1 ] 2252 
extra 6tans 5 -> 16 [ 0, 0, 0, 1, 0, 2, 3, 2, 3, 2 ] 2253 
extra 6tans 5 -> 15 [ 0, 0, 0, 1, 1, 1, 0, 1, 0, 0 ] 2641 
extra 6tans 5 -> 11 [ 0, 0, 0, 1, 1, 1, 0, 1, 0, 1 ] 2642 
extra 6tans 5 -> 11 [ 0, 0, 0, 1, 1, 1, 0, 1, 0, 2 ] 2643 
extra 6tans 5 -> 15 [ 0, 0, 0, 1, 1, 1, 0, 1, 0, 3 ] 2644 
extra 6tans 5 -> 11 [ 0, 0, 0, 1, 1, 1, 0, 1, 1, 3 ] 2648 
extra 6tans 5 -> 11 [ 0, 0, 0, 1, 1, 1, 0, 1, 2, 3 ] 2651 
extra 6tans 5 -> 15 [ 0, 0, 0, 1, 1, 1, 0, 1, 3, 3 ] 2653 
extra 6tans 5 -> 14 [ 0, 0, 0, 1, 1, 1, 0, 2, 0, 1 ] 2657 
extra 6tans 5 -> 12 [ 0, 0, 0, 1, 1, 1, 0, 2, 0, 2 ] 2658 
extra 6tans 5 -> 14 [ 0, 0, 0, 1, 1, 1, 0, 2, 0, 3 ] 2659 
extra 6tans 5 -> 10 [ 0, 0, 0, 1, 1, 1, 0, 2, 1, 1 ] 2661 
extra 6tans 5 -> 10 [ 0, 0, 0, 1, 1, 1, 0, 2, 1, 2 ] 2662 
extra 6tans 5 -> 12 [ 0, 0, 0, 1, 1, 1, 0, 2, 1, 3 ] 2663 
extra 6tans 5 -> 10 [ 0, 0, 0, 1, 1, 1, 0, 2, 2, 2 ] 2665 
extra 6tans 5 -> 14 [ 0, 0, 0, 1, 1, 1, 0, 2, 2, 3 ] 2666 
extra 6tans 5 -> 9 [ 0, 0, 0, 1, 1, 1, 1, 1, 1, 3 ] 2703 
extra 6tans 5 -> 9 [ 0, 0, 0, 1, 1, 1, 1, 1, 2, 3 ] 2706 
extra 6tans 5 -> 11 [ 0, 0, 0, 1, 1, 1, 1, 1, 3, 3 ] 2708 
extra 6tans 5 -> 11 [ 0, 0, 0, 1, 1, 1, 1, 2, 0, 1 ] 2712 
extra 6tans 5 -> 10 [ 0, 0, 0, 1, 1, 1, 1, 2, 0, 2 ] 2713 
extra 6tans 5 -> 11 [ 0, 0, 0, 1, 1, 1, 1, 2, 0, 3 ] 2714 
extra 6tans 5 -> 9 [ 0, 0, 0, 1, 1, 1, 1, 2, 1, 1 ] 2716 
extra 6tans 5 -> 9 [ 0, 0, 0, 1, 1, 1, 1, 2, 1, 2 ] 2717 
extra 6tans 5 -> 10 [ 0, 0, 0, 1, 1, 1, 1, 2, 1, 3 ] 2718 
extra 6tans 5 -> 9 [ 0, 0, 0, 1, 1, 1, 1, 2, 2, 2 ] 2720 
extra 6tans 5 -> 11 [ 0, 0, 0, 1, 1, 1, 1, 2, 2, 3 ] 2721 
extra 6tans 5 -> 9 [ 0, 0, 0, 1, 1, 1, 2, 1, 2, 3 ] 2757 
extra 6tans 5 -> 11 [ 0, 0, 0, 1, 1, 1, 2, 1, 3, 3 ] 2759 
extra 6tans 5 -> 11 [ 0, 0, 0, 1, 1, 1, 2, 2, 0, 1 ] 2763 
extra 6tans 5 -> 10 [ 0, 0, 0, 1, 1, 1, 2, 2, 0, 2 ] 2764 
extra 6tans 5 -> 11 [ 0, 0, 0, 1, 1, 1, 2, 2, 0, 3 ] 2765 
extra 6tans 5 -> 9 [ 0, 0, 0, 1, 1, 1, 2, 2, 1, 1 ] 2767 
extra 6tans 5 -> 9 [ 0, 0, 0, 1, 1, 1, 2, 2, 1, 2 ] 2768 
extra 6tans 5 -> 10 [ 0, 0, 0, 1, 1, 1, 2, 2, 1, 3 ] 2769 
extra 6tans 5 -> 9 [ 0, 0, 0, 1, 1, 1, 2, 2, 2, 2 ] 2771 
extra 6tans 5 -> 11 [ 0, 0, 0, 1, 1, 1, 2, 2, 2, 3 ] 2772 
extra 6tans 5 -> 15 [ 0, 0, 0, 1, 1, 1, 3, 1, 3, 3 ] 2807 
extra 6tans 5 -> 14 [ 0, 0, 0, 1, 1, 1, 3, 2, 0, 1 ] 2811 
extra 6tans 5 -> 12 [ 0, 0, 0, 1, 1, 1, 3, 2, 0, 2 ] 2812 
extra 6tans 5 -> 14 [ 0, 0, 0, 1, 1, 1, 3, 2, 0, 3 ] 2813 
extra 6tans 5 -> 10 [ 0, 0, 0, 1, 1, 1, 3, 2, 1, 1 ] 2815 
extra 6tans 5 -> 10 [ 0, 0, 0, 1, 1, 1, 3, 2, 1, 2 ] 2816 
extra 6tans 5 -> 12 [ 0, 0, 0, 1, 1, 1, 3, 2, 1, 3 ] 2817 
extra 6tans 5 -> 10 [ 0, 0, 0, 1, 1, 1, 3, 2, 2, 2 ] 2819 
extra 6tans 5 -> 14 [ 0, 0, 0, 1, 1, 1, 3, 2, 2, 3 ] 2820 
extra 6tans 5 -> 14 [ 0, 0, 0, 1, 1, 2, 0, 2, 0, 2 ] 2903 
extra 6tans 5 -> 14 [ 0, 0, 0, 1, 1, 2, 0, 2, 0, 3 ] 2904 
extra 6tans 5 -> 13 [ 0, 0, 0, 1, 1, 2, 0, 2, 1, 1 ] 2907 
extra 6tans 5 -> 11 [ 0, 0, 0, 1, 1, 2, 0, 2, 1, 2 ] 2908 
extra 6tans 5 -> 12 [ 0, 0, 0, 1, 1, 2, 0, 2, 1, 3 ] 2909 
extra 6tans 5 -> 12 [ 0, 0, 0, 1, 1, 2, 0, 2, 2, 1 ] 2912 
extra 6tans 5 -> 11 [ 0, 0, 0, 1, 1, 2, 0, 2, 2, 2 ] 2913 
extra 6tans 5 -> 13 [ 0, 0, 0, 1, 1, 2, 0, 2, 2, 3 ] 2914 
extra 6tans 5 -> 14 [ 0, 0, 0, 1, 1, 2, 0, 2, 3, 1 ] 2917 
extra 6tans 5 -> 14 [ 0, 0, 0, 1, 1, 2, 0, 2, 3, 2 ] 2918 
extra 6tans 5 -> 14 [ 0, 0, 0, 1, 1, 2, 1, 2, 1, 0 ] 2976 
extra 6tans 5 -> 10 [ 0, 0, 0, 1, 1, 2, 1, 2, 1, 1 ] 2977 
extra 6tans 5 -> 10 [ 0, 0, 0, 1, 1, 2, 1, 2, 1, 2 ] 2978 
extra 6tans 5 -> 11 [ 0, 0, 0, 1, 1, 2, 1, 2, 1, 3 ] 2979 
extra 6tans 5 -> 12 [ 0, 0, 0, 1, 1, 2, 1, 2, 2, 0 ] 2981 
extra 6tans 5 -> 10 [ 0, 0, 0, 1, 1, 2, 1, 2, 2, 1 ] 2982 
extra 6tans 5 -> 10 [ 0, 0, 0, 1, 1, 2, 1, 2, 2, 2 ] 2983 
extra 6tans 5 -> 12 [ 0, 0, 0, 1, 1, 2, 1, 2, 2, 3 ] 2984 
extra 6tans 5 -> 13 [ 0, 0, 0, 1, 1, 2, 1, 2, 3, 0 ] 2986 
extra 6tans 5 -> 11 [ 0, 0, 0, 1, 1, 2, 1, 2, 3, 1 ] 2987 
extra 6tans 5 -> 12 [ 0, 0, 0, 1, 1, 2, 1, 2, 3, 2 ] 2988 
extra 6tans 5 -> 11 [ 0, 0, 0, 1, 1, 2, 2, 2, 2, 0 ] 3046 
extra 6tans 5 -> 10 [ 0, 0, 0, 1, 1, 2, 2, 2, 2, 1 ] 3047 
extra 6tans 5 -> 10 [ 0, 0, 0, 1, 1, 2, 2, 2, 2, 2 ] 3048 
extra 6tans 5 -> 14 [ 0, 0, 0, 1, 1, 2, 2, 2, 2, 3 ] 3049 
extra 6tans 5 -> 12 [ 0, 0, 0, 1, 1, 2, 2, 2, 3, 0 ] 3051 
extra 6tans 5 -> 11 [ 0, 0, 0, 1, 1, 2, 2, 2, 3, 1 ] 3052 
extra 6tans 5 -> 13 [ 0, 0, 0, 1, 1, 2, 2, 2, 3, 2 ] 3053 
extra 6tans 5 -> 14 [ 0, 0, 0, 1, 1, 2, 3, 2, 3, 0 ] 3111 
extra 6tans 5 -> 14 [ 0, 0, 0, 1, 1, 2, 3, 2, 3, 1 ] 3112 
extra 6tans 5 -> 16 [ 0, 0, 0, 1, 2, 2, 0, 2, 1, 2 ] 3507 
extra 6tans 5 -> 16 [ 0, 0, 0, 1, 2, 2, 0, 2, 1, 3 ] 3508 
extra 6tans 5 -> 14 [ 0, 0, 0, 1, 2, 2, 0, 2, 2, 2 ] 3510 
extra 6tans 5 -> 16 [ 0, 0, 0, 1, 2, 2, 0, 2, 2, 3 ] 3511 
extra 6tans 5 -> 14 [ 0, 0, 0, 1, 2, 2, 1, 2, 1, 1 ] 3546 
extra 6tans 5 -> 13 [ 0, 0, 0, 1, 2, 2, 1, 2, 1, 2 ] 3547 
extra 6tans 5 -> 14 [ 0, 0, 0, 1, 2, 2, 1, 2, 1, 3 ] 3548 
extra 6tans 5 -> 13 [ 0, 0, 0, 1, 2, 2, 1, 2, 2, 2 ] 3550 
extra 6tans 5 -> 16 [ 0, 0, 0, 1, 2, 2, 1, 2, 2, 3 ] 3551 
extra 6tans 5 -> 14 [ 0, 0, 0, 1, 2, 2, 2, 2, 2, 2 ] 3586 
extra 6tans 5 -> 15 [ 0, 0, 0, 2, 0, 0, 2, 0, 2, 4 ] 4183 
extra 6tans 5 -> 14 [ 0, 0, 0, 2, 0, 0, 2, 0, 3, 4 ] 4185 
extra 6tans 5 -> 20 [ 0, 0, 0, 2, 0, 0, 2, 0, 4, 4 ] 4186 
extra 6tans 5 -> 14 [ 0, 0, 0, 2, 0, 0, 2, 1, 1, 4 ] 4190 
extra 6tans 5 -> 13 [ 0, 0, 0, 2, 0, 0, 2, 1, 2, 4 ] 4193 
extra 6tans 5 -> 16 [ 0, 0, 0, 2, 0, 0, 2, 1, 3, 4 ] 4195 
extra 6tans 5 -> 20 [ 0, 0, 0, 2, 0, 0, 2, 2, 0, 2 ] 4199 
extra 6tans 5 -> 16 [ 0, 0, 0, 2, 0, 0, 2, 2, 0, 3 ] 4200 
extra 6tans 5 -> 20 [ 0, 0, 0, 2, 0, 0, 2, 2, 0, 4 ] 4201 
extra 6tans 5 -> 16 [ 0, 0, 0, 2, 0, 0, 2, 2, 1, 1 ] 4202 
extra 6tans 5 -> 13 [ 0, 0, 0, 2, 0, 0, 2, 2, 1, 2 ] 4203 
extra 6tans 5 -> 13 [ 0, 0, 0, 2, 0, 0, 2, 2, 1, 3 ] 4204 
extra 6tans 5 -> 16 [ 0, 0, 0, 2, 0, 0, 2, 2, 1, 4 ] 4205 
extra 6tans 5 -> 13 [ 0, 0, 0, 2, 0, 0, 2, 2, 2, 2 ] 4206 
extra 6tans 5 -> 13 [ 0, 0, 0, 2, 0, 0, 2, 2, 2, 3 ] 4207 
extra 6tans 5 -> 20 [ 0, 0, 0, 2, 0, 0, 2, 2, 2, 4 ] 4208 
extra 6tans 5 -> 16 [ 0, 0, 0, 2, 0, 0, 2, 2, 3, 3 ] 4209 
extra 6tans 5 -> 13 [ 0, 0, 0, 2, 0, 0, 3, 0, 3, 4 ] 4243 
extra 6tans 5 -> 16 [ 0, 0, 0, 2, 0, 0, 3, 0, 4, 4 ] 4244 
extra 6tans 5 -> 14 [ 0, 0, 0, 2, 0, 0, 3, 1, 1, 1 ] 4245 
extra 6tans 5 -> 11 [ 0, 0, 0, 2, 0, 0, 3, 1, 1, 2 ] 4246 
extra 6tans 5 -> 11 [ 0, 0, 0, 2, 0, 0, 3, 1, 1, 3 ] 4247 
extra 6tans 5 -> 14 [ 0, 0, 0, 2, 0, 0, 3, 1, 1, 4 ] 4248 
extra 6tans 5 -> 12 [ 0, 0, 0, 2, 0, 0, 3, 1, 2, 4 ] 4251 
extra 6tans 5 -> 13 [ 0, 0, 0, 2, 0, 0, 3, 1, 3, 4 ] 4253 
extra 6tans 5 -> 16 [ 0, 0, 0, 2, 0, 0, 3, 2, 1, 2 ] 4261 
extra 6tans 5 -> 14 [ 0, 0, 0, 2, 0, 0, 3, 2, 1, 3 ] 4262 
extra 6tans 5 -> 16 [ 0, 0, 0, 2, 0, 0, 3, 2, 1, 4 ] 4263 
extra 6tans 5 -> 13 [ 0, 0, 0, 2, 0, 0, 3, 2, 2, 2 ] 4264 
extra 6tans 5 -> 13 [ 0, 0, 0, 2, 0, 0, 3, 2, 2, 3 ] 4265 
extra 6tans 5 -> 16 [ 0, 0, 0, 2, 0, 0, 3, 2, 2, 4 ] 4266 
extra 6tans 5 -> 14 [ 0, 0, 0, 2, 0, 0, 3, 2, 3, 3 ] 4267 
extra 6tans 5 -> 20 [ 0, 0, 0, 2, 0, 0, 4, 0, 4, 4 ] 4300 
extra 6tans 5 -> 14 [ 0, 0, 0, 2, 0, 0, 4, 1, 2, 2 ] 4305 
extra 6tans 5 -> 13 [ 0, 0, 0, 2, 0, 0, 4, 1, 2, 3 ] 4306 
extra 6tans 5 -> 16 [ 0, 0, 0, 2, 0, 0, 4, 1, 2, 4 ] 4307 
extra 6tans 5 -> 12 [ 0, 0, 0, 2, 0, 0, 4, 1, 3, 3 ] 4308 
extra 6tans 5 -> 16 [ 0, 0, 0, 2, 0, 0, 4, 1, 3, 4 ] 4309 
extra 6tans 5 -> 20 [ 0, 0, 0, 2, 0, 0, 4, 2, 2, 2 ] 4320 
extra 6tans 5 -> 16 [ 0, 0, 0, 2, 0, 0, 4, 2, 2, 3 ] 4321 
extra 6tans 5 -> 20 [ 0, 0, 0, 2, 0, 0, 4, 2, 2, 4 ] 4322 
extra 6tans 5 -> 16 [ 0, 0, 0, 2, 0, 0, 4, 2, 3, 3 ] 4323 
extra 6tans 5 -> 13 [ 0, 0, 0, 2, 0, 1, 1, 1, 1, 0 ] 4356 
extra 6tans 5 -> 13 [ 0, 0, 0, 2, 0, 1, 1, 1, 1, 4 ] 4360 
extra 6tans 5 -> 12 [ 0, 0, 0, 2, 0, 1, 1, 1, 2, 0 ] 4361 
extra 6tans 5 -> 12 [ 0, 0, 0, 2, 0, 1, 1, 1, 2, 4 ] 4365 
extra 6tans 5 -> 16 [ 0, 0, 0, 2, 0, 1, 1, 1, 3, 0 ] 4366 
extra 6tans 5 -> 10 [ 0, 0, 0, 2, 0, 1, 1, 1, 3, 1 ] 4367 
extra 6tans 5 -> 10 [ 0, 0, 0, 2, 0, 1, 1, 1, 3, 2 ] 4368 
extra 6tans 5 -> 10 [ 0, 0, 0, 2, 0, 1, 1, 1, 3, 3 ] 4369 
extra 6tans 5 -> 16 [ 0, 0, 0, 2, 0, 1, 1, 1, 3, 4 ] 4370 
extra 6tans 5 -> 13 [ 0, 0, 0, 2, 0, 1, 1, 2, 0, 2 ] 4378 
extra 6tans 5 -> 12 [ 0, 0, 0, 2, 0, 1, 1, 2, 0, 3 ] 4379 
extra 6tans 5 -> 16 [ 0, 0, 0, 2, 0, 1, 1, 2, 0, 4 ] 4380 
extra 6tans 5 -> 11 [ 0, 0, 0, 2, 0, 1, 1, 2, 1, 1 ] 4382 
extra 6tans 5 -> 10 [ 0, 0, 0, 2, 0, 1, 1, 2, 1, 2 ] 4383 
extra 6tans 5 -> 10 [ 0, 0, 0, 2, 0, 1, 1, 2, 1, 3 ] 4384 
extra 6tans 5 -> 13 [ 0, 0, 0, 2, 0, 1, 1, 2, 1, 4 ] 4385 
extra 6tans 5 -> 14 [ 0, 0, 0, 2, 0, 1, 1, 2, 2, 0 ] 4386 
extra 6tans 5 -> 10 [ 0, 0, 0, 2, 0, 1, 1, 2, 2, 1 ] 4387 
extra 6tans 5 -> 10 [ 0, 0, 0, 2, 0, 1, 1, 2, 2, 2 ] 4388 
extra 6tans 5 -> 10 [ 0, 0, 0, 2, 0, 1, 1, 2, 2, 3 ] 4389 
extra 6tans 5 -> 16 [ 0, 0, 0, 2, 0, 1, 1, 2, 2, 4 ] 4390 
extra 6tans 5 -> 14 [ 0, 0, 0, 2, 0, 1, 1, 2, 3, 0 ] 4391 
extra 6tans 5 -> 11 [ 0, 0, 0, 2, 0, 1, 1, 2, 3, 1 ] 4392 
extra 6tans 5 -> 11 [ 0, 0, 0, 2, 0, 1, 1, 2, 3, 2 ] 4393 
extra 6tans 5 -> 14 [ 0, 0, 0, 2, 0, 1, 1, 2, 3, 3 ] 4394 
extra 6tans 5 -> 11 [ 0, 0, 0, 2, 0, 1, 2, 1, 2, 0 ] 4451 
extra 6tans 5 -> 11 [ 0, 0, 0, 2, 0, 1, 2, 1, 2, 4 ] 4455 
extra 6tans 5 -> 12 [ 0, 0, 0, 2, 0, 1, 2, 1, 3, 0 ] 4456 
extra 6tans 5 -> 12 [ 0, 0, 0, 2, 0, 1, 2, 1, 3, 4 ] 4460 
extra 6tans 5 -> 13 [ 0, 0, 0, 2, 0, 1, 2, 1, 4, 1 ] 4462 
extra 6tans 5 -> 12 [ 0, 0, 0, 2, 0, 1, 2, 1, 4, 2 ] 4463 
extra 6tans 5 -> 13 [ 0, 0, 0, 2, 0, 1, 2, 1, 4, 3 ] 4464 
extra 6tans 5 -> 14 [ 0, 0, 0, 2, 0, 1, 2, 2, 0, 2 ] 4468 
extra 6tans 5 -> 13 [ 0, 0, 0, 2, 0, 1, 2, 2, 0, 3 ] 4469 
extra 6tans 5 -> 16 [ 0, 0, 0, 2, 0, 1, 2, 2, 0, 4 ] 4470 
extra 6tans 5 -> 11 [ 0, 0, 0, 2, 0, 1, 2, 2, 1, 1 ] 4472 
extra 6tans 5 -> 10 [ 0, 0, 0, 2, 0, 1, 2, 2, 1, 2 ] 4473 
extra 6tans 5 -> 10 [ 0, 0, 0, 2, 0, 1, 2, 2, 1, 3 ] 4474 
extra 6tans 5 -> 12 [ 0, 0, 0, 2, 0, 1, 2, 2, 1, 4 ] 4475 
extra 6tans 5 -> 13 [ 0, 0, 0, 2, 0, 1, 2, 2, 2, 0 ] 4476 
extra 6tans 5 -> 10 [ 0, 0, 0, 2, 0, 1, 2, 2, 2, 1 ] 4477 
extra 6tans 5 -> 10 [ 0, 0, 0, 2, 0, 1, 2, 2, 2, 2 ] 4478 
extra 6tans 5 -> 10 [ 0, 0, 0, 2, 0, 1, 2, 2, 2, 3 ] 4479 
extra 6tans 5 -> 13 [ 0, 0, 0, 2, 0, 1, 2, 2, 2, 4 ] 4480 
extra 6tans 5 -> 12 [ 0, 0, 0, 2, 0, 1, 2, 2, 3, 0 ] 4481 
extra 6tans 5 -> 10 [ 0, 0, 0, 2, 0, 1, 2, 2, 3, 1 ] 4482 
extra 6tans 5 -> 10 [ 0, 0, 0, 2, 0, 1, 2, 2, 3, 2 ] 4483 
extra 6tans 5 -> 11 [ 0, 0, 0, 2, 0, 1, 2, 2, 3, 3 ] 4484 
extra 6tans 5 -> 16 [ 0, 0, 0, 2, 0, 1, 2, 2, 4, 0 ] 4486 
extra 6tans 5 -> 13 [ 0, 0, 0, 2, 0, 1, 2, 2, 4, 1 ] 4487 
extra 6tans 5 -> 14 [ 0, 0, 0, 2, 0, 1, 2, 2, 4, 2 ] 4488 
extra 6tans 5 -> 13 [ 0, 0, 0, 2, 0, 1, 3, 1, 3, 0 ] 4541 
extra 6tans 5 -> 13 [ 0, 0, 0, 2, 0, 1, 3, 1, 3, 4 ] 4545 
extra 6tans 5 -> 12 [ 0, 0, 0, 2, 0, 1, 3, 1, 4, 1 ] 4547 
extra 6tans 5 -> 11 [ 0, 0, 0, 2, 0, 1, 3, 1, 4, 2 ] 4548 
extra 6tans 5 -> 12 [ 0, 0, 0, 2, 0, 1, 3, 1, 4, 3 ] 4549 
extra 6tans 5 -> 14 [ 0, 0, 0, 2, 0, 1, 3, 2, 1, 1 ] 4557 
extra 6tans 5 -> 11 [ 0, 0, 0, 2, 0, 1, 3, 2, 1, 2 ] 4558 
extra 6tans 5 -> 11 [ 0, 0, 0, 2, 0, 1, 3, 2, 1, 3 ] 4559 
extra 6tans 5 -> 14 [ 0, 0, 0, 2, 0, 1, 3, 2, 1, 4 ] 4560 
extra 6tans 5 -> 16 [ 0, 0, 0, 2, 0, 1, 3, 2, 2, 0 ] 4561 
extra 6tans 5 -> 10 [ 0, 0, 0, 2, 0, 1, 3, 2, 2, 1 ] 4562 
extra 6tans 5 -> 10 [ 0, 0, 0, 2, 0, 1, 3, 2, 2, 2 ] 4563 
extra 6tans 5 -> 10 [ 0, 0, 0, 2, 0, 1, 3, 2, 2, 3 ] 4564 
extra 6tans 5 -> 14 [ 0, 0, 0, 2, 0, 1, 3, 2, 2, 4 ] 4565 
extra 6tans 5 -> 13 [ 0, 0, 0, 2, 0, 1, 3, 2, 3, 0 ] 4566 
extra 6tans 5 -> 10 [ 0, 0, 0, 2, 0, 1, 3, 2, 3, 1 ] 4567 
extra 6tans 5 -> 10 [ 0, 0, 0, 2, 0, 1, 3, 2, 3, 2 ] 4568 
extra 6tans 5 -> 11 [ 0, 0, 0, 2, 0, 1, 3, 2, 3, 3 ] 4569 
extra 6tans 5 -> 16 [ 0, 0, 0, 2, 0, 1, 3, 2, 4, 0 ] 4571 
extra 6tans 5 -> 12 [ 0, 0, 0, 2, 0, 1, 3, 2, 4, 1 ] 4572 
extra 6tans 5 -> 13 [ 0, 0, 0, 2, 0, 1, 3, 2, 4, 2 ] 4573 
extra 6tans 5 -> 16 [ 0, 0, 0, 2, 0, 1, 4, 1, 4, 1 ] 4627 
extra 6tans 5 -> 14 [ 0, 0, 0, 2, 0, 1, 4, 1, 4, 2 ] 4628 
extra 6tans 5 -> 16 [ 0, 0, 0, 2, 0, 1, 4, 1, 4, 3 ] 4629 
extra 6tans 5 -> 16 [ 0, 0, 0, 2, 0, 1, 4, 2, 2, 1 ] 4642 
extra 6tans 5 -> 13 [ 0, 0, 0, 2, 0, 1, 4, 2, 2, 2 ] 4643 
extra 6tans 5 -> 14 [ 0, 0, 0, 2, 0, 1, 4, 2, 2, 3 ] 4644 
extra 6tans 5 -> 13 [ 0, 0, 0, 2, 0, 1, 4, 2, 3, 1 ] 4647 
extra 6tans 5 -> 12 [ 0, 0, 0, 2, 0, 1, 4, 2, 3, 2 ] 4648 
extra 6tans 5 -> 14 [ 0, 0, 0, 2, 0, 1, 4, 2, 3, 3 ] 4649 
extra 6tans 5 -> 16 [ 0, 0, 0, 2, 0, 1, 4, 2, 4, 1 ] 4652 
extra 6tans 5 -> 16 [ 0, 0, 0, 2, 0, 1, 4, 2, 4, 2 ] 4653 
extra 6tans 5 -> 15 [ 0, 0, 0, 2, 0, 2, 0, 2, 2, 2 ] 4708 
extra 6tans 5 -> 14 [ 0, 0, 0, 2, 0, 2, 0, 2, 2, 3 ] 4709 
extra 6tans 5 -> 20 [ 0, 0, 0, 2, 0, 2, 0, 2, 2, 4 ] 4710 
extra 6tans 5 -> 13 [ 0, 0, 0, 2, 0, 2, 1, 2, 1, 1 ] 4737 
extra 6tans 5 -> 11 [ 0, 0, 0, 2, 0, 2, 1, 2, 1, 2 ] 4738 
extra 6tans 5 -> 11 [ 0, 0, 0, 2, 0, 2, 1, 2, 1, 3 ] 4739 
extra 6tans 5 -> 13 [ 0, 0, 0, 2, 0, 2, 1, 2, 1, 4 ] 4740 
extra 6tans 5 -> 12 [ 0, 0, 0, 2, 0, 2, 1, 2, 2, 1 ] 4742 
extra 6tans 5 -> 11 [ 0, 0, 0, 2, 0, 2, 1, 2, 2, 2 ] 4743 
extra 6tans 5 -> 11 [ 0, 0, 0, 2, 0, 2, 1, 2, 2, 3 ] 4744 
extra 6tans 5 -> 14 [ 0, 0, 0, 2, 0, 2, 1, 2, 2, 4 ] 4745 
extra 6tans 5 -> 13 [ 0, 0, 0, 2, 0, 2, 1, 2, 3, 1 ] 4747 
extra 6tans 5 -> 12 [ 0, 0, 0, 2, 0, 2, 1, 2, 3, 2 ] 4748 
extra 6tans 5 -> 13 [ 0, 0, 0, 2, 0, 2, 1, 2, 3, 3 ] 4749 
extra 6tans 5 -> 15 [ 0, 0, 0, 2, 0, 2, 2, 2, 2, 0 ] 4806 
extra 6tans 5 -> 11 [ 0, 0, 0, 2, 0, 2, 2, 2, 2, 1 ] 4807 
extra 6tans 5 -> 11 [ 0, 0, 0, 2, 0, 2, 2, 2, 2, 2 ] 4808 
extra 6tans 5 -> 11 [ 0, 0, 0, 2, 0, 2, 2, 2, 2, 3 ] 4809 
extra 6tans 5 -> 15 [ 0, 0, 0, 2, 0, 2, 2, 2, 2, 4 ] 4810 
extra 6tans 5 -> 14 [ 0, 0, 0, 2, 0, 2, 2, 2, 3, 0 ] 4811 
extra 6tans 5 -> 11 [ 0, 0, 0, 2, 0, 2, 2, 2, 3, 1 ] 4812 
extra 6tans 5 -> 11 [ 0, 0, 0, 2, 0, 2, 2, 2, 3, 2 ] 4813 
extra 6tans 5 -> 12 [ 0, 0, 0, 2, 0, 2, 2, 2, 3, 3 ] 4814 
extra 6tans 5 -> 20 [ 0, 0, 0, 2, 0, 2, 2, 2, 4, 0 ] 4816 
extra 6tans 5 -> 14 [ 0, 0, 0, 2, 0, 2, 2, 2, 4, 1 ] 4817 
extra 6tans 5 -> 15 [ 0, 0, 0, 2, 0, 2, 2, 2, 4, 2 ] 4818 
extra 6tans 5 -> 13 [ 0, 0, 0, 2, 0, 2, 3, 2, 3, 0 ] 4871 
extra 6tans 5 -> 11 [ 0, 0, 0, 2, 0, 2, 3, 2, 3, 1 ] 4872 
extra 6tans 5 -> 11 [ 0, 0, 0, 2, 0, 2, 3, 2, 3, 2 ] 4873 
extra 6tans 5 -> 13 [ 0, 0, 0, 2, 0, 2, 3, 2, 3, 3 ] 4874 
extra 6tans 5 -> 16 [ 0, 0, 0, 2, 0, 2, 3, 2, 4, 0 ] 4876 
extra 6tans 5 -> 13 [ 0, 0, 0, 2, 0, 2, 3, 2, 4, 1 ] 4877 
extra 6tans 5 -> 14 [ 0, 0, 0, 2, 0, 2, 3, 2, 4, 2 ] 4878 
extra 6tans 5 -> 20 [ 0, 0, 0, 2, 0, 2, 4, 2, 4, 0 ] 4931 
extra 6tans 5 -> 16 [ 0, 0, 0, 2, 0, 2, 4, 2, 4, 1 ] 4932 
extra 6tans 5 -> 20 [ 0, 0, 0, 2, 0, 2, 4, 2, 4, 2 ] 4933 
extra 6tans 5 -> 12 [ 0, 0, 0, 2, 1, 1, 0, 1, 1, 1 ] 5264 
extra 6tans 5 -> 11 [ 0, 0, 0, 2, 1, 1, 0, 1, 1, 2 ] 5265 
extra 6tans 5 -> 12 [ 0, 0, 0, 2, 1, 1, 0, 1, 1, 3 ] 5266 
extra 6tans 5 -> 10 [ 0, 0, 0, 2, 1, 1, 0, 1, 2, 2 ] 5268 
extra 6tans 5 -> 11 [ 0, 0, 0, 2, 1, 1, 0, 1, 2, 3 ] 5269 
extra 6tans 5 -> 12 [ 0, 0, 0, 2, 1, 1, 0, 1, 3, 3 ] 5271 
extra 6tans 5 -> 16 [ 0, 0, 0, 2, 1, 1, 0, 2, 1, 1 ] 5279 
extra 6tans 5 -> 12 [ 0, 0, 0, 2, 1, 1, 0, 2, 1, 2 ] 5280 
extra 6tans 5 -> 13 [ 0, 0, 0, 2, 1, 1, 0, 2, 1, 3 ] 5281 
extra 6tans 5 -> 11 [ 0, 0, 0, 2, 1, 1, 0, 2, 2, 2 ] 5283 
extra 6tans 5 -> 12 [ 0, 0, 0, 2, 1, 1, 0, 2, 2, 3 ] 5284 
extra 6tans 5 -> 16 [ 0, 0, 0, 2, 1, 1, 0, 2, 3, 3 ] 5286 
extra 6tans 5 -> 12 [ 0, 0, 0, 2, 1, 1, 1, 1, 1, 4 ] 5322 
extra 6tans 5 -> 11 [ 0, 0, 0, 2, 1, 1, 1, 1, 2, 4 ] 5325 
extra 6tans 5 -> 12 [ 0, 0, 0, 2, 1, 1, 1, 1, 3, 4 ] 5327 
extra 6tans 5 -> 13 [ 0, 0, 0, 2, 1, 1, 1, 2, 0, 2 ] 5331 
extra 6tans 5 -> 12 [ 0, 0, 0, 2, 1, 1, 1, 2, 0, 3 ] 5332 
extra 6tans 5 -> 16 [ 0, 0, 0, 2, 1, 1, 1, 2, 0, 4 ] 5333 
extra 6tans 5 -> 10 [ 0, 0, 0, 2, 1, 1, 1, 2, 1, 1 ] 5334 
extra 6tans 5 -> 9 [ 0, 0, 0, 2, 1, 1, 1, 2, 1, 2 ] 5335 
extra 6tans 5 -> 9 [ 0, 0, 0, 2, 1, 1, 1, 2, 1, 3 ] 5336 
extra 6tans 5 -> 12 [ 0, 0, 0, 2, 1, 1, 1, 2, 1, 4 ] 5337 
extra 6tans 5 -> 9 [ 0, 0, 0, 2, 1, 1, 1, 2, 2, 2 ] 5338 
extra 6tans 5 -> 9 [ 0, 0, 0, 2, 1, 1, 1, 2, 2, 3 ] 5339 
extra 6tans 5 -> 13 [ 0, 0, 0, 2, 1, 1, 1, 2, 2, 4 ] 5340 
extra 6tans 5 -> 10 [ 0, 0, 0, 2, 1, 1, 1, 2, 3, 3 ] 5341 
extra 6tans 5 -> 10 [ 0, 0, 0, 2, 1, 1, 2, 1, 2, 4 ] 5376 
extra 6tans 5 -> 11 [ 0, 0, 0, 2, 1, 1, 2, 1, 3, 4 ] 5378 
extra 6tans 5 -> 12 [ 0, 0, 0, 2, 1, 1, 2, 2, 0, 2 ] 5382 
extra 6tans 5 -> 11 [ 0, 0, 0, 2, 1, 1, 2, 2, 0, 3 ] 5383 
extra 6tans 5 -> 14 [ 0, 0, 0, 2, 1, 1, 2, 2, 0, 4 ] 5384 
extra 6tans 5 -> 10 [ 0, 0, 0, 2, 1, 1, 2, 2, 1, 1 ] 5385 
extra 6tans 5 -> 9 [ 0, 0, 0, 2, 1, 1, 2, 2, 1, 2 ] 5386 
extra 6tans 5 -> 9 [ 0, 0, 0, 2, 1, 1, 2, 2, 1, 3 ] 5387 
extra 6tans 5 -> 11 [ 0, 0, 0, 2, 1, 1, 2, 2, 1, 4 ] 5388 
extra 6tans 5 -> 9 [ 0, 0, 0, 2, 1, 1, 2, 2, 2, 2 ] 5389 
extra 6tans 5 -> 9 [ 0, 0, 0, 2, 1, 1, 2, 2, 2, 3 ] 5390 
extra 6tans 5 -> 12 [ 0, 0, 0, 2, 1, 1, 2, 2, 2, 4 ] 5391 
extra 6tans 5 -> 10 [ 0, 0, 0, 2, 1, 1, 2, 2, 3, 3 ] 5392 
extra 6tans 5 -> 12 [ 0, 0, 0, 2, 1, 1, 3, 1, 3, 4 ] 5426 
extra 6tans 5 -> 13 [ 0, 0, 0, 2, 1, 1, 3, 2, 0, 2 ] 5430 
extra 6tans 5 -> 12 [ 0, 0, 0, 2, 1, 1, 3, 2, 0, 3 ] 5431 
extra 6tans 5 -> 16 [ 0, 0, 0, 2, 1, 1, 3, 2, 0, 4 ] 5432 
extra 6tans 5 -> 10 [ 0, 0, 0, 2, 1, 1, 3, 2, 1, 1 ] 5433 
extra 6tans 5 -> 9 [ 0, 0, 0, 2, 1, 1, 3, 2, 1, 2 ] 5434 
extra 6tans 5 -> 9 [ 0, 0, 0, 2, 1, 1, 3, 2, 1, 3 ] 5435 
extra 6tans 5 -> 12 [ 0, 0, 0, 2, 1, 1, 3, 2, 1, 4 ] 5436 
extra 6tans 5 -> 9 [ 0, 0, 0, 2, 1, 1, 3, 2, 2, 2 ] 5437 
extra 6tans 5 -> 9 [ 0, 0, 0, 2, 1, 1, 3, 2, 2, 3 ] 5438 
extra 6tans 5 -> 13 [ 0, 0, 0, 2, 1, 1, 3, 2, 2, 4 ] 5439 
extra 6tans 5 -> 10 [ 0, 0, 0, 2, 1, 1, 3, 2, 3, 3 ] 5440 
extra 6tans 5 -> 16 [ 0, 0, 0, 2, 1, 1, 4, 2, 1, 1 ] 5479 
extra 6tans 5 -> 12 [ 0, 0, 0, 2, 1, 1, 4, 2, 1, 2 ] 5480 
extra 6tans 5 -> 13 [ 0, 0, 0, 2, 1, 1, 4, 2, 1, 3 ] 5481 
extra 6tans 5 -> 11 [ 0, 0, 0, 2, 1, 1, 4, 2, 2, 2 ] 5483 
extra 6tans 5 -> 12 [ 0, 0, 0, 2, 1, 1, 4, 2, 2, 3 ] 5484 
extra 6tans 5 -> 16 [ 0, 0, 0, 2, 1, 1, 4, 2, 3, 3 ] 5486 
extra 6tans 5 -> 16 [ 0, 0, 0, 2, 1, 2, 0, 2, 1, 2 ] 5525 
extra 6tans 5 -> 13 [ 0, 0, 0, 2, 1, 2, 0, 2, 1, 3 ] 5526 
extra 6tans 5 -> 16 [ 0, 0, 0, 2, 1, 2, 0, 2, 1, 4 ] 5527 
extra 6tans 5 -> 13 [ 0, 0, 0, 2, 1, 2, 0, 2, 2, 2 ] 5530 
extra 6tans 5 -> 12 [ 0, 0, 0, 2, 1, 2, 0, 2, 2, 3 ] 5531 
extra 6tans 5 -> 16 [ 0, 0, 0, 2, 1, 2, 0, 2, 2, 4 ] 5532 
extra 6tans 5 -> 14 [ 0, 0, 0, 2, 1, 2, 0, 2, 3, 2 ] 5535 
extra 6tans 5 -> 14 [ 0, 0, 0, 2, 1, 2, 0, 2, 3, 3 ] 5536 
extra 6tans 5 -> 14 [ 0, 0, 0, 2, 1, 2, 1, 2, 1, 1 ] 5594 
extra 6tans 5 -> 10 [ 0, 0, 0, 2, 1, 2, 1, 2, 1, 2 ] 5595 
extra 6tans 5 -> 10 [ 0, 0, 0, 2, 1, 2, 1, 2, 1, 3 ] 5596 
extra 6tans 5 -> 12 [ 0, 0, 0, 2, 1, 2, 1, 2, 1, 4 ] 5597 
extra 6tans 5 -> 11 [ 0, 0, 0, 2, 1, 2, 1, 2, 2, 1 ] 5599 
extra 6tans 5 -> 10 [ 0, 0, 0, 2, 1, 2, 1, 2, 2, 2 ] 5600 
extra 6tans 5 -> 10 [ 0, 0, 0, 2, 1, 2, 1, 2, 2, 3 ] 5601 
extra 6tans 5 -> 13 [ 0, 0, 0, 2, 1, 2, 1, 2, 2, 4 ] 5602 
extra 6tans 5 -> 11 [ 0, 0, 0, 2, 1, 2, 1, 2, 3, 1 ] 5604 
extra 6tans 5 -> 10 [ 0, 0, 0, 2, 1, 2, 1, 2, 3, 2 ] 5605 
extra 6tans 5 -> 11 [ 0, 0, 0, 2, 1, 2, 1, 2, 3, 3 ] 5606 
extra 6tans 5 -> 14 [ 0, 0, 0, 2, 1, 2, 1, 2, 4, 1 ] 5609 
extra 6tans 5 -> 14 [ 0, 0, 0, 2, 1, 2, 1, 2, 4, 2 ] 5610 
extra 6tans 5 -> 14 [ 0, 0, 0, 2, 1, 2, 2, 2, 2, 0 ] 5663 
extra 6tans 5 -> 10 [ 0, 0, 0, 2, 1, 2, 2, 2, 2, 1 ] 5664 
extra 6tans 5 -> 10 [ 0, 0, 0, 2, 1, 2, 2, 2, 2, 2 ] 5665 
extra 6tans 5 -> 10 [ 0, 0, 0, 2, 1, 2, 2, 2, 2, 3 ] 5666 
extra 6tans 5 -> 14 [ 0, 0, 0, 2, 1, 2, 2, 2, 2, 4 ] 5667 
extra 6tans 5 -> 13 [ 0, 0, 0, 2, 1, 2, 2, 2, 3, 0 ] 5668 
extra 6tans 5 -> 10 [ 0, 0, 0, 2, 1, 2, 2, 2, 3, 1 ] 5669 
extra 6tans 5 -> 10 [ 0, 0, 0, 2, 1, 2, 2, 2, 3, 2 ] 5670 
extra 6tans 5 -> 11 [ 0, 0, 0, 2, 1, 2, 2, 2, 3, 3 ] 5671 
extra 6tans 5 -> 16 [ 0, 0, 0, 2, 1, 2, 2, 2, 4, 0 ] 5673 
extra 6tans 5 -> 12 [ 0, 0, 0, 2, 1, 2, 2, 2, 4, 1 ] 5674 
extra 6tans 5 -> 13 [ 0, 0, 0, 2, 1, 2, 2, 2, 4, 2 ] 5675 
extra 6tans 5 -> 12 [ 0, 0, 0, 2, 1, 2, 3, 2, 3, 0 ] 5728 
extra 6tans 5 -> 10 [ 0, 0, 0, 2, 1, 2, 3, 2, 3, 1 ] 5729 
extra 6tans 5 -> 10 [ 0, 0, 0, 2, 1, 2, 3, 2, 3, 2 ] 5730 
extra 6tans 5 -> 14 [ 0, 0, 0, 2, 1, 2, 3, 2, 3, 3 ] 5731 
extra 6tans 5 -> 16 [ 0, 0, 0, 2, 1, 2, 3, 2, 4, 0 ] 5733 
extra 6tans 5 -> 13 [ 0, 0, 0, 2, 1, 2, 3, 2, 4, 1 ] 5734 
extra 6tans 5 -> 16 [ 0, 0, 0, 2, 1, 2, 3, 2, 4, 2 ] 5735 
extra 6tans 5 -> 20 [ 0, 0, 0, 2, 2, 2, 0, 2, 2, 2 ] 6123 
extra 6tans 5 -> 16 [ 0, 0, 0, 2, 2, 2, 0, 2, 2, 3 ] 6124 
extra 6tans 5 -> 20 [ 0, 0, 0, 2, 2, 2, 0, 2, 2, 4 ] 6125 
extra 6tans 5 -> 16 [ 0, 0, 0, 2, 2, 2, 0, 2, 3, 3 ] 6126 
extra 6tans 5 -> 16 [ 0, 0, 0, 2, 2, 2, 1, 2, 1, 2 ] 6160 
extra 6tans 5 -> 14 [ 0, 0, 0, 2, 2, 2, 1, 2, 1, 3 ] 6161 
extra 6tans 5 -> 16 [ 0, 0, 0, 2, 2, 2, 1, 2, 1, 4 ] 6162 
extra 6tans 5 -> 13 [ 0, 0, 0, 2, 2, 2, 1, 2, 2, 2 ] 6163 
extra 6tans 5 -> 13 [ 0, 0, 0, 2, 2, 2, 1, 2, 2, 3 ] 6164 
extra 6tans 5 -> 16 [ 0, 0, 0, 2, 2, 2, 1, 2, 2, 4 ] 6165 
extra 6tans 5 -> 14 [ 0, 0, 0, 2, 2, 2, 1, 2, 3, 3 ] 6166 
extra 6tans 5 -> 13 [ 0, 0, 0, 2, 2, 2, 2, 2, 2, 2 ] 6199 
extra 6tans 5 -> 13 [ 0, 0, 0, 2, 2, 2, 2, 2, 2, 3 ] 6200 
extra 6tans 5 -> 20 [ 0, 0, 0, 2, 2, 2, 2, 2, 2, 4 ] 6201 
extra 6tans 5 -> 16 [ 0, 0, 0, 2, 2, 2, 2, 2, 3, 3 ] 6202 
extra 6tans 5 -> 12 [ 0, 0, 0, 3, 0, 0, 3, 0, 3, 4 ] 6786 
extra 6tans 5 -> 13 [ 0, 0, 0, 3, 0, 0, 3, 0, 4, 4 ] 6787 
extra 6tans 5 -> 13 [ 0, 0, 0, 3, 0, 0, 3, 1, 1, 2 ] 6789 
extra 6tans 5 -> 12 [ 0, 0, 0, 3, 0, 0, 3, 1, 1, 3 ] 6790 
extra 6tans 5 -> 14 [ 0, 0, 0, 3, 0, 0, 3, 1, 1, 4 ] 6791 
extra 6tans 5 -> 11 [ 0, 0, 0, 3, 0, 0, 3, 1, 2, 4 ] 6794 
extra 6tans 5 -> 11 [ 0, 0, 0, 3, 0, 0, 3, 1, 3, 4 ] 6796 
extra 6tans 5 -> 14 [ 0, 0, 0, 3, 0, 0, 3, 1, 4, 4 ] 6797 
extra 6tans 5 -> 16 [ 0, 0, 0, 3, 0, 0, 3, 2, 1, 3 ] 6800 
extra 6tans 5 -> 16 [ 0, 0, 0, 3, 0, 0, 3, 2, 1, 4 ] 6801 
extra 6tans 5 -> 14 [ 0, 0, 0, 3, 0, 0, 3, 2, 2, 2 ] 6802 
extra 6tans 5 -> 13 [ 0, 0, 0, 3, 0, 0, 3, 2, 2, 3 ] 6803 
extra 6tans 5 -> 14 [ 0, 0, 0, 3, 0, 0, 3, 2, 2, 4 ] 6804 
extra 6tans 5 -> 13 [ 0, 0, 0, 3, 0, 0, 3, 2, 3, 3 ] 6805 
extra 6tans 5 -> 16 [ 0, 0, 0, 3, 0, 0, 3, 2, 3, 4 ] 6806 
extra 6tans 5 -> 14 [ 0, 0, 0, 3, 0, 0, 4, 1, 2, 2 ] 6842 
extra 6tans 5 -> 12 [ 0, 0, 0, 3, 0, 0, 4, 1, 2, 3 ] 6843 
extra 6tans 5 -> 13 [ 0, 0, 0, 3, 0, 0, 4, 1, 2, 4 ] 6844 
extra 6tans 5 -> 11 [ 0, 0, 0, 3, 0, 0, 4, 1, 3, 3 ] 6845 
extra 6tans 5 -> 12 [ 0, 0, 0, 3, 0, 0, 4, 1, 3, 4 ] 6846 
extra 6tans 5 -> 16 [ 0, 0, 0, 3, 0, 0, 4, 2, 2, 3 ] 6852 
extra 6tans 5 -> 16 [ 0, 0, 0, 3, 0, 0, 4, 2, 2, 4 ] 6853 
extra 6tans 5 -> 14 [ 0, 0, 0, 3, 0, 0, 4, 2, 3, 3 ] 6854 
extra 6tans 5 -> 16 [ 0, 0, 0, 3, 0, 0, 4, 2, 3, 4 ] 6855 
extra 6tans 5 -> 14 [ 0, 0, 0, 3, 0, 1, 1, 1, 1, 1 ] 6885 
extra 6tans 5 -> 11 [ 0, 0, 0, 3, 0, 1, 1, 1, 1, 2 ] 6886 
extra 6tans 5 -> 11 [ 0, 0, 0, 3, 0, 1, 1, 1, 1, 3 ] 6887 
extra 6tans 5 -> 14 [ 0, 0, 0, 3, 0, 1, 1, 1, 1, 4 ] 6888 
extra 6tans 5 -> 12 [ 0, 0, 0, 3, 0, 1, 1, 1, 2, 1 ] 6890 
extra 6tans 5 -> 10 [ 0, 0, 0, 3, 0, 1, 1, 1, 2, 2 ] 6891 
extra 6tans 5 -> 10 [ 0, 0, 0, 3, 0, 1, 1, 1, 2, 3 ] 6892 
extra 6tans 5 -> 12 [ 0, 0, 0, 3, 0, 1, 1, 1, 2, 4 ] 6893 
extra 6tans 5 -> 14 [ 0, 0, 0, 3, 0, 1, 1, 1, 3, 1 ] 6895 
extra 6tans 5 -> 11 [ 0, 0, 0, 3, 0, 1, 1, 1, 3, 2 ] 6896 
extra 6tans 5 -> 11 [ 0, 0, 0, 3, 0, 1, 1, 1, 3, 3 ] 6897 
extra 6tans 5 -> 14 [ 0, 0, 0, 3, 0, 1, 1, 1, 3, 4 ] 6898 
extra 6tans 5 -> 13 [ 0, 0, 0, 3, 0, 1, 1, 2, 1, 2 ] 6906 
extra 6tans 5 -> 12 [ 0, 0, 0, 3, 0, 1, 1, 2, 1, 3 ] 6907 
extra 6tans 5 -> 14 [ 0, 0, 0, 3, 0, 1, 1, 2, 1, 4 ] 6908 
extra 6tans 5 -> 14 [ 0, 0, 0, 3, 0, 1, 1, 2, 2, 1 ] 6910 
extra 6tans 5 -> 11 [ 0, 0, 0, 3, 0, 1, 1, 2, 2, 2 ] 6911 
extra 6tans 5 -> 11 [ 0, 0, 0, 3, 0, 1, 1, 2, 2, 3 ] 6912 
extra 6tans 5 -> 14 [ 0, 0, 0, 3, 0, 1, 1, 2, 2, 4 ] 6913 
extra 6tans 5 -> 14 [ 0, 0, 0, 3, 0, 1, 1, 2, 3, 1 ] 6915 
extra 6tans 5 -> 12 [ 0, 0, 0, 3, 0, 1, 1, 2, 3, 2 ] 6916 
extra 6tans 5 -> 13 [ 0, 0, 0, 3, 0, 1, 1, 2, 3, 3 ] 6917 
extra 6tans 5 -> 10 [ 0, 0, 0, 3, 0, 1, 2, 1, 2, 1 ] 6975 
extra 6tans 5 -> 10 [ 0, 0, 0, 3, 0, 1, 2, 1, 2, 4 ] 6978 
extra 6tans 5 -> 10 [ 0, 0, 0, 3, 0, 1, 2, 1, 3, 1 ] 6980 
extra 6tans 5 -> 10 [ 0, 0, 0, 3, 0, 1, 2, 1, 3, 4 ] 6983 
extra 6tans 5 -> 14 [ 0, 0, 0, 3, 0, 1, 2, 1, 4, 1 ] 6985 
extra 6tans 5 -> 11 [ 0, 0, 0, 3, 0, 1, 2, 1, 4, 2 ] 6986 
extra 6tans 5 -> 11 [ 0, 0, 0, 3, 0, 1, 2, 1, 4, 3 ] 6987 
extra 6tans 5 -> 14 [ 0, 0, 0, 3, 0, 1, 2, 1, 4, 4 ] 6988 
extra 6tans 5 -> 12 [ 0, 0, 0, 3, 0, 1, 2, 2, 1, 2 ] 6991 
extra 6tans 5 -> 11 [ 0, 0, 0, 3, 0, 1, 2, 2, 1, 3 ] 6992 
extra 6tans 5 -> 12 [ 0, 0, 0, 3, 0, 1, 2, 2, 1, 4 ] 6993 
extra 6tans 5 -> 12 [ 0, 0, 0, 3, 0, 1, 2, 2, 2, 1 ] 6995 
extra 6tans 5 -> 10 [ 0, 0, 0, 3, 0, 1, 2, 2, 2, 2 ] 6996 
extra 6tans 5 -> 10 [ 0, 0, 0, 3, 0, 1, 2, 2, 2, 3 ] 6997 
extra 6tans 5 -> 11 [ 0, 0, 0, 3, 0, 1, 2, 2, 2, 4 ] 6998 
extra 6tans 5 -> 11 [ 0, 0, 0, 3, 0, 1, 2, 2, 3, 1 ] 7000 
extra 6tans 5 -> 10 [ 0, 0, 0, 3, 0, 1, 2, 2, 3, 2 ] 7001 
extra 6tans 5 -> 10 [ 0, 0, 0, 3, 0, 1, 2, 2, 3, 3 ] 7002 
extra 6tans 5 -> 13 [ 0, 0, 0, 3, 0, 1, 2, 2, 3, 4 ] 7003 
extra 6tans 5 -> 13 [ 0, 0, 0, 3, 0, 1, 2, 2, 4, 1 ] 7005 
extra 6tans 5 -> 12 [ 0, 0, 0, 3, 0, 1, 2, 2, 4, 2 ] 7006 
extra 6tans 5 -> 14 [ 0, 0, 0, 3, 0, 1, 2, 2, 4, 3 ] 7007 
extra 6tans 5 -> 10 [ 0, 0, 0, 3, 0, 1, 3, 1, 3, 1 ] 7060 
extra 6tans 5 -> 10 [ 0, 0, 0, 3, 0, 1, 3, 1, 3, 4 ] 7063 
extra 6tans 5 -> 12 [ 0, 0, 0, 3, 0, 1, 3, 1, 4, 1 ] 7065 
extra 6tans 5 -> 10 [ 0, 0, 0, 3, 0, 1, 3, 1, 4, 2 ] 7066 
extra 6tans 5 -> 10 [ 0, 0, 0, 3, 0, 1, 3, 1, 4, 3 ] 7067 
extra 6tans 5 -> 12 [ 0, 0, 0, 3, 0, 1, 3, 1, 4, 4 ] 7068 
extra 6tans 5 -> 14 [ 0, 0, 0, 3, 0, 1, 3, 2, 1, 2 ] 7071 
extra 6tans 5 -> 12 [ 0, 0, 0, 3, 0, 1, 3, 2, 1, 3 ] 7072 
extra 6tans 5 -> 13 [ 0, 0, 0, 3, 0, 1, 3, 2, 1, 4 ] 7073 
extra 6tans 5 -> 13 [ 0, 0, 0, 3, 0, 1, 3, 2, 2, 1 ] 7075 
extra 6tans 5 -> 10 [ 0, 0, 0, 3, 0, 1, 3, 2, 2, 2 ] 7076 
extra 6tans 5 -> 10 [ 0, 0, 0, 3, 0, 1, 3, 2, 2, 3 ] 7077 
extra 6tans 5 -> 11 [ 0, 0, 0, 3, 0, 1, 3, 2, 2, 4 ] 7078 
extra 6tans 5 -> 11 [ 0, 0, 0, 3, 0, 1, 3, 2, 3, 1 ] 7080 
extra 6tans 5 -> 10 [ 0, 0, 0, 3, 0, 1, 3, 2, 3, 2 ] 7081 
extra 6tans 5 -> 10 [ 0, 0, 0, 3, 0, 1, 3, 2, 3, 3 ] 7082 
extra 6tans 5 -> 12 [ 0, 0, 0, 3, 0, 1, 3, 2, 3, 4 ] 7083 
extra 6tans 5 -> 12 [ 0, 0, 0, 3, 0, 1, 3, 2, 4, 1 ] 7085 
extra 6tans 5 -> 11 [ 0, 0, 0, 3, 0, 1, 3, 2, 4, 2 ] 7086 
extra 6tans 5 -> 12 [ 0, 0, 0, 3, 0, 1, 3, 2, 4, 3 ] 7087 
extra 6tans 5 -> 14 [ 0, 0, 0, 3, 0, 1, 4, 1, 4, 1 ] 7140 
extra 6tans 5 -> 11 [ 0, 0, 0, 3, 0, 1, 4, 1, 4, 2 ] 7141 
extra 6tans 5 -> 11 [ 0, 0, 0, 3, 0, 1, 4, 1, 4, 3 ] 7142 
extra 6tans 5 -> 13 [ 0, 0, 0, 3, 0, 1, 4, 2, 2, 2 ] 7150 
extra 6tans 5 -> 12 [ 0, 0, 0, 3, 0, 1, 4, 2, 2, 3 ] 7151 
extra 6tans 5 -> 14 [ 0, 0, 0, 3, 0, 1, 4, 2, 2, 4 ] 7152 
extra 6tans 5 -> 14 [ 0, 0, 0, 3, 0, 1, 4, 2, 3, 1 ] 7154 
extra 6tans 5 -> 11 [ 0, 0, 0, 3, 0, 1, 4, 2, 3, 2 ] 7155 
extra 6tans 5 -> 11 [ 0, 0, 0, 3, 0, 1, 4, 2, 3, 3 ] 7156 
extra 6tans 5 -> 14 [ 0, 0, 0, 3, 0, 1, 4, 2, 3, 4 ] 7157 
extra 6tans 5 -> 14 [ 0, 0, 0, 3, 0, 1, 4, 2, 4, 1 ] 7159 
extra 6tans 5 -> 12 [ 0, 0, 0, 3, 0, 1, 4, 2, 4, 2 ] 7160 
extra 6tans 5 -> 13 [ 0, 0, 0, 3, 0, 1, 4, 2, 4, 3 ] 7161 
extra 6tans 5 -> 16 [ 0, 0, 0, 3, 0, 2, 1, 2, 1, 2 ] 7212 
extra 6tans 5 -> 13 [ 0, 0, 0, 3, 0, 2, 1, 2, 1, 3 ] 7213 
extra 6tans 5 -> 14 [ 0, 0, 0, 3, 0, 2, 1, 2, 1, 4 ] 7214 
extra 6tans 5 -> 13 [ 0, 0, 0, 3, 0, 2, 1, 2, 2, 2 ] 7217 
extra 6tans 5 -> 12 [ 0, 0, 0, 3, 0, 2, 1, 2, 2, 3 ] 7218 
extra 6tans 5 -> 13 [ 0, 0, 0, 3, 0, 2, 1, 2, 2, 4 ] 7219 
extra 6tans 5 -> 14 [ 0, 0, 0, 3, 0, 2, 1, 2, 3, 2 ] 7222 
extra 6tans 5 -> 13 [ 0, 0, 0, 3, 0, 2, 1, 2, 3, 3 ] 7223 
extra 6tans 5 -> 16 [ 0, 0, 0, 3, 0, 2, 1, 2, 3, 4 ] 7224 
extra 6tans 5 -> 14 [ 0, 0, 0, 3, 0, 2, 2, 2, 2, 1 ] 7276 
extra 6tans 5 -> 11 [ 0, 0, 0, 3, 0, 2, 2, 2, 2, 2 ] 7277 
extra 6tans 5 -> 11 [ 0, 0, 0, 3, 0, 2, 2, 2, 2, 3 ] 7278 
extra 6tans 5 -> 12 [ 0, 0, 0, 3, 0, 2, 2, 2, 2, 4 ] 7279 
extra 6tans 5 -> 13 [ 0, 0, 0, 3, 0, 2, 2, 2, 3, 1 ] 7281 
extra 6tans 5 -> 11 [ 0, 0, 0, 3, 0, 2, 2, 2, 3, 2 ] 7282 
extra 6tans 5 -> 11 [ 0, 0, 0, 3, 0, 2, 2, 2, 3, 3 ] 7283 
extra 6tans 5 -> 13 [ 0, 0, 0, 3, 0, 2, 2, 2, 3, 4 ] 7284 
extra 6tans 5 -> 16 [ 0, 0, 0, 3, 0, 2, 2, 2, 4, 1 ] 7286 
extra 6tans 5 -> 13 [ 0, 0, 0, 3, 0, 2, 2, 2, 4, 2 ] 7287 
extra 6tans 5 -> 14 [ 0, 0, 0, 3, 0, 2, 2, 2, 4, 3 ] 7288 
extra 6tans 5 -> 12 [ 0, 0, 0, 3, 0, 2, 3, 2, 3, 1 ] 7341 
extra 6tans 5 -> 11 [ 0, 0, 0, 3, 0, 2, 3, 2, 3, 2 ] 7342 
extra 6tans 5 -> 11 [ 0, 0, 0, 3, 0, 2, 3, 2, 3, 3 ] 7343 
extra 6tans 5 -> 14 [ 0, 0, 0, 3, 0, 2, 3, 2, 3, 4 ] 7344 
extra 6tans 5 -> 13 [ 0, 0, 0, 3, 0, 2, 3, 2, 4, 1 ] 7346 
extra 6tans 5 -> 12 [ 0, 0, 0, 3, 0, 2, 3, 2, 4, 2 ] 7347 
extra 6tans 5 -> 13 [ 0, 0, 0, 3, 0, 2, 3, 2, 4, 3 ] 7348 
extra 6tans 5 -> 14 [ 0, 0, 0, 3, 0, 2, 4, 2, 4, 1 ] 7401 
extra 6tans 5 -> 13 [ 0, 0, 0, 3, 0, 2, 4, 2, 4, 2 ] 7402 
extra 6tans 5 -> 16 [ 0, 0, 0, 3, 0, 2, 4, 2, 4, 3 ] 7403 
extra 6tans 5 -> 15 [ 0, 0, 0, 3, 1, 1, 1, 1, 1, 1 ] 7749 
extra 6tans 5 -> 11 [ 0, 0, 0, 3, 1, 1, 1, 1, 1, 2 ] 7750 
extra 6tans 5 -> 11 [ 0, 0, 0, 3, 1, 1, 1, 1, 1, 3 ] 7751 
extra 6tans 5 -> 15 [ 0, 0, 0, 3, 1, 1, 1, 1, 1, 4 ] 7752 
extra 6tans 5 -> 9 [ 0, 0, 0, 3, 1, 1, 1, 1, 2, 2 ] 7753 
extra 6tans 5 -> 9 [ 0, 0, 0, 3, 1, 1, 1, 1, 2, 3 ] 7754 
extra 6tans 5 -> 11 [ 0, 0, 0, 3, 1, 1, 1, 1, 2, 4 ] 7755 
extra 6tans 5 -> 9 [ 0, 0, 0, 3, 1, 1, 1, 1, 3, 3 ] 7756 
extra 6tans 5 -> 11 [ 0, 0, 0, 3, 1, 1, 1, 1, 3, 4 ] 7757 
extra 6tans 5 -> 15 [ 0, 0, 0, 3, 1, 1, 1, 1, 4, 4 ] 7758 
extra 6tans 5 -> 14 [ 0, 0, 0, 3, 1, 1, 1, 2, 1, 2 ] 7765 
extra 6tans 5 -> 12 [ 0, 0, 0, 3, 1, 1, 1, 2, 1, 3 ] 7766 
extra 6tans 5 -> 14 [ 0, 0, 0, 3, 1, 1, 1, 2, 1, 4 ] 7767 
extra 6tans 5 -> 10 [ 0, 0, 0, 3, 1, 1, 1, 2, 2, 2 ] 7768 
extra 6tans 5 -> 10 [ 0, 0, 0, 3, 1, 1, 1, 2, 2, 3 ] 7769 
extra 6tans 5 -> 12 [ 0, 0, 0, 3, 1, 1, 1, 2, 2, 4 ] 7770 
extra 6tans 5 -> 10 [ 0, 0, 0, 3, 1, 1, 1, 2, 3, 3 ] 7771 
extra 6tans 5 -> 14 [ 0, 0, 0, 3, 1, 1, 1, 2, 3, 4 ] 7772 
extra 6tans 5 -> 9 [ 0, 0, 0, 3, 1, 1, 2, 1, 2, 4 ] 7806 
extra 6tans 5 -> 9 [ 0, 0, 0, 3, 1, 1, 2, 1, 3, 4 ] 7808 
extra 6tans 5 -> 11 [ 0, 0, 0, 3, 1, 1, 2, 1, 4, 4 ] 7809 
extra 6tans 5 -> 11 [ 0, 0, 0, 3, 1, 1, 2, 2, 1, 2 ] 7816 
extra 6tans 5 -> 10 [ 0, 0, 0, 3, 1, 1, 2, 2, 1, 3 ] 7817 
extra 6tans 5 -> 11 [ 0, 0, 0, 3, 1, 1, 2, 2, 1, 4 ] 7818 
extra 6tans 5 -> 9 [ 0, 0, 0, 3, 1, 1, 2, 2, 2, 2 ] 7819 
extra 6tans 5 -> 9 [ 0, 0, 0, 3, 1, 1, 2, 2, 2, 3 ] 7820 
extra 6tans 5 -> 10 [ 0, 0, 0, 3, 1, 1, 2, 2, 2, 4 ] 7821 
extra 6tans 5 -> 9 [ 0, 0, 0, 3, 1, 1, 2, 2, 3, 3 ] 7822 
extra 6tans 5 -> 11 [ 0, 0, 0, 3, 1, 1, 2, 2, 3, 4 ] 7823 
extra 6tans 5 -> 9 [ 0, 0, 0, 3, 1, 1, 3, 1, 3, 4 ] 7856 
extra 6tans 5 -> 11 [ 0, 0, 0, 3, 1, 1, 3, 1, 4, 4 ] 7857 
extra 6tans 5 -> 11 [ 0, 0, 0, 3, 1, 1, 3, 2, 1, 2 ] 7864 
extra 6tans 5 -> 10 [ 0, 0, 0, 3, 1, 1, 3, 2, 1, 3 ] 7865 
extra 6tans 5 -> 11 [ 0, 0, 0, 3, 1, 1, 3, 2, 1, 4 ] 7866 
extra 6tans 5 -> 9 [ 0, 0, 0, 3, 1, 1, 3, 2, 2, 2 ] 7867 
extra 6tans 5 -> 9 [ 0, 0, 0, 3, 1, 1, 3, 2, 2, 3 ] 7868 
extra 6tans 5 -> 10 [ 0, 0, 0, 3, 1, 1, 3, 2, 2, 4 ] 7869 
extra 6tans 5 -> 9 [ 0, 0, 0, 3, 1, 1, 3, 2, 3, 3 ] 7870 
extra 6tans 5 -> 11 [ 0, 0, 0, 3, 1, 1, 3, 2, 3, 4 ] 7871 
extra 6tans 5 -> 14 [ 0, 0, 0, 3, 1, 1, 4, 2, 1, 2 ] 7909 
extra 6tans 5 -> 12 [ 0, 0, 0, 3, 1, 1, 4, 2, 1, 3 ] 7910 
extra 6tans 5 -> 14 [ 0, 0, 0, 3, 1, 1, 4, 2, 1, 4 ] 7911 
extra 6tans 5 -> 10 [ 0, 0, 0, 3, 1, 1, 4, 2, 2, 2 ] 7912 
extra 6tans 5 -> 10 [ 0, 0, 0, 3, 1, 1, 4, 2, 2, 3 ] 7913 
extra 6tans 5 -> 12 [ 0, 0, 0, 3, 1, 1, 4, 2, 2, 4 ] 7914 
extra 6tans 5 -> 10 [ 0, 0, 0, 3, 1, 1, 4, 2, 3, 3 ] 7915 
extra 6tans 5 -> 14 [ 0, 0, 0, 3, 1, 1, 4, 2, 3, 4 ] 7916 
extra 6tans 5 -> 14 [ 0, 0, 0, 3, 1, 2, 1, 2, 1, 3 ] 8023 
extra 6tans 5 -> 14 [ 0, 0, 0, 3, 1, 2, 1, 2, 1, 4 ] 8024 
extra 6tans 5 -> 13 [ 0, 0, 0, 3, 1, 2, 1, 2, 2, 2 ] 8027 
extra 6tans 5 -> 11 [ 0, 0, 0, 3, 1, 2, 1, 2, 2, 3 ] 8028 
extra 6tans 5 -> 12 [ 0, 0, 0, 3, 1, 2, 1, 2, 2, 4 ] 8029 
extra 6tans 5 -> 12 [ 0, 0, 0, 3, 1, 2, 1, 2, 3, 2 ] 8032 
extra 6tans 5 -> 11 [ 0, 0, 0, 3, 1, 2, 1, 2, 3, 3 ] 8033 
extra 6tans 5 -> 13 [ 0, 0, 0, 3, 1, 2, 1, 2, 3, 4 ] 8034 
extra 6tans 5 -> 14 [ 0, 0, 0, 3, 1, 2, 1, 2, 4, 2 ] 8037 
extra 6tans 5 -> 14 [ 0, 0, 0, 3, 1, 2, 1, 2, 4, 3 ] 8038 
extra 6tans 5 -> 14 [ 0, 0, 0, 3, 1, 2, 2, 2, 2, 1 ] 8091 
extra 6tans 5 -> 10 [ 0, 0, 0, 3, 1, 2, 2, 2, 2, 2 ] 8092 
extra 6tans 5 -> 10 [ 0, 0, 0, 3, 1, 2, 2, 2, 2, 3 ] 8093 
extra 6tans 5 -> 11 [ 0, 0, 0, 3, 1, 2, 2, 2, 2, 4 ] 8094 
extra 6tans 5 -> 12 [ 0, 0, 0, 3, 1, 2, 2, 2, 3, 1 ] 8096 
extra 6tans 5 -> 10 [ 0, 0, 0, 3, 1, 2, 2, 2, 3, 2 ] 8097 
extra 6tans 5 -> 10 [ 0, 0, 0, 3, 1, 2, 2, 2, 3, 3 ] 8098 
extra 6tans 5 -> 12 [ 0, 0, 0, 3, 1, 2, 2, 2, 3, 4 ] 8099 
extra 6tans 5 -> 13 [ 0, 0, 0, 3, 1, 2, 2, 2, 4, 1 ] 8101 
extra 6tans 5 -> 11 [ 0, 0, 0, 3, 1, 2, 2, 2, 4, 2 ] 8102 
extra 6tans 5 -> 12 [ 0, 0, 0, 3, 1, 2, 2, 2, 4, 3 ] 8103 
extra 6tans 5 -> 11 [ 0, 0, 0, 3, 1, 2, 3, 2, 3, 1 ] 8156 
extra 6tans 5 -> 10 [ 0, 0, 0, 3, 1, 2, 3, 2, 3, 2 ] 8157 
extra 6tans 5 -> 10 [ 0, 0, 0, 3, 1, 2, 3, 2, 3, 3 ] 8158 
extra 6tans 5 -> 14 [ 0, 0, 0, 3, 1, 2, 3, 2, 3, 4 ] 8159 
extra 6tans 5 -> 12 [ 0, 0, 0, 3, 1, 2, 3, 2, 4, 1 ] 8161 
extra 6tans 5 -> 11 [ 0, 0, 0, 3, 1, 2, 3, 2, 4, 2 ] 8162 
extra 6tans 5 -> 13 [ 0, 0, 0, 3, 1, 2, 3, 2, 4, 3 ] 8163 
extra 6tans 5 -> 14 [ 0, 0, 0, 3, 1, 2, 4, 2, 4, 1 ] 8216 
extra 6tans 5 -> 14 [ 0, 0, 0, 3, 1, 2, 4, 2, 4, 2 ] 8217 
extra 6tans 5 -> 16 [ 0, 0, 0, 3, 2, 2, 1, 2, 2, 3 ] 8589 
extra 6tans 5 -> 16 [ 0, 0, 0, 3, 2, 2, 1, 2, 2, 4 ] 8590 
extra 6tans 5 -> 14 [ 0, 0, 0, 3, 2, 2, 1, 2, 3, 3 ] 8591 
extra 6tans 5 -> 16 [ 0, 0, 0, 3, 2, 2, 1, 2, 3, 4 ] 8592 
extra 6tans 5 -> 14 [ 0, 0, 0, 3, 2, 2, 2, 2, 2, 2 ] 8624 
extra 6tans 5 -> 13 [ 0, 0, 0, 3, 2, 2, 2, 2, 2, 3 ] 8625 
extra 6tans 5 -> 14 [ 0, 0, 0, 3, 2, 2, 2, 2, 2, 4 ] 8626 
extra 6tans 5 -> 13 [ 0, 0, 0, 3, 2, 2, 2, 2, 3, 3 ] 8627 
extra 6tans 5 -> 16 [ 0, 0, 0, 3, 2, 2, 2, 2, 3, 4 ] 8628 
extra 6tans 5 -> 14 [ 0, 0, 0, 3, 2, 2, 3, 2, 3, 3 ] 8660 
extra 6tans 5 -> 16 [ 0, 0, 0, 4, 0, 0, 4, 1, 2, 3 ] 9213 
extra 6tans 5 -> 12 [ 0, 0, 0, 4, 0, 0, 4, 1, 3, 3 ] 9214 
extra 6tans 5 -> 16 [ 0, 0, 0, 4, 0, 0, 4, 2, 3, 3 ] 9220 
extra 6tans 5 -> 13 [ 0, 0, 0, 4, 0, 1, 2, 1, 2, 2 ] 9321 
extra 6tans 5 -> 12 [ 0, 0, 0, 4, 0, 1, 2, 1, 2, 3 ] 9322 
extra 6tans 5 -> 13 [ 0, 0, 0, 4, 0, 1, 2, 1, 2, 4 ] 9323 
extra 6tans 5 -> 12 [ 0, 0, 0, 4, 0, 1, 2, 1, 3, 2 ] 9326 
extra 6tans 5 -> 11 [ 0, 0, 0, 4, 0, 1, 2, 1, 3, 3 ] 9327 
extra 6tans 5 -> 12 [ 0, 0, 0, 4, 0, 1, 2, 1, 3, 4 ] 9328 
extra 6tans 5 -> 16 [ 0, 0, 0, 4, 0, 1, 2, 1, 4, 2 ] 9331 
extra 6tans 5 -> 14 [ 0, 0, 0, 4, 0, 1, 2, 1, 4, 3 ] 9332 
extra 6tans 5 -> 16 [ 0, 0, 0, 4, 0, 1, 2, 2, 2, 2 ] 9340 
extra 6tans 5 -> 13 [ 0, 0, 0, 4, 0, 1, 2, 2, 2, 3 ] 9341 
extra 6tans 5 -> 14 [ 0, 0, 0, 4, 0, 1, 2, 2, 2, 4 ] 9342 
extra 6tans 5 -> 13 [ 0, 0, 0, 4, 0, 1, 2, 2, 3, 2 ] 9345 
extra 6tans 5 -> 12 [ 0, 0, 0, 4, 0, 1, 2, 2, 3, 3 ] 9346 
extra 6tans 5 -> 14 [ 0, 0, 0, 4, 0, 1, 2, 2, 3, 4 ] 9347 
extra 6tans 5 -> 16 [ 0, 0, 0, 4, 0, 1, 2, 2, 4, 2 ] 9350 
extra 6tans 5 -> 16 [ 0, 0, 0, 4, 0, 1, 2, 2, 4, 3 ] 9351 
extra 6tans 5 -> 11 [ 0, 0, 0, 4, 0, 1, 3, 1, 3, 2 ] 9397 
extra 6tans 5 -> 10 [ 0, 0, 0, 4, 0, 1, 3, 1, 3, 3 ] 9398 
extra 6tans 5 -> 11 [ 0, 0, 0, 4, 0, 1, 3, 1, 3, 4 ] 9399 
extra 6tans 5 -> 12 [ 0, 0, 0, 4, 0, 1, 3, 1, 4, 2 ] 9402 
extra 6tans 5 -> 11 [ 0, 0, 0, 4, 0, 1, 3, 1, 4, 3 ] 9403 
extra 6tans 5 -> 16 [ 0, 0, 0, 4, 0, 1, 3, 2, 2, 2 ] 9411 
extra 6tans 5 -> 12 [ 0, 0, 0, 4, 0, 1, 3, 2, 2, 3 ] 9412 
extra 6tans 5 -> 13 [ 0, 0, 0, 4, 0, 1, 3, 2, 2, 4 ] 9413 
extra 6tans 5 -> 12 [ 0, 0, 0, 4, 0, 1, 3, 2, 3, 2 ] 9416 
extra 6tans 5 -> 11 [ 0, 0, 0, 4, 0, 1, 3, 2, 3, 3 ] 9417 
extra 6tans 5 -> 12 [ 0, 0, 0, 4, 0, 1, 3, 2, 3, 4 ] 9418 
extra 6tans 5 -> 13 [ 0, 0, 0, 4, 0, 1, 3, 2, 4, 2 ] 9421 
extra 6tans 5 -> 12 [ 0, 0, 0, 4, 0, 1, 3, 2, 4, 3 ] 9422 
extra 6tans 5 -> 16 [ 0, 0, 0, 4, 0, 1, 4, 2, 2, 3 ] 9474 
extra 6tans 5 -> 14 [ 0, 0, 0, 4, 0, 1, 4, 2, 3, 2 ] 9477 
extra 6tans 5 -> 12 [ 0, 0, 0, 4, 0, 1, 4, 2, 3, 3 ] 9478 
extra 6tans 5 -> 20 [ 0, 0, 0, 4, 0, 2, 2, 2, 2, 2 ] 9570 
extra 6tans 5 -> 14 [ 0, 0, 0, 4, 0, 2, 2, 2, 2, 3 ] 9571 
extra 6tans 5 -> 15 [ 0, 0, 0, 4, 0, 2, 2, 2, 2, 4 ] 9572 
extra 6tans 5 -> 16 [ 0, 0, 0, 4, 0, 2, 2, 2, 3, 2 ] 9575 
extra 6tans 5 -> 13 [ 0, 0, 0, 4, 0, 2, 2, 2, 3, 3 ] 9576 
extra 6tans 5 -> 14 [ 0, 0, 0, 4, 0, 2, 2, 2, 3, 4 ] 9577 
extra 6tans 5 -> 20 [ 0, 0, 0, 4, 0, 2, 2, 2, 4, 2 ] 9580 
extra 6tans 5 -> 16 [ 0, 0, 0, 4, 0, 2, 2, 2, 4, 3 ] 9581 
extra 6tans 5 -> 13 [ 0, 0, 0, 4, 0, 2, 3, 2, 3, 2 ] 9627 
extra 6tans 5 -> 12 [ 0, 0, 0, 4, 0, 2, 3, 2, 3, 3 ] 9628 
extra 6tans 5 -> 13 [ 0, 0, 0, 4, 0, 2, 3, 2, 3, 4 ] 9629 
extra 6tans 5 -> 14 [ 0, 0, 0, 4, 0, 2, 3, 2, 4, 2 ] 9632 
extra 6tans 5 -> 13 [ 0, 0, 0, 4, 0, 2, 3, 2, 4, 3 ] 9633 
extra 6tans 5 -> 12 [ 0, 0, 0, 4, 1, 1, 2, 1, 2, 2 ] 9990 
extra 6tans 5 -> 11 [ 0, 0, 0, 4, 1, 1, 2, 1, 2, 3 ] 9991 
extra 6tans 5 -> 12 [ 0, 0, 0, 4, 1, 1, 2, 1, 2, 4 ] 9992 
extra 6tans 5 -> 10 [ 0, 0, 0, 4, 1, 1, 2, 1, 3, 3 ] 9993 
extra 6tans 5 -> 11 [ 0, 0, 0, 4, 1, 1, 2, 1, 3, 4 ] 9994 
extra 6tans 5 -> 16 [ 0, 0, 0, 4, 1, 1, 2, 2, 2, 2 ] 10004 
extra 6tans 5 -> 12 [ 0, 0, 0, 4, 1, 1, 2, 2, 2, 3 ] 10005 
extra 6tans 5 -> 13 [ 0, 0, 0, 4, 1, 1, 2, 2, 2, 4 ] 10006 
extra 6tans 5 -> 11 [ 0, 0, 0, 4, 1, 1, 2, 2, 3, 3 ] 10007 
extra 6tans 5 -> 12 [ 0, 0, 0, 4, 1, 1, 2, 2, 3, 4 ] 10008 
extra 6tans 5 -> 9 [ 0, 0, 0, 4, 1, 1, 3, 1, 3, 3 ] 10037 
extra 6tans 5 -> 10 [ 0, 0, 0, 4, 1, 1, 3, 1, 3, 4 ] 10038 
extra 6tans 5 -> 14 [ 0, 0, 0, 4, 1, 1, 3, 2, 2, 2 ] 10048 
extra 6tans 5 -> 11 [ 0, 0, 0, 4, 1, 1, 3, 2, 2, 3 ] 10049 
extra 6tans 5 -> 12 [ 0, 0, 0, 4, 1, 1, 3, 2, 2, 4 ] 10050 
extra 6tans 5 -> 10 [ 0, 0, 0, 4, 1, 1, 3, 2, 3, 3 ] 10051 
extra 6tans 5 -> 11 [ 0, 0, 0, 4, 1, 1, 3, 2, 3, 4 ] 10052 
extra 6tans 5 -> 16 [ 0, 0, 0, 4, 1, 1, 4, 2, 2, 2 ] 10089 
extra 6tans 5 -> 12 [ 0, 0, 0, 4, 1, 1, 4, 2, 2, 3 ] 10090 
extra 6tans 5 -> 11 [ 0, 0, 0, 4, 1, 1, 4, 2, 3, 3 ] 10091 
extra 6tans 5 -> 14 [ 0, 0, 0, 4, 1, 2, 2, 2, 2, 3 ] 10258 
extra 6tans 5 -> 14 [ 0, 0, 0, 4, 1, 2, 2, 2, 2, 4 ] 10259 
extra 6tans 5 -> 16 [ 0, 0, 0, 4, 1, 2, 2, 2, 3, 2 ] 10262 
extra 6tans 5 -> 12 [ 0, 0, 0, 4, 1, 2, 2, 2, 3, 3 ] 10263 
extra 6tans 5 -> 13 [ 0, 0, 0, 4, 1, 2, 2, 2, 3, 4 ] 10264 
extra 6tans 5 -> 16 [ 0, 0, 0, 4, 1, 2, 2, 2, 4, 2 ] 10267 
extra 6tans 5 -> 13 [ 0, 0, 0, 4, 1, 2, 2, 2, 4, 3 ] 10268 
extra 6tans 5 -> 12 [ 0, 0, 0, 4, 1, 2, 3, 2, 3, 2 ] 10319 
extra 6tans 5 -> 11 [ 0, 0, 0, 4, 1, 2, 3, 2, 3, 3 ] 10320 
extra 6tans 5 -> 12 [ 0, 0, 0, 4, 1, 2, 3, 2, 3, 4 ] 10321 
extra 6tans 5 -> 13 [ 0, 0, 0, 4, 1, 2, 3, 2, 4, 2 ] 10324 
extra 6tans 5 -> 12 [ 0, 0, 0, 4, 1, 2, 3, 2, 4, 3 ] 10325 
extra 6tans 5 -> 20 [ 0, 0, 0, 4, 2, 2, 2, 2, 2, 4 ] 10738 
extra 6tans 5 -> 16 [ 0, 0, 0, 4, 2, 2, 2, 2, 3, 3 ] 10739 
extra 6tans 5 -> 16 [ 0, 0, 0, 4, 2, 2, 2, 2, 3, 4 ] 10740 
extra 6tans 5 -> 14 [ 0, 0, 0, 4, 2, 2, 3, 2, 3, 3 ] 10769 
extra 6tans 5 -> 16 [ 0, 0, 0, 4, 2, 2, 3, 2, 3, 4 ] 10770 
extra 6tans 5 -> 12 [ 0, 0, 1, 1, 0, 1, 1, 1, 1, 4 ] 11234 
extra 6tans 5 -> 11 [ 0, 0, 1, 1, 0, 1, 1, 1, 2, 4 ] 11239 
extra 6tans 5 -> 14 [ 0, 0, 1, 1, 0, 1, 1, 1, 3, 0 ] 11240 
extra 6tans 5 -> 10 [ 0, 0, 1, 1, 0, 1, 1, 1, 3, 1 ] 11241 
extra 6tans 5 -> 10 [ 0, 0, 1, 1, 0, 1, 1, 1, 3, 2 ] 11242 
extra 6tans 5 -> 10 [ 0, 0, 1, 1, 0, 1, 1, 1, 3, 3 ] 11243 
extra 6tans 5 -> 16 [ 0, 0, 1, 1, 0, 1, 1, 1, 3, 4 ] 11244 
extra 6tans 5 -> 14 [ 0, 0, 1, 1, 0, 1, 1, 2, 2, 4 ] 11254 
extra 6tans 5 -> 11 [ 0, 0, 1, 1, 0, 1, 1, 2, 3, 0 ] 11255 
extra 6tans 5 -> 10 [ 0, 0, 1, 1, 0, 1, 1, 2, 3, 1 ] 11256 
extra 6tans 5 -> 10 [ 0, 0, 1, 1, 0, 1, 1, 2, 3, 2 ] 11257 
extra 6tans 5 -> 13 [ 0, 0, 1, 1, 0, 1, 1, 2, 3, 3 ] 11258 
extra 6tans 5 -> 13 [ 0, 0, 1, 1, 0, 1, 1, 3, 3, 0 ] 11265 
extra 6tans 5 -> 12 [ 0, 0, 1, 1, 0, 1, 1, 3, 3, 1 ] 11266 
extra 6tans 5 -> 16 [ 0, 0, 1, 1, 0, 1, 1, 3, 3, 2 ] 11267 
extra 6tans 5 -> 10 [ 0, 0, 1, 1, 0, 1, 2, 1, 2, 4 ] 11284 
extra 6tans 5 -> 12 [ 0, 0, 1, 1, 0, 1, 2, 1, 3, 0 ] 11285 
extra 6tans 5 -> 9 [ 0, 0, 1, 1, 0, 1, 2, 1, 3, 1 ] 11286 
extra 6tans 5 -> 9 [ 0, 0, 1, 1, 0, 1, 2, 1, 3, 2 ] 11287 
extra 6tans 5 -> 9 [ 0, 0, 1, 1, 0, 1, 2, 1, 3, 3 ] 11288 
extra 6tans 5 -> 12 [ 0, 0, 1, 1, 0, 1, 2, 1, 3, 4 ] 11289 
extra 6tans 5 -> 10 [ 0, 0, 1, 1, 0, 1, 2, 2, 1, 0 ] 11295 
extra 6tans 5 -> 10 [ 0, 0, 1, 1, 0, 1, 2, 2, 1, 4 ] 11299 
extra 6tans 5 -> 11 [ 0, 0, 1, 1, 0, 1, 2, 2, 2, 4 ] 11304 
extra 6tans 5 -> 10 [ 0, 0, 1, 1, 0, 1, 2, 2, 3, 0 ] 11305 
extra 6tans 5 -> 9 [ 0, 0, 1, 1, 0, 1, 2, 2, 3, 1 ] 11306 
extra 6tans 5 -> 9 [ 0, 0, 1, 1, 0, 1, 2, 2, 3, 2 ] 11307 
extra 6tans 5 -> 10 [ 0, 0, 1, 1, 0, 1, 2, 2, 3, 3 ] 11308 
extra 6tans 5 -> 11 [ 0, 0, 1, 1, 0, 1, 2, 3, 1, 1 ] 11316 
extra 6tans 5 -> 10 [ 0, 0, 1, 1, 0, 1, 2, 3, 1, 2 ] 11317 
extra 6tans 5 -> 10 [ 0, 0, 1, 1, 0, 1, 2, 3, 1, 3 ] 11318 
extra 6tans 5 -> 13 [ 0, 0, 1, 1, 0, 1, 2, 3, 1, 4 ] 11319 
extra 6tans 5 -> 12 [ 0, 0, 1, 1, 0, 1, 2, 3, 2, 0 ] 11320 
extra 6tans 5 -> 10 [ 0, 0, 1, 1, 0, 1, 2, 3, 2, 1 ] 11321 
extra 6tans 5 -> 10 [ 0, 0, 1, 1, 0, 1, 2, 3, 2, 2 ] 11322 
extra 6tans 5 -> 11 [ 0, 0, 1, 1, 0, 1, 2, 3, 2, 3 ] 11323 
extra 6tans 5 -> 12 [ 0, 0, 1, 1, 0, 1, 2, 3, 3, 0 ] 11325 
extra 6tans 5 -> 11 [ 0, 0, 1, 1, 0, 1, 2, 3, 3, 1 ] 11326 
extra 6tans 5 -> 12 [ 0, 0, 1, 1, 0, 1, 2, 3, 3, 2 ] 11327 
extra 6tans 5 -> 16 [ 0, 0, 1, 1, 0, 1, 3, 1, 3, 0 ] 11355 
extra 6tans 5 -> 10 [ 0, 0, 1, 1, 0, 1, 3, 1, 3, 1 ] 11356 
extra 6tans 5 -> 10 [ 0, 0, 1, 1, 0, 1, 3, 1, 3, 2 ] 11357 
extra 6tans 5 -> 10 [ 0, 0, 1, 1, 0, 1, 3, 1, 3, 3 ] 11358 
extra 6tans 5 -> 14 [ 0, 0, 1, 1, 0, 1, 3, 1, 3, 4 ] 11359 
extra 6tans 5 -> 13 [ 0, 0, 1, 1, 0, 1, 3, 2, 2, 0 ] 11365 
extra 6tans 5 -> 9 [ 0, 0, 1, 1, 0, 1, 3, 2, 2, 1 ] 11366 
extra 6tans 5 -> 9 [ 0, 0, 1, 1, 0, 1, 3, 2, 2, 2 ] 11367 
extra 6tans 5 -> 9 [ 0, 0, 1, 1, 0, 1, 3, 2, 2, 3 ] 11368 
extra 6tans 5 -> 13 [ 0, 0, 1, 1, 0, 1, 3, 2, 2, 4 ] 11369 
extra 6tans 5 -> 13 [ 0, 0, 1, 1, 0, 1, 3, 2, 3, 0 ] 11370 
extra 6tans 5 -> 10 [ 0, 0, 1, 1, 0, 1, 3, 2, 3, 1 ] 11371 
extra 6tans 5 -> 10 [ 0, 0, 1, 1, 0, 1, 3, 2, 3, 2 ] 11372 
extra 6tans 5 -> 11 [ 0, 0, 1, 1, 0, 1, 3, 2, 3, 3 ] 11373 
extra 6tans 5 -> 13 [ 0, 0, 1, 1, 0, 1, 3, 3, 1, 2 ] 11382 
extra 6tans 5 -> 12 [ 0, 0, 1, 1, 0, 1, 3, 3, 1, 3 ] 11383 
extra 6tans 5 -> 16 [ 0, 0, 1, 1, 0, 1, 3, 3, 1, 4 ] 11384 
extra 6tans 5 -> 12 [ 0, 0, 1, 1, 0, 1, 3, 3, 2, 1 ] 11386 
extra 6tans 5 -> 11 [ 0, 0, 1, 1, 0, 1, 3, 3, 2, 2 ] 11387 
extra 6tans 5 -> 12 [ 0, 0, 1, 1, 0, 1, 3, 3, 2, 3 ] 11388 
extra 6tans 5 -> 16 [ 0, 0, 1, 1, 0, 1, 3, 3, 3, 0 ] 11390 
extra 6tans 5 -> 12 [ 0, 0, 1, 1, 0, 1, 3, 3, 3, 1 ] 11391 
extra 6tans 5 -> 13 [ 0, 0, 1, 1, 0, 1, 3, 3, 3, 2 ] 11392 
extra 6tans 5 -> 12 [ 0, 0, 1, 1, 0, 2, 2, 2, 2, 4 ] 11475 
extra 6tans 5 -> 10 [ 0, 0, 1, 1, 0, 2, 2, 2, 3, 0 ] 11476 
extra 6tans 5 -> 9 [ 0, 0, 1, 1, 0, 2, 2, 2, 3, 1 ] 11477 
extra 6tans 5 -> 9 [ 0, 0, 1, 1, 0, 2, 2, 2, 3, 2 ] 11478 
extra 6tans 5 -> 10 [ 0, 0, 1, 1, 0, 2, 2, 2, 3, 3 ] 11479 
extra 6tans 5 -> 11 [ 0, 0, 1, 1, 0, 2, 2, 3, 3, 0 ] 11486 
extra 6tans 5 -> 10 [ 0, 0, 1, 1, 0, 2, 2, 3, 3, 1 ] 11487 
extra 6tans 5 -> 11 [ 0, 0, 1, 1, 0, 2, 2, 3, 3, 2 ] 11488 
extra 6tans 5 -> 11 [ 0, 0, 1, 1, 0, 2, 3, 2, 3, 0 ] 11501 
extra 6tans 5 -> 10 [ 0, 0, 1, 1, 0, 2, 3, 2, 3, 1 ] 11502 
extra 6tans 5 -> 10 [ 0, 0, 1, 1, 0, 2, 3, 2, 3, 2 ] 11503 
extra 6tans 5 -> 12 [ 0, 0, 1, 1, 0, 2, 3, 2, 3, 3 ] 11504 
extra 6tans 5 -> 12 [ 0, 0, 1, 1, 0, 2, 3, 3, 2, 0 ] 11511 
extra 6tans 5 -> 10 [ 0, 0, 1, 1, 0, 2, 3, 3, 2, 1 ] 11512 
extra 6tans 5 -> 10 [ 0, 0, 1, 1, 0, 2, 3, 3, 2, 2 ] 11513 
extra 6tans 5 -> 12 [ 0, 0, 1, 1, 0, 2, 3, 3, 2, 3 ] 11514 
extra 6tans 5 -> 12 [ 0, 0, 1, 1, 0, 2, 3, 3, 3, 0 ] 11516 
extra 6tans 5 -> 11 [ 0, 0, 1, 1, 0, 2, 3, 3, 3, 1 ] 11517 
extra 6tans 5 -> 12 [ 0, 0, 1, 1, 0, 2, 3, 3, 3, 2 ] 11518 
extra 6tans 5 -> 13 [ 0, 0, 1, 1, 0, 3, 3, 3, 3, 0 ] 11568 
extra 6tans 5 -> 12 [ 0, 0, 1, 1, 0, 3, 3, 3, 3, 1 ] 11569 
extra 6tans 5 -> 16 [ 0, 0, 1, 1, 0, 3, 3, 3, 3, 2 ] 11570 
extra 6tans 5 -> 10 [ 0, 0, 1, 1, 1, 0, 1, 0, 1, 1 ] 11600 
extra 6tans 5 -> 10 [ 0, 0, 1, 1, 1, 0, 1, 0, 1, 2 ] 11601 
extra 6tans 5 -> 14 [ 0, 0, 1, 1, 1, 0, 1, 0, 1, 3 ] 11602 
extra 6tans 5 -> 10 [ 0, 0, 1, 1, 1, 0, 1, 0, 2, 2 ] 11604 
extra 6tans 5 -> 11 [ 0, 0, 1, 1, 1, 0, 1, 0, 2, 3 ] 11605 
extra 6tans 5 -> 12 [ 0, 0, 1, 1, 1, 0, 1, 0, 3, 3 ] 11607 
extra 6tans 5 -> 13 [ 0, 0, 1, 1, 1, 0, 1, 1, 0, 3 ] 11613 
extra 6tans 5 -> 9 [ 0, 0, 1, 1, 1, 0, 1, 1, 1, 3 ] 11617 
extra 6tans 5 -> 9 [ 0, 0, 1, 1, 1, 0, 1, 1, 2, 3 ] 11620 
extra 6tans 5 -> 10 [ 0, 0, 1, 1, 1, 0, 1, 1, 3, 3 ] 11622 
extra 6tans 5 -> 13 [ 0, 0, 1, 1, 1, 0, 1, 2, 0, 0 ] 11625 
extra 6tans 5 -> 10 [ 0, 0, 1, 1, 1, 0, 1, 2, 0, 3 ] 11628 
extra 6tans 5 -> 9 [ 0, 0, 1, 1, 1, 0, 1, 2, 1, 3 ] 11632 
extra 6tans 5 -> 9 [ 0, 0, 1, 1, 1, 0, 1, 2, 2, 3 ] 11635 
extra 6tans 5 -> 13 [ 0, 0, 1, 1, 1, 0, 1, 2, 3, 3 ] 11637 
extra 6tans 5 -> 14 [ 0, 0, 1, 1, 1, 0, 1, 3, 0, 1 ] 11641 
extra 6tans 5 -> 11 [ 0, 0, 1, 1, 1, 0, 1, 3, 0, 2 ] 11642 
extra 6tans 5 -> 12 [ 0, 0, 1, 1, 1, 0, 1, 3, 0, 3 ] 11643 
extra 6tans 5 -> 10 [ 0, 0, 1, 1, 1, 0, 1, 3, 1, 1 ] 11645 
extra 6tans 5 -> 10 [ 0, 0, 1, 1, 1, 0, 1, 3, 1, 2 ] 11646 
extra 6tans 5 -> 11 [ 0, 0, 1, 1, 1, 0, 1, 3, 1, 3 ] 11647 
extra 6tans 5 -> 10 [ 0, 0, 1, 1, 1, 0, 1, 3, 2, 2 ] 11649 
extra 6tans 5 -> 14 [ 0, 0, 1, 1, 1, 0, 1, 3, 2, 3 ] 11650 
extra 6tans 5 -> 11 [ 0, 0, 1, 1, 1, 0, 2, 0, 2, 1 ] 11670 
extra 6tans 5 -> 10 [ 0, 0, 1, 1, 1, 0, 2, 0, 2, 2 ] 11671 
extra 6tans 5 -> 10 [ 0, 0, 1, 1, 1, 0, 2, 0, 2, 3 ] 11672 
extra 6tans 5 -> 14 [ 0, 0, 1, 1, 1, 0, 2, 0, 2, 4 ] 11673 
extra 6tans 5 -> 12 [ 0, 0, 1, 1, 1, 0, 2, 0, 3, 2 ] 11675 
extra 6tans 5 -> 11 [ 0, 0, 1, 1, 1, 0, 2, 0, 3, 3 ] 11676 
extra 6tans 5 -> 14 [ 0, 0, 1, 1, 1, 0, 2, 0, 3, 4 ] 11677 
extra 6tans 5 -> 11 [ 0, 0, 1, 1, 1, 0, 2, 1, 1, 0 ] 11682 
extra 6tans 5 -> 12 [ 0, 0, 1, 1, 1, 0, 2, 1, 1, 4 ] 11686 
extra 6tans 5 -> 12 [ 0, 0, 1, 1, 1, 0, 2, 1, 2, 0 ] 11687 
extra 6tans 5 -> 11 [ 0, 0, 1, 1, 1, 0, 2, 1, 2, 4 ] 11691 
extra 6tans 5 -> 10 [ 0, 0, 1, 1, 1, 0, 2, 1, 3, 1 ] 11693 
extra 6tans 5 -> 9 [ 0, 0, 1, 1, 1, 0, 2, 1, 3, 2 ] 11694 
extra 6tans 5 -> 9 [ 0, 0, 1, 1, 1, 0, 2, 1, 3, 3 ] 11695 
extra 6tans 5 -> 13 [ 0, 0, 1, 1, 1, 0, 2, 1, 3, 4 ] 11696 
extra 6tans 5 -> 10 [ 0, 0, 1, 1, 1, 0, 2, 2, 0, 1 ] 11703 
extra 6tans 5 -> 13 [ 0, 0, 1, 1, 1, 0, 2, 2, 0, 4 ] 11706 
extra 6tans 5 -> 12 [ 0, 0, 1, 1, 1, 0, 2, 2, 1, 0 ] 11707 
extra 6tans 5 -> 11 [ 0, 0, 1, 1, 1, 0, 2, 2, 1, 4 ] 11711 
extra 6tans 5 -> 11 [ 0, 0, 1, 1, 1, 0, 2, 2, 2, 0 ] 11712 
extra 6tans 5 -> 12 [ 0, 0, 1, 1, 1, 0, 2, 2, 2, 4 ] 11716 
extra 6tans 5 -> 13 [ 0, 0, 1, 1, 1, 0, 2, 2, 3, 0 ] 11717 
extra 6tans 5 -> 9 [ 0, 0, 1, 1, 1, 0, 2, 2, 3, 1 ] 11718 
extra 6tans 5 -> 9 [ 0, 0, 1, 1, 1, 0, 2, 2, 3, 2 ] 11719 
extra 6tans 5 -> 10 [ 0, 0, 1, 1, 1, 0, 2, 2, 3, 3 ] 11720 
extra 6tans 5 -> 12 [ 0, 0, 1, 1, 1, 0, 2, 3, 0, 2 ] 11729 
extra 6tans 5 -> 11 [ 0, 0, 1, 1, 1, 0, 2, 3, 0, 3 ] 11730 
extra 6tans 5 -> 14 [ 0, 0, 1, 1, 1, 0, 2, 3, 0, 4 ] 11731 
extra 6tans 5 -> 11 [ 0, 0, 1, 1, 1, 0, 2, 3, 1, 1 ] 11733 
extra 6tans 5 -> 10 [ 0, 0, 1, 1, 1, 0, 2, 3, 1, 2 ] 11734 
extra 6tans 5 -> 10 [ 0, 0, 1, 1, 1, 0, 2, 3, 1, 3 ] 11735 
extra 6tans 5 -> 14 [ 0, 0, 1, 1, 1, 0, 2, 3, 1, 4 ] 11736 
extra 6tans 5 -> 14 [ 0, 0, 1, 1, 1, 0, 2, 3, 2, 0 ] 11737 
extra 6tans 5 -> 10 [ 0, 0, 1, 1, 1, 0, 2, 3, 2, 1 ] 11738 
extra 6tans 5 -> 10 [ 0, 0, 1, 1, 1, 0, 2, 3, 2, 2 ] 11739 
extra 6tans 5 -> 11 [ 0, 0, 1, 1, 1, 0, 2, 3, 2, 3 ] 11740 
extra 6tans 5 -> 14 [ 0, 0, 1, 1, 1, 0, 2, 3, 3, 0 ] 11742 
extra 6tans 5 -> 11 [ 0, 0, 1, 1, 1, 0, 2, 3, 3, 1 ] 11743 
extra 6tans 5 -> 12 [ 0, 0, 1, 1, 1, 0, 2, 3, 3, 2 ] 11744 
extra 6tans 5 -> 14 [ 0, 0, 1, 1, 1, 0, 3, 0, 3, 3 ] 11779 
extra 6tans 5 -> 15 [ 0, 0, 1, 1, 1, 0, 3, 0, 3, 4 ] 11780 
extra 6tans 5 -> 11 [ 0, 0, 1, 1, 1, 0, 3, 1, 1, 1 ] 11786 
extra 6tans 5 -> 9 [ 0, 0, 1, 1, 1, 0, 3, 1, 1, 2 ] 11787 
extra 6tans 5 -> 9 [ 0, 0, 1, 1, 1, 0, 3, 1, 1, 3 ] 11788 
extra 6tans 5 -> 12 [ 0, 0, 1, 1, 1, 0, 3, 1, 1, 4 ] 11789 
extra 6tans 5 -> 12 [ 0, 0, 1, 1, 1, 0, 3, 1, 2, 1 ] 11791 
extra 6tans 5 -> 9 [ 0, 0, 1, 1, 1, 0, 3, 1, 2, 2 ] 11792 
extra 6tans 5 -> 9 [ 0, 0, 1, 1, 1, 0, 3, 1, 2, 3 ] 11793 
extra 6tans 5 -> 11 [ 0, 0, 1, 1, 1, 0, 3, 1, 2, 4 ] 11794 
extra 6tans 5 -> 12 [ 0, 0, 1, 1, 1, 0, 3, 1, 3, 2 ] 11797 
extra 6tans 5 -> 11 [ 0, 0, 1, 1, 1, 0, 3, 1, 3, 3 ] 11798 
extra 6tans 5 -> 14 [ 0, 0, 1, 1, 1, 0, 3, 1, 3, 4 ] 11799 
extra 6tans 5 -> 12 [ 0, 0, 1, 1, 1, 0, 3, 2, 1, 1 ] 11806 
extra 6tans 5 -> 9 [ 0, 0, 1, 1, 1, 0, 3, 2, 1, 2 ] 11807 
extra 6tans 5 -> 9 [ 0, 0, 1, 1, 1, 0, 3, 2, 1, 3 ] 11808 
extra 6tans 5 -> 11 [ 0, 0, 1, 1, 1, 0, 3, 2, 1, 4 ] 11809 
extra 6tans 5 -> 11 [ 0, 0, 1, 1, 1, 0, 3, 2, 2, 1 ] 11811 
extra 6tans 5 -> 9 [ 0, 0, 1, 1, 1, 0, 3, 2, 2, 2 ] 11812 
extra 6tans 5 -> 9 [ 0, 0, 1, 1, 1, 0, 3, 2, 2, 3 ] 11813 
extra 6tans 5 -> 12 [ 0, 0, 1, 1, 1, 0, 3, 2, 2, 4 ] 11814 
extra 6tans 5 -> 14 [ 0, 0, 1, 1, 1, 0, 3, 2, 3, 1 ] 11816 
extra 6tans 5 -> 11 [ 0, 0, 1, 1, 1, 0, 3, 2, 3, 2 ] 11817 
extra 6tans 5 -> 12 [ 0, 0, 1, 1, 1, 0, 3, 2, 3, 3 ] 11818 
extra 6tans 5 -> 14 [ 0, 0, 1, 1, 1, 0, 3, 3, 0, 3 ] 11828 
extra 6tans 5 -> 15 [ 0, 0, 1, 1, 1, 0, 3, 3, 0, 4 ] 11829 
extra 6tans 5 -> 12 [ 0, 0, 1, 1, 1, 0, 3, 3, 1, 2 ] 11832 
extra 6tans 5 -> 11 [ 0, 0, 1, 1, 1, 0, 3, 3, 1, 3 ] 11833 
extra 6tans 5 -> 14 [ 0, 0, 1, 1, 1, 0, 3, 3, 1, 4 ] 11834 
extra 6tans 5 -> 14 [ 0, 0, 1, 1, 1, 0, 3, 3, 2, 1 ] 11836 
extra 6tans 5 -> 11 [ 0, 0, 1, 1, 1, 0, 3, 3, 2, 2 ] 11837 
extra 6tans 5 -> 12 [ 0, 0, 1, 1, 1, 0, 3, 3, 2, 3 ] 11838 
extra 6tans 5 -> 15 [ 0, 0, 1, 1, 1, 0, 3, 3, 3, 1 ] 11841 
extra 6tans 5 -> 14 [ 0, 0, 1, 1, 1, 0, 3, 3, 3, 2 ] 11842 
extra 6tans 5 -> 11 [ 0, 0, 1, 1, 1, 1, 1, 1, 1, 4 ] 11963 
extra 6tans 5 -> 10 [ 0, 0, 1, 1, 1, 1, 1, 1, 2, 4 ] 11968 
extra 6tans 5 -> 11 [ 0, 0, 1, 1, 1, 1, 1, 1, 3, 0 ] 11969 
extra 6tans 5 -> 8 [ 0, 0, 1, 1, 1, 1, 1, 1, 3, 1 ] 11970 
extra 6tans 5 -> 8 [ 0, 0, 1, 1, 1, 1, 1, 1, 3, 2 ] 11971 
extra 6tans 5 -> 8 [ 0, 0, 1, 1, 1, 1, 1, 1, 3, 3 ] 11972 
extra 6tans 5 -> 12 [ 0, 0, 1, 1, 1, 1, 1, 1, 3, 4 ] 11973 
extra 6tans 5 -> 11 [ 0, 0, 1, 1, 1, 1, 1, 2, 2, 4 ] 11983 
extra 6tans 5 -> 9 [ 0, 0, 1, 1, 1, 1, 1, 2, 3, 0 ] 11984 
extra 6tans 5 -> 8 [ 0, 0, 1, 1, 1, 1, 1, 2, 3, 1 ] 11985 
extra 6tans 5 -> 8 [ 0, 0, 1, 1, 1, 1, 1, 2, 3, 2 ] 11986 
extra 6tans 5 -> 9 [ 0, 0, 1, 1, 1, 1, 1, 2, 3, 3 ] 11987 
extra 6tans 5 -> 10 [ 0, 0, 1, 1, 1, 1, 1, 3, 3, 0 ] 11994 
extra 6tans 5 -> 9 [ 0, 0, 1, 1, 1, 1, 1, 3, 3, 1 ] 11995 
extra 6tans 5 -> 10 [ 0, 0, 1, 1, 1, 1, 1, 3, 3, 2 ] 11996 
extra 6tans 5 -> 9 [ 0, 0, 1, 1, 1, 1, 2, 1, 2, 4 ] 12013 
extra 6tans 5 -> 12 [ 0, 0, 1, 1, 1, 1, 2, 1, 3, 0 ] 12014 
extra 6tans 5 -> 8 [ 0, 0, 1, 1, 1, 1, 2, 1, 3, 1 ] 12015 
extra 6tans 5 -> 8 [ 0, 0, 1, 1, 1, 1, 2, 1, 3, 2 ] 12016 
extra 6tans 5 -> 8 [ 0, 0, 1, 1, 1, 1, 2, 1, 3, 3 ] 12017 
extra 6tans 5 -> 11 [ 0, 0, 1, 1, 1, 1, 2, 1, 3, 4 ] 12018 
extra 6tans 5 -> 9 [ 0, 0, 1, 1, 1, 1, 2, 2, 1, 4 ] 12028 
extra 6tans 5 -> 10 [ 0, 0, 1, 1, 1, 1, 2, 2, 2, 4 ] 12033 
extra 6tans 5 -> 9 [ 0, 0, 1, 1, 1, 1, 2, 2, 3, 0 ] 12034 
extra 6tans 5 -> 8 [ 0, 0, 1, 1, 1, 1, 2, 2, 3, 1 ] 12035 
extra 6tans 5 -> 8 [ 0, 0, 1, 1, 1, 1, 2, 2, 3, 2 ] 12036 
extra 6tans 5 -> 9 [ 0, 0, 1, 1, 1, 1, 2, 2, 3, 3 ] 12037 
extra 6tans 5 -> 12 [ 0, 0, 1, 1, 1, 1, 2, 3, 1, 0 ] 12044 
extra 6tans 5 -> 8 [ 0, 0, 1, 1, 1, 1, 2, 3, 1, 1 ] 12045 
extra 6tans 5 -> 8 [ 0, 0, 1, 1, 1, 1, 2, 3, 1, 2 ] 12046 
extra 6tans 5 -> 8 [ 0, 0, 1, 1, 1, 1, 2, 3, 1, 3 ] 12047 
extra 6tans 5 -> 11 [ 0, 0, 1, 1, 1, 1, 2, 3, 1, 4 ] 12048 
extra 6tans 5 -> 9 [ 0, 0, 1, 1, 1, 1, 2, 3, 2, 0 ] 12049 
extra 6tans 5 -> 8 [ 0, 0, 1, 1, 1, 1, 2, 3, 2, 1 ] 12050 
extra 6tans 5 -> 8 [ 0, 0, 1, 1, 1, 1, 2, 3, 2, 2 ] 12051 
extra 6tans 5 -> 9 [ 0, 0, 1, 1, 1, 1, 2, 3, 2, 3 ] 12052 
extra 6tans 5 -> 10 [ 0, 0, 1, 1, 1, 1, 2, 3, 3, 0 ] 12054 
extra 6tans 5 -> 9 [ 0, 0, 1, 1, 1, 1, 2, 3, 3, 1 ] 12055 
extra 6tans 5 -> 10 [ 0, 0, 1, 1, 1, 1, 2, 3, 3, 2 ] 12056 
extra 6tans 5 -> 11 [ 0, 0, 1, 1, 1, 1, 3, 1, 3, 1 ] 12085 
extra 6tans 5 -> 10 [ 0, 0, 1, 1, 1, 1, 3, 1, 3, 2 ] 12086 
extra 6tans 5 -> 10 [ 0, 0, 1, 1, 1, 1, 3, 1, 3, 3 ] 12087 
extra 6tans 5 -> 14 [ 0, 0, 1, 1, 1, 1, 3, 1, 3, 4 ] 12088 
extra 6tans 5 -> 11 [ 0, 0, 1, 1, 1, 1, 3, 2, 2, 0 ] 12094 
extra 6tans 5 -> 8 [ 0, 0, 1, 1, 1, 1, 3, 2, 2, 1 ] 12095 
extra 6tans 5 -> 8 [ 0, 0, 1, 1, 1, 1, 3, 2, 2, 2 ] 12096 
extra 6tans 5 -> 8 [ 0, 0, 1, 1, 1, 1, 3, 2, 2, 3 ] 12097 
extra 6tans 5 -> 12 [ 0, 0, 1, 1, 1, 1, 3, 2, 2, 4 ] 12098 
extra 6tans 5 -> 14 [ 0, 0, 1, 1, 1, 1, 3, 2, 3, 0 ] 12099 
extra 6tans 5 -> 10 [ 0, 0, 1, 1, 1, 1, 3, 2, 3, 1 ] 12100 
Error, user interrupt in
  SET_PRINT_OBJ_INDEX( RNamObj( nam ) 
 ); at /usr/local/Cellar/gap/4.15.1/share/gap/lib/record.gi:56 called from 
CallFuncList( PRINT_TO, arg 
 ); at /usr/local/Cellar/gap/4.15.1/share/gap/lib/streams.gd:1078 called from
PrintTo( fn, name, ":=", obj, ";\n" ); at gapReads/SavesReads.txt:32 called from
savedata( New6TanConRecs ); at Task20260916Va.g:115 called from
<function "unknown">( <arguments> )
 called from read-eval loop at Task20260916Va.g:119
you can 'return;'
brk> quit;
gap> Gram:=WeightedCompleteGraphToGram(3, [0,0,2]);
[ [ 2, 2, 2, 2 ], [ 2, -2, 0, 0 ], [ 2, 0, -2, 2 ], [ 2, 0, 2, -2 ] ]
gap> h:=MakeVectei(4, 1);
[ 1, 0, 0, 0 ]
gap> rats:=FindRatsOnK3(Gram, h, 2);
tdeg 1 0 
tdeg 2 12 
[ [ 2, 0, -1, 0 ], [ 1, -1, 0, 1 ], [ 2, -1, 0, 0 ], [ 1, 1, -1, 0 ], [ 2, 1, -1, -1 ], 
  [ 0, 0, 0, 1 ], [ 2, 0, 0, -1 ], [ 0, -1, 1, 1 ], [ 1, -1, 1, 0 ], [ 0, 1, 0, 0 ], 
  [ 1, 1, 0, -1 ], [ 0, 0, 1, 0 ] ]
gap> ss:=[ 0, -1, 1, 1 ];
[ 0, -1, 1, 1 ]
gap> ss*Gram;
[ 2, 2, 0, 0 ]
gap> Combinations([2,3,5,5], 2);
[ [ 2, 3 ], [ 2, 5 ], [ 3, 5 ], [ 5, 5 ] ]
gap> Arrangements([2,3,5,5], 2);
[ [ 2, 3 ], [ 2, 5 ], [ 3, 2 ], [ 3, 5 ], [ 5, 2 ], [ 5, 3 ], [ 5, 5 ] ]
gap> Read("Task20260916Va.g");
extra 6tans 3 -> 5 [ 0, 1, 3 ] 11 
extra 6tans 3 -> 6 [ 0, 2, 4 ] 15 
wrong global buzz 61221 
Error,  at gapReads/gaptools.txt:143 called from
buzz( 61221 ); at Task20260916Va.g:115 called from
<function "unknown">( <arguments> )
 called from read-eval loop at Task20260916Va.g:124
you can 'quit;' to quit to outer loop, or
you can 'return;' to continue
brk> tgra;
[ 0, 0, 0, 0, 0, 2 ]
brk> Length(trec.6tans);
12
brk> extra;
15
brk> kk;
4
brk> trec.6tans;
[ [ [ 0, -1, 0, 1, 1 ], [ 2, 1, 0, -1, -1 ] ], [ [ 0, 0, -1, 1, 1 ], [ 2, 0, 1, -1, -1 ] ]
    , [ [ 0, 0, 0, 0, 1 ], [ 2, 0, 0, 0, -1 ] ], [ [ 0, 0, 0, 1, 0 ], [ 2, 0, 0, -1, 0 ] ]
    , [ [ 0, 0, 1, 0, 0 ], [ 2, 0, -1, 0, 0 ] ], [ [ 0, 1, 0, 0, 0 ], [ 2, -1, 0, 0, 0 ] ]
    , [ [ 1, -1, -1, 1, 1 ], [ 1, 1, 1, -1, -1 ] ], 
  [ [ 1, -1, 0, 0, 1 ], [ 1, 1, 0, 0, -1 ] ], [ [ 1, -1, 0, 1, 0 ], [ 1, 1, 0, -1, 0 ] ], 
  [ [ 1, -1, 1, 0, 0 ], [ 1, 1, -1, 0, 0 ] ], [ [ 1, 0, -1, 0, 1 ], [ 1, 0, 1, 0, -1 ] ], 
  [ [ 1, 0, -1, 1, 0 ], [ 1, 0, 1, -1, 0 ] ] ]
brk> quit;
gap> 
gap> 
gap> restart();
