sessionnumb  20261001175617 
gap> Read("Task20261001Pa.g");
17 18 [ 0, 653 ] [ [ -2, 17 ], [ 1, 142 ], [ 3, 130 ] ] 925 
17 18 [ 0, 873 ] [ [ -2, 17 ], [ 1, 138 ], [ 3, 134 ] ] 1259 
17 18 [ 0, 604 ] [ [ -2, 17 ], [ 1, 148 ], [ 3, 124 ] ] 1478 
17 18 [ 0, 605 ] [ [ -2, 17 ], [ 1, 168 ], [ 3, 104 ] ] 1660 
17 18 [ 0, 758 ] [ [ -2, 17 ], [ 1, 172 ], [ 3, 100 ] ] 2960 
17 18 [ 0, 503 ] [ [ -2, 17 ], [ 1, 168 ], [ 3, 104 ] ] 3084 
17 18 [ 0, 468 ] [ [ -2, 17 ], [ 1, 148 ], [ 3, 124 ] ] 4184 
17 18 [ 0, 807 ] [ [ -2, 17 ], [ 1, 146 ], [ 3, 126 ] ] 4761 
17 18 [ 0, 782 ] [ [ -2, 17 ], [ 1, 164 ], [ 3, 108 ] ] 5853 
17 18 [ 0, 287 ] [ [ -2, 17 ], [ 1, 144 ], [ 3, 128 ] ] 6586 
17 18 [ 0, 166 ] [ [ -2, 17 ], [ 1, 160 ], [ 3, 112 ] ] 6804 
17 18 [ 0, 234 ] [ [ -2, 17 ], [ 1, 146 ], [ 3, 126 ] ] 6910 
17 18 [ 0, 380 ] [ [ -2, 17 ], [ 1, 150 ], [ 3, 122 ] ] 7812 
17 18 [ 0, 419 ] [ [ -2, 17 ], [ 1, 162 ], [ 3, 110 ] ] 8444 
17 18 [ 0, 298 ] [ [ -2, 17 ], [ 1, 146 ], [ 3, 126 ] ] 9360 
17 18 [ 0, 353 ] [ [ -2, 17 ], [ 1, 164 ], [ 3, 108 ] ] 10813 
17 18 [ 0, 130 ] [ [ -2, 17 ], [ 1, 136 ], [ 3, 136 ] ] 11352 
17 18 [ 0, 90 ] [ [ -2, 17 ], [ 1, 138 ], [ 3, 134 ] ] 11355 
18 19 [ 0, 303 ] [ [ -2, 18 ], [ 1, 156 ], [ 3, 150 ] ] 11356 
17 18 [ 0, 385 ] [ [ -2, 17 ], [ 1, 164 ], [ 3, 108 ] ] 11499 
17 18 [ 0, 537 ] [ [ -2, 17 ], [ 1, 156 ], [ 3, 116 ] ] 11507 
17 18 [ 0, 264 ] [ [ -2, 17 ], [ 1, 140 ], [ 3, 132 ] ] 11736 
17 18 [ 0, 263 ] [ [ -2, 17 ], [ 1, 140 ], [ 3, 132 ] ] 11779 
17 18 [ 0, 278 ] [ [ -2, 17 ], [ 1, 150 ], [ 3, 122 ] ] 12043 
17 18 [ 0, 132 ] [ [ -2, 17 ], [ 1, 142 ], [ 3, 130 ] ] 12044 
17 18 [ 0, 210 ] [ [ -2, 17 ], [ 1, 158 ], [ 3, 114 ] ] 12150 
17 18 [ 0, 495 ] [ [ -2, 17 ], [ 1, 152 ], [ 3, 120 ] ] 12189 
17 18 [ 0, 396 ] [ [ -2, 17 ], [ 1, 130 ], [ 3, 142 ] ] 12375 
17 18 [ 0, 402 ] [ [ -2, 17 ], [ 1, 128 ], [ 3, 144 ] ] 12469 
17 18 [ 0, 128 ] [ [ -2, 17 ], [ 1, 134 ], [ 3, 138 ] ] 12534 
17 18 [ 0, 83 ] [ [ -2, 17 ], [ 1, 146 ], [ 3, 126 ] ] 12535 
17 18 [ 0, 205 ] [ [ -2, 17 ], [ 1, 132 ], [ 3, 140 ] ] 12536 
17 18 [ 0, 217 ] [ [ -2, 17 ], [ 1, 140 ], [ 3, 132 ] ] 12538 
17 18 [ 0, 106 ] [ [ -2, 17 ], [ 1, 150 ], [ 3, 122 ] ] 13160 
18 19 [ 0, 340 ] [ [ -2, 18 ], [ 1, 162 ], [ 3, 144 ] ] 13161 
17 18 [ 0, 104 ] [ [ -2, 17 ], [ 1, 142 ], [ 3, 130 ] ] 13162 
17 18 [ 0, 402 ] [ [ -2, 17 ], [ 1, 140 ], [ 3, 132 ] ] 13186 
17 18 [ 0, 142 ] [ [ -2, 17 ], [ 1, 150 ], [ 3, 122 ] ] 13280 
17 18 [ 0, 134 ] [ [ -2, 17 ], [ 1, 156 ], [ 3, 116 ] ] 13281 
17 18 [ 0, 191 ] [ [ -2, 17 ], [ 1, 140 ], [ 3, 132 ] ] 13923 
17 18 [ 0, 733 ] [ [ -2, 17 ], [ 1, 140 ], [ 3, 132 ] ] 14596 
17 18 [ 0, 430 ] [ [ -2, 17 ], [ 1, 134 ], [ 3, 138 ] ] 14718 
17 18 [ 0, 286 ] [ [ -2, 17 ], [ 1, 130 ], [ 3, 142 ] ] 16969 
17 18 [ 0, 471 ] [ [ -2, 17 ], [ 1, 164 ], [ 3, 108 ] ] 18324 
17 18 [ 0, 467 ] [ [ -2, 17 ], [ 1, 172 ], [ 3, 100 ] ] 18404 
17 18 [ 0, 247 ] [ [ -2, 17 ], [ 1, 148 ], [ 3, 124 ] ] 18614 
17 18 [ 0, 109 ] [ [ -2, 17 ], [ 1, 156 ], [ 3, 116 ] ] 18621 
17 18 [ 0, 427 ] [ [ -2, 17 ], [ 1, 138 ], [ 3, 134 ] ] 18841 
17 18 [ 0, 154 ] [ [ -2, 17 ], [ 1, 140 ], [ 3, 132 ] ] 19139 
17 18 [ 0, 255 ] [ [ -2, 17 ], [ 1, 132 ], [ 3, 140 ] ] 19144 
17 18 [ 0, 157 ] [ [ -2, 17 ], [ 1, 140 ], [ 3, 132 ] ] 19167 
17 18 [ 0, 256 ] [ [ -2, 17 ], [ 1, 134 ], [ 3, 138 ] ] 19169 
17 18 [ 0, 365 ] [ [ -2, 17 ], [ 1, 150 ], [ 3, 122 ] ] 19181 
17 18 [ 0, 480 ] [ [ -2, 17 ], [ 1, 144 ], [ 3, 128 ] ] 19547 
17 18 [ 0, 464 ] [ [ -2, 17 ], [ 1, 158 ], [ 3, 114 ] ] 20158 
17 18 [ 0, 92 ] [ [ -2, 17 ], [ 1, 156 ], [ 3, 116 ] ] 20313 
17 18 [ 0, 269 ] [ [ -2, 17 ], [ 1, 136 ], [ 3, 136 ] ] 20317 
17 18 [ 0, 641 ] [ [ -2, 17 ], [ 1, 148 ], [ 3, 124 ] ] 22003 
17 18 [ 0, 667 ] [ [ -2, 17 ], [ 1, 142 ], [ 3, 130 ] ] 22052 
17 18 [ 0, 593 ] [ [ -2, 17 ], [ 1, 144 ], [ 3, 128 ] ] 22069 
17 18 [ 0, 239 ] [ [ -2, 17 ], [ 1, 146 ], [ 3, 126 ] ] 22133 
17 18 [ 0, 360 ] [ [ -2, 17 ], [ 1, 150 ], [ 3, 122 ] ] 22254 
17 18 [ 0, 265 ] [ [ -2, 17 ], [ 1, 138 ], [ 3, 134 ] ] 22336 
17 18 [ 0, 340 ] [ [ -2, 17 ], [ 1, 158 ], [ 3, 114 ] ] 23336 
17 18 [ 0, 232 ] [ [ -2, 17 ], [ 1, 156 ], [ 3, 116 ] ] 23350 
17 18 [ 0, 185 ] [ [ -2, 17 ], [ 1, 162 ], [ 3, 110 ] ] 23428 
17 18 [ 0, 147 ] [ [ -2, 17 ], [ 1, 160 ], [ 3, 112 ] ] 23584 
17 18 [ 0, 99 ] [ [ -2, 17 ], [ 1, 168 ], [ 3, 104 ] ] 23586 
17 18 [ 0, 782 ] [ [ -2, 17 ], [ 1, 160 ], [ 3, 112 ] ] 23626 
17 18 [ 0, 143 ] [ [ -2, 17 ], [ 1, 154 ], [ 3, 118 ] ] 24096 
17 18 [ 0, 154 ] [ [ -2, 17 ], [ 1, 162 ], [ 3, 110 ] ] 24106 
17 18 [ 0, 413 ] [ [ -2, 17 ], [ 1, 148 ], [ 3, 124 ] ] 24123 
17 18 [ 0, 123 ] [ [ -2, 17 ], [ 1, 152 ], [ 3, 120 ] ] 24132 
17 18 [ 0, 474 ] [ [ -2, 17 ], [ 1, 150 ], [ 3, 122 ] ] 24140 
17 18 [ 0, 269 ] [ [ -2, 17 ], [ 1, 140 ], [ 3, 132 ] ] 24219 
17 18 [ 0, 387 ] [ [ -2, 17 ], [ 1, 130 ], [ 3, 142 ] ] 24431 
17 18 [ 0, 272 ] [ [ -2, 17 ], [ 1, 134 ], [ 3, 138 ] ] 24432 
17 18 [ 0, 273 ] [ [ -2, 17 ], [ 1, 136 ], [ 3, 136 ] ] 24541 
17 18 [ 0, 621 ] [ [ -2, 17 ], [ 1, 178 ], [ 3, 94 ] ] 24635 
17 18 [ 0, 628 ] [ [ -2, 17 ], [ 1, 160 ], [ 3, 112 ] ] 24752 
17 18 [ 0, 495 ] [ [ -2, 17 ], [ 1, 148 ], [ 3, 124 ] ] 24903 
17 18 [ 0, 423 ] [ [ -2, 17 ], [ 1, 128 ], [ 3, 144 ] ] 24939 
17 18 [ 0, 363 ] [ [ -2, 17 ], [ 1, 152 ], [ 3, 120 ] ] 25242 
17 18 [ 0, 96 ] [ [ -2, 17 ], [ 1, 158 ], [ 3, 114 ] ] 25255 
17 18 [ 0, 83 ] [ [ -2, 17 ], [ 1, 148 ], [ 3, 124 ] ] 25256 
17 18 [ 0, 367 ] [ [ -2, 17 ], [ 1, 154 ], [ 3, 118 ] ] 25726 
17 18 [ 0, 212 ] [ [ -2, 17 ], [ 1, 138 ], [ 3, 134 ] ] 25754 
17 18 [ 0, 1049 ] [ [ -2, 17 ], [ 1, 136 ], [ 3, 136 ] ] 25801 
17 18 [ 0, 422 ] [ [ -2, 17 ], [ 1, 130 ], [ 3, 142 ] ] 25842 
17 18 [ 0, 501 ] [ [ -2, 17 ], [ 1, 134 ], [ 3, 138 ] ] 25965 
17 18 [ 0, 283 ] [ [ -2, 17 ], [ 1, 136 ], [ 3, 136 ] ] 26310 
17 18 [ 0, 455 ] [ [ -2, 17 ], [ 1, 146 ], [ 3, 126 ] ] 26962 
17 18 [ 0, 232 ] [ [ -2, 17 ], [ 1, 154 ], [ 3, 118 ] ] 27029 
17 18 [ 0, 170 ] [ [ -2, 17 ], [ 1, 124 ], [ 3, 148 ] ] 27091 
17 18 [ 0, 368 ] [ [ -2, 17 ], [ 1, 138 ], [ 3, 134 ] ] 27165 
17 18 [ 0, 98 ] [ [ -2, 17 ], [ 1, 142 ], [ 3, 130 ] ] 27174 
17 18 [ 0, 137 ] [ [ -2, 17 ], [ 1, 142 ], [ 3, 130 ] ] 27176 
17 18 [ 0, 357 ] [ [ -2, 17 ], [ 1, 138 ], [ 3, 134 ] ] 27297 
17 18 [ 0, 294 ] [ [ -2, 17 ], [ 1, 144 ], [ 3, 128 ] ] 27299 
17 18 [ 0, 402 ] [ [ -2, 17 ], [ 1, 148 ], [ 3, 124 ] ] 27487 
17 18 [ 0, 308 ] [ [ -2, 17 ], [ 1, 142 ], [ 3, 130 ] ] 27725 
17 18 [ 0, 308 ] [ [ -2, 17 ], [ 1, 126 ], [ 3, 146 ] ] 27726 
17 18 [ 0, 184 ] [ [ -2, 17 ], [ 1, 136 ], [ 3, 136 ] ] 28182 
17 18 [ 0, 330 ] [ [ -2, 17 ], [ 1, 152 ], [ 3, 120 ] ] 28300 
17 18 [ 0, 269 ] [ [ -2, 17 ], [ 1, 140 ], [ 3, 132 ] ] 28344 
17 18 [ 0, 233 ] [ [ -2, 17 ], [ 1, 128 ], [ 3, 144 ] ] 29194 
17 18 [ 0, 565 ] [ [ -2, 17 ], [ 1, 158 ], [ 3, 114 ] ] 29511 
17 18 [ 0, 441 ] [ [ -2, 17 ], [ 1, 144 ], [ 3, 128 ] ] 29675 
17 18 [ 0, 455 ] [ [ -2, 17 ], [ 1, 138 ], [ 3, 134 ] ] 29739 
17 18 [ 0, 284 ] [ [ -2, 17 ], [ 1, 176 ], [ 3, 96 ] ] 29838 
17 18 [ 0, 185 ] [ [ -2, 17 ], [ 1, 170 ], [ 3, 102 ] ] 29892 
17 18 [ 0, 325 ] [ [ -2, 17 ], [ 1, 146 ], [ 3, 126 ] ] 30075 
17 18 [ 0, 134 ] [ [ -2, 17 ], [ 1, 148 ], [ 3, 124 ] ] 30076 
17 18 [ 0, 291 ] [ [ -2, 17 ], [ 1, 158 ], [ 3, 114 ] ] 30093 
17 18 [ 0, 302 ] [ [ -2, 17 ], [ 1, 162 ], [ 3, 110 ] ] 30107 
17 18 [ 0, 204 ] [ [ -2, 17 ], [ 1, 160 ], [ 3, 112 ] ] 30179 
17 18 [ 0, 204 ] [ [ -2, 17 ], [ 1, 164 ], [ 3, 108 ] ] 30214 
17 18 [ 0, 94 ] [ [ -2, 17 ], [ 1, 162 ], [ 3, 110 ] ] 30315 
17 18 [ 0, 122 ] [ [ -2, 17 ], [ 1, 152 ], [ 3, 120 ] ] 30316 
17 18 [ 0, 302 ] [ [ -2, 17 ], [ 1, 150 ], [ 3, 122 ] ] 30442 
17 18 [ 0, 281 ] [ [ -2, 17 ], [ 1, 144 ], [ 3, 128 ] ] 30484 
17 18 [ 0, 542 ] [ [ -2, 17 ], [ 1, 146 ], [ 3, 126 ] ] 30681 
17 18 [ 0, 243 ] [ [ -2, 17 ], [ 1, 140 ], [ 3, 132 ] ] 30984 
17 18 [ 0, 376 ] [ [ -2, 17 ], [ 1, 150 ], [ 3, 122 ] ] 30986 
17 18 [ 0, 443 ] [ [ -2, 17 ], [ 1, 140 ], [ 3, 132 ] ] 30988 
17 18 [ 0, 287 ] [ [ -2, 17 ], [ 1, 144 ], [ 3, 128 ] ] 31009 
17 18 [ 0, 544 ] [ [ -2, 17 ], [ 1, 158 ], [ 3, 114 ] ] 31093 
17 18 [ 0, 266 ] [ [ -2, 17 ], [ 1, 130 ], [ 3, 142 ] ] 31126 
17 18 [ 0, 123 ] [ [ -2, 17 ], [ 1, 142 ], [ 3, 130 ] ] 31137 
17 18 [ 0, 213 ] [ [ -2, 17 ], [ 1, 160 ], [ 3, 112 ] ] 31277 
17 18 [ 0, 327 ] [ [ -2, 17 ], [ 1, 154 ], [ 3, 118 ] ] 31289 
17 18 [ 0, 377 ] [ [ -2, 17 ], [ 1, 154 ], [ 3, 118 ] ] 31331 
17 18 [ 0, 303 ] [ [ -2, 17 ], [ 1, 170 ], [ 3, 102 ] ] 31376 
17 18 [ 0, 110 ] [ [ -2, 17 ], [ 1, 180 ], [ 3, 92 ] ] 31380 
17 18 [ 0, 769 ] [ [ -2, 17 ], [ 1, 138 ], [ 3, 134 ] ] 31640 
17 18 [ 0, 182 ] [ [ -2, 17 ], [ 1, 152 ], [ 3, 120 ] ] 32030 
17 18 [ 0, 125 ] [ [ -2, 17 ], [ 1, 146 ], [ 3, 126 ] ] 32038 
17 18 [ 0, 133 ] [ [ -2, 17 ], [ 1, 158 ], [ 3, 114 ] ] 32051 
17 18 [ 0, 181 ] [ [ -2, 17 ], [ 1, 186 ], [ 3, 86 ] ] 32157 
17 18 [ 0, 113 ] [ [ -2, 17 ], [ 1, 160 ], [ 3, 112 ] ] 32185 
Error, user interrupt in
  return res; at /usr/local/Cellar/gap/4.15.1/share/gap/lib/coll.gi:672 called from 
List( matslist, function ( tM )
      return tM[ii];
  end ) at gapReads/LinearAlgebra.txt:113 called from
func( C[i] ) at /usr/local/Cellar/gap/4.15.1/share/gap/lib/coll.gi:663 called from
List( [ 1 .. r ], function ( ii )
      return ConcatVectss( List( matslist, function ( tM )
                return tM[ii];
            end ) );
  end ) at gapReads/LinearAlgebra.txt:113 called from
ConcatMatss( tv ) at gapReads/LinearAlgebra.txt:822 called from
func( C[i] ) at /usr/local/Cellar/gap/4.15.1/share/gap/lib/coll.gi:663 called from
...  at Task20261001Pa.g:44
you can 'return;'
brk> quit;quit;
gap> quit;
