sessionnumb  20261003011840 
gap> Read("Task20261003Vc.g");
[ 0, 19 ] [ [ "odd", 20 ], [ "tt", 151 ] ] -119096621880 24 24 
[ 0, 19 ] [ [ "odd", 22 ], [ "tt", 149 ] ] -88791341752 26 2 
[ 0, 19 ] [ [ "odd", 22 ], [ "tt", 149 ] ] -88791341752 27 1 
[ 0, 19 ] [ [ "odd", 23 ], [ "tt", 148 ] ] -82837120208 28 1 
[ 0, 19 ] [ [ "odd", 24 ], [ "tt", 147 ] ] -75298315024 29 1 
[ 0, 19 ] [ [ "odd", 25 ], [ "tt", 146 ] ] -69239612112 30 1 
[ 0, 19 ] [ [ "odd", 27 ], [ "tt", 144 ] ] -56509318504 32 2 
[ 0, 19 ] [ [ "odd", 28 ], [ "tt", 143 ] ] -45961331920 33 1 
[ 0, 19 ] [ [ "odd", 29 ], [ "tt", 142 ] ] -43205281960 34 1 
[ 0, 19 ] [ [ "odd", 29 ], [ "tt", 142 ] ] -43205281960 35 1 
[ 0, 19 ] [ [ "odd", 29 ], [ "tt", 142 ] ] -43205281960 36 1 
[ 0, 19 ] [ [ "odd", 29 ], [ "tt", 142 ] ] -43205281960 37 1 
[ 0, 19 ] [ [ "odd", 29 ], [ "tt", 142 ] ] -43205281960 38 1 
[ 0, 19 ] [ [ "odd", 36 ], [ "tt", 135 ] ] -26753287924 48 10 
[ 0, 19 ] [ [ "odd", 37 ], [ "tt", 134 ] ] -25541939244 49 1 
[ 0, 19 ] [ [ "odd", 38 ], [ "tt", 133 ] ] -22291714244 50 1 
[ 0, 19 ] [ [ "odd", 39 ], [ "tt", 132 ] ] -18889526376 51 1 
[ 0, 19 ] [ [ "odd", 40 ], [ "tt", 131 ] ] -15143266216 52 1 
[ 0, 19 ] [ [ "odd", 41 ], [ "tt", 130 ] ] -15268835464 53 1 
[ 0, 19 ] [ [ "odd", 42 ], [ "tt", 129 ] ] -11280132184 54 1 
[ 0, 19 ] [ [ "odd", 43 ], [ "tt", 128 ] ] -11197670824 55 1 
[ 0, 19 ] [ [ "odd", 45 ], [ "tt", 126 ] ] -8609500028 58 3 
[ 0, 19 ] [ [ "odd", 45 ], [ "tt", 126 ] ] -8609500028 59 1 
[ 0, 19 ] [ [ "odd", 45 ], [ "tt", 126 ] ] -8609500028 60 1 
[ 0, 19 ] [ [ "odd", 45 ], [ "tt", 126 ] ] -8609500028 61 1 
[ 0, 19 ] [ [ "odd", 45 ], [ "tt", 126 ] ] -8609500028 62 1 
[ 0, 19 ] [ [ "odd", 46 ], [ "tt", 125 ] ] -6415445916 63 1 
[ 0, 19 ] [ [ "odd", 46 ], [ "tt", 125 ] ] -6415445916 64 1 
[ 0, 19 ] [ [ "odd", 48 ], [ "tt", 123 ] ] -2749412644 66 2 
[ 0, 19 ] [ [ "odd", 48 ], [ "tt", 123 ] ] -4465761660 67 1 
[ 0, 19 ] [ [ "odd", 51 ], [ "tt", 120 ] ] -1488022848 72 5 
[ 0, 21 ] [ [ "odd", 73 ], [ "tt", 134 ], [ "zf", 3 ] ] -483937880 75 3 
reset 10075 
[ 0, 19 ] [ [ "odd", 24 ], [ "tt", 147 ] ] -87311846456 10101 26 
[ 0, 19 ] [ [ "odd", 25 ], [ "tt", 146 ] ] -73588744376 10102 1 
[ 0, 19 ] [ [ "odd", 26 ], [ "tt", 145 ] ] -67135365752 10103 1 
[ 0, 19 ] [ [ "odd", 27 ], [ "tt", 144 ] ] -61316987768 10104 1 
[ 0, 19 ] [ [ "odd", 28 ], [ "tt", 143 ] ] -50941349432 10105 1 
[ 0, 19 ] [ [ "odd", 30 ], [ "tt", 141 ] ] -39977436912 10107 2 
[ 0, 19 ] [ [ "odd", 31 ], [ "tt", 140 ] ] -40830140848 10108 1 
[ 0, 19 ] [ [ "odd", 32 ], [ "tt", 139 ] ] -37415289968 10109 1 
[ 0, 19 ] [ [ "odd", 33 ], [ "tt", 138 ] ] -30694166768 10110 1 
[ 0, 19 ] [ [ "odd", 34 ], [ "tt", 137 ] ] -26588210672 10111 1 
[ 0, 19 ] [ [ "odd", 35 ], [ "tt", 136 ] ] -15383783024 10112 1 
[ 0, 19 ] [ [ "odd", 36 ], [ "tt", 135 ] ] -11304477168 10113 1 
[ 0, 19 ] [ [ "odd", 36 ], [ "tt", 135 ] ] -21613121648 10114 1 
[ 0, 19 ] [ [ "odd", 36 ], [ "tt", 135 ] ] -18935885552 10115 1 
[ 0, 19 ] [ [ "odd", 37 ], [ "tt", 134 ] ] -17817593064 10117 2 
[ 0, 19 ] [ [ "odd", 38 ], [ "tt", 133 ] ] -14519714744 10118 1 
[ 0, 19 ] [ [ "odd", 39 ], [ "tt", 132 ] ] -9881958364 10120 2 
[ 0, 19 ] [ [ "odd", 40 ], [ "tt", 131 ] ] -9319244968 10121 1 
[ 0, 19 ] [ [ "odd", 41 ], [ "tt", 130 ] ] -8252723744 10122 1 
[ 0, 19 ] [ [ "odd", 42 ], [ "tt", 129 ] ] -3999362744 10123 1 
[ 0, 19 ] [ [ "odd", 43 ], [ "tt", 128 ] ] -3418305740 10124 1 
[ 0, 21 ] [ [ "odd", 61 ], [ "tt", 146 ], [ "zf", 3 ] ] -1952918540 10125 1 
[ 0, 21 ] [ [ "odd", 68 ], [ "tt", 139 ], [ "zf", 3 ] ] -1000919552 10138 13 
[ 0, 21 ] [ [ "odd", 68 ], [ "tt", 139 ], [ "zf", 3 ] ] -1000919552 10140 2 
[ 0, 21 ] [ [ "odd", 68 ], [ "tt", 139 ], [ "zf", 3 ] ] -1000919552 10141 1 
[ 0, 21 ] [ [ "odd", 69 ], [ "tt", 138 ], [ "zf", 3 ] ] -941215748 10142 1 
[ 0, 21 ] [ [ "odd", 70 ], [ "tt", 137 ], [ "zf", 3 ] ] -372660788 10143 1 
[ 0, 23 ] [ [ "odd", 98 ], [ "tt", 152 ], [ "zf", 3 ] ] -51683380 10148 5 
[ 0, 23 ] [ [ "odd", 98 ], [ "tt", 152 ], [ "zf", 3 ] ] -51683380 10150 2 
reset 20150 
[ 0, 19 ] [ [ "odd", 33 ], [ "tt", 138 ] ] -30862359480 20189 39 
[ 0, 19 ] [ [ "odd", 36 ], [ "tt", 135 ] ] -26869664152 20192 3 
[ 0, 19 ] [ [ "odd", 37 ], [ "tt", 134 ] ] -23528952844 20193 1 
[ 0, 19 ] [ [ "odd", 37 ], [ "tt", 134 ] ] -21260556900 20194 1 
[ 0, 19 ] [ [ "odd", 38 ], [ "tt", 133 ] ] -20589378704 20195 1 
[ 0, 19 ] [ [ "odd", 39 ], [ "tt", 132 ] ] -19145339644 20196 1 
[ 0, 19 ] [ [ "odd", 40 ], [ "tt", 131 ] ] -17575145792 20197 1 
[ 0, 19 ] [ [ "odd", 40 ], [ "tt", 131 ] ] -20251319040 20198 1 
[ 0, 20 ] [ [ "odd", 55 ], [ "tt", 135 ] ] -8978818880 20200 2 
[ 0, 20 ] [ [ "odd", 56 ], [ "tt", 134 ] ] -8303953784 20201 1 
[ 0, 21 ] [ [ "odd", 66 ], [ "tt", 141 ], [ "zf", 3 ] ] -4063708884 20202 1 
[ 0, 21 ] [ [ "odd", 67 ], [ "tt", 140 ], [ "zf", 3 ] ] -3378034144 20203 1 
[ 0, 20 ] [ [ "odd", 57 ], [ "tt", 133 ] ] -6927889936 20204 1 
[ 0, 20 ] [ [ "odd", 58 ], [ "tt", 132 ] ] -6706740904 20205 1 
[ 0, 20 ] [ [ "odd", 59 ], [ "tt", 131 ] ] -5996655496 20206 1 
[ 0, 20 ] [ [ "odd", 59 ], [ "tt", 131 ] ] -6153696564 20207 1 
[ 0, 20 ] [ [ "odd", 59 ], [ "tt", 131 ] ] -5989901540 20208 1 
[ 0, 20 ] [ [ "odd", 61 ], [ "tt", 129 ] ] -5035341908 20209 1 
[ 0, 21 ] [ [ "odd", 76 ], [ "tt", 134 ] ] -726904172 20211 2 
[ 0, 21 ] [ [ "odd", 77 ], [ "tt", 133 ] ] -654331188 20212 1 
[ 0, 19 ] [ [ "odd", 52 ], [ "tt", 119 ] ] -1038840672 20216 4 
reset 30216 
[ 0, 19 ] [ [ "odd", 18 ], [ "tt", 153 ] ] -151151939640 30234 18 
[ 0, 19 ] [ [ "odd", 19 ], [ "tt", 152 ] ] -140243388728 30235 1 
[ 0, 19 ] [ [ "odd", 20 ], [ "tt", 151 ] ] -126599275448 30236 1 
[ 0, 19 ] [ [ "odd", 21 ], [ "tt", 150 ] ] -116637144632 30237 1 
[ 0, 19 ] [ [ "odd", 22 ], [ "tt", 149 ] ] -112211462840 30238 1 
[ 0, 19 ] [ [ "odd", 26 ], [ "tt", 145 ] ] -73928633400 30242 4 
[ 0, 19 ] [ [ "odd", 27 ], [ "tt", 144 ] ] -68544616400 30243 1 
[ 0, 19 ] [ [ "odd", 27 ], [ "tt", 144 ] ] -60617054160 30244 1 
[ 0, 19 ] [ [ "odd", 27 ], [ "tt", 144 ] ] -60617054160 30245 1 
[ 0, 19 ] [ [ "odd", 28 ], [ "tt", 143 ] ] -55900393264 30246 1 
[ 0, 19 ] [ [ "odd", 28 ], [ "tt", 143 ] ] -55688193328 30247 1 
[ 0, 19 ] [ [ "odd", 28 ], [ "tt", 143 ] ] -55688193328 30248 1 
[ 0, 19 ] [ [ "odd", 29 ], [ "tt", 142 ] ] -51784111920 30249 1 
[ 0, 19 ] [ [ "odd", 30 ], [ "tt", 141 ] ] -43086483760 30250 1 
[ 0, 19 ] [ [ "odd", 34 ], [ "tt", 137 ] ] -27526158096 30254 4 
[ 0, 19 ] [ [ "odd", 35 ], [ "tt", 136 ] ] -22482138360 30255 1 
[ 0, 19 ] [ [ "odd", 36 ], [ "tt", 135 ] ] -17743854632 30256 1 
[ 0, 19 ] [ [ "odd", 37 ], [ "tt", 134 ] ] -16419039392 30257 1 
[ 0, 19 ] [ [ "odd", 37 ], [ "tt", 134 ] ] -16419039392 30258 1 
[ 0, 19 ] [ [ "odd", 37 ], [ "tt", 134 ] ] -16419039392 30259 1 
[ 0, 19 ] [ [ "odd", 37 ], [ "tt", 134 ] ] -16419039392 30260 1 
[ 0, 19 ] [ [ "odd", 38 ], [ "tt", 133 ] ] -15961432848 30261 1 
[ 0, 19 ] [ [ "odd", 38 ], [ "tt", 133 ] ] -15961432848 30262 1 
[ 0, 19 ] [ [ "odd", 38 ], [ "tt", 133 ] ] -15961432848 30263 1 
[ 0, 19 ] [ [ "odd", 39 ], [ "tt", 132 ] ] -14894619068 30264 1 
[ 0, 19 ] [ [ "odd", 40 ], [ "tt", 131 ] ] -12570540392 30265 1 
[ 0, 19 ] [ [ "odd", 41 ], [ "tt", 130 ] ] -9230579912 30266 1 
[ 0, 19 ] [ [ "odd", 42 ], [ "tt", 129 ] ] -9977064392 30267 1 
[ 0, 19 ] [ [ "odd", 43 ], [ "tt", 128 ] ] -9531667108 30268 1 
[ 0, 19 ] [ [ "odd", 43 ], [ "tt", 128 ] ] -9424323460 30269 1 
[ 0, 19 ] [ [ "odd", 43 ], [ "tt", 128 ] ] -12659311284 30270 1 
[ 0, 19 ] [ [ "odd", 43 ], [ "tt", 128 ] ] -10769136396 30271 1 
[ 0, 19 ] [ [ "odd", 44 ], [ "tt", 127 ] ] -9338824280 30272 1 
[ 0, 19 ] [ [ "odd", 44 ], [ "tt", 127 ] ] -6849961968 30273 1 
[ 0, 19 ] [ [ "odd", 45 ], [ "tt", 126 ] ] -7643519560 30274 1 
[ 0, 19 ] [ [ "odd", 47 ], [ "tt", 124 ] ] -5950534144 30276 2 
[ 0, 19 ] [ [ "odd", 47 ], [ "tt", 124 ] ] -5950534144 30277 1 
[ 0, 19 ] [ [ "odd", 47 ], [ "tt", 124 ] ] -4032406048 30278 1 
[ 0, 19 ] [ [ "odd", 47 ], [ "tt", 124 ] ] -4032406048 30279 1 
[ 0, 19 ] [ [ "odd", 48 ], [ "tt", 123 ] ] -2834882808 30280 1 
[ 0, 19 ] [ [ "odd", 49 ], [ "tt", 122 ] ] -3100123920 30281 1 
[ 0, 19 ] [ [ "odd", 49 ], [ "tt", 122 ] ] -3656818192 30282 1 
[ 0, 19 ] [ [ "odd", 50 ], [ "tt", 121 ] ] -2681877432 30283 1 
[ 0, 19 ] [ [ "odd", 51 ], [ "tt", 120 ] ] -2261718416 30284 1 
[ 0, 20 ] [ [ "odd", 62 ], [ "tt", 128 ] ] -783359568 30285 1 
[ 0, 19 ] [ [ "odd", 53 ], [ "tt", 118 ] ] -1638194080 30286 1 
[ 0, 19 ] [ [ "odd", 54 ], [ "tt", 117 ] ] -738830328 30287 1 
[ 0, 28 ] [ [ "odd", 138 ], [ "tt", 213 ], [ "zf", 27 ] ] -155314536 30288 1 
[ 0, 32 ] [ [ "odd", 218 ], [ "tt", 245 ], [ "zf", 33 ] ] -36954644 30290 2 
reset 40290 
[ 0, 19 ] [ [ "odd", 45 ], [ "tt", 126 ] ] -3534586716 40340 50 
[ 0, 19 ] [ [ "odd", 45 ], [ "tt", 126 ] ] -2625718396 40341 1 
[ 0, 21 ] [ [ "odd", 68 ], [ "tt", 142 ] ] -1695128444 40342 1 
[ 0, 21 ] [ [ "odd", 71 ], [ "tt", 139 ] ] -915674864 40343 1 
[ 0, 24 ] [ [ "odd", 102 ], [ "tt", 165 ], [ "zf", 9 ] ] -649515392 40349 6 
[ 0, 23 ] [ [ "odd", 93 ], [ "tt", 151 ], [ "zf", 9 ] ] -529497164 40356 7 
[ 0, 43 ] [ [ "odd", 424 ], [ "tt", 413 ], [ "zf", 66 ] ] -13462028 40364 8 
[ 0, 43 ] [ [ "odd", 424 ], [ "tt", 413 ], [ "zf", 66 ] ] -13462028 40365 1 
[ 0, 19 ] [ [ "odd", 58 ], [ "tt", 113 ] ] -411711148 40366 1 
[ 0, 19 ] [ [ "odd", 58 ], [ "tt", 113 ] ] -411711148 40367 1 
[ 0, 19 ] [ [ "odd", 58 ], [ "tt", 113 ] ] -1148737516 40368 1 
[ 0, 19 ] [ [ "odd", 58 ], [ "tt", 113 ] ] -1978166188 40370 2 
[ 0, 19 ] [ [ "odd", 59 ], [ "tt", 112 ] ] -1904541704 40371 1 
[ 0, 21 ] [ [ "odd", 83 ], [ "tt", 124 ], [ "zf", 3 ] ] -461098684 40372 1 
reset 50372 
[ 0, 19 ] [ [ "odd", 20 ], [ "tt", 151 ] ] -119513132280 50395 23 
[ 0, 19 ] [ [ "odd", 21 ], [ "tt", 150 ] ] -107734035960 50396 1 
[ 0, 19 ] [ [ "odd", 22 ], [ "tt", 149 ] ] -99222397560 50397 1 
[ 0, 19 ] [ [ "odd", 23 ], [ "tt", 148 ] ] -89890603832 50398 1 
[ 0, 19 ] [ [ "odd", 24 ], [ "tt", 147 ] ] -82494922680 50399 1 
[ 0, 19 ] [ [ "odd", 26 ], [ "tt", 145 ] ] -67155526328 50401 2 
[ 0, 19 ] [ [ "odd", 27 ], [ "tt", 144 ] ] -61817515036 50402 1 
[ 0, 19 ] [ [ "odd", 27 ], [ "tt", 144 ] ] -62738336764 50403 1 
[ 0, 19 ] [ [ "odd", 28 ], [ "tt", 143 ] ] -60655373756 50404 1 
[ 0, 19 ] [ [ "odd", 29 ], [ "tt", 142 ] ] -50987902796 50405 1 
[ 0, 19 ] [ [ "odd", 30 ], [ "tt", 141 ] ] -44719547544 50406 1 
[ 0, 19 ] [ [ "odd", 31 ], [ "tt", 140 ] ] -43545752700 50407 1 
[ 0, 19 ] [ [ "odd", 32 ], [ "tt", 139 ] ] -41856955336 50408 1 
[ 0, 19 ] [ [ "odd", 33 ], [ "tt", 138 ] ] -38396012176 50409 1 
[ 0, 19 ] [ [ "odd", 33 ], [ "tt", 138 ] ] -38396012176 50410 1 
[ 0, 19 ] [ [ "odd", 34 ], [ "tt", 137 ] ] -30709309936 50411 1 
[ 0, 19 ] [ [ "odd", 34 ], [ "tt", 137 ] ] -33994965232 50413 2 
[ 0, 19 ] [ [ "odd", 35 ], [ "tt", 136 ] ] -28441325568 50414 1 
[ 0, 19 ] [ [ "odd", 36 ], [ "tt", 135 ] ] -25354193028 50415 1 
[ 0, 19 ] [ [ "odd", 37 ], [ "tt", 134 ] ] -20966527208 50416 1 
[ 0, 19 ] [ [ "odd", 38 ], [ "tt", 133 ] ] -19546106300 50417 1 
[ 0, 19 ] [ [ "odd", 39 ], [ "tt", 132 ] ] -19833475052 50418 1 
[ 0, 19 ] [ [ "odd", 41 ], [ "tt", 130 ] ] -13196153360 50420 2 
[ 0, 19 ] [ [ "odd", 41 ], [ "tt", 130 ] ] -13196153360 50421 1 
[ 0, 19 ] [ [ "odd", 42 ], [ "tt", 129 ] ] -13367117668 50422 1 
[ 0, 19 ] [ [ "odd", 44 ], [ "tt", 127 ] ] -9136591012 50424 2 
[ 0, 19 ] [ [ "odd", 47 ], [ "tt", 124 ] ] -2700851216 50427 3 
[ 0, 19 ] [ [ "odd", 48 ], [ "tt", 123 ] ] -2048016976 50428 1 
[ 0, 21 ] [ [ "odd", 67 ], [ "tt", 140 ], [ "zf", 3 ] ] -285532656 50429 1 
reset 60429 
[ 0, 19 ] [ [ "odd", 28 ], [ "tt", 143 ] ] -45067271216 60460 31 
[ 0, 19 ] [ [ "odd", 30 ], [ "tt", 141 ] ] -33593479600 60464 4 
[ 0, 19 ] [ [ "odd", 32 ], [ "tt", 139 ] ] -25927199664 60466 2 
[ 0, 19 ] [ [ "odd", 33 ], [ "tt", 138 ] ] -17083924400 60467 1 
[ 0, 19 ] [ [ "odd", 34 ], [ "tt", 137 ] ] -14947114992 60469 2 
[ 0, 19 ] [ [ "odd", 36 ], [ "tt", 135 ] ] -16268291828 60472 3 
[ 0, 19 ] [ [ "odd", 37 ], [ "tt", 134 ] ] -13685422508 60473 1 
[ 0, 19 ] [ [ "odd", 38 ], [ "tt", 133 ] ] -10389087132 60474 1 
[ 0, 19 ] [ [ "odd", 39 ], [ "tt", 132 ] ] -11222286900 60475 1 
[ 0, 19 ] [ [ "odd", 40 ], [ "tt", 131 ] ] -10997554132 60476 1 
[ 0, 19 ] [ [ "odd", 41 ], [ "tt", 130 ] ] -8657693848 60478 2 
[ 0, 19 ] [ [ "odd", 41 ], [ "tt", 130 ] ] -9628732664 60479 1 
[ 0, 19 ] [ [ "odd", 41 ], [ "tt", 130 ] ] -9628732664 60480 1 
reset 70480 
[ 0, 19 ] [ [ "odd", 26 ], [ "tt", 145 ] ] -68430447160 70511 31 
[ 0, 19 ] [ [ "odd", 27 ], [ "tt", 144 ] ] -58616595464 70512 1 
[ 0, 19 ] [ [ "odd", 28 ], [ "tt", 143 ] ] -51546746704 70515 3 
[ 0, 19 ] [ [ "odd", 29 ], [ "tt", 142 ] ] -41890964880 70516 1 
[ 0, 19 ] [ [ "odd", 37 ], [ "tt", 134 ] ] -19335296028 70527 11 
[ 0, 19 ] [ [ "odd", 39 ], [ "tt", 132 ] ] -14151841212 70529 2 
[ 0, 19 ] [ [ "odd", 40 ], [ "tt", 131 ] ] -13458236140 70530 1 
[ 0, 19 ] [ [ "odd", 41 ], [ "tt", 130 ] ] -9527608608 70531 1 
[ 0, 19 ] [ [ "odd", 42 ], [ "tt", 129 ] ] -9199551100 70532 1 
[ 0, 19 ] [ [ "odd", 43 ], [ "tt", 128 ] ] -9479670940 70533 1 
[ 0, 19 ] [ [ "odd", 44 ], [ "tt", 127 ] ] -6933652320 70534 1 
[ 0, 19 ] [ [ "odd", 44 ], [ "tt", 127 ] ] -6933652320 70535 1 
[ 0, 19 ] [ [ "odd", 45 ], [ "tt", 126 ] ] -6288380224 70536 1 
[ 0, 19 ] [ [ "odd", 46 ], [ "tt", 125 ] ] -5334763072 70537 1 
[ 0, 19 ] [ [ "odd", 47 ], [ "tt", 124 ] ] -5378999264 70538 1 
[ 0, 19 ] [ [ "odd", 47 ], [ "tt", 124 ] ] -5294233400 70539 1 
[ 0, 19 ] [ [ "odd", 49 ], [ "tt", 122 ] ] -1551982844 70541 2 
[ 0, 19 ] [ [ "odd", 50 ], [ "tt", 121 ] ] -508902768 70542 1 
reset 80542 
[ 0, 19 ] [ [ "odd", 23 ], [ "tt", 148 ] ] -104919130936 80566 24 
[ 0, 19 ] [ [ "odd", 23 ], [ "tt", 148 ] ] -104919130936 80567 1 
[ 0, 19 ] [ [ "odd", 25 ], [ "tt", 146 ] ] -88571319928 80570 3 
[ 0, 19 ] [ [ "odd", 26 ], [ "tt", 145 ] ] -75600927288 80571 1 
[ 0, 19 ] [ [ "odd", 27 ], [ "tt", 144 ] ] -73042895928 80572 1 
[ 0, 19 ] [ [ "odd", 27 ], [ "tt", 144 ] ] -73042895928 80573 1 
[ 0, 19 ] [ [ "odd", 28 ], [ "tt", 143 ] ] -68314589688 80574 1 
[ 0, 19 ] [ [ "odd", 28 ], [ "tt", 143 ] ] -68314589688 80576 2 
[ 0, 19 ] [ [ "odd", 29 ], [ "tt", 142 ] ] -62312292376 80577 1 
[ 0, 19 ] [ [ "odd", 40 ], [ "tt", 131 ] ] -17064934448 80589 12 
[ 0, 19 ] [ [ "odd", 40 ], [ "tt", 131 ] ] -17064934448 80590 1 
[ 0, 19 ] [ [ "odd", 41 ], [ "tt", 130 ] ] -13794330460 80591 1 
[ 0, 19 ] [ [ "odd", 43 ], [ "tt", 128 ] ] -12647816016 80594 3 
[ 0, 19 ] [ [ "odd", 43 ], [ "tt", 128 ] ] -12647816016 80595 1 
[ 0, 19 ] [ [ "odd", 43 ], [ "tt", 128 ] ] -12647816016 80596 1 
[ 0, 19 ] [ [ "odd", 43 ], [ "tt", 128 ] ] -12647816016 80597 1 
[ 0, 19 ] [ [ "odd", 43 ], [ "tt", 128 ] ] -12647816016 80598 1 
[ 0, 19 ] [ [ "odd", 47 ], [ "tt", 124 ] ] -2867646356 80604 6 
[ 0, 19 ] [ [ "odd", 48 ], [ "tt", 123 ] ] -2622110132 80605 1 
[ 0, 19 ] [ [ "odd", 49 ], [ "tt", 122 ] ] -1695136048 80606 1 
[ 0, 19 ] [ [ "odd", 50 ], [ "tt", 121 ] ] -1307994192 80607 1 
[ 0, 19 ] [ [ "odd", 50 ], [ "tt", 121 ] ] -1307994192 80608 1 
[ 0, 19 ] [ [ "odd", 50 ], [ "tt", 121 ] ] -1307994192 80609 1 
[ 0, 19 ] [ [ "odd", 50 ], [ "tt", 121 ] ] -1307994192 80610 1 
[ 0, 19 ] [ [ "odd", 55 ], [ "tt", 116 ] ] -786474360 80615 5 
reset 90615 
[ 0, 19 ] [ [ "odd", 33 ], [ "tt", 138 ] ] -21048051800 90651 36 
[ 0, 19 ] [ [ "odd", 33 ], [ "tt", 138 ] ] -21048051800 90652 1 
[ 0, 19 ] [ [ "odd", 34 ], [ "tt", 137 ] ] -16379767448 90653 1 
[ 0, 19 ] [ [ "odd", 34 ], [ "tt", 137 ] ] -17040141912 90654 1 
[ 0, 19 ] [ [ "odd", 35 ], [ "tt", 136 ] ] -15345901944 90655 1 
[ 0, 19 ] [ [ "odd", 36 ], [ "tt", 135 ] ] -17413407672 90656 1 
[ 0, 27 ] [ [ "odd", 148 ], [ "tt", 182 ], [ "zf", 21 ] ] -123235640 90687 31 
[ 0, 23 ] [ [ "odd", 101 ], [ "tt", 146 ], [ "zf", 6 ] ] -257609656 90688 1 
[ 0, 23 ] [ [ "odd", 102 ], [ "tt", 145 ], [ "zf", 6 ] ] -316640712 90689 1 
reset 100689 
[ 0, 19 ] [ [ "odd", 25 ], [ "tt", 146 ] ] -68270062904 100717 28 
[ 0, 19 ] [ [ "odd", 26 ], [ "tt", 145 ] ] -62427454680 100718 1 
[ 0, 19 ] [ [ "odd", 27 ], [ "tt", 144 ] ] -54687728812 100719 1 
[ 0, 19 ] [ [ "odd", 28 ], [ "tt", 143 ] ] -51083771380 100720 1 
[ 0, 19 ] [ [ "odd", 29 ], [ "tt", 142 ] ] -46097332700 100721 1 
[ 0, 19 ] [ [ "odd", 30 ], [ "tt", 141 ] ] -42274297560 100722 1 
[ 0, 19 ] [ [ "odd", 31 ], [ "tt", 140 ] ] -31924465008 100723 1 
[ 0, 19 ] [ [ "odd", 32 ], [ "tt", 139 ] ] -30059892592 100724 1 
[ 0, 19 ] [ [ "odd", 33 ], [ "tt", 138 ] ] -28634960416 100725 1 
[ 0, 19 ] [ [ "odd", 33 ], [ "tt", 138 ] ] -28634960416 100726 1 
[ 0, 19 ] [ [ "odd", 33 ], [ "tt", 138 ] ] -27155270648 100727 1 
[ 0, 19 ] [ [ "odd", 34 ], [ "tt", 137 ] ] -22536398520 100728 1 
[ 0, 19 ] [ [ "odd", 35 ], [ "tt", 136 ] ] -20290630840 100729 1 
[ 0, 19 ] [ [ "odd", 36 ], [ "tt", 135 ] ] -15432778672 100730 1 
[ 0, 19 ] [ [ "odd", 37 ], [ "tt", 134 ] ] -12436958168 100731 1 
[ 0, 19 ] [ [ "odd", 38 ], [ "tt", 133 ] ] -10312626880 100732 1 
[ 0, 19 ] [ [ "odd", 38 ], [ "tt", 133 ] ] -12760411392 100733 1 
[ 0, 19 ] [ [ "odd", 39 ], [ "tt", 132 ] ] -9954124668 100734 1 
[ 0, 19 ] [ [ "odd", 40 ], [ "tt", 131 ] ] -8844038948 100735 1 
[ 0, 19 ] [ [ "odd", 41 ], [ "tt", 130 ] ] -7825717472 100736 1 
[ 0, 19 ] [ [ "odd", 42 ], [ "tt", 129 ] ] -5789367348 100737 1 
[ 0, 19 ] [ [ "odd", 45 ], [ "tt", 126 ] ] -2013740312 100740 3 
[ 0, 19 ] [ [ "odd", 45 ], [ "tt", 126 ] ] -2013740312 100741 1 
[ 0, 19 ] [ [ "odd", 45 ], [ "tt", 126 ] ] -2013740312 100742 1 
[ 0, 27 ] [ [ "odd", 130 ], [ "tt", 197 ], [ "zf", 24 ] ] -87926904 100750 8 
reset 110750 
[ 0, 19 ] [ [ "odd", 29 ], [ "tt", 142 ] ] -55491656280 110782 32 
[ 0, 19 ] [ [ "odd", 30 ], [ "tt", 141 ] ] -51628870040 110783 1 
[ 0, 19 ] [ [ "odd", 32 ], [ "tt", 139 ] ] -43815087000 110785 2 
[ 0, 19 ] [ [ "odd", 33 ], [ "tt", 138 ] ] -41292652312 110786 1 
[ 0, 19 ] [ [ "odd", 35 ], [ "tt", 136 ] ] -24622581272 110789 3 
[ 0, 19 ] [ [ "odd", 37 ], [ "tt", 134 ] ] -16112368616 110791 2 
[ 0, 19 ] [ [ "odd", 38 ], [ "tt", 133 ] ] -13223321672 110792 1 
[ 0, 19 ] [ [ "odd", 38 ], [ "tt", 133 ] ] -13223321672 110793 1 
[ 0, 19 ] [ [ "odd", 39 ], [ "tt", 132 ] ] -13143572364 110794 1 
[ 0, 19 ] [ [ "odd", 40 ], [ "tt", 131 ] ] -9481247356 110795 1 
[ 0, 19 ] [ [ "odd", 41 ], [ "tt", 130 ] ] -5375567732 110796 1 
[ 0, 19 ] [ [ "odd", 42 ], [ "tt", 129 ] ] -6145818660 110797 1 
[ 0, 19 ] [ [ "odd", 43 ], [ "tt", 128 ] ] -4786736376 110798 1 
[ 0, 19 ] [ [ "odd", 43 ], [ "tt", 128 ] ] -7804218200 110799 1 
[ 0, 23 ] [ [ "odd", 78 ], [ "tt", 163 ], [ "zf", 12 ] ] -3359289316 110800 1 
[ 0, 23 ] [ [ "odd", 78 ], [ "tt", 163 ], [ "zf", 12 ] ] -3359289316 110801 1 
[ 0, 21 ] [ [ "odd", 62 ], [ "tt", 145 ], [ "zf", 3 ] ] -6552066372 110802 1 
[ 0, 21 ] [ [ "odd", 62 ], [ "tt", 145 ], [ "zf", 3 ] ] -6552066372 110803 1 
[ 0, 21 ] [ [ "odd", 63 ], [ "tt", 144 ], [ "zf", 3 ] ] -6072429412 110804 1 
[ 0, 23 ] [ [ "odd", 87 ], [ "tt", 160 ], [ "zf", 6 ] ] -2153300420 110805 1 
[ 0, 23 ] [ [ "odd", 89 ], [ "tt", 158 ], [ "zf", 6 ] ] -1735231984 110806 1 
[ 0, 23 ] [ [ "odd", 87 ], [ "tt", 160 ], [ "zf", 6 ] ] -2495865504 110808 2 
[ 0, 23 ] [ [ "odd", 88 ], [ "tt", 159 ], [ "zf", 6 ] ] -2391344024 110809 1 
[ 0, 23 ] [ [ "odd", 91 ], [ "tt", 156 ], [ "zf", 6 ] ] -1972791428 110810 1 
[ 0, 20 ] [ [ "odd", 57 ], [ "tt", 133 ] ] -4292646148 110811 1 
[ 0, 20 ] [ [ "odd", 57 ], [ "tt", 133 ] ] -4292646148 110812 1 
[ 0, 20 ] [ [ "odd", 58 ], [ "tt", 132 ] ] -2315362864 110813 1 
[ 0, 20 ] [ [ "odd", 58 ], [ "tt", 132 ] ] -4159987504 110814 1 
[ 0, 20 ] [ [ "odd", 58 ], [ "tt", 132 ] ] -1753379008 110815 1 
[ 0, 20 ] [ [ "odd", 59 ], [ "tt", 131 ] ] -1665916600 110816 1 
[ 0, 20 ] [ [ "odd", 61 ], [ "tt", 129 ] ] -2038090552 110818 2 
[ 0, 20 ] [ [ "odd", 62 ], [ "tt", 128 ] ] -2212734472 110819 1 
[ 0, 20 ] [ [ "odd", 62 ], [ "tt", 128 ] ] -2212734472 110820 1 
[ 0, 27 ] [ [ "odd", 148 ], [ "tt", 191 ], [ "zf", 12 ] ] -132718944 110821 1 
reset 120821 
[ 0, 19 ] [ [ "odd", 35 ], [ "tt", 136 ] ] -35691712040 120859 38 
[ 0, 19 ] [ [ "odd", 38 ], [ "tt", 133 ] ] -22724352296 120862 3 
[ 0, 19 ] [ [ "odd", 38 ], [ "tt", 133 ] ] -22724352296 120863 1 
[ 0, 19 ] [ [ "odd", 40 ], [ "tt", 131 ] ] -19555451244 120865 2 
[ 0, 19 ] [ [ "odd", 41 ], [ "tt", 130 ] ] -16096089836 120866 1 
[ 0, 19 ] [ [ "odd", 41 ], [ "tt", 130 ] ] -16096089836 120867 1 
[ 0, 19 ] [ [ "odd", 43 ], [ "tt", 128 ] ] -13325139068 120869 2 
[ 0, 19 ] [ [ "odd", 44 ], [ "tt", 127 ] ] -11309454268 120870 1 
[ 0, 19 ] [ [ "odd", 45 ], [ "tt", 126 ] ] -9939747396 120871 1 
[ 0, 19 ] [ [ "odd", 46 ], [ "tt", 125 ] ] -8751270704 120872 1 
[ 0, 19 ] [ [ "odd", 46 ], [ "tt", 125 ] ] -8920203440 120873 1 
[ 0, 19 ] [ [ "odd", 47 ], [ "tt", 124 ] ] -6806299088 120874 1 
[ 0, 19 ] [ [ "odd", 48 ], [ "tt", 123 ] ] -4855212664 120875 1 
[ 0, 19 ] [ [ "odd", 48 ], [ "tt", 123 ] ] -4855212664 120876 1 
[ 0, 19 ] [ [ "odd", 48 ], [ "tt", 123 ] ] -4855212664 120877 1 
[ 0, 19 ] [ [ "odd", 49 ], [ "tt", 122 ] ] -2241255244 120878 1 
[ 0, 19 ] [ [ "odd", 53 ], [ "tt", 118 ] ] -1088426240 120883 5 
reset 130883 
[ 0, 19 ] [ [ "odd", 24 ], [ "tt", 147 ] ] -72211848952 130910 27 
[ 0, 19 ] [ [ "odd", 26 ], [ "tt", 145 ] ] -48566412696 130913 3 
[ 0, 19 ] [ [ "odd", 28 ], [ "tt", 143 ] ] -41002907640 130915 2 
[ 0, 19 ] [ [ "odd", 29 ], [ "tt", 142 ] ] -32285740984 130916 1 
[ 0, 19 ] [ [ "odd", 30 ], [ "tt", 141 ] ] -28873608952 130917 1 
[ 0, 19 ] [ [ "odd", 31 ], [ "tt", 140 ] ] -28795445944 130919 2 
[ 0, 19 ] [ [ "odd", 34 ], [ "tt", 137 ] ] -22129645624 130923 4 
[ 0, 19 ] [ [ "odd", 34 ], [ "tt", 137 ] ] -22129645624 130924 1 
[ 0, 19 ] [ [ "odd", 34 ], [ "tt", 137 ] ] -21685058104 130925 1 
[ 0, 19 ] [ [ "odd", 35 ], [ "tt", 136 ] ] -20013530008 130926 1 
[ 0, 19 ] [ [ "odd", 36 ], [ "tt", 135 ] ] -19768804632 130927 1 
[ 0, 19 ] [ [ "odd", 37 ], [ "tt", 134 ] ] -17618085432 130929 2 
[ 0, 19 ] [ [ "odd", 38 ], [ "tt", 133 ] ] -15508354648 130930 1 
[ 0, 19 ] [ [ "odd", 39 ], [ "tt", 132 ] ] -8602274200 130931 1 
[ 0, 19 ] [ [ "odd", 40 ], [ "tt", 131 ] ] -8533030444 130933 2 
[ 0, 19 ] [ [ "odd", 41 ], [ "tt", 130 ] ] -5767735732 130934 1 
[ 0, 19 ] [ [ "odd", 42 ], [ "tt", 129 ] ] -5097641772 130936 2 
[ 0, 19 ] [ [ "odd", 43 ], [ "tt", 128 ] ] -4140654144 130937 1 
[ 0, 19 ] [ [ "odd", 45 ], [ "tt", 126 ] ] -196306776 130941 4 
[ 0, 19 ] [ [ "odd", 45 ], [ "tt", 126 ] ] -196306776 130942 1 
[ 0, 19 ] [ [ "odd", 46 ], [ "tt", 125 ] ] -687296100 130943 1 
[ 0, 19 ] [ [ "odd", 47 ], [ "tt", 124 ] ] -596210672 130944 1 
[ 0, 19 ] [ [ "odd", 49 ], [ "tt", 122 ] ] -827908688 130946 2 
[ 0, 19 ] [ [ "odd", 49 ], [ "tt", 122 ] ] -827908688 130947 1 
reset 140947 
[ 0, 19 ] [ [ "odd", 23 ], [ "tt", 148 ] ] -98061154620 140971 24 
[ 0, 19 ] [ [ "odd", 25 ], [ "tt", 146 ] ] -83048250972 140973 2 
[ 0, 19 ] [ [ "odd", 25 ], [ "tt", 146 ] ] -82996374972 140974 1 
[ 0, 19 ] [ [ "odd", 25 ], [ "tt", 146 ] ] -82996374972 140975 1 
[ 0, 19 ] [ [ "odd", 26 ], [ "tt", 145 ] ] -74219136060 140976 1 
[ 0, 19 ] [ [ "odd", 27 ], [ "tt", 144 ] ] -67334053340 140977 1 
[ 0, 19 ] [ [ "odd", 27 ], [ "tt", 144 ] ] -67334053340 140978 1 
[ 0, 19 ] [ [ "odd", 28 ], [ "tt", 143 ] ] -59573161124 140979 1 
[ 0, 19 ] [ [ "odd", 29 ], [ "tt", 142 ] ] -51926643536 140980 1 
[ 0, 19 ] [ [ "odd", 30 ], [ "tt", 141 ] ] -48117142056 140981 1 
[ 0, 19 ] [ [ "odd", 31 ], [ "tt", 140 ] ] -43291132188 140982 1 
[ 0, 19 ] [ [ "odd", 31 ], [ "tt", 140 ] ] -39854848956 140983 1 
[ 0, 19 ] [ [ "odd", 32 ], [ "tt", 139 ] ] -38593892004 140984 1 
[ 0, 19 ] [ [ "odd", 32 ], [ "tt", 139 ] ] -38593892004 140985 1 
[ 0, 19 ] [ [ "odd", 33 ], [ "tt", 138 ] ] -33123671172 140986 1 
[ 0, 19 ] [ [ "odd", 34 ], [ "tt", 137 ] ] -31489786372 140987 1 
[ 0, 19 ] [ [ "odd", 34 ], [ "tt", 137 ] ] -35847504820 140988 1 
[ 0, 19 ] [ [ "odd", 35 ], [ "tt", 136 ] ] -28970652500 140989 1 
[ 0, 19 ] [ [ "odd", 36 ], [ "tt", 135 ] ] -23060161448 140990 1 
[ 0, 19 ] [ [ "odd", 39 ], [ "tt", 132 ] ] -13847676320 140993 3 
[ 0, 19 ] [ [ "odd", 40 ], [ "tt", 131 ] ] -12160478204 140995 2 
[ 0, 19 ] [ [ "odd", 41 ], [ "tt", 130 ] ] -11050637960 140996 1 
[ 0, 19 ] [ [ "odd", 41 ], [ "tt", 130 ] ] -11050637960 140997 1 
[ 0, 19 ] [ [ "odd", 42 ], [ "tt", 129 ] ] -11007631004 140998 1 
[ 0, 19 ] [ [ "odd", 43 ], [ "tt", 128 ] ] -8617726844 140999 1 
[ 0, 19 ] [ [ "odd", 44 ], [ "tt", 127 ] ] -5888517696 141000 1 
[ 0, 19 ] [ [ "odd", 45 ], [ "tt", 126 ] ] -4332183380 141001 1 
[ 0, 19 ] [ [ "odd", 46 ], [ "tt", 125 ] ] -3441715564 141002 1 
[ 0, 19 ] [ [ "odd", 47 ], [ "tt", 124 ] ] -2761643644 141003 1 
[ 0, 20 ] [ [ "odd", 59 ], [ "tt", 131 ] ] -1079751860 141004 1 
[ 0, 20 ] [ [ "odd", 59 ], [ "tt", 131 ] ] -1079751860 141005 1 
[ 0, 20 ] [ [ "odd", 59 ], [ "tt", 131 ] ] -1079751860 141006 1 
[ 0, 20 ] [ [ "odd", 60 ], [ "tt", 130 ] ] -780239144 141007 1 
[ 0, 20 ] [ [ "odd", 61 ], [ "tt", 129 ] ] -809317040 141008 1 
[ 0, 20 ] [ [ "odd", 61 ], [ "tt", 129 ] ] -809317040 141010 2 
[ 0, 20 ] [ [ "odd", 63 ], [ "tt", 127 ] ] -1052975660 141011 1 
[ 0, 20 ] [ [ "odd", 64 ], [ "tt", 126 ] ] -590834076 141012 1 
[ 0, 19 ] [ [ "odd", 53 ], [ "tt", 118 ] ] -1208317436 141013 1 
[ 0, 22 ] [ [ "odd", 88 ], [ "tt", 137 ], [ "zf", 6 ] ] -421669200 141014 1 
reset 151014 
[ 0, 19 ] [ [ "odd", 32 ], [ "tt", 139 ] ] -42389901500 151054 40 
[ 0, 19 ] [ [ "odd", 33 ], [ "tt", 138 ] ] -40660577672 151055 1 
[ 0, 19 ] [ [ "odd", 33 ], [ "tt", 138 ] ] -42086105800 151056 1 
[ 0, 19 ] [ [ "odd", 34 ], [ "tt", 137 ] ] -37398496072 151057 1 
[ 0, 19 ] [ [ "odd", 37 ], [ "tt", 134 ] ] -26294765848 151062 5 
[ 0, 19 ] [ [ "odd", 38 ], [ "tt", 133 ] ] -24397117912 151063 1 
[ 0, 19 ] [ [ "odd", 38 ], [ "tt", 133 ] ] -24397117912 151065 2 
[ 0, 19 ] [ [ "odd", 39 ], [ "tt", 132 ] ] -20899974840 151066 1 
[ 0, 19 ] [ [ "odd", 40 ], [ "tt", 131 ] ] -16742852188 151067 1 
[ 0, 19 ] [ [ "odd", 41 ], [ "tt", 130 ] ] -13122953724 151068 1 
[ 0, 19 ] [ [ "odd", 42 ], [ "tt", 129 ] ] -7695869548 151069 1 
[ 0, 19 ] [ [ "odd", 43 ], [ "tt", 128 ] ] -6600706856 151070 1 
[ 0, 19 ] [ [ "odd", 44 ], [ "tt", 127 ] ] -6059869468 151071 1 
[ 0, 19 ] [ [ "odd", 46 ], [ "tt", 125 ] ] -6311164948 151074 3 
[ 0, 19 ] [ [ "odd", 47 ], [ "tt", 124 ] ] -4077232600 151075 1 
[ 0, 19 ] [ [ "odd", 48 ], [ "tt", 123 ] ] -2380366312 151077 2 
[ 0, 20 ] [ [ "odd", 60 ], [ "tt", 130 ] ] -1074411944 151078 1 
[ 0, 19 ] [ [ "odd", 51 ], [ "tt", 120 ] ] -1759339820 151080 2 
[ 0, 19 ] [ [ "odd", 52 ], [ "tt", 119 ] ] -1374619628 151081 1 
[ 0, 19 ] [ [ "odd", 53 ], [ "tt", 118 ] ] -781716968 151082 1 
[ 0, 19 ] [ [ "odd", 53 ], [ "tt", 118 ] ] -910567760 151083 1 
[ 0, 19 ] [ [ "odd", 54 ], [ "tt", 117 ] ] -930680316 151084 1 
[ 0, 21 ] [ [ "odd", 75 ], [ "tt", 132 ], [ "zf", 3 ] ] -143520924 151085 1 
reset 161085 
[ 0, 19 ] [ [ "odd", 26 ], [ "tt", 145 ] ] -61400951600 161115 30 
[ 0, 19 ] [ [ "odd", 30 ], [ "tt", 141 ] ] -35196020576 161119 4 
[ 0, 19 ] [ [ "odd", 30 ], [ "tt", 141 ] ] -35196020576 161120 1 
[ 0, 19 ] [ [ "odd", 30 ], [ "tt", 141 ] ] -38950681440 161121 1 
[ 0, 19 ] [ [ "odd", 31 ], [ "tt", 140 ] ] -35600662496 161122 1 
[ 0, 19 ] [ [ "odd", 32 ], [ "tt", 139 ] ] -34702826720 161123 1 
[ 0, 19 ] [ [ "odd", 33 ], [ "tt", 138 ] ] -30682740712 161124 1 
[ 0, 19 ] [ [ "odd", 33 ], [ "tt", 138 ] ] -30682740712 161125 1 
[ 0, 19 ] [ [ "odd", 34 ], [ "tt", 137 ] ] -14362783504 161126 1 
[ 0, 19 ] [ [ "odd", 35 ], [ "tt", 136 ] ] -11560047728 161127 1 
[ 0, 19 ] [ [ "odd", 36 ], [ "tt", 135 ] ] -10811589816 161128 1 
[ 0, 19 ] [ [ "odd", 37 ], [ "tt", 134 ] ] -7707003000 161129 1 
[ 0, 19 ] [ [ "odd", 39 ], [ "tt", 132 ] ] -6660092212 161131 2 
[ 0, 19 ] [ [ "odd", 39 ], [ "tt", 132 ] ] -6660092212 161132 1 
[ 0, 19 ] [ [ "odd", 39 ], [ "tt", 132 ] ] -10014544820 161133 1 
[ 0, 19 ] [ [ "odd", 40 ], [ "tt", 131 ] ] -10526326456 161134 1 
[ 0, 19 ] [ [ "odd", 41 ], [ "tt", 130 ] ] -9139228420 161135 1 
[ 0, 19 ] [ [ "odd", 42 ], [ "tt", 129 ] ] -7787587024 161136 1 
[ 0, 19 ] [ [ "odd", 43 ], [ "tt", 128 ] ] -7324808724 161137 1 
[ 0, 19 ] [ [ "odd", 44 ], [ "tt", 127 ] ] -2499597352 161138 1 
[ 0, 19 ] [ [ "odd", 45 ], [ "tt", 126 ] ] -2429911388 161139 1 
[ 0, 19 ] [ [ "odd", 46 ], [ "tt", 125 ] ] -2107427652 161140 1 
[ 0, 19 ] [ [ "odd", 46 ], [ "tt", 125 ] ] -2107427652 161141 1 
[ 0, 19 ] [ [ "odd", 46 ], [ "tt", 125 ] ] -2107427652 161142 1 
[ 0, 19 ] [ [ "odd", 47 ], [ "tt", 124 ] ] -1741799508 161143 1 
[ 0, 19 ] [ [ "odd", 48 ], [ "tt", 123 ] ] -1310858868 161144 1 
[ 0, 20 ] [ [ "odd", 62 ], [ "tt", 128 ] ] -871292416 161145 1 
reset 171145 
[ 0, 19 ] [ [ "odd", 26 ], [ "tt", 145 ] ] -74813820656 171179 34 
[ 0, 19 ] [ [ "odd", 27 ], [ "tt", 144 ] ] -63413472160 171180 1 
[ 0, 19 ] [ [ "odd", 28 ], [ "tt", 143 ] ] -59144652832 171182 2 
[ 0, 19 ] [ [ "odd", 28 ], [ "tt", 143 ] ] -57607216800 171183 1 
[ 0, 19 ] [ [ "odd", 28 ], [ "tt", 143 ] ] -57607216800 171184 1 
[ 0, 19 ] [ [ "odd", 29 ], [ "tt", 142 ] ] -48109869472 171186 2 
[ 0, 19 ] [ [ "odd", 30 ], [ "tt", 141 ] ] -45066714488 171187 1 
[ 0, 19 ] [ [ "odd", 32 ], [ "tt", 139 ] ] -38680859608 171190 3 
[ 0, 19 ] [ [ "odd", 33 ], [ "tt", 138 ] ] -36604129240 171191 1 
[ 0, 19 ] [ [ "odd", 34 ], [ "tt", 137 ] ] -33701140632 171192 1 
[ 0, 19 ] [ [ "odd", 35 ], [ "tt", 136 ] ] -29399869944 171193 1 
[ 0, 19 ] [ [ "odd", 36 ], [ "tt", 135 ] ] -25423456444 171194 1 
[ 0, 19 ] [ [ "odd", 36 ], [ "tt", 135 ] ] -22835994172 171195 1 
[ 0, 19 ] [ [ "odd", 36 ], [ "tt", 135 ] ] -22835994172 171196 1 
[ 0, 19 ] [ [ "odd", 36 ], [ "tt", 135 ] ] -19240463164 171197 1 
[ 0, 19 ] [ [ "odd", 36 ], [ "tt", 135 ] ] -19240463164 171198 1 
[ 0, 19 ] [ [ "odd", 37 ], [ "tt", 134 ] ] -11989489316 171199 1 
[ 0, 19 ] [ [ "odd", 38 ], [ "tt", 133 ] ] -13388882916 171200 1 
[ 0, 19 ] [ [ "odd", 39 ], [ "tt", 132 ] ] -14510135504 171201 1 
[ 0, 19 ] [ [ "odd", 39 ], [ "tt", 132 ] ] -7229607632 171202 1 
[ 0, 19 ] [ [ "odd", 40 ], [ "tt", 131 ] ] -3518640284 171203 1 
[ 0, 19 ] [ [ "odd", 40 ], [ "tt", 131 ] ] -3518640284 171204 1 
[ 0, 19 ] [ [ "odd", 40 ], [ "tt", 131 ] ] -3518640284 171205 1 
[ 0, 19 ] [ [ "odd", 41 ], [ "tt", 130 ] ] -2592883092 171206 1 
[ 0, 19 ] [ [ "odd", 42 ], [ "tt", 129 ] ] -5186548032 171207 1 
[ 0, 19 ] [ [ "odd", 43 ], [ "tt", 128 ] ] -2663904532 171208 1 
reset 181208 
[ 0, 19 ] [ [ "odd", 29 ], [ "tt", 142 ] ] -69298008888 181241 33 
[ 0, 19 ] [ [ "odd", 29 ], [ "tt", 142 ] ] -69298008888 181242 1 
[ 0, 19 ] [ [ "odd", 30 ], [ "tt", 141 ] ] -62352927416 181243 1 
[ 0, 19 ] [ [ "odd", 32 ], [ "tt", 139 ] ] -52610086904 181245 2 
[ 0, 19 ] [ [ "odd", 32 ], [ "tt", 139 ] ] -52610086904 181246 1 
[ 0, 19 ] [ [ "odd", 33 ], [ "tt", 138 ] ] -47899336920 181247 1 
[ 0, 19 ] [ [ "odd", 34 ], [ "tt", 137 ] ] -43096114712 181248 1 
[ 0, 19 ] [ [ "odd", 35 ], [ "tt", 136 ] ] -38367150068 181249 1 
[ 0, 19 ] [ [ "odd", 36 ], [ "tt", 135 ] ] -34751325036 181250 1 
[ 0, 19 ] [ [ "odd", 36 ], [ "tt", 135 ] ] -34751325036 181251 1 
[ 0, 19 ] [ [ "odd", 36 ], [ "tt", 135 ] ] -35046474796 181252 1 
[ 0, 19 ] [ [ "odd", 37 ], [ "tt", 134 ] ] -28819139304 181253 1 
[ 0, 19 ] [ [ "odd", 38 ], [ "tt", 133 ] ] -27497305368 181254 1 
[ 0, 19 ] [ [ "odd", 39 ], [ "tt", 132 ] ] -24123250904 181255 1 
[ 0, 19 ] [ [ "odd", 43 ], [ "tt", 128 ] ] -7542303408 181259 4 
[ 0, 19 ] [ [ "odd", 43 ], [ "tt", 128 ] ] -7542303408 181260 1 
[ 0, 19 ] [ [ "odd", 44 ], [ "tt", 127 ] ] -5727518512 181261 1 
[ 0, 19 ] [ [ "odd", 45 ], [ "tt", 126 ] ] -3794551536 181262 1 
[ 0, 19 ] [ [ "odd", 46 ], [ "tt", 125 ] ] -1895222696 181263 1 
[ 0, 19 ] [ [ "odd", 47 ], [ "tt", 124 ] ] -1500423644 181264 1 
[ 0, 19 ] [ [ "odd", 51 ], [ "tt", 120 ] ] -768484964 181270 6 
reset 191270 
[ 0, 19 ] [ [ "odd", 24 ], [ "tt", 147 ] ] -92917348860 191297 27 
[ 0, 19 ] [ [ "odd", 30 ], [ "tt", 141 ] ] -56929435140 191303 6 
[ 0, 19 ] [ [ "odd", 41 ], [ "tt", 130 ] ] -13252878480 191316 13 
[ 0, 19 ] [ [ "odd", 42 ], [ "tt", 129 ] ] -11766896580 191317 1 
[ 0, 19 ] [ [ "odd", 43 ], [ "tt", 128 ] ] -10724949020 191318 1 
[ 0, 19 ] [ [ "odd", 44 ], [ "tt", 127 ] ] -8569397832 191319 1 
[ 0, 19 ] [ [ "odd", 45 ], [ "tt", 126 ] ] -5047377192 191320 1 
[ 0, 19 ] [ [ "odd", 46 ], [ "tt", 125 ] ] -6197650608 191321 1 
[ 0, 19 ] [ [ "odd", 47 ], [ "tt", 124 ] ] -5174459236 191322 1 
[ 0, 19 ] [ [ "odd", 48 ], [ "tt", 123 ] ] -4033022344 191323 1 
[ 0, 19 ] [ [ "odd", 49 ], [ "tt", 122 ] ] -2313866208 191324 1 
[ 0, 19 ] [ [ "odd", 50 ], [ "tt", 121 ] ] -1614758928 191325 1 
[ 0, 19 ] [ [ "odd", 51 ], [ "tt", 120 ] ] -636389768 191326 1 
[ 0, 19 ] [ [ "odd", 51 ], [ "tt", 120 ] ] -814520312 191327 1 
[ 0, 21 ] [ [ "odd", 66 ], [ "tt", 141 ], [ "zf", 3 ] ] -1287420848 191330 3 
[ 0, 21 ] [ [ "odd", 67 ], [ "tt", 140 ], [ "zf", 3 ] ] -939260048 191331 1 
[ 0, 21 ] [ [ "odd", 68 ], [ "tt", 139 ], [ "zf", 3 ] ] -1500227088 191332 1 
[ 0, 21 ] [ [ "odd", 68 ], [ "tt", 139 ], [ "zf", 3 ] ] -1500227088 191333 1 
[ 0, 21 ] [ [ "odd", 70 ], [ "tt", 137 ], [ "zf", 3 ] ] -993506576 191335 2 
[ 0, 21 ] [ [ "odd", 71 ], [ "tt", 136 ], [ "zf", 3 ] ] -814634240 191336 1 
[ 0, 21 ] [ [ "odd", 71 ], [ "tt", 136 ], [ "zf", 3 ] ] -879356264 191337 1 
[ 0, 21 ] [ [ "odd", 71 ], [ "tt", 136 ], [ "zf", 3 ] ] -879356264 191338 1 
reset 201338 
[ 0, 19 ] [ [ "odd", 24 ], [ "tt", 147 ] ] -83109640580 201364 26 
[ 0, 19 ] [ [ "odd", 29 ], [ "tt", 142 ] ] -42819591664 201370 6 
[ 0, 19 ] [ [ "odd", 30 ], [ "tt", 141 ] ] -37086056048 201371 1 
[ 0, 19 ] [ [ "odd", 30 ], [ "tt", 141 ] ] -37086056048 201372 1 
[ 0, 19 ] [ [ "odd", 31 ], [ "tt", 140 ] ] -33325536368 201373 1 
[ 0, 19 ] [ [ "odd", 32 ], [ "tt", 139 ] ] -26292720752 201374 1 
[ 0, 19 ] [ [ "odd", 36 ], [ "tt", 135 ] ] -15110837532 201378 4 
[ 0, 19 ] [ [ "odd", 36 ], [ "tt", 135 ] ] -15110837532 201379 1 
[ 0, 19 ] [ [ "odd", 37 ], [ "tt", 134 ] ] -12807759680 201380 1 
[ 0, 19 ] [ [ "odd", 38 ], [ "tt", 133 ] ] -10296273560 201381 1 
[ 0, 19 ] [ [ "odd", 39 ], [ "tt", 132 ] ] -9535200856 201382 1 
[ 0, 19 ] [ [ "odd", 39 ], [ "tt", 132 ] ] -9535200856 201383 1 
[ 0, 19 ] [ [ "odd", 39 ], [ "tt", 132 ] ] -11611086104 201384 1 
[ 0, 19 ] [ [ "odd", 40 ], [ "tt", 131 ] ] -9262778796 201385 1 
[ 0, 19 ] [ [ "odd", 40 ], [ "tt", 131 ] ] -9262778796 201386 1 
[ 0, 19 ] [ [ "odd", 41 ], [ "tt", 130 ] ] -7784416796 201387 1 
[ 0, 19 ] [ [ "odd", 42 ], [ "tt", 129 ] ] -6632164692 201388 1 
[ 0, 19 ] [ [ "odd", 42 ], [ "tt", 129 ] ] -6632164692 201389 1 
[ 0, 19 ] [ [ "odd", 42 ], [ "tt", 129 ] ] -6632164692 201391 2 
[ 0, 19 ] [ [ "odd", 43 ], [ "tt", 128 ] ] -4645724972 201392 1 
[ 0, 19 ] [ [ "odd", 44 ], [ "tt", 127 ] ] -3519686072 201393 1 
[ 0, 19 ] [ [ "odd", 45 ], [ "tt", 126 ] ] -2025593540 201394 1 
[ 0, 19 ] [ [ "odd", 52 ], [ "tt", 119 ] ] -370226596 201405 11 
reset 211405 
[ 0, 19 ] [ [ "odd", 33 ], [ "tt", 138 ] ] -40077676728 211441 36 
[ 0, 19 ] [ [ "odd", 34 ], [ "tt", 137 ] ] -32535719928 211442 1 
[ 0, 19 ] [ [ "odd", 34 ], [ "tt", 137 ] ] -30460202616 211443 1 
[ 0, 19 ] [ [ "odd", 35 ], [ "tt", 136 ] ] -32014361816 211445 2 
[ 0, 19 ] [ [ "odd", 36 ], [ "tt", 135 ] ] -30057387096 211446 1 
[ 0, 19 ] [ [ "odd", 37 ], [ "tt", 134 ] ] -29198059288 211447 1 
[ 0, 19 ] [ [ "odd", 38 ], [ "tt", 133 ] ] -25236426968 211448 1 
[ 0, 19 ] [ [ "odd", 39 ], [ "tt", 132 ] ] -23479729880 211449 1 
[ 0, 19 ] [ [ "odd", 40 ], [ "tt", 131 ] ] -18516656408 211450 1 
[ 0, 19 ] [ [ "odd", 41 ], [ "tt", 130 ] ] -12035278720 211451 1 
[ 0, 19 ] [ [ "odd", 42 ], [ "tt", 129 ] ] -12535614840 211452 1 
[ 0, 19 ] [ [ "odd", 43 ], [ "tt", 128 ] ] -12146339512 211453 1 
[ 0, 19 ] [ [ "odd", 44 ], [ "tt", 127 ] ] -11086891528 211454 1 
[ 0, 19 ] [ [ "odd", 45 ], [ "tt", 126 ] ] -7302238792 211455 1 
[ 0, 19 ] [ [ "odd", 46 ], [ "tt", 125 ] ] -5466778056 211456 1 
reset 221456 
[ 0, 19 ] [ [ "odd", 23 ], [ "tt", 148 ] ] -94549797680 221482 26 
[ 0, 19 ] [ [ "odd", 24 ], [ "tt", 147 ] ] -92410175608 221483 1 
[ 0, 19 ] [ [ "odd", 25 ], [ "tt", 146 ] ] -84778312860 221484 1 
[ 0, 19 ] [ [ "odd", 26 ], [ "tt", 145 ] ] -76596672180 221485 1 
[ 0, 19 ] [ [ "odd", 27 ], [ "tt", 144 ] ] -72196309980 221486 1 
[ 0, 19 ] [ [ "odd", 28 ], [ "tt", 143 ] ] -66244718880 221487 1 
[ 0, 19 ] [ [ "odd", 29 ], [ "tt", 142 ] ] -60786674680 221488 1 
[ 0, 19 ] [ [ "odd", 30 ], [ "tt", 141 ] ] -60648199780 221489 1 
[ 0, 19 ] [ [ "odd", 30 ], [ "tt", 141 ] ] -58351313292 221490 1 
[ 0, 19 ] [ [ "odd", 31 ], [ "tt", 140 ] ] -53555029632 221491 1 
[ 0, 19 ] [ [ "odd", 32 ], [ "tt", 139 ] ] -49569904200 221492 1 
[ 0, 19 ] [ [ "odd", 34 ], [ "tt", 137 ] ] -37161840744 221494 2 
[ 0, 19 ] [ [ "odd", 35 ], [ "tt", 136 ] ] -33920657944 221495 1 
[ 0, 19 ] [ [ "odd", 36 ], [ "tt", 135 ] ] -33425061204 221496 1 
[ 0, 19 ] [ [ "odd", 36 ], [ "tt", 135 ] ] -31920447188 221497 1 
[ 0, 19 ] [ [ "odd", 37 ], [ "tt", 134 ] ] -27060660932 221498 1 
[ 0, 19 ] [ [ "odd", 38 ], [ "tt", 133 ] ] -24054245060 221500 2 
[ 0, 19 ] [ [ "odd", 39 ], [ "tt", 132 ] ] -21826553048 221501 1 
[ 0, 19 ] [ [ "odd", 40 ], [ "tt", 131 ] ] -19860510288 221502 1 
[ 0, 19 ] [ [ "odd", 41 ], [ "tt", 130 ] ] -19894520972 221503 1 
[ 0, 19 ] [ [ "odd", 42 ], [ "tt", 129 ] ] -17393835644 221504 1 
[ 0, 19 ] [ [ "odd", 42 ], [ "tt", 129 ] ] -17393835644 221505 1 
[ 0, 19 ] [ [ "odd", 44 ], [ "tt", 127 ] ] -12350413404 221510 5 
[ 0, 19 ] [ [ "odd", 45 ], [ "tt", 126 ] ] -13356811940 221511 1 
[ 0, 19 ] [ [ "odd", 46 ], [ "tt", 125 ] ] -12694730656 221512 1 
[ 0, 19 ] [ [ "odd", 47 ], [ "tt", 124 ] ] -12715332912 221513 1 
[ 0, 19 ] [ [ "odd", 48 ], [ "tt", 123 ] ] -12856147660 221514 1 
[ 0, 19 ] [ [ "odd", 49 ], [ "tt", 122 ] ] -8052886352 221515 1 
[ 0, 19 ] [ [ "odd", 50 ], [ "tt", 121 ] ] -7190725596 221516 1 
[ 0, 19 ] [ [ "odd", 51 ], [ "tt", 120 ] ] -5042705736 221517 1 
[ 0, 19 ] [ [ "odd", 52 ], [ "tt", 119 ] ] -4042288072 221518 1 
[ 0, 19 ] [ [ "odd", 53 ], [ "tt", 118 ] ] -2677273960 221519 1 
[ 0, 19 ] [ [ "odd", 54 ], [ "tt", 117 ] ] -618615076 221521 2 
[ 0, 19 ] [ [ "odd", 56 ], [ "tt", 115 ] ] -1059464604 221523 2 
reset 231523 
[ 0, 19 ] [ [ "odd", 24 ], [ "tt", 147 ] ] -87099357720 231549 26 
[ 0, 19 ] [ [ "odd", 25 ], [ "tt", 146 ] ] -78285837720 231550 1 
[ 0, 19 ] [ [ "odd", 28 ], [ "tt", 143 ] ] -50488640920 231553 3 
[ 0, 19 ] [ [ "odd", 30 ], [ "tt", 141 ] ] -38755228888 231556 3 
[ 0, 19 ] [ [ "odd", 30 ], [ "tt", 141 ] ] -38755228888 231557 1 
[ 0, 19 ] [ [ "odd", 31 ], [ "tt", 140 ] ] -30574732632 231558 1 
[ 0, 19 ] [ [ "odd", 32 ], [ "tt", 139 ] ] -26701049268 231559 1 
[ 0, 19 ] [ [ "odd", 32 ], [ "tt", 139 ] ] -29304823732 231560 1 
[ 0, 19 ] [ [ "odd", 33 ], [ "tt", 138 ] ] -26951710868 231561 1 
[ 0, 19 ] [ [ "odd", 33 ], [ "tt", 138 ] ] -32500734420 231562 1 
[ 0, 19 ] [ [ "odd", 34 ], [ "tt", 137 ] ] -30135077876 231563 1 
[ 0, 19 ] [ [ "odd", 35 ], [ "tt", 136 ] ] -24446723620 231564 1 
[ 0, 19 ] [ [ "odd", 39 ], [ "tt", 132 ] ] -11967651040 231570 6 
[ 0, 19 ] [ [ "odd", 40 ], [ "tt", 131 ] ] -10922000848 231571 1 
[ 0, 19 ] [ [ "odd", 41 ], [ "tt", 130 ] ] -7063678816 231573 2 
[ 0, 19 ] [ [ "odd", 42 ], [ "tt", 129 ] ] -5473000552 231574 1 
[ 0, 19 ] [ [ "odd", 43 ], [ "tt", 128 ] ] -2840672584 231575 1 
[ 0, 19 ] [ [ "odd", 44 ], [ "tt", 127 ] ] -1228053996 231576 1 
[ 0, 19 ] [ [ "odd", 45 ], [ "tt", 126 ] ] -4260881332 231577 1 
[ 0, 20 ] [ [ "odd", 55 ], [ "tt", 135 ] ] -1184584304 231578 1 
reset 241578 
[ 0, 19 ] [ [ "odd", 37 ], [ "tt", 134 ] ] -10271971576 241631 53 
[ 0, 20 ] [ [ "odd", 51 ], [ "tt", 139 ] ] -5309364040 241632 1 
[ 0, 20 ] [ [ "odd", 51 ], [ "tt", 139 ] ] -5309364040 241633 1 
[ 0, 20 ] [ [ "odd", 51 ], [ "tt", 139 ] ] -4653275336 241634 1 
[ 0, 20 ] [ [ "odd", 52 ], [ "tt", 138 ] ] -3955959956 241635 1 
[ 0, 20 ] [ [ "odd", 53 ], [ "tt", 137 ] ] -2129675516 241636 1 
[ 0, 20 ] [ [ "odd", 54 ], [ "tt", 136 ] ] -2585999380 241638 2 
[ 0, 20 ] [ [ "odd", 57 ], [ "tt", 133 ] ] -1965687124 241640 2 
[ 0, 20 ] [ [ "odd", 58 ], [ "tt", 132 ] ] -1214679536 241641 1 
reset 251641 
[ 0, 19 ] [ [ "odd", 24 ], [ "tt", 147 ] ] -90789010936 251668 27 
[ 0, 19 ] [ [ "odd", 31 ], [ "tt", 140 ] ] -47004673248 251677 9 
[ 0, 19 ] [ [ "odd", 32 ], [ "tt", 139 ] ] -40812632416 251678 1 
[ 0, 19 ] [ [ "odd", 33 ], [ "tt", 138 ] ] -37396976544 251679 1 
[ 0, 19 ] [ [ "odd", 34 ], [ "tt", 137 ] ] -36064640736 251680 1 
[ 0, 19 ] [ [ "odd", 37 ], [ "tt", 134 ] ] -25572706272 251683 3 
[ 0, 19 ] [ [ "odd", 37 ], [ "tt", 134 ] ] -26877013344 251684 1 
[ 0, 19 ] [ [ "odd", 40 ], [ "tt", 131 ] ] -24295069824 251687 3 
[ 0, 19 ] [ [ "odd", 40 ], [ "tt", 131 ] ] -24295069824 251688 1 
[ 0, 19 ] [ [ "odd", 41 ], [ "tt", 130 ] ] -20987885968 251689 1 
[ 0, 19 ] [ [ "odd", 42 ], [ "tt", 129 ] ] -19884401912 251690 1 
[ 0, 19 ] [ [ "odd", 43 ], [ "tt", 128 ] ] -17858830696 251691 1 
[ 0, 19 ] [ [ "odd", 44 ], [ "tt", 127 ] ] -16406056428 251692 1 
[ 0, 19 ] [ [ "odd", 45 ], [ "tt", 126 ] ] -15716847360 251693 1 
[ 0, 19 ] [ [ "odd", 46 ], [ "tt", 125 ] ] -15070545696 251695 2 
[ 0, 19 ] [ [ "odd", 47 ], [ "tt", 124 ] ] -11251172952 251696 1 
[ 0, 19 ] [ [ "odd", 48 ], [ "tt", 123 ] ] -9373240860 251697 1 
[ 0, 19 ] [ [ "odd", 49 ], [ "tt", 122 ] ] -6729332904 251698 1 
[ 0, 19 ] [ [ "odd", 50 ], [ "tt", 121 ] ] -1984713640 251699 1 
[ 0, 19 ] [ [ "odd", 50 ], [ "tt", 121 ] ] -1984713640 251700 1 
[ 0, 19 ] [ [ "odd", 51 ], [ "tt", 120 ] ] -2026109916 251702 2 
[ 0, 19 ] [ [ "odd", 51 ], [ "tt", 120 ] ] -2026109916 251703 1 
[ 0, 19 ] [ [ "odd", 52 ], [ "tt", 119 ] ] -1945197648 251704 1 
[ 0, 19 ] [ [ "odd", 52 ], [ "tt", 119 ] ] -1846682320 251705 1 
[ 0, 19 ] [ [ "odd", 52 ], [ "tt", 119 ] ] -7210846200 251706 1 
[ 0, 19 ] [ [ "odd", 53 ], [ "tt", 118 ] ] -5960412916 251707 1 
[ 0, 19 ] [ [ "odd", 53 ], [ "tt", 118 ] ] -8200315956 251708 1 
[ 0, 19 ] [ [ "odd", 53 ], [ "tt", 118 ] ] -7083642244 251710 2 
[ 0, 19 ] [ [ "odd", 53 ], [ "tt", 118 ] ] -6256252900 251711 1 
[ 0, 19 ] [ [ "odd", 54 ], [ "tt", 117 ] ] -5575550464 251712 1 
[ 0, 19 ] [ [ "odd", 55 ], [ "tt", 116 ] ] -5116748224 251713 1 
[ 0, 19 ] [ [ "odd", 56 ], [ "tt", 115 ] ] -3867699856 251714 1 
[ 0, 19 ] [ [ "odd", 56 ], [ "tt", 115 ] ] -2937348672 251716 2 
[ 0, 19 ] [ [ "odd", 57 ], [ "tt", 114 ] ] -465000872 251718 2 
[ 0, 24 ] [ [ "odd", 109 ], [ "tt", 155 ], [ "zf", 12 ] ] -177381308 251720 2 
reset 261720 
[ 0, 19 ] [ [ "odd", 34 ], [ "tt", 137 ] ] -21696665720 261760 40 
[ 0, 19 ] [ [ "odd", 35 ], [ "tt", 136 ] ] -20671671800 261761 1 
[ 0, 19 ] [ [ "odd", 36 ], [ "tt", 135 ] ] -15362327096 261763 2 
[ 0, 19 ] [ [ "odd", 37 ], [ "tt", 134 ] ] -13040803640 261764 1 
[ 0, 19 ] [ [ "odd", 37 ], [ "tt", 134 ] ] -13040803640 261765 1 
[ 0, 19 ] [ [ "odd", 37 ], [ "tt", 134 ] ] -13040803640 261766 1 
[ 0, 19 ] [ [ "odd", 38 ], [ "tt", 133 ] ] -10810813752 261767 1 
[ 0, 19 ] [ [ "odd", 38 ], [ "tt", 133 ] ] -10810813752 261768 1 
[ 0, 19 ] [ [ "odd", 39 ], [ "tt", 132 ] ] -9443663008 261769 1 
[ 0, 19 ] [ [ "odd", 40 ], [ "tt", 131 ] ] -6659371296 261770 1 
[ 0, 19 ] [ [ "odd", 41 ], [ "tt", 130 ] ] -5938364816 261771 1 
[ 0, 19 ] [ [ "odd", 41 ], [ "tt", 130 ] ] -5938364816 261772 1 
[ 0, 19 ] [ [ "odd", 41 ], [ "tt", 130 ] ] -5938364816 261773 1 
[ 0, 19 ] [ [ "odd", 42 ], [ "tt", 129 ] ] -3916815816 261774 1 
[ 0, 19 ] [ [ "odd", 43 ], [ "tt", 128 ] ] -2891641736 261775 1 
[ 0, 19 ] [ [ "odd", 43 ], [ "tt", 128 ] ] -2891641736 261776 1 
[ 0, 19 ] [ [ "odd", 44 ], [ "tt", 127 ] ] -2399613040 261777 1 
[ 0, 19 ] [ [ "odd", 44 ], [ "tt", 127 ] ] -2399613040 261778 1 
[ 0, 19 ] [ [ "odd", 45 ], [ "tt", 126 ] ] -715752064 261780 2 
[ 0, 19 ] [ [ "odd", 46 ], [ "tt", 125 ] ] -1221667432 261784 4 
[ 0, 19 ] [ [ "odd", 47 ], [ "tt", 124 ] ] -840469192 261785 1 
[ 0, 19 ] [ [ "odd", 47 ], [ "tt", 124 ] ] -840469192 261786 1 
[ 0, 19 ] [ [ "odd", 47 ], [ "tt", 124 ] ] -840469192 261787 1 
reset 271787 
[ 0, 19 ] [ [ "odd", 26 ], [ "tt", 145 ] ] -72375207800 271814 27 
[ 0, 19 ] [ [ "odd", 26 ], [ "tt", 145 ] ] -72375207800 271815 1 
[ 0, 19 ] [ [ "odd", 27 ], [ "tt", 144 ] ] -62816222072 271816 1 
[ 0, 19 ] [ [ "odd", 27 ], [ "tt", 144 ] ] -62816222072 271817 1 
[ 0, 19 ] [ [ "odd", 29 ], [ "tt", 142 ] ] -49828520688 271819 2 
[ 0, 19 ] [ [ "odd", 29 ], [ "tt", 142 ] ] -58895279216 271820 1 
[ 0, 19 ] [ [ "odd", 30 ], [ "tt", 141 ] ] -55164698672 271821 1 
[ 0, 19 ] [ [ "odd", 30 ], [ "tt", 141 ] ] -55164698672 271822 1 
[ 0, 19 ] [ [ "odd", 31 ], [ "tt", 140 ] ] -47532901488 271823 1 
[ 0, 19 ] [ [ "odd", 31 ], [ "tt", 140 ] ] -47532901488 271824 1 
[ 0, 19 ] [ [ "odd", 31 ], [ "tt", 140 ] ] -43099607792 271825 1 
[ 0, 19 ] [ [ "odd", 32 ], [ "tt", 139 ] ] -33671162608 271826 1 
[ 0, 19 ] [ [ "odd", 33 ], [ "tt", 138 ] ] -31761572848 271827 1 
[ 0, 19 ] [ [ "odd", 34 ], [ "tt", 137 ] ] -29354754920 271828 1 
[ 0, 19 ] [ [ "odd", 35 ], [ "tt", 136 ] ] -25617420104 271829 1 
[ 0, 19 ] [ [ "odd", 36 ], [ "tt", 135 ] ] -23869989048 271830 1 
[ 0, 19 ] [ [ "odd", 37 ], [ "tt", 134 ] ] -17691736440 271831 1 
[ 0, 19 ] [ [ "odd", 38 ], [ "tt", 133 ] ] -13770588968 271832 1 
[ 0, 19 ] [ [ "odd", 39 ], [ "tt", 132 ] ] -11200245824 271833 1 
[ 0, 19 ] [ [ "odd", 40 ], [ "tt", 131 ] ] -7135773248 271834 1 
[ 0, 19 ] [ [ "odd", 40 ], [ "tt", 131 ] ] -8324170632 271835 1 
[ 0, 19 ] [ [ "odd", 41 ], [ "tt", 130 ] ] -7531368776 271836 1 
[ 0, 19 ] [ [ "odd", 41 ], [ "tt", 130 ] ] -2378963312 271837 1 
[ 0, 19 ] [ [ "odd", 41 ], [ "tt", 130 ] ] -2378963312 271838 1 
[ 0, 19 ] [ [ "odd", 42 ], [ "tt", 129 ] ] -2408626728 271839 1 
[ 0, 19 ] [ [ "odd", 42 ], [ "tt", 129 ] ] -2408626728 271840 1 
[ 0, 19 ] [ [ "odd", 43 ], [ "tt", 128 ] ] -1895554504 271841 1 
[ 0, 25 ] [ [ "odd", 114 ], [ "tt", 171 ], [ "zf", 15 ] ] -107363312 271842 1 
[ 0, 25 ] [ [ "odd", 114 ], [ "tt", 171 ], [ "zf", 15 ] ] -107363312 271844 2 
[ 0, 19 ] [ [ "odd", 45 ], [ "tt", 126 ] ] -1220937536 271845 1 
[ 0, 19 ] [ [ "odd", 48 ], [ "tt", 123 ] ] -1974169672 271848 3 
reset 281848 
[ 0, 19 ] [ [ "odd", 30 ], [ "tt", 141 ] ] -53601910240 281881 33 
[ 0, 19 ] [ [ "odd", 31 ], [ "tt", 140 ] ] -48325592672 281882 1 
[ 0, 19 ] [ [ "odd", 32 ], [ "tt", 139 ] ] -43155845784 281883 1 
[ 0, 19 ] [ [ "odd", 34 ], [ "tt", 137 ] ] -35249157052 281885 2 
[ 0, 19 ] [ [ "odd", 37 ], [ "tt", 134 ] ] -21688174512 281889 4 
[ 0, 19 ] [ [ "odd", 38 ], [ "tt", 133 ] ] -25699174712 281890 1 
[ 0, 19 ] [ [ "odd", 39 ], [ "tt", 132 ] ] -23255510252 281891 1 
[ 0, 19 ] [ [ "odd", 40 ], [ "tt", 131 ] ] -21015790988 281892 1 
[ 0, 19 ] [ [ "odd", 41 ], [ "tt", 130 ] ] -17053065036 281893 1 
[ 0, 19 ] [ [ "odd", 42 ], [ "tt", 129 ] ] -14871447560 281894 1 
[ 0, 19 ] [ [ "odd", 43 ], [ "tt", 128 ] ] -14874761532 281895 1 
[ 0, 19 ] [ [ "odd", 44 ], [ "tt", 127 ] ] -12490767568 281896 1 
[ 0, 19 ] [ [ "odd", 45 ], [ "tt", 126 ] ] -10423888092 281897 1 
[ 0, 19 ] [ [ "odd", 47 ], [ "tt", 124 ] ] -4934645672 281900 3 
[ 0, 19 ] [ [ "odd", 47 ], [ "tt", 124 ] ] -3768457736 281901 1 
[ 0, 24 ] [ [ "odd", 111 ], [ "tt", 159 ], [ "zf", 6 ] ] -109211308 281904 3 
[ 0, 22 ] [ [ "odd", 84 ], [ "tt", 141 ], [ "zf", 6 ] ] -527587828 281906 2 
reset 291906 
[ 0, 19 ] [ [ "odd", 19 ], [ "tt", 152 ] ] -136909658032 291925 19 
[ 0, 19 ] [ [ "odd", 20 ], [ "tt", 151 ] ] -126410849032 291926 1 
[ 0, 19 ] [ [ "odd", 21 ], [ "tt", 150 ] ] -115018610152 291927 1 
[ 0, 19 ] [ [ "odd", 21 ], [ "tt", 150 ] ] -115018610152 291928 1 
[ 0, 19 ] [ [ "odd", 22 ], [ "tt", 149 ] ] -103857486952 291929 1 
[ 0, 19 ] [ [ "odd", 22 ], [ "tt", 149 ] ] -104155723432 291930 1 
[ 0, 19 ] [ [ "odd", 23 ], [ "tt", 148 ] ] -94670975272 291931 1 
[ 0, 19 ] [ [ "odd", 24 ], [ "tt", 147 ] ] -84046647528 291932 1 
[ 0, 19 ] [ [ "odd", 25 ], [ "tt", 146 ] ] -74505329208 291933 1 
[ 0, 19 ] [ [ "odd", 26 ], [ "tt", 145 ] ] -65811565368 291934 1 
[ 0, 19 ] [ [ "odd", 27 ], [ "tt", 144 ] ] -61685280184 291935 1 
[ 0, 19 ] [ [ "odd", 28 ], [ "tt", 143 ] ] -52687513480 291936 1 
[ 0, 19 ] [ [ "odd", 29 ], [ "tt", 142 ] ] -49380977712 291937 1 
[ 0, 19 ] [ [ "odd", 30 ], [ "tt", 141 ] ] -43829353032 291938 1 
[ 0, 19 ] [ [ "odd", 31 ], [ "tt", 140 ] ] -35977597408 291939 1 
[ 0, 19 ] [ [ "odd", 32 ], [ "tt", 139 ] ] -32679142956 291940 1 
[ 0, 19 ] [ [ "odd", 33 ], [ "tt", 138 ] ] -32885494100 291941 1 
[ 0, 19 ] [ [ "odd", 34 ], [ "tt", 137 ] ] -28975281664 291942 1 
[ 0, 19 ] [ [ "odd", 35 ], [ "tt", 136 ] ] -26522960364 291943 1 
[ 0, 19 ] [ [ "odd", 36 ], [ "tt", 135 ] ] -23727802136 291944 1 
[ 0, 19 ] [ [ "odd", 37 ], [ "tt", 134 ] ] -23165704584 291945 1 
[ 0, 19 ] [ [ "odd", 38 ], [ "tt", 133 ] ] -21207280024 291946 1 
[ 0, 19 ] [ [ "odd", 38 ], [ "tt", 133 ] ] -20228889544 291947 1 
[ 0, 19 ] [ [ "odd", 39 ], [ "tt", 132 ] ] -16365615760 291948 1 
[ 0, 19 ] [ [ "odd", 40 ], [ "tt", 131 ] ] -15819751836 291949 1 
[ 0, 19 ] [ [ "odd", 41 ], [ "tt", 130 ] ] -13574893128 291950 1 
[ 0, 19 ] [ [ "odd", 42 ], [ "tt", 129 ] ] -9968697648 291951 1 
[ 0, 19 ] [ [ "odd", 43 ], [ "tt", 128 ] ] -9286829460 291952 1 
[ 0, 19 ] [ [ "odd", 44 ], [ "tt", 127 ] ] -7082174040 291953 1 
[ 0, 19 ] [ [ "odd", 45 ], [ "tt", 126 ] ] -2950954280 291954 1 
[ 0, 19 ] [ [ "odd", 45 ], [ "tt", 126 ] ] -2950954280 291955 1 
[ 0, 19 ] [ [ "odd", 45 ], [ "tt", 126 ] ] -2950954280 291956 1 
[ 0, 19 ] [ [ "odd", 46 ], [ "tt", 125 ] ] -871208880 291957 1 
[ 0, 19 ] [ [ "odd", 47 ], [ "tt", 124 ] ] -649246920 291958 1 
[ 0, 19 ] [ [ "odd", 47 ], [ "tt", 124 ] ] -649246920 291959 1 
[ 0, 19 ] [ [ "odd", 47 ], [ "tt", 124 ] ] -649246920 291960 1 
[ 0, 19 ] [ [ "odd", 47 ], [ "tt", 124 ] ] -1822693936 291961 1 
[ 0, 19 ] [ [ "odd", 48 ], [ "tt", 123 ] ] -1819659896 291962 1 
[ 0, 19 ] [ [ "odd", 49 ], [ "tt", 122 ] ] -874232656 291963 1 
[ 0, 32 ] [ [ "odd", 211 ], [ "tt", 249 ], [ "zf", 36 ] ] -47349752 291972 9 
reset 301972 
[ 0, 19 ] [ [ "odd", 37 ], [ "tt", 134 ] ] -17249326328 302014 42 
[ 0, 19 ] [ [ "odd", 38 ], [ "tt", 133 ] ] -16664987832 302015 1 
[ 0, 19 ] [ [ "odd", 39 ], [ "tt", 132 ] ] -7357098552 302016 1 
[ 0, 19 ] [ [ "odd", 45 ], [ "tt", 126 ] ] -2070452440 302025 9 
[ 0, 19 ] [ [ "odd", 45 ], [ "tt", 126 ] ] -2070452440 302026 1 
[ 0, 19 ] [ [ "odd", 45 ], [ "tt", 126 ] ] -2070452440 302027 1 
[ 0, 19 ] [ [ "odd", 45 ], [ "tt", 126 ] ] -2155730584 302028 1 
reset 312028 
[ 0, 19 ] [ [ "odd", 29 ], [ "tt", 142 ] ] -55523360624 312057 29 
[ 0, 19 ] [ [ "odd", 29 ], [ "tt", 142 ] ] -55523360624 312058 1 
[ 0, 19 ] [ [ "odd", 30 ], [ "tt", 141 ] ] -51063003824 312059 1 
[ 0, 19 ] [ [ "odd", 31 ], [ "tt", 140 ] ] -43740185264 312060 1 
[ 0, 19 ] [ [ "odd", 31 ], [ "tt", 140 ] ] -43740185264 312061 1 
[ 0, 19 ] [ [ "odd", 32 ], [ "tt", 139 ] ] -40502218172 312062 1 
[ 0, 19 ] [ [ "odd", 33 ], [ "tt", 138 ] ] -31571695252 312063 1 
[ 0, 19 ] [ [ "odd", 33 ], [ "tt", 138 ] ] -31571695252 312064 1 
[ 0, 19 ] [ [ "odd", 34 ], [ "tt", 137 ] ] -26537778812 312065 1 
[ 0, 19 ] [ [ "odd", 35 ], [ "tt", 136 ] ] -25298839416 312066 1 
[ 0, 19 ] [ [ "odd", 36 ], [ "tt", 135 ] ] -22750183952 312067 1 
[ 0, 19 ] [ [ "odd", 36 ], [ "tt", 135 ] ] -22750183952 312068 1 
[ 0, 19 ] [ [ "odd", 38 ], [ "tt", 133 ] ] -17445034284 312070 2 
[ 0, 19 ] [ [ "odd", 39 ], [ "tt", 132 ] ] -15072183880 312071 1 
[ 0, 19 ] [ [ "odd", 40 ], [ "tt", 131 ] ] -13001750780 312072 1 
[ 0, 19 ] [ [ "odd", 42 ], [ "tt", 129 ] ] -8219398672 312074 2 
[ 0, 19 ] [ [ "odd", 43 ], [ "tt", 128 ] ] -7550963080 312075 1 
[ 0, 19 ] [ [ "odd", 45 ], [ "tt", 126 ] ] -2128186576 312077 2 
[ 0, 19 ] [ [ "odd", 46 ], [ "tt", 125 ] ] -2058564024 312078 1 
[ 0, 19 ] [ [ "odd", 47 ], [ "tt", 124 ] ] -1812873508 312079 1 
[ 0, 19 ] [ [ "odd", 48 ], [ "tt", 123 ] ] -317759020 312080 1 
[ 0, 19 ] [ [ "odd", 49 ], [ "tt", 122 ] ] -448952316 312081 1 
[ 0, 19 ] [ [ "odd", 50 ], [ "tt", 121 ] ] -431231276 312082 1 
[ 0, 19 ] [ [ "odd", 50 ], [ "tt", 121 ] ] -1655328332 312083 1 
[ 0, 19 ] [ [ "odd", 50 ], [ "tt", 121 ] ] -1655328332 312084 1 
[ 0, 21 ] [ [ "odd", 71 ], [ "tt", 136 ], [ "zf", 3 ] ] -784273656 312086 2 
reset 322086 
[ 0, 19 ] [ [ "odd", 33 ], [ "tt", 138 ] ] -25467411740 322128 42 
[ 0, 19 ] [ [ "odd", 34 ], [ "tt", 137 ] ] -24974504140 322129 1 
[ 0, 19 ] [ [ "odd", 35 ], [ "tt", 136 ] ] -24048232940 322130 1 
[ 0, 19 ] [ [ "odd", 35 ], [ "tt", 136 ] ] -24048232940 322131 1 
[ 0, 19 ] [ [ "odd", 36 ], [ "tt", 135 ] ] -22262928620 322132 1 
[ 0, 19 ] [ [ "odd", 36 ], [ "tt", 135 ] ] -19091743980 322133 1 
[ 0, 19 ] [ [ "odd", 38 ], [ "tt", 133 ] ] -10696377972 322135 2 
[ 0, 19 ] [ [ "odd", 40 ], [ "tt", 131 ] ] -6058435384 322137 2 
[ 0, 19 ] [ [ "odd", 41 ], [ "tt", 130 ] ] -5375111656 322138 1 
[ 0, 19 ] [ [ "odd", 41 ], [ "tt", 130 ] ] -5375111656 322139 1 
[ 0, 19 ] [ [ "odd", 42 ], [ "tt", 129 ] ] -2944324744 322140 1 
[ 0, 19 ] [ [ "odd", 43 ], [ "tt", 128 ] ] -2798548684 322141 1 
[ 0, 19 ] [ [ "odd", 44 ], [ "tt", 127 ] ] -1716671340 322142 1 
[ 0, 19 ] [ [ "odd", 46 ], [ "tt", 125 ] ] -1910548932 322144 2 
[ 0, 19 ] [ [ "odd", 48 ], [ "tt", 123 ] ] -978993260 322148 4 
[ 0, 19 ] [ [ "odd", 49 ], [ "tt", 122 ] ] -735326664 322149 1 
[ 0, 19 ] [ [ "odd", 49 ], [ "tt", 122 ] ] -735326664 322150 1 
reset 332150 
[ 0, 19 ] [ [ "odd", 19 ], [ "tt", 152 ] ] -139309507560 332171 21 
[ 0, 19 ] [ [ "odd", 20 ], [ "tt", 151 ] ] -127558070760 332172 1 
[ 0, 19 ] [ [ "odd", 21 ], [ "tt", 150 ] ] -109142943960 332173 1 
[ 0, 19 ] [ [ "odd", 23 ], [ "tt", 148 ] ] -96128627640 332175 2 
[ 0, 19 ] [ [ "odd", 24 ], [ "tt", 147 ] ] -80694633720 332176 1 
[ 0, 19 ] [ [ "odd", 28 ], [ "tt", 143 ] ] -37852452780 332181 5 
[ 0, 19 ] [ [ "odd", 30 ], [ "tt", 141 ] ] -43284351120 332184 3 
[ 0, 19 ] [ [ "odd", 31 ], [ "tt", 140 ] ] -37074870120 332185 1 
[ 0, 19 ] [ [ "odd", 32 ], [ "tt", 139 ] ] -28103060580 332187 2 
[ 0, 19 ] [ [ "odd", 34 ], [ "tt", 137 ] ] -23382489808 332191 4 
[ 0, 19 ] [ [ "odd", 35 ], [ "tt", 136 ] ] -22967103432 332192 1 
[ 0, 19 ] [ [ "odd", 36 ], [ "tt", 135 ] ] -20698539704 332193 1 
[ 0, 19 ] [ [ "odd", 38 ], [ "tt", 133 ] ] -15484927772 332195 2 
[ 0, 19 ] [ [ "odd", 38 ], [ "tt", 133 ] ] -15484927772 332196 1 
[ 0, 19 ] [ [ "odd", 39 ], [ "tt", 132 ] ] -15790346744 332197 1 
[ 0, 19 ] [ [ "odd", 40 ], [ "tt", 131 ] ] -15010614328 332198 1 
[ 0, 19 ] [ [ "odd", 40 ], [ "tt", 131 ] ] -15010614328 332199 1 
[ 0, 19 ] [ [ "odd", 41 ], [ "tt", 130 ] ] -14070394264 332200 1 
[ 0, 19 ] [ [ "odd", 41 ], [ "tt", 130 ] ] -14070394264 332201 1 
[ 0, 19 ] [ [ "odd", 42 ], [ "tt", 129 ] ] -12426358924 332202 1 
[ 0, 19 ] [ [ "odd", 42 ], [ "tt", 129 ] ] -12426358924 332203 1 
[ 0, 19 ] [ [ "odd", 42 ], [ "tt", 129 ] ] -12914799484 332204 1 
[ 0, 19 ] [ [ "odd", 43 ], [ "tt", 128 ] ] -11688316276 332205 1 
[ 0, 19 ] [ [ "odd", 45 ], [ "tt", 126 ] ] -6381303140 332209 4 
[ 0, 19 ] [ [ "odd", 45 ], [ "tt", 126 ] ] -6381303140 332210 1 
[ 0, 19 ] [ [ "odd", 45 ], [ "tt", 126 ] ] -6381303140 332211 1 
[ 0, 19 ] [ [ "odd", 45 ], [ "tt", 126 ] ] -6381303140 332212 1 
[ 0, 19 ] [ [ "odd", 46 ], [ "tt", 125 ] ] -4995139304 332213 1 
[ 0, 21 ] [ [ "odd", 66 ], [ "tt", 141 ], [ "zf", 3 ] ] -1862942924 332216 3 
[ 0, 19 ] [ [ "odd", 49 ], [ "tt", 122 ] ] -3213148132 332217 1 
[ 0, 19 ] [ [ "odd", 50 ], [ "tt", 121 ] ] -2312968576 332218 1 
[ 0, 19 ] [ [ "odd", 51 ], [ "tt", 120 ] ] -1380455908 332219 1 
[ 0, 19 ] [ [ "odd", 51 ], [ "tt", 120 ] ] -1380455908 332220 1 
[ 0, 19 ] [ [ "odd", 52 ], [ "tt", 119 ] ] -859345800 332221 1 
[ 0, 19 ] [ [ "odd", 52 ], [ "tt", 119 ] ] -2594880776 332222 1 
[ 0, 19 ] [ [ "odd", 53 ], [ "tt", 118 ] ] -1696484200 332223 1 
[ 0, 19 ] [ [ "odd", 54 ], [ "tt", 117 ] ] -3074097608 332224 1 
[ 0, 19 ] [ [ "odd", 55 ], [ "tt", 116 ] ] -3175376976 332225 1 
[ 0, 19 ] [ [ "odd", 56 ], [ "tt", 115 ] ] -2870541936 332226 1 
[ 0, 19 ] [ [ "odd", 57 ], [ "tt", 114 ] ] -2492075896 332227 1 
[ 0, 19 ] [ [ "odd", 58 ], [ "tt", 113 ] ] -2092191512 332228 1 
[ 0, 19 ] [ [ "odd", 58 ], [ "tt", 113 ] ] -2092191512 332229 1 
[ 0, 19 ] [ [ "odd", 59 ], [ "tt", 112 ] ] -878955144 332230 1 
[ 0, 21 ] [ [ "odd", 85 ], [ "tt", 122 ], [ "zf", 3 ] ] -135409672 332232 2 
[ 0, 19 ] [ [ "odd", 62 ], [ "tt", 109 ] ] -390227736 332237 5 
[ 0, 28 ] [ [ "odd", 163 ], [ "tt", 194 ], [ "zf", 21 ] ] -53251560 332239 2 
[ 0, 28 ] [ [ "odd", 168 ], [ "tt", 189 ], [ "zf", 21 ] ] -48888040 332241 2 
reset 342241 
[ 0, 19 ] [ [ "odd", 44 ], [ "tt", 127 ] ] -6085436728 342288 47 
[ 0, 22 ] [ [ "odd", 91 ], [ "tt", 140 ] ] -1036716668 342293 5 
[ 0, 20 ] [ [ "odd", 62 ], [ "tt", 128 ] ] -2588736556 342295 2 
[ 0, 20 ] [ [ "odd", 62 ], [ "tt", 128 ] ] -1600045348 342296 1 
[ 0, 20 ] [ [ "odd", 62 ], [ "tt", 128 ] ] -1412990628 342298 2 
reset 352298 
[ 0, 19 ] [ [ "odd", 33 ], [ "tt", 138 ] ] -37450222072 352336 38 
[ 0, 19 ] [ [ "odd", 34 ], [ "tt", 137 ] ] -33286597048 352337 1 
[ 0, 19 ] [ [ "odd", 35 ], [ "tt", 136 ] ] -30820498104 352338 1 
[ 0, 19 ] [ [ "odd", 35 ], [ "tt", 136 ] ] -30820498104 352339 1 
[ 0, 19 ] [ [ "odd", 36 ], [ "tt", 135 ] ] -28406246560 352341 2 
[ 0, 19 ] [ [ "odd", 37 ], [ "tt", 134 ] ] -23285073960 352343 2 
[ 0, 19 ] [ [ "odd", 37 ], [ "tt", 134 ] ] -14566846120 352344 1 
[ 0, 19 ] [ [ "odd", 37 ], [ "tt", 134 ] ] -14566846120 352345 1 
[ 0, 19 ] [ [ "odd", 37 ], [ "tt", 134 ] ] -14566846120 352346 1 
[ 0, 19 ] [ [ "odd", 38 ], [ "tt", 133 ] ] -13502813016 352347 1 
[ 0, 19 ] [ [ "odd", 39 ], [ "tt", 132 ] ] -8001745056 352348 1 
[ 0, 19 ] [ [ "odd", 39 ], [ "tt", 132 ] ] -6654964072 352349 1 
[ 0, 19 ] [ [ "odd", 40 ], [ "tt", 131 ] ] -6024842464 352350 1 
[ 0, 19 ] [ [ "odd", 41 ], [ "tt", 130 ] ] -4153285460 352351 1 
[ 0, 19 ] [ [ "odd", 42 ], [ "tt", 129 ] ] -5772636524 352352 1 
[ 0, 19 ] [ [ "odd", 43 ], [ "tt", 128 ] ] -5172980236 352354 2 
[ 0, 19 ] [ [ "odd", 43 ], [ "tt", 128 ] ] -5172980236 352355 1 
[ 0, 19 ] [ [ "odd", 43 ], [ "tt", 128 ] ] -5172980236 352356 1 
[ 0, 19 ] [ [ "odd", 44 ], [ "tt", 127 ] ] -5280291076 352357 1 
[ 0, 19 ] [ [ "odd", 44 ], [ "tt", 127 ] ] -5280291076 352358 1 
reset 362358 
[ 0, 19 ] [ [ "odd", 26 ], [ "tt", 145 ] ] -79906304904 362386 28 
[ 0, 19 ] [ [ "odd", 30 ], [ "tt", 141 ] ] -54709391164 362390 4 
[ 0, 19 ] [ [ "odd", 31 ], [ "tt", 140 ] ] -49600921616 362391 1 
[ 0, 19 ] [ [ "odd", 32 ], [ "tt", 139 ] ] -45079908752 362392 1 
[ 0, 19 ] [ [ "odd", 33 ], [ "tt", 138 ] ] -33182222352 362393 1 
[ 0, 19 ] [ [ "odd", 34 ], [ "tt", 137 ] ] -30325842960 362394 1 
[ 0, 19 ] [ [ "odd", 35 ], [ "tt", 136 ] ] -24814482696 362395 1 
[ 0, 19 ] [ [ "odd", 36 ], [ "tt", 135 ] ] -23359178812 362396 1 
[ 0, 19 ] [ [ "odd", 38 ], [ "tt", 133 ] ] -14869437528 362400 4 
[ 0, 19 ] [ [ "odd", 39 ], [ "tt", 132 ] ] -13450737652 362401 1 
[ 0, 19 ] [ [ "odd", 40 ], [ "tt", 131 ] ] -10920792860 362402 1 
[ 0, 19 ] [ [ "odd", 40 ], [ "tt", 131 ] ] -9102326068 362403 1 
[ 0, 19 ] [ [ "odd", 41 ], [ "tt", 130 ] ] -7355452444 362404 1 
[ 0, 19 ] [ [ "odd", 41 ], [ "tt", 130 ] ] -7355452444 362405 1 
[ 0, 19 ] [ [ "odd", 42 ], [ "tt", 129 ] ] -4451032792 362406 1 
[ 0, 19 ] [ [ "odd", 44 ], [ "tt", 127 ] ] -2689207264 362408 2 
[ 0, 21 ] [ [ "odd", 68 ], [ "tt", 139 ], [ "zf", 3 ] ] -126539856 362412 4 
reset 372412 
[ 0, 19 ] [ [ "odd", 22 ], [ "tt", 149 ] ] -94524421848 372436 24 
[ 0, 19 ] [ [ "odd", 24 ], [ "tt", 147 ] ] -73484708312 372439 3 
[ 0, 19 ] [ [ "odd", 25 ], [ "tt", 146 ] ] -65056369112 372440 1 
[ 0, 19 ] [ [ "odd", 26 ], [ "tt", 145 ] ] -57881592920 372441 1 
[ 0, 19 ] [ [ "odd", 27 ], [ "tt", 144 ] ] -49291584136 372442 1 
[ 0, 19 ] [ [ "odd", 28 ], [ "tt", 143 ] ] -40555833496 372443 1 
[ 0, 19 ] [ [ "odd", 29 ], [ "tt", 142 ] ] -40260359056 372444 1 
[ 0, 19 ] [ [ "odd", 30 ], [ "tt", 141 ] ] -42639504016 372445 1 
[ 0, 19 ] [ [ "odd", 31 ], [ "tt", 140 ] ] -34465202192 372446 1 
[ 0, 19 ] [ [ "odd", 32 ], [ "tt", 139 ] ] -31465362152 372447 1 
[ 0, 19 ] [ [ "odd", 32 ], [ "tt", 139 ] ] -31661175272 372448 1 
[ 0, 19 ] [ [ "odd", 33 ], [ "tt", 138 ] ] -31856354304 372449 1 
[ 0, 19 ] [ [ "odd", 34 ], [ "tt", 137 ] ] -29101901484 372452 3 
[ 0, 19 ] [ [ "odd", 35 ], [ "tt", 136 ] ] -23042506232 372453 1 
[ 0, 19 ] [ [ "odd", 36 ], [ "tt", 135 ] ] -15615818356 372454 1 
[ 0, 19 ] [ [ "odd", 37 ], [ "tt", 134 ] ] -14024089996 372455 1 
[ 0, 19 ] [ [ "odd", 38 ], [ "tt", 133 ] ] -9088127324 372456 1 
[ 0, 19 ] [ [ "odd", 39 ], [ "tt", 132 ] ] -9924617244 372457 1 
[ 0, 19 ] [ [ "odd", 40 ], [ "tt", 131 ] ] -8002555644 372458 1 
[ 0, 19 ] [ [ "odd", 41 ], [ "tt", 130 ] ] -7449130172 372459 1 
[ 0, 19 ] [ [ "odd", 42 ], [ "tt", 129 ] ] -3891575324 372460 1 
[ 0, 19 ] [ [ "odd", 43 ], [ "tt", 128 ] ] -1643515796 372461 1 
[ 0, 19 ] [ [ "odd", 43 ], [ "tt", 128 ] ] -7393199924 372462 1 
[ 0, 19 ] [ [ "odd", 44 ], [ "tt", 127 ] ] -4383407144 372463 1 
[ 0, 21 ] [ [ "odd", 71 ], [ "tt", 136 ], [ "zf", 3 ] ] -552518292 372469 6 
[ 0, 21 ] [ [ "odd", 70 ], [ "tt", 137 ], [ "zf", 3 ] ] -1165815436 372471 2 
[ 0, 19 ] [ [ "odd", 51 ], [ "tt", 120 ] ] -1985682664 372476 5 
[ 0, 19 ] [ [ "odd", 52 ], [ "tt", 119 ] ] -1647767544 372477 1 
[ 0, 19 ] [ [ "odd", 53 ], [ "tt", 118 ] ] -1231807924 372478 1 
[ 0, 19 ] [ [ "odd", 53 ], [ "tt", 118 ] ] -1231807924 372479 1 
reset 382479 
[ 0, 19 ] [ [ "odd", 34 ], [ "tt", 137 ] ] -33678257736 382515 36 
[ 0, 19 ] [ [ "odd", 35 ], [ "tt", 136 ] ] -31445792328 382516 1 
[ 0, 19 ] [ [ "odd", 36 ], [ "tt", 135 ] ] -28383295752 382517 1 
[ 0, 19 ] [ [ "odd", 37 ], [ "tt", 134 ] ] -25169473288 382518 1 
[ 0, 19 ] [ [ "odd", 38 ], [ "tt", 133 ] ] -22943169832 382519 1 
[ 0, 19 ] [ [ "odd", 39 ], [ "tt", 132 ] ] -21627484804 382520 1 
[ 0, 19 ] [ [ "odd", 41 ], [ "tt", 130 ] ] -18915672508 382522 2 
[ 0, 19 ] [ [ "odd", 42 ], [ "tt", 129 ] ] -17992754108 382523 1 
[ 0, 19 ] [ [ "odd", 42 ], [ "tt", 129 ] ] -17992754108 382524 1 
[ 0, 19 ] [ [ "odd", 43 ], [ "tt", 128 ] ] -16592600520 382525 1 
[ 0, 19 ] [ [ "odd", 44 ], [ "tt", 127 ] ] -14993717056 382526 1 
[ 0, 19 ] [ [ "odd", 45 ], [ "tt", 126 ] ] -13779421736 382527 1 
[ 0, 19 ] [ [ "odd", 47 ], [ "tt", 124 ] ] -5546530508 382529 2 
[ 0, 19 ] [ [ "odd", 48 ], [ "tt", 123 ] ] -5957543244 382530 1 
[ 0, 19 ] [ [ "odd", 49 ], [ "tt", 122 ] ] -5374460204 382531 1 
[ 0, 19 ] [ [ "odd", 50 ], [ "tt", 121 ] ] -4247662736 382532 1 
[ 0, 19 ] [ [ "odd", 50 ], [ "tt", 121 ] ] -4247662736 382533 1 
[ 0, 19 ] [ [ "odd", 51 ], [ "tt", 120 ] ] -2928887740 382534 1 
[ 0, 19 ] [ [ "odd", 51 ], [ "tt", 120 ] ] -3839360188 382535 1 
[ 0, 19 ] [ [ "odd", 51 ], [ "tt", 120 ] ] -3839360188 382536 1 
[ 0, 19 ] [ [ "odd", 52 ], [ "tt", 119 ] ] -2489563844 382537 1 
[ 0, 19 ] [ [ "odd", 53 ], [ "tt", 118 ] ] -530024604 382538 1 
[ 0, 19 ] [ [ "odd", 54 ], [ "tt", 117 ] ] -804598248 382539 1 
[ 0, 20 ] [ [ "odd", 69 ], [ "tt", 121 ] ] -400385100 382540 1 
reset 392540 
[ 0, 19 ] [ [ "odd", 31 ], [ "tt", 140 ] ] -22664702008 392572 32 
[ 0, 19 ] [ [ "odd", 32 ], [ "tt", 139 ] ] -17310345016 392573 1 
[ 0, 19 ] [ [ "odd", 38 ], [ "tt", 133 ] ] -729975956 392581 8 
[ 0, 19 ] [ [ "odd", 40 ], [ "tt", 131 ] ] -1482459168 392583 2 
[ 0, 22 ] [ [ "odd", 69 ], [ "tt", 156 ], [ "zf", 6 ] ] -658562472 392584 1 
reset 402584 
[ 0, 19 ] [ [ "odd", 27 ], [ "tt", 144 ] ] -65096924272 402614 30 
[ 0, 19 ] [ [ "odd", 27 ], [ "tt", 144 ] ] -61455019376 402615 1 
[ 0, 19 ] [ [ "odd", 28 ], [ "tt", 143 ] ] -52520396048 402616 1 
[ 0, 19 ] [ [ "odd", 29 ], [ "tt", 142 ] ] -51614166296 402617 1 
[ 0, 19 ] [ [ "odd", 30 ], [ "tt", 141 ] ] -50624773504 402618 1 
[ 0, 19 ] [ [ "odd", 31 ], [ "tt", 140 ] ] -40822473940 402619 1 
[ 0, 19 ] [ [ "odd", 32 ], [ "tt", 139 ] ] -36869953156 402620 1 
[ 0, 19 ] [ [ "odd", 33 ], [ "tt", 138 ] ] -33001131888 402621 1 
[ 0, 19 ] [ [ "odd", 34 ], [ "tt", 137 ] ] -28822798440 402622 1 
[ 0, 19 ] [ [ "odd", 36 ], [ "tt", 135 ] ] -21667508812 402624 2 
[ 0, 19 ] [ [ "odd", 37 ], [ "tt", 134 ] ] -19260400400 402625 1 
[ 0, 19 ] [ [ "odd", 37 ], [ "tt", 134 ] ] -19260400400 402626 1 
[ 0, 19 ] [ [ "odd", 38 ], [ "tt", 133 ] ] -15528906560 402627 1 
[ 0, 19 ] [ [ "odd", 39 ], [ "tt", 132 ] ] -11005454592 402629 2 
[ 0, 19 ] [ [ "odd", 40 ], [ "tt", 131 ] ] -7622923168 402630 1 
[ 0, 19 ] [ [ "odd", 41 ], [ "tt", 130 ] ] -4617866896 402631 1 
[ 0, 19 ] [ [ "odd", 41 ], [ "tt", 130 ] ] -4617866896 402632 1 
[ 0, 19 ] [ [ "odd", 42 ], [ "tt", 129 ] ] -4965246928 402633 1 
[ 0, 19 ] [ [ "odd", 44 ], [ "tt", 127 ] ] -2984309920 402635 2 
[ 0, 19 ] [ [ "odd", 46 ], [ "tt", 125 ] ] -561750864 402638 3 
[ 0, 20 ] [ [ "odd", 57 ], [ "tt", 133 ] ] -1858569616 402639 1 
[ 0, 20 ] [ [ "odd", 58 ], [ "tt", 132 ] ] -1441857656 402641 2 
[ 0, 20 ] [ [ "odd", 58 ], [ "tt", 132 ] ] -1705181656 402642 1 
[ 0, 27 ] [ [ "odd", 126 ], [ "tt", 201 ], [ "zf", 24 ] ] -94281736 402643 1 
[ 0, 31 ] [ [ "odd", 197 ], [ "tt", 241 ], [ "zf", 27 ] ] -53151960 402645 2 
[ 0, 24 ] [ [ "odd", 106 ], [ "tt", 161 ], [ "zf", 9 ] ] -122816092 402646 1 
[ 0, 38 ] [ [ "odd", 305 ], [ "tt", 338 ], [ "zf", 60 ] ] -33984732 402649 3 
[ 0, 20 ] [ [ "odd", 63 ], [ "tt", 127 ] ] -1154846124 402650 1 
[ 0, 26 ] [ [ "odd", 121 ], [ "tt", 192 ], [ "zf", 12 ] ] -167792096 402653 3 
reset 412653 
[ 0, 19 ] [ [ "odd", 33 ], [ "tt", 138 ] ] -33134392660 412692 39 
[ 0, 21 ] [ [ "odd", 59 ], [ "tt", 148 ], [ "zf", 3 ] ] -3992059248 412704 12 
[ 0, 21 ] [ [ "odd", 59 ], [ "tt", 148 ], [ "zf", 3 ] ] -3445126048 412705 1 
[ 0, 19 ] [ [ "odd", 40 ], [ "tt", 131 ] ] -12679334000 412708 3 
reset 422708 
[ 0, 19 ] [ [ "odd", 28 ], [ "tt", 143 ] ] -67809509656 422743 35 
[ 0, 19 ] [ [ "odd", 31 ], [ "tt", 140 ] ] -51473560760 422746 3 
[ 0, 19 ] [ [ "odd", 34 ], [ "tt", 137 ] ] -33577799896 422750 4 
[ 0, 19 ] [ [ "odd", 36 ], [ "tt", 135 ] ] -25729090488 422752 2 
[ 0, 19 ] [ [ "odd", 39 ], [ "tt", 132 ] ] -19798840228 422755 3 
[ 0, 19 ] [ [ "odd", 40 ], [ "tt", 131 ] ] -18527433780 422756 1 
[ 0, 19 ] [ [ "odd", 42 ], [ "tt", 129 ] ] -14736781392 422758 2 
[ 0, 19 ] [ [ "odd", 42 ], [ "tt", 129 ] ] -14736781392 422761 3 
[ 0, 19 ] [ [ "odd", 43 ], [ "tt", 128 ] ] -9389550188 422762 1 
[ 0, 19 ] [ [ "odd", 43 ], [ "tt", 128 ] ] -9389550188 422763 1 
[ 0, 19 ] [ [ "odd", 44 ], [ "tt", 127 ] ] -6473849644 422764 1 
[ 0, 19 ] [ [ "odd", 45 ], [ "tt", 126 ] ] -6446931000 422765 1 
[ 0, 19 ] [ [ "odd", 45 ], [ "tt", 126 ] ] -6446931000 422766 1 
reset 432766 
[ 0, 19 ] [ [ "odd", 23 ], [ "tt", 148 ] ] -88773373304 432790 24 
[ 0, 19 ] [ [ "odd", 24 ], [ "tt", 147 ] ] -80084042936 432791 1 
[ 0, 19 ] [ [ "odd", 24 ], [ "tt", 147 ] ] -84882424824 432792 1 
[ 0, 19 ] [ [ "odd", 25 ], [ "tt", 146 ] ] -73000537336 432793 1 
[ 0, 19 ] [ [ "odd", 26 ], [ "tt", 145 ] ] -60030239160 432795 2 
[ 0, 19 ] [ [ "odd", 27 ], [ "tt", 144 ] ] -57659843256 432796 1 
[ 0, 19 ] [ [ "odd", 28 ], [ "tt", 143 ] ] -52948273464 432797 1 
[ 0, 19 ] [ [ "odd", 31 ], [ "tt", 140 ] ] -42808795576 432800 3 
[ 0, 19 ] [ [ "odd", 33 ], [ "tt", 138 ] ] -28858082040 432802 2 
[ 0, 19 ] [ [ "odd", 37 ], [ "tt", 134 ] ] -11678478360 432806 4 
[ 0, 19 ] [ [ "odd", 38 ], [ "tt", 133 ] ] -9805170072 432807 1 
[ 0, 19 ] [ [ "odd", 39 ], [ "tt", 132 ] ] -4635759512 432808 1 
[ 0, 19 ] [ [ "odd", 43 ], [ "tt", 128 ] ] -2940390680 432814 6 
[ 0, 19 ] [ [ "odd", 44 ], [ "tt", 127 ] ] -1392531096 432815 1 
[ 0, 19 ] [ [ "odd", 44 ], [ "tt", 127 ] ] -3988416344 432816 1 
[ 0, 19 ] [ [ "odd", 46 ], [ "tt", 125 ] ] -2832775288 432822 6 
[ 0, 19 ] [ [ "odd", 47 ], [ "tt", 124 ] ] -1042717848 432823 1 
[ 0, 19 ] [ [ "odd", 52 ], [ "tt", 119 ] ] -2585079992 432831 8 
[ 0, 19 ] [ [ "odd", 52 ], [ "tt", 119 ] ] -2585079992 432832 1 
reset 442832 
[ 0, 19 ] [ [ "odd", 24 ], [ "tt", 147 ] ] -80635927024 442859 27 
[ 0, 19 ] [ [ "odd", 25 ], [ "tt", 146 ] ] -75331076080 442860 1 
[ 0, 19 ] [ [ "odd", 26 ], [ "tt", 145 ] ] -66637563248 442861 1 
[ 0, 19 ] [ [ "odd", 26 ], [ "tt", 145 ] ] -66637563248 442862 1 
[ 0, 19 ] [ [ "odd", 27 ], [ "tt", 144 ] ] -54781665264 442863 1 
[ 0, 19 ] [ [ "odd", 28 ], [ "tt", 143 ] ] -47132344816 442864 1 
[ 0, 19 ] [ [ "odd", 29 ], [ "tt", 142 ] ] -40575228376 442865 1 
[ 0, 19 ] [ [ "odd", 30 ], [ "tt", 141 ] ] -36712245832 442866 1 
[ 0, 19 ] [ [ "odd", 31 ], [ "tt", 140 ] ] -31426892344 442867 1 
[ 0, 19 ] [ [ "odd", 32 ], [ "tt", 139 ] ] -26081603900 442868 1 
[ 0, 19 ] [ [ "odd", 33 ], [ "tt", 138 ] ] -24545949580 442870 2 
[ 0, 19 ] [ [ "odd", 34 ], [ "tt", 137 ] ] -22480894216 442871 1 
[ 0, 19 ] [ [ "odd", 35 ], [ "tt", 136 ] ] -19759030956 442872 1 
[ 0, 19 ] [ [ "odd", 36 ], [ "tt", 135 ] ] -17530790020 442873 1 
[ 0, 19 ] [ [ "odd", 37 ], [ "tt", 134 ] ] -14416572808 442874 1 
[ 0, 19 ] [ [ "odd", 38 ], [ "tt", 133 ] ] -13976821180 442875 1 
[ 0, 19 ] [ [ "odd", 39 ], [ "tt", 132 ] ] -7284156924 442876 1 
[ 0, 19 ] [ [ "odd", 41 ], [ "tt", 130 ] ] -5728405056 442879 3 
[ 0, 19 ] [ [ "odd", 42 ], [ "tt", 129 ] ] -5198894936 442880 1 
[ 0, 19 ] [ [ "odd", 43 ], [ "tt", 128 ] ] -4184160604 442881 1 
[ 0, 19 ] [ [ "odd", 43 ], [ "tt", 128 ] ] -5294308956 442882 1 
[ 0, 19 ] [ [ "odd", 43 ], [ "tt", 128 ] ] -5294308956 442883 1 
[ 0, 19 ] [ [ "odd", 46 ], [ "tt", 125 ] ] -2042313056 442886 3 
[ 0, 19 ] [ [ "odd", 47 ], [ "tt", 124 ] ] -3329737968 442887 1 
[ 0, 23 ] [ [ "odd", 80 ], [ "tt", 161 ], [ "zf", 12 ] ] -785346872 442888 1 
[ 0, 23 ] [ [ "odd", 77 ], [ "tt", 164 ], [ "zf", 12 ] ] -584514116 442889 1 
[ 0, 23 ] [ [ "odd", 92 ], [ "tt", 149 ], [ "zf", 12 ] ] -203410624 442893 4 
[ 0, 19 ] [ [ "odd", 52 ], [ "tt", 119 ] ] -2539903472 442894 1 
[ 0, 19 ] [ [ "odd", 53 ], [ "tt", 118 ] ] -1480063024 442895 1 
reset 452895 
[ 0, 19 ] [ [ "odd", 25 ], [ "tt", 146 ] ] -54478054584 452922 27 
[ 0, 19 ] [ [ "odd", 26 ], [ "tt", 145 ] ] -48581316728 452923 1 
[ 0, 19 ] [ [ "odd", 26 ], [ "tt", 145 ] ] -48581316728 452924 1 
[ 0, 19 ] [ [ "odd", 27 ], [ "tt", 144 ] ] -45008524664 452925 1 
[ 0, 19 ] [ [ "odd", 28 ], [ "tt", 143 ] ] -40639522856 452926 1 
[ 0, 19 ] [ [ "odd", 32 ], [ "tt", 139 ] ] -17527671728 452931 5 
[ 0, 19 ] [ [ "odd", 33 ], [ "tt", 138 ] ] -20485006848 452932 1 
[ 0, 19 ] [ [ "odd", 34 ], [ "tt", 137 ] ] -17955532640 452933 1 
[ 0, 19 ] [ [ "odd", 35 ], [ "tt", 136 ] ] -14031273472 452934 1 
[ 0, 19 ] [ [ "odd", 36 ], [ "tt", 135 ] ] -12509327612 452935 1 
[ 0, 19 ] [ [ "odd", 37 ], [ "tt", 134 ] ] -12208659692 452937 2 
[ 0, 19 ] [ [ "odd", 38 ], [ "tt", 133 ] ] -10497990704 452938 1 
[ 0, 19 ] [ [ "odd", 39 ], [ "tt", 132 ] ] -11051095344 452939 1 
[ 0, 19 ] [ [ "odd", 40 ], [ "tt", 131 ] ] -10092707248 452940 1 
[ 0, 19 ] [ [ "odd", 41 ], [ "tt", 130 ] ] -6176968968 452941 1 
[ 0, 19 ] [ [ "odd", 43 ], [ "tt", 128 ] ] -2068332504 452943 2 
[ 0, 47 ] [ [ "odd", 493 ], [ "tt", 495 ], [ "zf", 93 ] ] -5764688 452952 9 
[ 0, 22 ] [ [ "odd", 86 ], [ "tt", 142 ], [ "zf", 3 ] ] -129623164 452962 10 
[ 0, 22 ] [ [ "odd", 89 ], [ "tt", 139 ], [ "zf", 3 ] ] -122581020 452964 2 
reset 462964 
[ 0, 19 ] [ [ "odd", 34 ], [ "tt", 137 ] ] -35210572536 463003 39 
[ 0, 19 ] [ [ "odd", 35 ], [ "tt", 136 ] ] -27307465784 463004 1 
[ 0, 19 ] [ [ "odd", 36 ], [ "tt", 135 ] ] -23933828792 463005 1 
[ 0, 20 ] [ [ "odd", 48 ], [ "tt", 142 ] ] -14414446616 463008 3 
[ 0, 20 ] [ [ "odd", 49 ], [ "tt", 141 ] ] -13092492108 463009 1 
[ 0, 20 ] [ [ "odd", 50 ], [ "tt", 140 ] ] -11394930768 463011 2 
[ 0, 20 ] [ [ "odd", 51 ], [ "tt", 139 ] ] -10207373900 463012 1 
[ 0, 20 ] [ [ "odd", 53 ], [ "tt", 137 ] ] -8168788464 463013 1 
[ 0, 20 ] [ [ "odd", 54 ], [ "tt", 136 ] ] -4232537408 463014 1 
[ 0, 20 ] [ [ "odd", 54 ], [ "tt", 136 ] ] -4921600320 463015 1 
[ 0, 20 ] [ [ "odd", 56 ], [ "tt", 134 ] ] -1499738360 463016 1 
[ 0, 20 ] [ [ "odd", 58 ], [ "tt", 132 ] ] -2135603792 463017 1 
[ 0, 20 ] [ [ "odd", 59 ], [ "tt", 131 ] ] -1888206476 463018 1 
[ 0, 20 ] [ [ "odd", 59 ], [ "tt", 131 ] ] -1888206476 463019 1 
[ 0, 20 ] [ [ "odd", 59 ], [ "tt", 131 ] ] -1888206476 463020 1 
[ 0, 35 ] [ [ "odd", 292 ], [ "tt", 264 ], [ "zf", 39 ] ] -33084040 463049 29 
[ 0, 35 ] [ [ "odd", 292 ], [ "tt", 264 ], [ "zf", 39 ] ] -33084040 463050 1 
[ 0, 35 ] [ [ "odd", 292 ], [ "tt", 264 ], [ "zf", 39 ] ] -33084040 463051 1 
[ 0, 42 ] [ [ "odd", 437 ], [ "tt", 376 ], [ "zf", 48 ] ] -9163844 463052 1 
[ 0, 32 ] [ [ "odd", 247 ], [ "tt", 219 ], [ "zf", 30 ] ] -23343296 463053 1 
[ 0, 36 ] [ [ "odd", 318 ], [ "tt", 273 ], [ "zf", 39 ] ] -15607880 463054 1 
[ 0, 36 ] [ [ "odd", 318 ], [ "tt", 273 ], [ "zf", 39 ] ] -15607880 463055 1 
reset 473055 
[ 0, 19 ] [ [ "odd", 30 ], [ "tt", 141 ] ] -44999317736 473090 35 
[ 0, 19 ] [ [ "odd", 31 ], [ "tt", 140 ] ] -40752313484 473091 1 
[ 0, 19 ] [ [ "odd", 32 ], [ "tt", 139 ] ] -37355968220 473092 1 
[ 0, 19 ] [ [ "odd", 32 ], [ "tt", 139 ] ] -45191506972 473093 1 
[ 0, 19 ] [ [ "odd", 33 ], [ "tt", 138 ] ] -39997839304 473095 2 
[ 0, 19 ] [ [ "odd", 34 ], [ "tt", 137 ] ] -36445670392 473096 1 
[ 0, 19 ] [ [ "odd", 35 ], [ "tt", 136 ] ] -33946126168 473097 1 
[ 0, 19 ] [ [ "odd", 36 ], [ "tt", 135 ] ] -30855926152 473098 1 
[ 0, 19 ] [ [ "odd", 37 ], [ "tt", 134 ] ] -28032616648 473099 1 
[ 0, 19 ] [ [ "odd", 37 ], [ "tt", 134 ] ] -28032616648 473100 1 
[ 0, 19 ] [ [ "odd", 38 ], [ "tt", 133 ] ] -25089256196 473101 1 
[ 0, 19 ] [ [ "odd", 39 ], [ "tt", 132 ] ] -23836013620 473102 1 
[ 0, 19 ] [ [ "odd", 40 ], [ "tt", 131 ] ] -19477201684 473103 1 
[ 0, 19 ] [ [ "odd", 40 ], [ "tt", 131 ] ] -17632416084 473104 1 
[ 0, 19 ] [ [ "odd", 41 ], [ "tt", 130 ] ] -15876966980 473105 1 
[ 0, 19 ] [ [ "odd", 42 ], [ "tt", 129 ] ] -11411857100 473106 1 
[ 0, 19 ] [ [ "odd", 43 ], [ "tt", 128 ] ] -6525549908 473107 1 
[ 0, 19 ] [ [ "odd", 44 ], [ "tt", 127 ] ] -5560936052 473108 1 
[ 0, 19 ] [ [ "odd", 45 ], [ "tt", 126 ] ] -4970775252 473109 1 
[ 0, 19 ] [ [ "odd", 45 ], [ "tt", 126 ] ] -4970775252 473110 1 
[ 0, 19 ] [ [ "odd", 46 ], [ "tt", 125 ] ] -4317452660 473111 1 
[ 0, 19 ] [ [ "odd", 49 ], [ "tt", 122 ] ] -4014655988 473114 3 
[ 0, 19 ] [ [ "odd", 50 ], [ "tt", 121 ] ] -2113379828 473115 1 
[ 0, 19 ] [ [ "odd", 51 ], [ "tt", 120 ] ] -1185577232 473116 1 
[ 0, 19 ] [ [ "odd", 52 ], [ "tt", 119 ] ] -930409508 473117 1 
reset 483117 
[ 0, 19 ] [ [ "odd", 28 ], [ "tt", 143 ] ] -39438687224 483147 30 
[ 0, 19 ] [ [ "odd", 44 ], [ "tt", 127 ] ] -8500861400 483170 23 
[ 0, 20 ] [ [ "odd", 50 ], [ "tt", 140 ] ] -2503100312 483171 1 
[ 0, 19 ] [ [ "odd", 50 ], [ "tt", 121 ] ] -330587856 483182 11 
reset 493182 
[ 0, 19 ] [ [ "odd", 24 ], [ "tt", 147 ] ] -86261356912 493206 24 
[ 0, 19 ] [ [ "odd", 25 ], [ "tt", 146 ] ] -82853535472 493207 1 
[ 0, 19 ] [ [ "odd", 28 ], [ "tt", 143 ] ] -61285715632 493210 3 
[ 0, 19 ] [ [ "odd", 29 ], [ "tt", 142 ] ] -54813088304 493211 1 
[ 0, 19 ] [ [ "odd", 37 ], [ "tt", 134 ] ] -24497679072 493220 9 
[ 0, 19 ] [ [ "odd", 38 ], [ "tt", 133 ] ] -23896360816 493221 1 
[ 0, 19 ] [ [ "odd", 38 ], [ "tt", 133 ] ] -23896360816 493222 1 
[ 0, 19 ] [ [ "odd", 38 ], [ "tt", 133 ] ] -23896360816 493223 1 
[ 0, 19 ] [ [ "odd", 40 ], [ "tt", 131 ] ] -18595563184 493225 2 
[ 0, 19 ] [ [ "odd", 41 ], [ "tt", 130 ] ] -15518514268 493226 1 
[ 0, 19 ] [ [ "odd", 42 ], [ "tt", 129 ] ] -15435926488 493227 1 
[ 0, 19 ] [ [ "odd", 43 ], [ "tt", 128 ] ] -13706097168 493228 1 
[ 0, 19 ] [ [ "odd", 43 ], [ "tt", 128 ] ] -10062627856 493229 1 
[ 0, 19 ] [ [ "odd", 45 ], [ "tt", 126 ] ] -6567672812 493231 2 
[ 0, 19 ] [ [ "odd", 46 ], [ "tt", 125 ] ] -5800402148 493232 1 
[ 0, 19 ] [ [ "odd", 47 ], [ "tt", 124 ] ] -5331915492 493233 1 
[ 0, 19 ] [ [ "odd", 47 ], [ "tt", 124 ] ] -5331915492 493234 1 
[ 0, 19 ] [ [ "odd", 51 ], [ "tt", 120 ] ] -3155606896 493240 6 
[ 0, 19 ] [ [ "odd", 51 ], [ "tt", 120 ] ] -3155606896 493241 1 
[ 0, 19 ] [ [ "odd", 52 ], [ "tt", 119 ] ] -2968607984 493242 1 
[ 0, 19 ] [ [ "odd", 53 ], [ "tt", 118 ] ] -2869643536 493243 1 
[ 0, 19 ] [ [ "odd", 54 ], [ "tt", 117 ] ] -2668173216 493244 1 
[ 0, 19 ] [ [ "odd", 55 ], [ "tt", 116 ] ] -559984836 493245 1 
reset 503245 
[ 0, 19 ] [ [ "odd", 35 ], [ "tt", 136 ] ] -31100231568 503287 42 
[ 0, 19 ] [ [ "odd", 36 ], [ "tt", 135 ] ] -28683121464 503288 1 
[ 0, 19 ] [ [ "odd", 36 ], [ "tt", 135 ] ] -20960773192 503289 1 
[ 0, 19 ] [ [ "odd", 37 ], [ "tt", 134 ] ] -16201074816 503290 1 
[ 0, 19 ] [ [ "odd", 38 ], [ "tt", 133 ] ] -14682809784 503291 1 
[ 0, 19 ] [ [ "odd", 39 ], [ "tt", 132 ] ] -10240690476 503292 1 
[ 0, 19 ] [ [ "odd", 40 ], [ "tt", 131 ] ] -8188509036 503293 1 
[ 0, 19 ] [ [ "odd", 41 ], [ "tt", 130 ] ] -7031768836 503294 1 
[ 0, 19 ] [ [ "odd", 42 ], [ "tt", 129 ] ] -3706107428 503295 1 
[ 0, 19 ] [ [ "odd", 43 ], [ "tt", 128 ] ] -2762930620 503296 1 
[ 0, 19 ] [ [ "odd", 43 ], [ "tt", 128 ] ] -2762930620 503297 1 
[ 0, 19 ] [ [ "odd", 44 ], [ "tt", 127 ] ] -1278729408 503298 1 
[ 0, 19 ] [ [ "odd", 45 ], [ "tt", 126 ] ] -334787016 503299 1 
[ 0, 19 ] [ [ "odd", 47 ], [ "tt", 124 ] ] -379313244 503302 3 
[ 0, 19 ] [ [ "odd", 48 ], [ "tt", 123 ] ] -566547808 503303 1 
[ 0, 19 ] [ [ "odd", 48 ], [ "tt", 123 ] ] -566547808 503304 1 
reset 513304 
[ 0, 19 ] [ [ "odd", 19 ], [ "tt", 152 ] ] -148318702448 513322 18 
[ 0, 19 ] [ [ "odd", 20 ], [ "tt", 151 ] ] -136963855088 513323 1 
[ 0, 19 ] [ [ "odd", 22 ], [ "tt", 149 ] ] -115105762652 513326 3 
[ 0, 19 ] [ [ "odd", 23 ], [ "tt", 148 ] ] -103336372548 513327 1 
[ 0, 19 ] [ [ "odd", 24 ], [ "tt", 147 ] ] -99605061220 513328 1 
[ 0, 19 ] [ [ "odd", 25 ], [ "tt", 146 ] ] -92157124420 513330 2 
[ 0, 19 ] [ [ "odd", 26 ], [ "tt", 145 ] ] -82328926620 513331 1 
[ 0, 19 ] [ [ "odd", 27 ], [ "tt", 144 ] ] -75172520864 513332 1 
[ 0, 19 ] [ [ "odd", 28 ], [ "tt", 143 ] ] -63429669640 513333 1 
[ 0, 19 ] [ [ "odd", 28 ], [ "tt", 143 ] ] -63429669640 513334 1 
[ 0, 19 ] [ [ "odd", 29 ], [ "tt", 142 ] ] -58325506756 513335 1 
[ 0, 19 ] [ [ "odd", 30 ], [ "tt", 141 ] ] -49222213292 513336 1 
[ 0, 19 ] [ [ "odd", 31 ], [ "tt", 140 ] ] -43807294496 513337 1 
[ 0, 19 ] [ [ "odd", 33 ], [ "tt", 138 ] ] -28952270916 513339 2 
[ 0, 19 ] [ [ "odd", 34 ], [ "tt", 137 ] ] -25587281252 513340 1 
[ 0, 19 ] [ [ "odd", 36 ], [ "tt", 135 ] ] -21165001604 513342 2 
[ 0, 19 ] [ [ "odd", 37 ], [ "tt", 134 ] ] -21663316032 513343 1 
[ 0, 19 ] [ [ "odd", 40 ], [ "tt", 131 ] ] -12272875224 513349 6 
[ 0, 19 ] [ [ "odd", 41 ], [ "tt", 130 ] ] -13273864404 513350 1 
[ 0, 19 ] [ [ "odd", 42 ], [ "tt", 129 ] ] -11799743856 513351 1 
[ 0, 19 ] [ [ "odd", 43 ], [ "tt", 128 ] ] -9101050760 513352 1 
[ 0, 19 ] [ [ "odd", 44 ], [ "tt", 127 ] ] -1499785424 513353 1 
[ 0, 19 ] [ [ "odd", 45 ], [ "tt", 126 ] ] -1153468296 513354 1 
[ 0, 19 ] [ [ "odd", 45 ], [ "tt", 126 ] ] -1153468296 513355 1 
[ 0, 19 ] [ [ "odd", 47 ], [ "tt", 124 ] ] -1514417944 513357 2 
[ 0, 19 ] [ [ "odd", 48 ], [ "tt", 123 ] ] -2852860504 513358 1 
[ 0, 21 ] [ [ "odd", 65 ], [ "tt", 142 ], [ "zf", 3 ] ] -135418036 513359 1 
[ 0, 19 ] [ [ "odd", 50 ], [ "tt", 121 ] ] -278019380 513360 1 
[ 0, 19 ] [ [ "odd", 50 ], [ "tt", 121 ] ] -1594445076 513361 1 
[ 0, 19 ] [ [ "odd", 51 ], [ "tt", 120 ] ] -1635527152 513362 1 
[ 0, 19 ] [ [ "odd", 52 ], [ "tt", 119 ] ] -1336629972 513363 1 
[ 0, 19 ] [ [ "odd", 53 ], [ "tt", 118 ] ] -817508884 513364 1 
[ 0, 20 ] [ [ "odd", 63 ], [ "tt", 127 ] ] -704487748 513365 1 
[ 0, 24 ] [ [ "odd", 92 ], [ "tt", 172 ], [ "zf", 12 ] ] -759290404 513367 2 
[ 0, 24 ] [ [ "odd", 92 ], [ "tt", 172 ], [ "zf", 12 ] ] -714459508 513368 1 
[ 0, 30 ] [ [ "odd", 168 ], [ "tt", 243 ], [ "zf", 24 ] ] -20665348 513369 1 
[ 0, 27 ] [ [ "odd", 126 ], [ "tt", 201 ], [ "zf", 24 ] ] -107673412 513370 1 
[ 0, 20 ] [ [ "odd", 63 ], [ "tt", 127 ] ] -463191740 513371 1 
[ 0, 20 ] [ [ "odd", 64 ], [ "tt", 126 ] ] -220818320 513372 1 
reset 523372 
[ 0, 19 ] [ [ "odd", 22 ], [ "tt", 149 ] ] -111416587384 523398 26 
[ 0, 19 ] [ [ "odd", 25 ], [ "tt", 146 ] ] -89511189528 523401 3 
[ 0, 19 ] [ [ "odd", 27 ], [ "tt", 144 ] ] -73418792024 523403 2 
[ 0, 19 ] [ [ "odd", 32 ], [ "tt", 139 ] ] -40918677048 523411 8 
[ 0, 19 ] [ [ "odd", 33 ], [ "tt", 138 ] ] -36642579448 523412 1 
[ 0, 19 ] [ [ "odd", 34 ], [ "tt", 137 ] ] -35464142872 523413 1 
[ 0, 19 ] [ [ "odd", 35 ], [ "tt", 136 ] ] -31442077048 523414 1 
[ 0, 19 ] [ [ "odd", 36 ], [ "tt", 135 ] ] -24457765528 523415 1 
[ 0, 19 ] [ [ "odd", 37 ], [ "tt", 134 ] ] -20916687064 523416 1 
[ 0, 19 ] [ [ "odd", 39 ], [ "tt", 132 ] ] -15537056568 523420 4 
[ 0, 19 ] [ [ "odd", 41 ], [ "tt", 130 ] ] -11876031032 523422 2 
[ 0, 19 ] [ [ "odd", 42 ], [ "tt", 129 ] ] -11973167928 523424 2 
[ 0, 19 ] [ [ "odd", 43 ], [ "tt", 128 ] ] -10387854616 523425 1 
[ 0, 19 ] [ [ "odd", 43 ], [ "tt", 128 ] ] -11711520464 523426 1 
[ 0, 19 ] [ [ "odd", 45 ], [ "tt", 126 ] ] -6125364924 523428 2 
[ 0, 19 ] [ [ "odd", 45 ], [ "tt", 126 ] ] -4867525884 523429 1 
[ 0, 19 ] [ [ "odd", 45 ], [ "tt", 126 ] ] -4867525884 523430 1 
[ 0, 19 ] [ [ "odd", 46 ], [ "tt", 125 ] ] -7300239900 523432 2 
[ 0, 19 ] [ [ "odd", 47 ], [ "tt", 124 ] ] -5329080340 523433 1 
[ 0, 19 ] [ [ "odd", 48 ], [ "tt", 123 ] ] -3949563924 523434 1 
[ 0, 19 ] [ [ "odd", 48 ], [ "tt", 123 ] ] -4435465588 523436 2 
[ 0, 19 ] [ [ "odd", 49 ], [ "tt", 122 ] ] -4531448212 523437 1 
[ 0, 19 ] [ [ "odd", 50 ], [ "tt", 121 ] ] -4589898976 523438 1 
[ 0, 19 ] [ [ "odd", 50 ], [ "tt", 121 ] ] -4589898976 523439 1 
[ 0, 19 ] [ [ "odd", 51 ], [ "tt", 120 ] ] -4068826380 523441 2 
[ 0, 19 ] [ [ "odd", 51 ], [ "tt", 120 ] ] -4068826380 523442 1 
[ 0, 19 ] [ [ "odd", 52 ], [ "tt", 119 ] ] -2241620152 523445 3 
reset 533445 
reset 543445 
[ 0, 19 ] [ [ "odd", 26 ], [ "tt", 145 ] ] -79612850040 543472 27 
[ 0, 19 ] [ [ "odd", 31 ], [ "tt", 140 ] ] -48712774924 543478 6 
[ 0, 19 ] [ [ "odd", 31 ], [ "tt", 140 ] ] -37339366156 543479 1 
[ 0, 19 ] [ [ "odd", 32 ], [ "tt", 139 ] ] -33848270412 543481 2 
[ 0, 19 ] [ [ "odd", 32 ], [ "tt", 139 ] ] -35358452076 543482 1 
[ 0, 19 ] [ [ "odd", 32 ], [ "tt", 139 ] ] -35358452076 543483 1 
[ 0, 19 ] [ [ "odd", 33 ], [ "tt", 138 ] ] -30885744732 543484 1 
[ 0, 19 ] [ [ "odd", 34 ], [ "tt", 137 ] ] -17755603900 543485 1 
[ 0, 19 ] [ [ "odd", 35 ], [ "tt", 136 ] ] -14525867288 543486 1 
[ 0, 19 ] [ [ "odd", 35 ], [ "tt", 136 ] ] -21347550992 543487 1 
[ 0, 19 ] [ [ "odd", 36 ], [ "tt", 135 ] ] -20943593620 543488 1 
[ 0, 19 ] [ [ "odd", 37 ], [ "tt", 134 ] ] -18439750868 543489 1 
[ 0, 19 ] [ [ "odd", 37 ], [ "tt", 134 ] ] -17056508708 543490 1 
[ 0, 19 ] [ [ "odd", 38 ], [ "tt", 133 ] ] -10391541764 543491 1 
[ 0, 19 ] [ [ "odd", 39 ], [ "tt", 132 ] ] -4262360636 543492 1 
[ 0, 19 ] [ [ "odd", 39 ], [ "tt", 132 ] ] -4262360636 543493 1 
[ 0, 19 ] [ [ "odd", 40 ], [ "tt", 131 ] ] -4110449664 543494 1 
[ 0, 19 ] [ [ "odd", 40 ], [ "tt", 131 ] ] -11067052736 543495 1 
[ 0, 19 ] [ [ "odd", 41 ], [ "tt", 130 ] ] -11018335752 543496 1 
[ 0, 19 ] [ [ "odd", 41 ], [ "tt", 130 ] ] -15775505392 543497 1 
[ 0, 19 ] [ [ "odd", 41 ], [ "tt", 130 ] ] -15775505392 543498 1 
[ 0, 21 ] [ [ "odd", 58 ], [ "tt", 149 ], [ "zf", 3 ] ] -5319801200 543500 2 
reset 553500 
[ 0, 19 ] [ [ "odd", 25 ], [ "tt", 146 ] ] -86540328248 553525 25 
[ 0, 19 ] [ [ "odd", 26 ], [ "tt", 145 ] ] -75046859000 553526 1 
[ 0, 19 ] [ [ "odd", 27 ], [ "tt", 144 ] ] -64993713656 553527 1 
[ 0, 19 ] [ [ "odd", 27 ], [ "tt", 144 ] ] -64993713656 553528 1 
[ 0, 19 ] [ [ "odd", 29 ], [ "tt", 142 ] ] -55257318520 553530 2 
[ 0, 19 ] [ [ "odd", 30 ], [ "tt", 141 ] ] -51267897144 553531 1 
[ 0, 19 ] [ [ "odd", 31 ], [ "tt", 140 ] ] -44965938604 553532 1 
[ 0, 19 ] [ [ "odd", 31 ], [ "tt", 140 ] ] -44632632172 553533 1 
[ 0, 19 ] [ [ "odd", 32 ], [ "tt", 139 ] ] -41286077136 553534 1 
[ 0, 19 ] [ [ "odd", 33 ], [ "tt", 138 ] ] -36460954356 553535 1 
[ 0, 19 ] [ [ "odd", 34 ], [ "tt", 137 ] ] -33468147400 553536 1 
[ 0, 19 ] [ [ "odd", 35 ], [ "tt", 136 ] ] -26127737928 553537 1 
[ 0, 19 ] [ [ "odd", 36 ], [ "tt", 135 ] ] -24885086988 553538 1 
[ 0, 19 ] [ [ "odd", 36 ], [ "tt", 135 ] ] -24885086988 553539 1 
[ 0, 19 ] [ [ "odd", 36 ], [ "tt", 135 ] ] -14221827356 553540 1 
[ 0, 19 ] [ [ "odd", 38 ], [ "tt", 133 ] ] -10484127476 553542 2 
[ 0, 20 ] [ [ "odd", 50 ], [ "tt", 140 ] ] -5084632420 553543 1 
[ 0, 22 ] [ [ "odd", 67 ], [ "tt", 158 ], [ "zf", 6 ] ] -2121322728 553544 1 
[ 0, 22 ] [ [ "odd", 67 ], [ "tt", 158 ], [ "zf", 6 ] ] -2121322728 553545 1 
[ 0, 21 ] [ [ "odd", 61 ], [ "tt", 146 ], [ "zf", 3 ] ] -2053795564 553549 4 
reset 563549 
[ 0, 19 ] [ [ "odd", 25 ], [ "tt", 146 ] ] -53394518424 563576 27 
[ 0, 19 ] [ [ "odd", 25 ], [ "tt", 146 ] ] -52060475544 563577 1 
[ 0, 19 ] [ [ "odd", 26 ], [ "tt", 145 ] ] -40714952280 563578 1 
[ 0, 21 ] [ [ "odd", 48 ], [ "tt", 159 ], [ "zf", 3 ] ] -14294771604 563586 8 
[ 0, 21 ] [ [ "odd", 49 ], [ "tt", 158 ], [ "zf", 3 ] ] -14044630644 563587 1 
[ 0, 21 ] [ [ "odd", 50 ], [ "tt", 157 ], [ "zf", 3 ] ] -12821717812 563588 1 
[ 0, 21 ] [ [ "odd", 52 ], [ "tt", 155 ], [ "zf", 3 ] ] -9714729736 563589 1 
[ 0, 21 ] [ [ "odd", 55 ], [ "tt", 152 ], [ "zf", 3 ] ] -7839684488 563591 2 
[ 0, 21 ] [ [ "odd", 56 ], [ "tt", 151 ], [ "zf", 3 ] ] -7100605276 563592 1 
[ 0, 19 ] [ [ "odd", 38 ], [ "tt", 133 ] ] -14662500348 563593 1 
[ 0, 19 ] [ [ "odd", 39 ], [ "tt", 132 ] ] -12110771196 563594 1 
[ 0, 19 ] [ [ "odd", 40 ], [ "tt", 131 ] ] -11809574568 563595 1 
[ 0, 19 ] [ [ "odd", 40 ], [ "tt", 131 ] ] -11809574568 563596 1 
[ 0, 19 ] [ [ "odd", 42 ], [ "tt", 129 ] ] -8736380312 563598 2 
[ 0, 19 ] [ [ "odd", 44 ], [ "tt", 127 ] ] -8020920600 563601 3 
[ 0, 19 ] [ [ "odd", 45 ], [ "tt", 126 ] ] -6752481336 563602 1 
[ 0, 19 ] [ [ "odd", 46 ], [ "tt", 125 ] ] -5963819416 563603 1 
[ 0, 19 ] [ [ "odd", 47 ], [ "tt", 124 ] ] -5216656968 563604 1 
[ 0, 19 ] [ [ "odd", 49 ], [ "tt", 122 ] ] -2244118872 563606 2 
[ 0, 19 ] [ [ "odd", 49 ], [ "tt", 122 ] ] -4857669128 563607 1 
[ 0, 19 ] [ [ "odd", 50 ], [ "tt", 121 ] ] -4570529032 563608 1 
[ 0, 19 ] [ [ "odd", 50 ], [ "tt", 121 ] ] -4570529032 563609 1 
[ 0, 19 ] [ [ "odd", 51 ], [ "tt", 120 ] ] -3977742408 563610 1 
[ 0, 19 ] [ [ "odd", 54 ], [ "tt", 117 ] ] -1774939404 563614 4 
reset 573614 
[ 0, 19 ] [ [ "odd", 34 ], [ "tt", 137 ] ] -34748148696 573651 37 
[ 0, 19 ] [ [ "odd", 36 ], [ "tt", 135 ] ] -28122648696 573653 2 
[ 0, 19 ] [ [ "odd", 37 ], [ "tt", 134 ] ] -22413016920 573654 1 
[ 0, 19 ] [ [ "odd", 37 ], [ "tt", 134 ] ] -22413016920 573655 1 
[ 0, 19 ] [ [ "odd", 42 ], [ "tt", 129 ] ] -9541132920 573662 7 
[ 0, 19 ] [ [ "odd", 43 ], [ "tt", 128 ] ] -7152679744 573663 1 
[ 0, 19 ] [ [ "odd", 44 ], [ "tt", 127 ] ] -5245890304 573664 1 
[ 0, 19 ] [ [ "odd", 45 ], [ "tt", 126 ] ] -5261615736 573665 1 
[ 0, 19 ] [ [ "odd", 46 ], [ "tt", 125 ] ] -2432407900 573666 1 
[ 0, 19 ] [ [ "odd", 47 ], [ "tt", 124 ] ] -2520705680 573667 1 
[ 0, 19 ] [ [ "odd", 48 ], [ "tt", 123 ] ] -2080315888 573668 1 
[ 0, 34 ] [ [ "odd", 214 ], [ "tt", 299 ], [ "zf", 48 ] ] -39809520 573669 1 
reset 583669 
[ 0, 19 ] [ [ "odd", 22 ], [ "tt", 149 ] ] -106403483576 583693 24 
[ 0, 19 ] [ [ "odd", 23 ], [ "tt", 148 ] ] -88027430456 583694 1 
[ 0, 19 ] [ [ "odd", 24 ], [ "tt", 147 ] ] -76191916088 583695 1 
[ 0, 19 ] [ [ "odd", 26 ], [ "tt", 145 ] ] -64539927324 583697 2 
[ 0, 19 ] [ [ "odd", 27 ], [ "tt", 144 ] ] -56003402804 583698 1 
[ 0, 19 ] [ [ "odd", 28 ], [ "tt", 143 ] ] -45561893460 583699 1 
[ 0, 19 ] [ [ "odd", 29 ], [ "tt", 142 ] ] -40156865748 583700 1 
[ 0, 19 ] [ [ "odd", 30 ], [ "tt", 141 ] ] -36250826196 583701 1 
[ 0, 19 ] [ [ "odd", 31 ], [ "tt", 140 ] ] -30348977840 583702 1 
[ 0, 19 ] [ [ "odd", 32 ], [ "tt", 139 ] ] -29383495516 583703 1 
[ 0, 19 ] [ [ "odd", 32 ], [ "tt", 139 ] ] -29383495516 583704 1 
[ 0, 19 ] [ [ "odd", 33 ], [ "tt", 138 ] ] -25602778164 583705 1 
[ 0, 19 ] [ [ "odd", 34 ], [ "tt", 137 ] ] -22184721956 583706 1 
[ 0, 19 ] [ [ "odd", 35 ], [ "tt", 136 ] ] -16158605004 583707 1 
[ 0, 19 ] [ [ "odd", 36 ], [ "tt", 135 ] ] -15248616740 583708 1 
[ 0, 19 ] [ [ "odd", 38 ], [ "tt", 133 ] ] -7875360520 583710 2 
[ 0, 19 ] [ [ "odd", 38 ], [ "tt", 133 ] ] -7875360520 583711 1 
[ 0, 19 ] [ [ "odd", 41 ], [ "tt", 130 ] ] -3998518752 583716 5 
[ 0, 19 ] [ [ "odd", 42 ], [ "tt", 129 ] ] -4672707080 583718 2 
[ 0, 19 ] [ [ "odd", 42 ], [ "tt", 129 ] ] -3255417320 583719 1 
[ 0, 19 ] [ [ "odd", 43 ], [ "tt", 128 ] ] -5633934540 583720 1 
[ 0, 19 ] [ [ "odd", 44 ], [ "tt", 127 ] ] -3986388316 583721 1 
[ 0, 19 ] [ [ "odd", 45 ], [ "tt", 126 ] ] -1902278260 583722 1 
reset 593722 
[ 0, 19 ] [ [ "odd", 31 ], [ "tt", 140 ] ] -40315183620 593756 34 
[ 0, 19 ] [ [ "odd", 32 ], [ "tt", 139 ] ] -34992452276 593757 1 
[ 0, 19 ] [ [ "odd", 33 ], [ "tt", 138 ] ] -29414519144 593758 1 
[ 0, 19 ] [ [ "odd", 34 ], [ "tt", 137 ] ] -27770971560 593759 1 
[ 0, 19 ] [ [ "odd", 35 ], [ "tt", 136 ] ] -25693155304 593761 2 
[ 0, 19 ] [ [ "odd", 37 ], [ "tt", 134 ] ] -22467223104 593763 2 
[ 0, 19 ] [ [ "odd", 38 ], [ "tt", 133 ] ] -20252976444 593764 1 
[ 0, 19 ] [ [ "odd", 39 ], [ "tt", 132 ] ] -18038911104 593765 1 
[ 0, 19 ] [ [ "odd", 40 ], [ "tt", 131 ] ] -17163059840 593766 1 
[ 0, 19 ] [ [ "odd", 41 ], [ "tt", 130 ] ] -14668889184 593767 1 
[ 0, 19 ] [ [ "odd", 42 ], [ "tt", 129 ] ] -15662959404 593768 1 
[ 0, 19 ] [ [ "odd", 43 ], [ "tt", 128 ] ] -11591457804 593769 1 
[ 0, 19 ] [ [ "odd", 44 ], [ "tt", 127 ] ] -9747557552 593770 1 
[ 0, 19 ] [ [ "odd", 45 ], [ "tt", 126 ] ] -9044279992 593771 1 
[ 0, 19 ] [ [ "odd", 45 ], [ "tt", 126 ] ] -9044279992 593772 1 
[ 0, 19 ] [ [ "odd", 46 ], [ "tt", 125 ] ] -7282804072 593773 1 
[ 0, 19 ] [ [ "odd", 48 ], [ "tt", 123 ] ] -4199534224 593775 2 
[ 0, 19 ] [ [ "odd", 49 ], [ "tt", 122 ] ] -3077706364 593776 1 
[ 0, 19 ] [ [ "odd", 50 ], [ "tt", 121 ] ] -4729352412 593777 1 
[ 0, 19 ] [ [ "odd", 51 ], [ "tt", 120 ] ] -4360968276 593778 1 
[ 0, 19 ] [ [ "odd", 52 ], [ "tt", 119 ] ] -3898564384 593779 1 
[ 0, 19 ] [ [ "odd", 52 ], [ "tt", 119 ] ] -3898564384 593780 1 
[ 0, 19 ] [ [ "odd", 53 ], [ "tt", 118 ] ] -4473882544 593781 1 
[ 0, 19 ] [ [ "odd", 54 ], [ "tt", 117 ] ] -3545279244 593782 1 
[ 0, 19 ] [ [ "odd", 55 ], [ "tt", 116 ] ] -3569336796 593783 1 
[ 0, 19 ] [ [ "odd", 55 ], [ "tt", 116 ] ] -3569336796 593784 1 
[ 0, 19 ] [ [ "odd", 55 ], [ "tt", 116 ] ] -3569336796 593785 1 
[ 0, 19 ] [ [ "odd", 56 ], [ "tt", 115 ] ] -2975997056 593786 1 
[ 0, 19 ] [ [ "odd", 56 ], [ "tt", 115 ] ] -2975997056 593787 1 
[ 0, 19 ] [ [ "odd", 58 ], [ "tt", 113 ] ] -1205787760 593792 5 
[ 0, 19 ] [ [ "odd", 59 ], [ "tt", 112 ] ] -973149992 593793 1 
[ 0, 20 ] [ [ "odd", 72 ], [ "tt", 118 ] ] -396648632 593794 1 
[ 0, 25 ] [ [ "odd", 130 ], [ "tt", 161 ], [ "zf", 9 ] ] -33610396 593798 4 
reset 603798 
[ 0, 19 ] [ [ "odd", 28 ], [ "tt", 143 ] ] -62581260080 603829 31 
[ 0, 19 ] [ [ "odd", 29 ], [ "tt", 142 ] ] -55210932416 603830 1 
[ 0, 19 ] [ [ "odd", 30 ], [ "tt", 141 ] ] -45438083960 603831 1 
[ 0, 19 ] [ [ "odd", 30 ], [ "tt", 141 ] ] -43654502072 603832 1 
[ 0, 19 ] [ [ "odd", 31 ], [ "tt", 140 ] ] -39691955392 603833 1 
[ 0, 19 ] [ [ "odd", 32 ], [ "tt", 139 ] ] -34874706000 603834 1 
[ 0, 19 ] [ [ "odd", 32 ], [ "tt", 139 ] ] -34874706000 603835 1 
[ 0, 19 ] [ [ "odd", 34 ], [ "tt", 137 ] ] -30925293680 603839 4 
[ 0, 19 ] [ [ "odd", 35 ], [ "tt", 136 ] ] -27713490040 603840 1 
[ 0, 19 ] [ [ "odd", 37 ], [ "tt", 134 ] ] -13648171324 603842 2 
[ 0, 19 ] [ [ "odd", 38 ], [ "tt", 133 ] ] -13124481724 603843 1 
[ 0, 19 ] [ [ "odd", 39 ], [ "tt", 132 ] ] -13232724736 603844 1 
[ 0, 19 ] [ [ "odd", 40 ], [ "tt", 131 ] ] -9120398768 603845 1 
[ 0, 19 ] [ [ "odd", 40 ], [ "tt", 131 ] ] -9120398768 603846 1 
[ 0, 19 ] [ [ "odd", 40 ], [ "tt", 131 ] ] -8466345824 603847 1 
[ 0, 19 ] [ [ "odd", 41 ], [ "tt", 130 ] ] -6624399996 603848 1 
[ 0, 19 ] [ [ "odd", 41 ], [ "tt", 130 ] ] -5437720388 603849 1 
[ 0, 19 ] [ [ "odd", 42 ], [ "tt", 129 ] ] -4540091652 603850 1 
[ 0, 19 ] [ [ "odd", 43 ], [ "tt", 128 ] ] -4838546360 603851 1 
[ 0, 19 ] [ [ "odd", 44 ], [ "tt", 127 ] ] -4103282400 603852 1 
[ 0, 19 ] [ [ "odd", 45 ], [ "tt", 126 ] ] -3998221160 603853 1 
reset 613853 
[ 0, 19 ] [ [ "odd", 20 ], [ "tt", 151 ] ] -129176297272 613875 22 
[ 0, 19 ] [ [ "odd", 28 ], [ "tt", 143 ] ] -63479644624 613885 10 
[ 0, 19 ] [ [ "odd", 28 ], [ "tt", 143 ] ] -63479644624 613886 1 
[ 0, 19 ] [ [ "odd", 28 ], [ "tt", 143 ] ] -63479644624 613887 1 
[ 0, 19 ] [ [ "odd", 31 ], [ "tt", 140 ] ] -48326492784 613890 3 
[ 0, 19 ] [ [ "odd", 32 ], [ "tt", 139 ] ] -41072026924 613891 1 
[ 0, 19 ] [ [ "odd", 33 ], [ "tt", 138 ] ] -33144495512 613892 1 
[ 0, 19 ] [ [ "odd", 33 ], [ "tt", 138 ] ] -28824431088 613893 1 
[ 0, 19 ] [ [ "odd", 34 ], [ "tt", 137 ] ] -24835517228 613894 1 
[ 0, 19 ] [ [ "odd", 35 ], [ "tt", 136 ] ] -26551516728 613895 1 
[ 0, 19 ] [ [ "odd", 37 ], [ "tt", 134 ] ] -17876567560 613898 3 
[ 0, 19 ] [ [ "odd", 38 ], [ "tt", 133 ] ] -17274513244 613899 1 
[ 0, 19 ] [ [ "odd", 39 ], [ "tt", 132 ] ] -18016475020 613900 1 
[ 0, 19 ] [ [ "odd", 40 ], [ "tt", 131 ] ] -15829503280 613901 1 
[ 0, 19 ] [ [ "odd", 41 ], [ "tt", 130 ] ] -10164396592 613902 1 
[ 0, 19 ] [ [ "odd", 42 ], [ "tt", 129 ] ] -4668930736 613903 1 
[ 0, 19 ] [ [ "odd", 43 ], [ "tt", 128 ] ] -10297074832 613905 2 
[ 0, 19 ] [ [ "odd", 44 ], [ "tt", 127 ] ] -9041907672 613906 1 
[ 0, 19 ] [ [ "odd", 44 ], [ "tt", 127 ] ] -9041907672 613907 1 
[ 0, 19 ] [ [ "odd", 44 ], [ "tt", 127 ] ] -9041907672 613908 1 
[ 0, 19 ] [ [ "odd", 44 ], [ "tt", 127 ] ] -8846198888 613909 1 
[ 0, 19 ] [ [ "odd", 45 ], [ "tt", 126 ] ] -9189590840 613910 1 
[ 0, 19 ] [ [ "odd", 46 ], [ "tt", 125 ] ] -8822636764 613911 1 
[ 0, 19 ] [ [ "odd", 46 ], [ "tt", 125 ] ] -8822636764 613912 1 
[ 0, 19 ] [ [ "odd", 47 ], [ "tt", 124 ] ] -7161727388 613913 1 
[ 0, 19 ] [ [ "odd", 51 ], [ "tt", 120 ] ] -3940422092 613917 4 
[ 0, 19 ] [ [ "odd", 52 ], [ "tt", 119 ] ] -3734731524 613918 1 
[ 0, 19 ] [ [ "odd", 53 ], [ "tt", 118 ] ] -3397220140 613919 1 
reset 623919 
[ 0, 19 ] [ [ "odd", 24 ], [ "tt", 147 ] ] -84305913712 623947 28 
[ 0, 19 ] [ [ "odd", 25 ], [ "tt", 146 ] ] -80505007728 623949 2 
[ 0, 19 ] [ [ "odd", 26 ], [ "tt", 145 ] ] -74438425968 623950 1 
[ 0, 19 ] [ [ "odd", 27 ], [ "tt", 144 ] ] -62381860720 623951 1 
[ 0, 19 ] [ [ "odd", 28 ], [ "tt", 143 ] ] -59997219832 623952 1 
[ 0, 19 ] [ [ "odd", 29 ], [ "tt", 142 ] ] -54494938972 623953 1 
[ 0, 19 ] [ [ "odd", 30 ], [ "tt", 141 ] ] -48601687612 623954 1 
[ 0, 19 ] [ [ "odd", 31 ], [ "tt", 140 ] ] -45531935932 623955 1 
[ 0, 19 ] [ [ "odd", 32 ], [ "tt", 139 ] ] -40653751100 623956 1 
[ 0, 19 ] [ [ "odd", 36 ], [ "tt", 135 ] ] -15431459732 623961 5 
[ 0, 19 ] [ [ "odd", 37 ], [ "tt", 134 ] ] -6413420300 623963 2 
[ 0, 19 ] [ [ "odd", 38 ], [ "tt", 133 ] ] -9615418752 623964 1 
reset 633964 
[ 0, 19 ] [ [ "odd", 21 ], [ "tt", 150 ] ] -108632269560 633987 23 
[ 0, 19 ] [ [ "odd", 22 ], [ "tt", 149 ] ] -99236478840 633988 1 
[ 0, 19 ] [ [ "odd", 23 ], [ "tt", 148 ] ] -92105137272 633989 1 
[ 0, 19 ] [ [ "odd", 25 ], [ "tt", 146 ] ] -73365691128 633991 2 
[ 0, 19 ] [ [ "odd", 26 ], [ "tt", 145 ] ] -66545779856 633992 1 
[ 0, 19 ] [ [ "odd", 26 ], [ "tt", 145 ] ] -64570240496 633993 1 
[ 0, 19 ] [ [ "odd", 27 ], [ "tt", 144 ] ] -58164070128 633994 1 
[ 0, 19 ] [ [ "odd", 28 ], [ "tt", 143 ] ] -53586441072 633995 1 
[ 0, 19 ] [ [ "odd", 29 ], [ "tt", 142 ] ] -48868264176 633996 1 
[ 0, 19 ] [ [ "odd", 30 ], [ "tt", 141 ] ] -43104881008 633997 1 
[ 0, 19 ] [ [ "odd", 31 ], [ "tt", 140 ] ] -40591805936 633998 1 
[ 0, 19 ] [ [ "odd", 32 ], [ "tt", 139 ] ] -35542145640 633999 1 
[ 0, 19 ] [ [ "odd", 33 ], [ "tt", 138 ] ] -32729544324 634000 1 
[ 0, 19 ] [ [ "odd", 35 ], [ "tt", 136 ] ] -15568219844 634003 3 
[ 0, 19 ] [ [ "odd", 36 ], [ "tt", 135 ] ] -11594759392 634004 1 
[ 0, 19 ] [ [ "odd", 37 ], [ "tt", 134 ] ] -5804142892 634006 2 
[ 0, 19 ] [ [ "odd", 38 ], [ "tt", 133 ] ] -6087421288 634007 1 
[ 0, 19 ] [ [ "odd", 39 ], [ "tt", 132 ] ] -5228845380 634008 1 
[ 0, 19 ] [ [ "odd", 39 ], [ "tt", 132 ] ] -6351513732 634009 1 
[ 0, 19 ] [ [ "odd", 39 ], [ "tt", 132 ] ] -9769171388 634010 1 
[ 0, 19 ] [ [ "odd", 39 ], [ "tt", 132 ] ] -9769171388 634011 1 
[ 0, 19 ] [ [ "odd", 41 ], [ "tt", 130 ] ] -5879917372 634015 4 
[ 0, 19 ] [ [ "odd", 42 ], [ "tt", 129 ] ] -6682056260 634016 1 
[ 0, 19 ] [ [ "odd", 43 ], [ "tt", 128 ] ] -6433544492 634017 1 
[ 0, 19 ] [ [ "odd", 44 ], [ "tt", 127 ] ] -5635412192 634018 1 
[ 0, 19 ] [ [ "odd", 46 ], [ "tt", 125 ] ] -5297201420 634020 2 
[ 0, 19 ] [ [ "odd", 47 ], [ "tt", 124 ] ] -5449511276 634021 1 
[ 0, 19 ] [ [ "odd", 47 ], [ "tt", 124 ] ] -5449511276 634023 2 
[ 0, 19 ] [ [ "odd", 47 ], [ "tt", 124 ] ] -3917276252 634024 1 
[ 0, 22 ] [ [ "odd", 83 ], [ "tt", 145 ], [ "zf", 3 ] ] -926216564 634025 1 
[ 0, 23 ] [ [ "odd", 99 ], [ "tt", 151 ], [ "zf", 3 ] ] -226358508 634026 1 
[ 0, 23 ] [ [ "odd", 99 ], [ "tt", 151 ], [ "zf", 3 ] ] -226358508 634027 1 
[ 0, 20 ] [ [ "odd", 62 ], [ "tt", 128 ] ] -537587312 634031 4 
[ 0, 20 ] [ [ "odd", 62 ], [ "tt", 128 ] ] -537587312 634032 1 
reset 644032 
[ 0, 19 ] [ [ "odd", 33 ], [ "tt", 138 ] ] -15686670392 644066 34 
[ 0, 19 ] [ [ "odd", 34 ], [ "tt", 137 ] ] -13917186616 644067 1 
[ 0, 22 ] [ [ "odd", 72 ], [ "tt", 153 ], [ "zf", 6 ] ] -1038999608 644068 1 
[ 0, 22 ] [ [ "odd", 72 ], [ "tt", 153 ], [ "zf", 6 ] ] -2292754552 644069 1 
[ 0, 22 ] [ [ "odd", 72 ], [ "tt", 153 ], [ "zf", 6 ] ] -2292754552 644070 1 
[ 0, 22 ] [ [ "odd", 75 ], [ "tt", 150 ], [ "zf", 6 ] ] -1093314980 644071 1 
[ 0, 19 ] [ [ "odd", 38 ], [ "tt", 133 ] ] -11743361220 644072 1 
[ 0, 19 ] [ [ "odd", 39 ], [ "tt", 132 ] ] -11784372872 644073 1 
[ 0, 19 ] [ [ "odd", 45 ], [ "tt", 126 ] ] -2450452544 644080 7 
[ 0, 23 ] [ [ "odd", 93 ], [ "tt", 154 ], [ "zf", 6 ] ] -113713984 644083 3 
reset 654083 
[ 0, 19 ] [ [ "odd", 35 ], [ "tt", 136 ] ] -21045221384 654124 41 
[ 0, 19 ] [ [ "odd", 35 ], [ "tt", 136 ] ] -21045221384 654125 1 
[ 0, 19 ] [ [ "odd", 37 ], [ "tt", 134 ] ] -16261268912 654127 2 
[ 0, 19 ] [ [ "odd", 37 ], [ "tt", 134 ] ] -16261268912 654128 1 
[ 0, 19 ] [ [ "odd", 37 ], [ "tt", 134 ] ] -16261268912 654129 1 
[ 0, 19 ] [ [ "odd", 38 ], [ "tt", 133 ] ] -19208713520 654132 3 
[ 0, 19 ] [ [ "odd", 39 ], [ "tt", 132 ] ] -16930293096 654133 1 
[ 0, 19 ] [ [ "odd", 40 ], [ "tt", 131 ] ] -15044401960 654134 1 
[ 0, 19 ] [ [ "odd", 42 ], [ "tt", 129 ] ] -9331904036 654137 3 
[ 0, 19 ] [ [ "odd", 42 ], [ "tt", 129 ] ] -17178336372 654138 1 
[ 0, 19 ] [ [ "odd", 43 ], [ "tt", 128 ] ] -16603075308 654139 1 
[ 0, 19 ] [ [ "odd", 44 ], [ "tt", 127 ] ] -13673210072 654140 1 
[ 0, 19 ] [ [ "odd", 45 ], [ "tt", 126 ] ] -8998122476 654141 1 
[ 0, 19 ] [ [ "odd", 45 ], [ "tt", 126 ] ] -6750967476 654143 2 
[ 0, 19 ] [ [ "odd", 46 ], [ "tt", 125 ] ] -5710127028 654144 1 
[ 0, 19 ] [ [ "odd", 47 ], [ "tt", 124 ] ] -6933648972 654145 1 
[ 0, 19 ] [ [ "odd", 48 ], [ "tt", 123 ] ] -5518454008 654146 1 
[ 0, 19 ] [ [ "odd", 50 ], [ "tt", 121 ] ] -3356824668 654150 4 
[ 0, 19 ] [ [ "odd", 51 ], [ "tt", 120 ] ] -2133479640 654151 1 
[ 0, 19 ] [ [ "odd", 52 ], [ "tt", 119 ] ] -3153678888 654152 1 
[ 0, 19 ] [ [ "odd", 53 ], [ "tt", 118 ] ] -2213976068 654153 1 
[ 0, 19 ] [ [ "odd", 54 ], [ "tt", 117 ] ] -1461441980 654154 1 
[ 0, 19 ] [ [ "odd", 54 ], [ "tt", 117 ] ] -592509036 654155 1 
[ 0, 25 ] [ [ "odd", 117 ], [ "tt", 168 ], [ "zf", 15 ] ] -108633944 654156 1 
[ 0, 27 ] [ [ "odd", 144 ], [ "tt", 192 ], [ "zf", 15 ] ] -96858380 654157 1 
reset 664157 
[ 0, 19 ] [ [ "odd", 29 ], [ "tt", 142 ] ] -41461119784 664187 30 
[ 0, 19 ] [ [ "odd", 30 ], [ "tt", 141 ] ] -37145823144 664188 1 
[ 0, 19 ] [ [ "odd", 31 ], [ "tt", 140 ] ] -33374256296 664189 1 
[ 0, 19 ] [ [ "odd", 31 ], [ "tt", 140 ] ] -33374256296 664190 1 
[ 0, 19 ] [ [ "odd", 32 ], [ "tt", 139 ] ] -29189818280 664191 1 
[ 0, 19 ] [ [ "odd", 33 ], [ "tt", 138 ] ] -25578806984 664192 1 
[ 0, 19 ] [ [ "odd", 34 ], [ "tt", 137 ] ] -21011191496 664193 1 
[ 0, 19 ] [ [ "odd", 35 ], [ "tt", 136 ] ] -17069500580 664194 1 
[ 0, 19 ] [ [ "odd", 35 ], [ "tt", 136 ] ] -16293495460 664195 1 
[ 0, 19 ] [ [ "odd", 35 ], [ "tt", 136 ] ] -16293495460 664196 1 
[ 0, 19 ] [ [ "odd", 36 ], [ "tt", 135 ] ] -15369439756 664198 2 
