sessionnumb  20260924121817 
gap> Read("Task20260924Pa.g");
Error, file "Task20260924Pa.g" must exist and be readable at /usr/local/Cellar/gap/4.15.1/share/gap/lib/files.gi:207 called from
<function "Read string">( <arguments> )
 called from read-eval loop at *stdin*:4
you can 'quit;' to quit to outer loop, or
you can 'return;' to continue
brk> quit;
gap> Read("Task20260924Pa.g");
16 17 500 [ [ -2, 16 ], [ 1, 116 ], [ 3, 124 ] ] 
15 16 439 [ [ -2, 15 ], [ 1, 110 ], [ 3, 100 ] ] 
16 17 469 [ [ -2, 16 ], [ 1, 128 ], [ 3, 112 ] ] 
16 17 469 [ [ -2, 16 ], [ 1, 122 ], [ 3, 118 ] ] 
16 17 473 [ [ -2, 16 ], [ 1, 104 ], [ 3, 136 ] ] 
17 18 539 [ [ -2, 17 ], [ 1, 120 ], [ 3, 152 ] ] 
16 17 586 [ [ -2, 16 ], [ 1, 126 ], [ 3, 114 ] ] 
15 16 425 [ [ -2, 15 ], [ 1, 96 ], [ 3, 114 ] ] 
16 17 477 [ [ -2, 16 ], [ 1, 118 ], [ 3, 122 ] ] 
16 17 418 [ [ -2, 16 ], [ 1, 110 ], [ 3, 130 ] ] 
16 17 472 [ [ -2, 16 ], [ 1, 112 ], [ 3, 128 ] ] 
16 17 429 [ [ -2, 16 ], [ 1, 108 ], [ 3, 132 ] ] 
16 17 434 [ [ -2, 16 ], [ 1, 106 ], [ 3, 134 ] ] 
16 17 503 [ [ -2, 16 ], [ 1, 104 ], [ 3, 136 ] ] 
16 17 660 [ [ -2, 16 ], [ 1, 108 ], [ 3, 132 ] ] 
16 17 410 [ [ -2, 16 ], [ 1, 102 ], [ 3, 138 ] ] 
15 16 441 [ [ -2, 15 ], [ 1, 100 ], [ 3, 110 ] ] 
16 17 643 [ [ -2, 16 ], [ 1, 104 ], [ 3, 136 ] ] 
18 19 862 [ [ -2, 18 ], [ 1, 140 ], [ 3, 166 ] ] 
17 18 464 [ [ -2, 17 ], [ 1, 122 ], [ 3, 150 ] ] 
17 18 564 [ [ -2, 17 ], [ 1, 118 ], [ 3, 154 ] ] 
17 18 564 [ [ -2, 17 ], [ 1, 118 ], [ 3, 154 ] ] 
18 19 932 [ [ -2, 18 ], [ 1, 140 ], [ 3, 166 ] ] 
15 16 445 [ [ -2, 15 ], [ 1, 88 ], [ 3, 122 ] ] 
16 17 535 [ [ -2, 16 ], [ 1, 118 ], [ 3, 122 ] ] 
15 16 425 [ [ -2, 15 ], [ 1, 92 ], [ 3, 118 ] ] 
15 16 446 [ [ -2, 15 ], [ 1, 90 ], [ 3, 120 ] ] 
15 16 471 [ [ -2, 15 ], [ 1, 110 ], [ 3, 100 ] ] 
16 17 410 [ [ -2, 16 ], [ 1, 120 ], [ 3, 120 ] ] 
16 17 434 [ [ -2, 16 ], [ 1, 108 ], [ 3, 132 ] ] 
16 17 420 [ [ -2, 16 ], [ 1, 122 ], [ 3, 118 ] ] 
16 17 462 [ [ -2, 16 ], [ 1, 124 ], [ 3, 116 ] ] 
16 17 427 [ [ -2, 16 ], [ 1, 132 ], [ 3, 108 ] ] 
17 18 606 [ [ -2, 17 ], [ 1, 138 ], [ 3, 134 ] ] 
17 18 413 [ [ -2, 17 ], [ 1, 134 ], [ 3, 138 ] ] 
16 17 438 [ [ -2, 16 ], [ 1, 110 ], [ 3, 130 ] ] 
17 18 459 [ [ -2, 17 ], [ 1, 134 ], [ 3, 138 ] ] 
16 17 550 [ [ -2, 16 ], [ 1, 102 ], [ 3, 138 ] ] 
15 16 466 [ [ -2, 15 ], [ 1, 98 ], [ 3, 112 ] ] 
17 18 569 [ [ -2, 17 ], [ 1, 124 ], [ 3, 148 ] ] 
17 18 471 [ [ -2, 17 ], [ 1, 134 ], [ 3, 138 ] ] 
18 19 1034 [ [ -2, 18 ], [ 1, 156 ], [ 3, 150 ] ] 
16 17 498 [ [ -2, 16 ], [ 1, 116 ], [ 3, 124 ] ] 
15 16 416 [ [ -2, 15 ], [ 1, 92 ], [ 3, 118 ] ] 
16 17 455 [ [ -2, 16 ], [ 1, 120 ], [ 3, 120 ] ] 
16 17 407 [ [ -2, 16 ], [ 1, 108 ], [ 3, 132 ] ] 
16 17 439 [ [ -2, 16 ], [ 1, 116 ], [ 3, 124 ] ] 
17 18 514 [ [ -2, 17 ], [ 1, 120 ], [ 3, 152 ] ] 
17 18 410 [ [ -2, 17 ], [ 1, 142 ], [ 3, 130 ] ] 
17 18 474 [ [ -2, 17 ], [ 1, 116 ], [ 3, 156 ] ] 
16 17 443 [ [ -2, 16 ], [ 1, 112 ], [ 3, 128 ] ] 
15 16 404 [ [ -2, 15 ], [ 1, 102 ], [ 3, 108 ] ] 
16 17 472 [ [ -2, 16 ], [ 1, 108 ], [ 3, 132 ] ] 
17 18 671 [ [ -2, 17 ], [ 1, 120 ], [ 3, 152 ] ] 
17 18 508 [ [ -2, 17 ], [ 1, 128 ], [ 3, 144 ] ] 
16 17 570 [ [ -2, 16 ], [ 1, 110 ], [ 3, 130 ] ] 
16 17 470 [ [ -2, 16 ], [ 1, 118 ], [ 3, 122 ] ] 
16 17 413 [ [ -2, 16 ], [ 1, 102 ], [ 3, 138 ] ] 
16 17 631 [ [ -2, 16 ], [ 1, 108 ], [ 3, 132 ] ] 
17 18 593 [ [ -2, 17 ], [ 1, 144 ], [ 3, 128 ] ] 
17 18 593 [ [ -2, 17 ], [ 1, 144 ], [ 3, 128 ] ] 
17 18 446 [ [ -2, 17 ], [ 1, 126 ], [ 3, 146 ] ] 
18 19 797 [ [ -2, 18 ], [ 1, 148 ], [ 3, 158 ] ] 
16 17 420 [ [ -2, 16 ], [ 1, 110 ], [ 3, 130 ] ] 
15 16 415 [ [ -2, 15 ], [ 1, 100 ], [ 3, 110 ] ] 
16 17 420 [ [ -2, 16 ], [ 1, 106 ], [ 3, 134 ] ] 
16 17 594 [ [ -2, 16 ], [ 1, 106 ], [ 3, 134 ] ] 
17 18 812 [ [ -2, 17 ], [ 1, 122 ], [ 3, 150 ] ] 
17 18 456 [ [ -2, 17 ], [ 1, 128 ], [ 3, 144 ] ] 
15 16 417 [ [ -2, 15 ], [ 1, 100 ], [ 3, 110 ] ] 
16 17 609 [ [ -2, 16 ], [ 1, 116 ], [ 3, 124 ] ] 
15 16 404 [ [ -2, 15 ], [ 1, 90 ], [ 3, 120 ] ] 
15 16 444 [ [ -2, 15 ], [ 1, 98 ], [ 3, 112 ] ] 
16 17 410 [ [ -2, 16 ], [ 1, 106 ], [ 3, 134 ] ] 
16 17 444 [ [ -2, 16 ], [ 1, 104 ], [ 3, 136 ] ] 
16 17 534 [ [ -2, 16 ], [ 1, 112 ], [ 3, 128 ] ] 
17 18 774 [ [ -2, 17 ], [ 1, 134 ], [ 3, 138 ] ] 
16 17 488 [ [ -2, 16 ], [ 1, 112 ], [ 3, 128 ] ] 
16 17 487 [ [ -2, 16 ], [ 1, 114 ], [ 3, 126 ] ] 
17 18 481 [ [ -2, 17 ], [ 1, 126 ], [ 3, 146 ] ] 
15 16 423 [ [ -2, 15 ], [ 1, 96 ], [ 3, 114 ] ] 
16 17 420 [ [ -2, 16 ], [ 1, 112 ], [ 3, 128 ] ] 
16 17 419 [ [ -2, 16 ], [ 1, 108 ], [ 3, 132 ] ] 
17 18 739 [ [ -2, 17 ], [ 1, 138 ], [ 3, 134 ] ] 
16 17 466 [ [ -2, 16 ], [ 1, 108 ], [ 3, 132 ] ] 
15 16 401 [ [ -2, 15 ], [ 1, 98 ], [ 3, 112 ] ] 
15 16 408 [ [ -2, 15 ], [ 1, 104 ], [ 3, 106 ] ] 
16 17 429 [ [ -2, 16 ], [ 1, 112 ], [ 3, 128 ] ] 
17 18 439 [ [ -2, 17 ], [ 1, 120 ], [ 3, 152 ] ] 
15 16 404 [ [ -2, 15 ], [ 1, 98 ], [ 3, 112 ] ] 
15 16 404 [ [ -2, 15 ], [ 1, 98 ], [ 3, 112 ] ] 
15 16 499 [ [ -2, 15 ], [ 1, 94 ], [ 3, 116 ] ] 
17 18 407 [ [ -2, 17 ], [ 1, 124 ], [ 3, 148 ] ] 
15 16 441 [ [ -2, 15 ], [ 1, 102 ], [ 3, 108 ] ] 
16 17 676 [ [ -2, 16 ], [ 1, 116 ], [ 3, 124 ] ] 
16 17 535 [ [ -2, 16 ], [ 1, 116 ], [ 3, 124 ] ] 
16 17 422 [ [ -2, 16 ], [ 1, 106 ], [ 3, 134 ] ] 
15 16 421 [ [ -2, 15 ], [ 1, 88 ], [ 3, 122 ] ] 
16 17 403 [ [ -2, 16 ], [ 1, 106 ], [ 3, 134 ] ] 
17 18 448 [ [ -2, 17 ], [ 1, 122 ], [ 3, 150 ] ] 
15 16 462 [ [ -2, 15 ], [ 1, 106 ], [ 3, 104 ] ] 
16 17 672 [ [ -2, 16 ], [ 1, 118 ], [ 3, 122 ] ] 
15 16 450 [ [ -2, 15 ], [ 1, 96 ], [ 3, 114 ] ] 
16 17 718 [ [ -2, 16 ], [ 1, 110 ], [ 3, 130 ] ] 
17 18 536 [ [ -2, 17 ], [ 1, 124 ], [ 3, 148 ] ] 
17 18 514 [ [ -2, 17 ], [ 1, 134 ], [ 3, 138 ] ] 
18 19 663 [ [ -2, 18 ], [ 1, 158 ], [ 3, 148 ] ] 
15 16 418 [ [ -2, 15 ], [ 1, 92 ], [ 3, 118 ] ] 
16 17 422 [ [ -2, 16 ], [ 1, 116 ], [ 3, 124 ] ] 
17 18 425 [ [ -2, 17 ], [ 1, 120 ], [ 3, 152 ] ] 
16 17 460 [ [ -2, 16 ], [ 1, 110 ], [ 3, 130 ] ] 
17 18 512 [ [ -2, 17 ], [ 1, 134 ], [ 3, 138 ] ] 
17 18 566 [ [ -2, 17 ], [ 1, 130 ], [ 3, 142 ] ] 
17 18 569 [ [ -2, 17 ], [ 1, 146 ], [ 3, 126 ] ] 
16 17 559 [ [ -2, 16 ], [ 1, 106 ], [ 3, 134 ] ] 
16 17 525 [ [ -2, 16 ], [ 1, 110 ], [ 3, 130 ] ] 
16 17 439 [ [ -2, 16 ], [ 1, 122 ], [ 3, 118 ] ] 
16 17 595 [ [ -2, 16 ], [ 1, 128 ], [ 3, 112 ] ] 
17 18 752 [ [ -2, 17 ], [ 1, 134 ], [ 3, 138 ] ] 
15 16 445 [ [ -2, 15 ], [ 1, 84 ], [ 3, 126 ] ] 
17 18 423 [ [ -2, 17 ], [ 1, 136 ], [ 3, 136 ] ] 
15 16 478 [ [ -2, 15 ], [ 1, 96 ], [ 3, 114 ] ] 
15 16 453 [ [ -2, 15 ], [ 1, 88 ], [ 3, 122 ] ] 
16 17 534 [ [ -2, 16 ], [ 1, 98 ], [ 3, 142 ] ] 
16 17 445 [ [ -2, 16 ], [ 1, 104 ], [ 3, 136 ] ] 
16 17 509 [ [ -2, 16 ], [ 1, 112 ], [ 3, 128 ] ] 
17 18 479 [ [ -2, 17 ], [ 1, 126 ], [ 3, 146 ] ] 
15 16 488 [ [ -2, 15 ], [ 1, 88 ], [ 3, 122 ] ] 
16 17 460 [ [ -2, 16 ], [ 1, 102 ], [ 3, 138 ] ] 
16 17 466 [ [ -2, 16 ], [ 1, 120 ], [ 3, 120 ] ] 
17 17 466 [ [ -2, 17 ], [ 1, 134 ], [ 3, 138 ] ] 
16 17 422 [ [ -2, 16 ], [ 1, 112 ], [ 3, 128 ] ] 
15 16 415 [ [ -2, 15 ], [ 1, 104 ], [ 3, 106 ] ] 
16 17 729 [ [ -2, 16 ], [ 1, 122 ], [ 3, 118 ] ] 
16 17 495 [ [ -2, 16 ], [ 1, 110 ], [ 3, 130 ] ] 
15 16 427 [ [ -2, 15 ], [ 1, 92 ], [ 3, 118 ] ] 
16 17 513 [ [ -2, 16 ], [ 1, 100 ], [ 3, 140 ] ] 
16 17 510 [ [ -2, 16 ], [ 1, 112 ], [ 3, 128 ] ] 
16 17 465 [ [ -2, 16 ], [ 1, 98 ], [ 3, 142 ] ] 
16 17 465 [ [ -2, 16 ], [ 1, 112 ], [ 3, 128 ] ] 
