sessionnumb  20260921003551 
gap> Read("Task20260920Ve.g");
Syntax error: Name used for argument and local in Task20260920Ve.g:15
  cc, ss;
      ^^
gap> Read("Task20260920Ve.g");
Error, Variable: 'treu' must have an assigned value in
  while treu do
    task( [ [ 2 ] ], 10 );
od; at Task20260920Ve.g:40 called from 
<function "unknown">( <arguments> )
 called from read-eval loop at Task20260920Ve.g:40
type 'quit;' to quit to outer loop
brk> quit;
gap> Read("Task20260920Ve.g");
11 13 147 
11 13 161 
Error, user interrupt in
  return MakeImmutable( TransposedMatMutable( M ) )
 ; at /usr/local/Cellar/gap/4.15.1/share/gap/lib/matobj.gi:1259 called from 
TransposedMat( T ) at gapReads/LinearAlgebra.txt:252 called from
TMTTmult( orthoB, sQ ) at gapReads/LatticeTools.txt:41 called from
signaturejob( sdim - 1, newsQ ); at gapReads/LatticeTools.txt:42 called from
signaturejob( sdim - 1, newsQ ); at gapReads/LatticeTools.txt:42 called from
signaturejob( dim, Q ); at gapReads/LatticeTools.txt:48 called from
...  at Task20260920Ve.g:40
you can 'return;'
brk> quit;
gap> Read("Task20260920Ve.g");
12 13 147 
12 13 161 
11 12 138 
11 12 132 
11 12 136 
11 12 143 
12 13 143 
11 12 126 
11 12 140 
11 12 134 
11 12 127 
11 12 134 
12 13 141 
12 13 131 
11 12 135 
12 13 164 
11 12 125 
13 14 147 
12 13 130 
12 13 181 
12 13 130 
12 13 127 
12 13 125 
11 12 131 
12 13 127 
12 13 124 
11 12 124 
11 12 128 
12 13 137 
12 13 131 
12 13 137 
12 13 168 
11 12 127 
11 12 129 
13 14 133 
11 12 155 
12 13 126 
11 12 123 
13 14 122 
14 15 171 
12 13 139 
12 13 125 
12 13 128 
11 12 139 
12 13 131 
13 14 160 
12 13 137 
11 12 138 
11 12 129 
11 12 145 
11 12 133 
12 13 138 
12 13 122 
11 12 141 
12 13 144 
11 12 125 
11 12 131 
11 12 121 
11 12 122 
12 13 121 
13 14 124 
12 13 139 
13 14 175 
11 12 125 
13 14 182 
12 13 140 
11 12 121 
11 12 136 
11 12 125 
11 12 122 
12 13 166 
12 13 138 
12 13 131 
12 13 138 
12 13 123 
12 13 143 
13 14 148 
14 15 264 
11 12 135 
11 12 123 
12 13 142 
12 13 124 
13 14 134 
11 12 121 
12 13 129 
12 13 134 
11 12 121 
11 12 127 
12 13 128 
12 13 129 
12 13 129 
13 14 155 
12 13 145 
12 13 121 
11 12 129 
11 12 127 
12 13 151 
11 12 128 
12 13 148 
11 12 133 
13 14 175 
12 13 140 
12 13 141 
12 13 133 
11 12 132 
11 12 141 
12 13 247 
11 12 126 
12 13 142 
12 13 134 
12 13 125 
11 12 122 
12 13 122 
12 13 123 
12 13 136 
12 13 121 
11 12 125 
12 13 144 
11 12 123 
12 13 139 
12 13 180 
12 13 155 
11 12 128 
11 12 141 
12 13 132 
11 12 139 
12 13 135 
13 14 246 
11 12 148 
11 12 138 
12 13 145 
11 12 121 
12 13 146 
11 12 154 
11 12 130 
12 13 134 
12 13 122 
11 12 125 
12 13 129 
11 12 139 
12 13 137 
12 13 121 
11 12 122 
11 12 126 
12 13 158 
11 12 122 
12 13 141 
12 13 130 
12 13 185 
12 13 135 
13 14 231 
12 13 195 
11 12 122 
11 12 154 
12 13 159 
12 13 164 
11 12 133 
11 12 135 
12 13 126 
12 13 130 
11 12 131 
12 13 134 
12 13 158 
11 12 122 
11 12 123 
12 13 147 
13 14 128 
12 13 121 
12 13 150 
13 14 127 
12 13 166 
11 12 150 
12 13 131 
11 12 139 
11 12 121 
12 13 147 
11 12 123 
11 12 123 
12 13 169 
12 13 147 
11 12 121 
11 12 122 
11 12 134 
11 12 152 
11 12 146 
13 14 121 
11 12 126 
12 13 139 
11 12 138 
12 13 141 
12 13 125 
12 13 152 
12 13 131 
11 12 133 
12 13 210 
12 13 139 
11 12 121 
12 13 148 
12 13 168 
12 13 121 
11 12 124 
11 12 127 
12 13 121 
13 14 185 
12 13 125 
12 13 121 
12 13 149 
11 12 132 
11 12 129 
11 12 127 
11 12 138 
11 12 129 
12 13 124 
11 12 137 
11 12 130 
12 13 132 
12 13 121 
12 13 152 
13 14 131 
12 13 186 
12 13 161 
11 12 138 
12 13 139 
11 12 127 
11 12 141 
11 12 134 
12 13 132 
11 12 138 
12 13 125 
11 12 134 
12 13 181 
12 13 220 
12 13 124 
12 13 132 
12 13 169 
12 13 130 
11 12 157 
12 13 124 
12 13 135 
12 13 130 
12 13 125 
13 14 186 
11 12 122 
12 13 127 
12 13 145 
12 13 158 
12 13 179 
11 12 145 
12 13 142 
12 13 142 
11 12 132 
12 13 150 
12 13 127 
12 13 129 
11 12 136 
12 13 208 
12 13 136 
12 13 137 
12 13 152 
12 13 140 
12 13 133 
12 13 136 
11 12 123 
11 12 133 
11 12 122 
12 13 137 
12 13 127 
12 13 130 
12 13 134 
11 12 133 
12 13 157 
13 14 206 
13 14 194 
11 12 152 
12 13 175 
12 13 141 
13 14 144 
12 13 156 
11 12 135 
12 13 124 
11 12 148 
12 13 169 
11 12 126 
11 12 123 
11 12 128 
12 13 137 
12 13 147 
12 13 123 
12 13 158 
12 13 139 
12 13 136 
12 13 121 
11 12 121 
11 12 128 
12 13 155 
12 13 150 
11 12 138 
11 12 124 
13 14 143 
12 13 150 
11 12 123 
12 13 132 
11 12 132 
12 13 133 
12 13 156 
11 12 127 
11 12 141 
12 13 129 
12 13 184 
11 12 135 
11 12 139 
12 13 129 
11 12 122 
11 12 134 
11 12 126 
11 12 121 
11 12 130 
12 13 158 
12 13 167 
11 12 131 
11 12 128 
11 12 131 
11 12 133 
12 13 151 
11 12 126 
12 13 136 
11 12 133 
11 12 121 
12 13 147 
13 14 180 
11 12 122 
12 13 157 
12 13 140 
11 12 154 
12 13 139 
11 12 130 
11 12 127 
11 12 136 
13 14 226 
12 13 132 
11 12 122 
11 12 125 
11 12 135 
11 12 122 
12 13 145 
11 12 125 
12 13 171 
13 14 141 
11 12 138 
11 12 142 
11 12 126 
12 13 132 
11 12 144 
11 12 138 
12 13 161 
12 13 123 
11 12 147 
12 13 148 
12 13 181 
12 13 124 
12 13 154 
13 14 131 
11 12 127 
12 13 141 
11 12 122 
11 12 144 
11 12 127 
11 12 128 
12 13 133 
11 12 131 
11 12 124 
12 13 141 
12 13 163 
11 12 149 
12 13 153 
12 13 133 
11 12 131 
11 12 157 
12 13 125 
12 13 121 
12 13 128 
11 12 126 
12 13 192 
12 13 159 
13 14 161 
12 13 215 
12 13 154 
11 12 130 
12 13 146 
12 13 153 
11 12 130 
12 13 136 
11 12 139 
12 13 140 
11 12 121 
11 12 130 
12 13 129 
12 13 138 
12 13 160 
11 12 123 
11 12 154 
10 11 127 
12 13 133 
12 13 138 
12 13 131 
11 12 128 
11 12 130 
10 11 135 
12 13 122 
11 12 139 
11 12 121 
11 12 134 
11 12 124 
11 12 145 
11 12 136 
11 12 122 
12 13 147 
13 14 135 
13 14 141 
12 13 146 
11 12 138 
12 13 127 
11 12 124 
12 13 144 
11 12 122 
11 12 125 
11 12 127 
11 12 138 
11 12 135 
11 12 124 
11 12 126 
11 12 122 
11 12 136 
12 13 163 
11 12 121 
11 12 127 
12 13 125 
11 12 133 
11 12 148 
11 12 141 
12 13 185 
11 12 128 
11 12 139 
12 13 138 
11 12 123 
11 12 123 
12 13 184 
12 13 136 
11 12 125 
11 12 133 
11 12 133 
12 13 127 
12 13 152 
11 12 148 
12 13 131 
13 14 125 
12 13 138 
13 14 157 
11 12 121 
13 14 131 
12 13 154 
11 12 133 
11 12 127 
12 13 123 
12 13 135 
11 12 144 
12 13 156 
11 12 137 
12 13 143 
12 13 146 
12 13 132 
11 12 144 
11 12 174 
11 12 121 
11 12 136 
11 12 147 
12 13 155 
11 12 138 
11 12 121 
12 13 133 
13 14 133 
11 12 126 
11 12 122 
12 13 139 
13 14 134 
11 12 133 
11 12 135 
11 12 152 
12 13 167 
11 12 129 
11 12 129 
11 12 125 
12 13 121 
11 12 124 
11 12 121 
12 13 134 
11 12 128 
13 14 140 
11 12 133 
12 13 153 
11 12 129 
11 12 124 
11 12 130 
12 13 164 
12 13 209 
11 12 124 
13 14 127 
11 12 164 
11 12 121 
11 12 141 
11 12 132 
11 12 159 
11 12 148 
12 13 132 
11 12 134 
11 12 126 
11 12 126 
11 12 122 
12 13 181 
11 12 125 
11 12 131 
11 12 121 
12 13 160 
12 13 137 
11 12 135 
12 13 139 
12 13 127 
12 13 154 
12 13 128 
11 12 122 
12 13 138 
11 12 129 
11 12 127 
12 13 152 
11 12 127 
12 13 154 
12 13 177 
11 12 131 
11 12 127 
12 13 134 
11 12 170 
11 12 159 
12 13 133 
11 12 127 
12 13 121 
12 13 133 
11 12 122 
11 12 137 
11 12 136 
12 13 122 
11 12 122 
12 13 125 
13 14 125 
12 13 128 
12 13 127 
12 13 122 
12 13 153 
11 12 123 
12 13 121 
12 13 122 
12 13 145 
12 13 123 
12 13 126 
12 13 184 
11 12 150 
12 13 134 
11 12 127 
12 13 135 
11 12 123 
12 13 153 
11 12 121 
11 12 123 
11 12 130 
12 13 161 
12 13 137 
12 13 136 
12 13 124 
12 13 124 
11 12 137 
11 12 127 
11 12 128 
12 13 143 
12 13 132 
12 13 129 
11 12 127 
12 13 162 
13 14 186 
11 12 125 
12 13 128 
12 13 123 
11 12 125 
12 13 128 
11 12 142 
11 12 125 
12 13 126 
11 12 140 
11 12 139 
12 13 127 
12 13 140 
12 13 140 
12 13 138 
11 12 123 
11 12 127 
12 13 136 
12 13 134 
12 13 147 
11 12 132 
12 13 151 
13 14 164 
11 12 124 
12 13 183 
11 12 135 
11 12 122 
12 13 159 
11 12 131 
11 12 125 
12 13 161 
12 13 145 
11 12 138 
11 12 144 
12 13 160 
13 14 135 
12 13 127 
12 13 157 
11 12 139 
13 14 210 
11 12 121 
11 12 129 
11 12 123 
12 13 143 
12 13 132 
13 14 209 
12 13 149 
12 13 144 
11 12 150 
12 13 200 
13 14 265 
12 13 181 
12 13 135 
12 13 146 
11 12 130 
11 12 137 
11 12 121 
11 12 125 
12 13 163 
12 13 202 
11 12 135 
12 13 153 
11 12 136 
12 13 122 
13 14 140 
11 12 148 
11 12 148 
11 12 122 
11 12 133 
12 13 180 
11 12 132 
11 12 122 
11 12 123 
12 13 162 
11 12 126 
12 13 133 
12 13 153 
12 13 134 
12 13 127 
11 12 124 
12 13 154 
11 12 141 
11 12 134 
12 13 140 
12 13 139 
11 12 130 
12 13 175 
12 13 130 
12 13 151 
11 12 131 
12 13 140 
11 12 132 
12 13 125 
11 12 121 
11 12 125 
12 13 137 
11 12 160 
11 12 121 
12 13 151 
11 12 124 
11 12 130 
11 12 122 
12 13 126 
11 12 123 
12 13 192 
13 14 122 
11 12 128 
12 13 172 
11 12 125 
11 12 130 
11 12 123 
11 12 132 
13 14 144 
12 13 123 
12 13 126 
12 13 128 
11 12 124 
11 12 132 
12 13 121 
12 13 133 
10 11 123 
11 12 140 
12 13 144 
11 12 131 
11 12 125 
11 12 132 
11 12 134 
12 13 139 
10 11 135 
11 12 153 
12 13 142 
11 12 122 
12 13 153 
11 12 136 
12 13 152 
11 12 125 
12 13 146 
11 12 125 
12 13 134 
11 12 138 
11 12 128 
11 12 122 
12 13 139 
12 13 145 
13 14 195 
12 13 168 
13 14 197 
12 13 178 
12 13 144 
13 14 221 
11 12 131 
11 12 125 
11 12 131 
11 12 125 
11 12 122 
11 12 131 
11 12 121 
12 13 169 
11 12 132 
12 13 122 
11 12 131 
12 13 165 
11 12 123 
13 14 141 
12 13 122 
11 12 134 
11 12 133 
11 12 127 
11 12 128 
12 13 149 
11 12 121 
12 13 170 
13 14 216 
12 13 161 
12 13 134 
12 13 122 
12 13 131 
11 12 122 
12 13 159 
12 13 144 
11 12 150 
12 13 127 
13 14 127 
12 13 126 
12 13 158 
11 12 131 
11 12 126 
11 12 130 
11 12 126 
12 13 131 
11 12 134 
12 13 130 
11 12 127 
12 13 182 
11 12 142 
11 12 148 
12 13 135 
11 12 144 
11 12 132 
12 13 126 
11 12 140 
12 13 149 
12 13 131 
12 13 157 
13 14 138 
12 13 123 
12 13 121 
11 12 153 
11 12 152 
11 12 139 
12 12 139 
11 12 128 
11 12 126 
12 13 134 
12 13 158 
12 13 132 
11 12 125 
12 13 137 
12 13 135 
11 12 126 
11 12 121 
12 13 143 
11 12 138 
12 13 166 
11 12 125 
11 12 134 
12 13 137 
12 13 153 
12 13 160 
11 12 153 
11 12 131 
12 13 141 
11 12 126 
11 12 141 
11 12 162 
12 13 127 
13 14 169 
11 12 133 
12 13 194 
11 12 144 
12 13 123 
11 12 134 
11 12 150 
12 13 204 
11 12 124 
12 13 127 
12 13 228 
12 13 168 
12 13 122 
12 13 153 
11 12 121 
12 13 123 
11 12 122 
12 13 168 
12 13 134 
11 12 121 
12 13 134 
11 12 123 
12 13 122 
11 12 135 
11 12 138 
11 12 122 
12 13 125 
11 12 129 
12 13 141 
11 12 146 
11 12 153 
12 13 166 
12 13 152 
12 13 180 
11 12 122 
11 12 136 
12 13 134 
11 12 135 
12 13 217 
12 13 131 
12 13 142 
13 14 148 
11 12 152 
12 13 165 
12 13 147 
12 13 143 
11 12 131 
13 14 165 
12 13 155 
11 12 121 
12 13 125 
11 12 145 
11 12 127 
13 14 140 
11 12 125 
12 13 125 
11 12 127 
12 13 153 
12 13 129 
11 12 128 
11 12 126 
12 13 157 
12 13 133 
13 14 141 
12 13 129 
11 12 123 
11 12 133 
12 13 167 
11 12 141 
11 12 134 
12 13 133 
11 12 128 
11 12 157 
12 13 165 
12 13 124 
11 12 128 
11 12 126 
11 12 139 
12 13 153 
12 13 132 
11 12 141 
12 13 127 
11 12 135 
11 12 122 
11 12 121 
11 12 121 
12 13 156 
11 12 134 
12 13 143 
12 13 122 
12 13 126 
11 12 128 
12 13 134 
12 13 174 
11 12 122 
12 13 123 
11 12 123 
12 13 125 
12 13 121 
13 14 186 
11 12 127 
12 13 154 
12 13 148 
12 13 144 
12 13 122 
11 12 141 
12 13 127 
11 12 135 
11 12 137 
11 12 132 
13 14 193 
12 13 154 
12 13 153 
12 13 129 
13 14 136 
12 13 140 
12 13 132 
12 13 124 
12 13 142 
11 12 128 
12 13 137 
11 12 158 
12 13 126 
13 14 160 
12 13 156 
12 13 143 
12 13 169 
12 13 162 
11 12 122 
12 13 123 
12 13 130 
12 13 123 
12 13 135 
11 12 130 
12 13 128 
12 13 128 
11 12 132 
11 12 123 
11 12 133 
12 13 207 
11 12 127 
11 12 121 
11 12 127 
13 14 123 
12 13 175 
12 13 142 
11 12 142 
12 13 183 
13 14 245 
12 13 135 
12 13 129 
11 12 122 
13 14 151 
11 12 124 
12 13 138 
11 12 122 
12 13 149 
11 12 146 
12 13 185 
11 12 133 
12 13 129 
12 13 127 
12 13 181 
12 13 127 
11 12 148 
11 12 122 
11 12 124 
11 12 141 
11 12 144 
13 14 169 
12 13 168 
11 12 141 
11 12 124 
11 12 127 
12 13 127 
11 12 163 
11 12 124 
12 13 170 
11 12 125 
11 12 152 
12 13 156 
12 13 133 
11 12 129 
11 12 144 
12 13 122 
12 13 146 
13 14 127 
12 13 129 
11 12 127 
11 12 123 
12 13 150 
11 12 125 
11 12 126 
12 13 162 
13 14 172 
11 12 121 
11 12 138 
13 14 135 
12 13 139 
11 12 127 
11 12 126 
14 15 155 
12 13 122 
12 13 168 
12 13 143 
12 13 137 
12 13 130 
11 12 130 
11 12 157 
11 12 147 
11 12 132 
11 12 137 
11 12 125 
11 12 162 
11 12 157 
11 12 131 
11 12 124 
12 13 131 
12 13 143 
12 13 141 
11 12 127 
11 12 133 
11 12 126 
11 12 137 
11 12 124 
11 12 130 
11 12 122 
11 12 152 
12 13 132 
11 12 126 
12 13 128 
12 13 121 
11 12 136 
11 12 141 
11 12 133 
12 13 160 
12 13 123 
11 12 121 
12 13 155 
12 13 142 
12 13 139 
11 12 122 
12 13 123 
12 13 121 
12 13 129 
11 12 121 
12 13 122 
12 13 138 
13 14 142 
12 13 125 
11 12 126 
11 12 128 
12 13 134 
12 13 144 
12 13 134 
12 13 164 
12 13 134 
11 12 144 
12 13 177 
12 13 126 
12 13 128 
11 12 122 
12 13 174 
11 12 130 
11 12 123 
12 13 187 
12 13 180 
12 13 147 
12 13 151 
12 13 121 
11 12 125 
12 13 130 
12 13 157 
11 12 122 
11 12 140 
11 12 139 
11 12 129 
12 13 185 
11 12 133 
11 12 130 
12 13 121 
11 12 121 
12 13 142 
11 12 131 
11 12 134 
11 12 121 
13 14 149 
12 13 130 
11 12 139 
12 13 126 
12 13 141 
12 13 130 
13 14 134 
11 12 140 
13 14 184 
11 12 134 
13 14 159 
12 13 123 
12 13 142 
11 12 125 
11 12 129 
11 12 126 
11 12 130 
12 13 208 
12 13 121 
12 13 132 
12 13 124 
11 12 125 
13 14 131 
11 12 129 
10 11 154 
11 12 126 
11 12 124 
12 13 154 
11 12 152 
12 13 135 
12 13 131 
11 12 123 
12 13 122 
12 13 131 
11 12 130 
11 12 124 
11 12 121 
11 12 122 
12 13 163 
13 14 132 
11 12 124 
12 13 165 
12 13 124 
12 13 128 
11 12 140 
11 12 126 
13 14 188 
11 12 129 
12 13 125 
11 12 152 
11 12 140 
12 13 131 
11 12 125 
12 13 130 
12 13 157 
11 12 129 
12 13 175 
13 14 257 
12 13 177 
12 13 126 
11 12 121 
12 13 135 
13 14 191 
11 12 136 
11 12 125 
12 13 133 
12 13 125 
13 14 170 
11 12 123 
11 12 141 
11 12 142 
12 13 180 
12 13 146 
11 12 126 
12 13 153 
12 13 140 
11 12 146 
11 12 142 
12 13 121 
11 12 134 
12 13 128 
11 12 152 
11 12 130 
13 14 125 
11 12 127 
12 13 163 
13 14 128 
11 12 134 
11 12 122 
11 12 132 
11 12 132 
12 13 132 
11 12 134 
11 12 125 
11 12 157 
12 13 214 
11 12 136 
11 12 122 
11 12 125 
13 14 193 
11 12 126 
12 13 133 
12 13 187 
12 13 142 
11 12 124 
11 12 139 
12 13 171 
13 14 148 
12 13 160 
11 12 127 
12 13 187 
11 12 122 
11 12 135 
13 14 122 
12 13 133 
11 12 133 
13 14 158 
12 13 132 
11 12 128 
12 13 203 
11 12 125 
12 13 154 
12 13 164 
12 13 134 
11 12 121 
11 12 131 
11 12 128 
12 13 167 
12 13 167 
12 13 160 
13 14 195 
12 13 157 
11 12 123 
11 12 121 
12 13 159 
11 12 121 
12 13 142 
12 13 130 
11 12 125 
12 13 133 
12 13 156 
13 14 176 
12 13 141 
12 13 135 
12 13 124 
11 12 129 
12 13 157 
12 13 151 
12 13 147 
11 12 122 
11 12 139 
11 12 122 
11 12 123 
12 13 146 
11 12 130 
11 12 128 
12 13 189 
12 13 148 
13 14 176 
12 13 154 
12 13 130 
11 12 127 
11 12 132 
12 13 177 
11 12 124 
13 14 177 
12 13 128 
13 14 160 
12 13 125 
12 13 137 
12 13 140 
11 12 127 
12 13 156 
12 13 127 
11 12 135 
11 12 160 
12 13 155 
13 14 138 
12 13 129 
12 13 141 
12 13 145 
11 12 127 
12 13 163 
11 12 148 
12 13 122 
12 13 143 
13 14 140 
11 12 121 
11 12 133 
12 13 122 
11 12 139 
11 12 121 
12 13 148 
11 12 122 
11 12 122 
12 13 142 
11 12 129 
12 13 142 
12 13 134 
12 13 146 
12 13 137 
12 13 143 
11 12 123 
12 13 134 
11 12 141 
11 12 127 
12 13 139 
12 13 132 
11 12 126 
12 13 146 
11 12 126 
12 13 190 
11 12 144 
11 12 129 
12 13 121 
12 13 140 
12 13 142 
12 13 130 
11 12 123 
11 12 122 
11 12 121 
11 12 138 
11 12 144 
12 13 125 
11 12 124 
11 12 121 
11 12 139 
12 12 139 
11 12 130 
11 12 124 
13 14 169 
12 13 151 
12 13 145 
12 13 136 
11 12 121 
11 12 121 
12 13 125 
11 12 121 
11 12 121 
12 13 139 
11 12 134 
11 12 131 
12 13 171 
12 13 130 
11 12 124 
12 13 136 
12 13 161 
11 12 139 
11 12 152 
13 14 183 
12 13 132 
12 13 134 
13 14 134 
11 12 144 
12 13 143 
11 12 136 
12 13 124 
12 13 121 
12 13 152 
12 13 128 
11 12 139 
11 12 126 
12 13 137 
13 14 188 
11 12 135 
12 13 141 
12 13 136 
11 12 145 
12 13 124 
12 13 174 
13 14 135 
11 12 142 
12 13 136 
11 12 147 
11 12 134 
11 12 122 
12 13 134 
10 11 138 
11 12 138 
11 12 124 
11 12 129 
11 12 122 
11 12 130 
11 12 136 
12 13 140 
12 13 154 
11 12 121 
12 13 121 
12 13 155 
12 13 143 
11 12 124 
13 14 155 
12 13 122 
13 14 154 
11 12 130 
12 13 146 
12 13 144 
11 12 126 
11 12 135 
12 13 134 
11 12 140 
11 12 123 
11 12 131 
12 13 137 
13 14 168 
12 13 126 
13 14 147 
14 15 227 
12 13 134 
11 12 131 
11 12 127 
11 12 123 
11 12 125 
12 13 121 
11 12 127 
12 13 157 
12 13 130 
11 12 123 
11 12 122 
12 13 142 
11 12 126 
12 13 130 
12 13 154 
12 13 146 
11 12 137 
12 13 149 
12 13 138 
13 14 139 
12 13 136 
12 13 121 
11 12 122 
11 12 132 
12 13 142 
11 12 147 
12 13 128 
11 12 137 
11 12 121 
12 13 197 
12 13 122 
11 12 129 
11 12 127 
11 12 135 
12 13 198 
12 13 127 
12 13 176 
11 12 129 
11 12 126 
12 13 125 
11 12 135 
11 12 123 
11 12 136 
12 13 143 
13 14 154 
12 13 129 
12 13 133 
11 12 131 
11 12 135 
11 12 123 
11 12 122 
12 13 152 
12 13 125 
11 12 140 
11 12 147 
12 13 143 
11 12 147 
11 12 126 
11 12 125 
12 13 122 
11 12 134 
12 13 157 
12 13 123 
11 12 122 
11 12 146 
12 13 146 
12 13 132 
11 12 124 
11 12 128 
12 13 142 
10 11 135 
13 14 145 
11 12 132 
12 13 121 
11 12 123 
11 12 131 
12 13 140 
12 13 148 
12 13 138 
12 13 146 
11 12 144 
12 13 176 
12 13 145 
12 13 121 
11 12 129 
12 13 142 
12 13 154 
11 12 132 
11 12 129 
11 12 147 
10 11 127 
11 12 128 
11 12 136 
11 12 123 
12 13 123 
11 12 123 
12 13 123 
11 12 130 
11 12 147 
12 13 136 
12 13 128 
12 13 135 
12 13 143 
13 14 211 
12 13 160 
12 13 170 
11 12 123 
12 13 146 
11 12 127 
11 12 132 
12 13 126 
11 12 145 
12 13 137 
13 14 160 
12 13 133 
12 13 128 
11 12 127 
12 13 124 
12 13 123 
12 13 123 
11 12 125 
12 13 144 
12 13 130 
12 13 145 
12 13 161 
11 12 127 
11 12 124 
13 14 165 
12 13 134 
11 12 155 
12 13 151 
11 12 133 
12 13 128 
11 12 129 
11 12 125 
12 13 164 
12 13 130 
11 12 127 
11 12 158 
11 12 131 
12 13 191 
11 12 133 
11 12 131 
12 13 162 
11 12 124 
12 13 139 
12 13 132 
12 13 144 
11 12 131 
11 12 122 
12 13 174 
11 12 131 
11 12 138 
12 13 160 
13 14 138 
11 12 128 
12 13 128 
11 12 147 
12 13 132 
11 12 124 
12 13 124 
12 13 128 
11 12 129 
11 12 126 
11 12 130 
11 12 147 
11 12 133 
12 13 156 
12 13 124 
12 13 155 
11 12 142 
13 14 149 
11 12 122 
11 12 142 
12 13 155 
12 13 125 
13 14 137 
11 12 132 
11 12 121 
12 13 145 
11 12 123 
12 13 126 
11 12 148 
12 13 143 
12 13 124 
11 12 121 
12 13 177 
12 13 139 
11 12 139 
12 13 125 
11 12 125 
12 13 128 
11 12 130 
12 13 153 
11 12 126 
12 13 137 
12 13 136 
12 13 123 
12 13 155 
11 12 139 
11 12 125 
12 13 170 
11 12 157 
12 13 203 
11 12 121 
11 12 124 
11 12 123 
11 12 125 
11 12 136 
11 12 132 
11 12 137 
11 12 123 
12 13 145 
12 13 137 
12 13 125 
12 13 137 
12 13 123 
13 14 179 
12 13 141 
11 12 133 
11 12 124 
11 12 121 
13 14 149 
11 12 141 
11 12 121 
13 14 150 
12 13 136 
12 13 136 
11 12 121 
12 13 133 
12 13 140 
11 12 121 
11 12 135 
12 13 121 
11 12 136 
11 12 122 
11 12 121 
12 13 126 
11 12 152 
11 12 129 
11 12 126 
12 13 128 
11 12 129 
12 13 127 
12 13 130 
12 13 156 
11 12 137 
11 12 127 
11 12 127 
12 13 153 
11 12 136 
11 12 129 
12 13 180 
12 13 142 
11 12 138 
11 12 127 
12 13 126 
11 12 126 
12 13 166 
11 12 122 
12 13 128 
11 12 137 
12 13 146 
11 12 124 
12 13 161 
11 12 121 
12 13 140 
11 12 132 
12 13 151 
11 12 122 
11 12 127 
12 13 166 
12 13 150 
12 13 195 
12 13 132 
12 13 173 
12 13 136 
12 13 154 
13 14 138 
13 14 146 
12 13 137 
12 13 140 
11 12 141 
11 12 124 
12 13 141 
13 14 124 
12 13 144 
12 13 129 
11 12 126 
12 13 162 
11 12 128 
11 12 126 
11 12 152 
12 13 152 
13 14 276 
12 13 132 
12 13 134 
11 12 127 
12 13 157 
12 13 154 
11 12 127 
12 13 128 
12 13 121 
12 13 153 
11 12 121 
12 13 138 
12 13 168 
11 12 122 
11 12 150 
12 13 124 
11 12 131 
12 13 170 
12 13 142 
12 13 136 
12 13 182 
12 13 131 
11 12 129 
11 12 129 
12 13 129 
12 13 136 
12 13 159 
12 13 126 
12 13 170 
12 13 137 
12 13 129 
11 12 140 
12 13 127 
11 12 126 
12 13 174 
13 14 237 
12 13 138 
12 13 126 
11 12 139 
11 12 136 
12 13 157 
12 13 152 
13 14 201 
11 12 129 
12 13 131 
12 13 133 
12 13 147 
12 13 132 
12 13 131 
12 13 121 
11 12 128 
13 14 124 
12 13 147 
11 12 128 
12 13 166 
12 13 123 
12 13 177 
11 12 121 
12 13 130 
11 12 125 
12 13 135 
11 12 121 
12 13 121 
12 13 146 
12 13 125 
11 12 127 
13 14 248 
13 14 124 
13 14 173 
11 12 140 
11 12 138 
11 12 149 
11 12 124 
11 12 135 
11 12 123 
12 13 124 
11 12 130 
12 13 152 
11 12 134 
11 12 133 
12 13 161 
13 14 153 
11 12 141 
11 12 133 
12 13 152 
12 13 164 
12 13 141 
12 13 134 
11 12 131 
11 12 133 
12 13 134 
12 13 121 
11 12 122 
12 13 153 
11 12 121 
11 12 124 
11 12 122 
11 12 131 
12 13 130 
12 13 124 
12 13 124 
13 14 161 
12 13 169 
11 12 125 
12 13 147 
11 12 121 
11 12 138 
11 12 122 
11 12 128 
11 12 139 
10 11 127 
11 12 167 
11 12 122 
11 12 129 
12 13 173 
11 12 146 
12 13 156 
12 13 155 
11 12 124 
12 13 121 
12 13 155 
12 13 138 
11 12 145 
11 12 126 
12 13 171 
11 12 130 
12 13 142 
13 14 232 
11 12 129 
12 13 132 
11 12 129 
11 12 131 
11 12 153 
12 13 127 
12 13 144 
11 12 130 
12 13 138 
13 14 169 
12 13 131 
11 12 138 
11 12 125 
12 13 139 
12 13 131 
12 13 121 
12 13 136 
12 13 124 
11 12 136 
12 13 133 
12 13 161 
12 13 136 
11 12 136 
12 13 123 
12 13 142 
11 12 134 
12 13 157 
11 12 121 
11 12 138 
12 13 168 
13 14 128 
12 13 150 
12 13 131 
12 13 135 
11 12 135 
12 13 195 
11 12 128 
11 12 124 
12 13 181 
12 13 122 
12 13 159 
11 12 123 
11 12 140 
12 13 135 
11 12 135 
12 13 129 
11 12 142 
12 13 158 
12 13 133 
12 13 141 
12 13 153 
11 12 126 
11 12 121 
11 12 132 
10 11 135 
12 13 131 
11 12 121 
12 13 146 
12 13 136 
11 12 162 
11 12 122 
12 13 132 
12 13 128 
12 13 140 
12 13 131 
12 13 165 
12 13 121 
11 12 134 
12 13 149 
11 12 135 
11 12 121 
12 13 163 
12 13 150 
12 13 183 
12 13 122 
12 13 140 
13 14 152 
13 14 173 
11 12 124 
12 13 156 
12 13 134 
12 13 145 
11 12 121 
11 12 125 
11 12 132 
12 13 123 
11 12 131 
11 12 130 
12 13 127 
11 12 129 
10 11 127 
11 12 136 
12 13 133 
11 12 162 
12 13 160 
12 13 163 
12 13 122 
11 12 124 
12 13 159 
12 13 136 
11 12 125 
11 12 130 
11 12 140 
12 13 128 
12 13 144 
12 13 128 
12 13 151 
12 13 124 
12 13 142 
11 12 135 
11 12 126 
11 12 157 
12 13 141 
12 13 138 
12 13 152 
12 13 132 
12 13 133 
12 13 143 
11 12 122 
12 13 137 
12 13 126 
12 13 130 
12 13 157 
12 13 142 
12 13 131 
11 12 130 
10 11 123 
11 12 123 
12 13 146 
11 12 121 
11 12 123 
11 12 121 
11 12 123 
11 12 136 
12 13 181 
11 12 148 
11 12 143 
12 13 136 
13 14 199 
11 12 139 
11 12 124 
11 12 124 
11 12 128 
11 12 128 
11 12 141 
11 12 129 
12 13 130 
11 12 127 
12 13 127 
12 13 131 
13 14 133 
12 13 134 
13 14 137 
11 12 126 
12 13 144 
11 12 136 
12 13 133 
12 13 187 
11 12 129 
11 12 129 
11 12 122 
11 12 123 
11 12 122 
12 13 131 
12 13 158 
12 13 161 
11 12 136 
12 13 154 
11 12 126 
11 12 125 
11 12 123 
12 13 153 
12 13 162 
12 13 134 
12 13 150 
11 12 133 
11 12 126 
11 12 121 
12 13 134 
11 12 124 
13 14 167 
12 13 121 
11 12 121 
12 13 182 
13 14 162 
12 13 130 
12 13 126 
13 14 157 
12 13 137 
12 13 122 
12 13 140 
11 12 136 
11 12 122 
12 13 152 
11 12 138 
12 13 150 
11 12 122 
11 12 126 
12 13 163 
11 12 121 
12 13 122 
13 14 149 
11 12 129 
11 12 124 
12 13 133 
11 12 126 
11 12 128 
11 12 144 
12 13 140 
11 12 121 
12 13 139 
11 12 136 
12 13 159 
11 12 130 
11 12 123 
11 12 121 
11 12 121 
12 13 135 
11 12 130 
12 13 146 
12 13 151 
12 13 192 
12 13 136 
11 12 136 
12 13 122 
12 13 126 
12 13 167 
12 13 131 
12 13 129 
11 12 145 
12 13 141 
13 14 126 
11 12 135 
12 13 133 
12 13 126 
12 13 129 
12 13 140 
11 12 133 
12 13 232 
11 12 124 
12 13 124 
11 12 123 
12 13 135 
11 12 126 
11 12 135 
11 12 154 
12 13 142 
13 14 192 
10 11 127 
11 12 145 
11 12 140 
11 12 138 
12 13 129 
13 14 194 
11 12 121 
12 13 129 
12 13 137 
12 13 155 
13 14 175 
11 12 152 
12 13 139 
12 13 153 
12 13 138 
11 12 139 
10 11 127 
13 14 153 
11 12 122 
11 12 137 
11 12 135 
12 13 162 
11 12 123 
12 13 134 
11 12 135 
13 14 122 
11 12 131 
12 13 124 
12 13 134 
12 13 156 
13 14 251 
12 13 137 
11 12 129 
11 12 127 
11 12 128 
11 12 122 
11 12 152 
12 13 138 
13 14 144 
12 13 121 
11 12 127 
11 12 179 
12 13 151 
12 13 170 
11 12 126 
11 12 130 
11 12 123 
12 13 124 
12 13 137 
11 12 123 
12 13 155 
11 12 165 
13 14 192 
11 12 130 
11 12 140 
12 13 184 
11 12 125 
11 12 129 
12 13 137 
11 12 122 
12 13 134 
11 12 130 
12 13 132 
12 13 127 
12 13 135 
11 12 125 
11 12 145 
12 13 147 
13 14 190 
11 12 133 
11 12 139 
12 13 199 
11 12 135 
11 12 134 
11 12 136 
10 11 123 
12 13 125 
12 13 156 
12 13 164 
12 13 183 
12 13 162 
12 13 166 
12 13 121 
11 12 123 
12 13 173 
12 13 123 
13 14 124 
11 12 127 
12 13 160 
12 13 124 
11 12 133 
12 13 121 
11 12 148 
12 13 138 
11 12 153 
11 12 126 
12 13 150 
11 12 121 
12 13 200 
12 13 191 
12 13 131 
11 12 123 
11 12 133 
12 13 172 
11 12 140 
11 12 131 
11 12 125 
12 13 200 
11 12 123 
11 12 133 
12 13 137 
11 12 135 
12 13 133 
11 12 133 
11 12 129 
11 12 123 
12 13 130 
11 12 121 
12 13 187 
11 12 128 
11 12 147 
11 12 136 
11 12 142 
11 12 135 
12 13 135 
12 13 136 
11 12 142 
11 12 123 
11 12 130 
11 12 121 
12 13 131 
11 12 121 
11 12 127 
12 13 131 
12 13 127 
12 13 125 
11 12 148 
11 12 122 
11 12 138 
11 12 130 
12 13 136 
11 12 133 
11 12 126 
11 12 131 
11 12 128 
12 13 158 
12 13 165 
13 14 123 
11 12 129 
11 12 148 
12 13 141 
12 13 162 
12 13 141 
11 12 131 
11 12 127 
11 12 152 
11 12 142 
11 12 139 
11 12 126 
12 13 140 
12 13 124 
12 13 121 
13 14 136 
11 12 126 
12 13 146 
11 12 129 
11 12 123 
11 12 131 
11 12 166 
11 12 140 
12 13 135 
12 13 148 
11 12 135 
12 13 151 
11 12 134 
11 12 122 
11 12 129 
12 13 139 
12 13 145 
11 12 137 
11 12 123 
12 13 148 
11 12 121 
11 12 128 
11 12 132 
12 13 160 
11 12 134 
11 12 136 
11 12 129 
11 12 123 
11 12 138 
12 13 133 
12 13 145 
12 13 148 
11 12 122 
12 13 171 
12 13 149 
12 13 139 
12 13 154 
13 14 191 
11 12 137 
12 13 190 
12 13 124 
11 12 133 
12 13 130 
13 14 165 
11 12 125 
12 13 127 
11 12 132 
11 12 123 
11 12 128 
12 13 123 
12 13 127 
11 12 144 
11 12 131 
12 13 183 
12 13 162 
12 13 127 
12 13 133 
13 14 179 
12 13 179 
12 13 144 
12 13 126 
11 12 124 
12 13 124 
11 12 128 
12 13 132 
11 12 154 
12 13 147 
12 13 149 
11 12 127 
12 13 138 
12 13 125 
11 12 121 
12 13 139 
13 14 230 
11 12 132 
11 12 133 
12 13 179 
11 12 138 
13 14 131 
12 13 155 
12 13 135 
12 13 131 
12 13 144 
11 12 138 
12 13 186 
12 13 138 
12 13 130 
11 12 127 
11 12 167 
12 13 143 
11 12 124 
12 13 128 
11 12 124 
11 12 123 
12 13 121 
12 13 166 
11 12 136 
11 12 152 
11 12 122 
12 13 158 
11 12 135 
11 12 125 
12 13 131 
11 12 133 
12 13 141 
11 12 124 
12 13 123 
12 13 131 
11 12 131 
12 13 175 
11 12 131 
13 14 134 
11 12 146 
12 13 132 
12 13 177 
11 12 137 
11 12 140 
11 12 121 
11 12 128 
12 13 143 
12 13 130 
11 12 121 
11 12 122 
12 13 128 
12 13 142 
12 13 135 
11 12 130 
12 13 167 
11 12 127 
12 13 143 
11 12 141 
11 12 121 
11 12 136 
11 12 136 
11 12 146 
12 13 124 
11 12 121 
11 12 137 
12 13 129 
11 12 127 
12 13 176 
11 12 122 
12 12 122 
11 12 124 
12 13 121 
12 13 167 
12 13 145 
11 12 152 
12 13 156 
12 13 125 
12 13 134 
12 13 150 
12 13 124 
12 13 142 
11 12 133 
12 13 128 
12 13 144 
11 12 124 
12 13 121 
11 12 162 
12 13 198 
12 13 127 
12 13 147 
11 12 124 
12 13 130 
11 12 134 
12 13 193 
12 13 122 
11 12 121 
11 12 127 
12 13 133 
11 12 124 
12 13 135 
11 12 124 
11 12 121 
11 12 125 
12 13 132 
13 14 232 
12 13 121 
11 12 148 
12 13 161 
11 12 146 
11 12 134 
12 13 150 
12 13 132 
12 13 146 
12 13 145 
11 12 122 
11 12 121 
12 13 127 
12 13 127 
11 12 122 
12 13 127 
11 12 139 
12 13 175 
11 12 131 
13 14 121 
11 12 123 
11 12 130 
12 13 134 
12 13 145 
11 12 148 
11 12 126 
12 13 121 
11 12 144 
11 12 122 
12 13 128 
12 13 135 
11 12 127 
12 13 164 
13 14 129 
13 14 171 
12 13 129 
12 13 127 
12 13 132 
11 12 132 
12 13 121 
12 13 138 
11 12 125 
11 12 126 
11 12 134 
11 12 179 
12 13 131 
12 13 134 
11 12 126 
11 12 127 
12 13 124 
12 13 144 
11 12 125 
11 12 135 
12 13 127 
12 13 161 
12 13 137 
11 12 125 
12 13 148 
11 12 121 
11 12 121 
12 13 143 
12 13 134 
12 13 122 
11 12 133 
11 12 140 
12 13 182 
11 12 124 
12 13 157 
13 14 123 
11 12 127 
12 13 138 
12 13 122 
12 13 189 
13 14 133 
11 12 131 
11 12 123 
11 12 123 
12 13 182 
12 13 159 
11 12 128 
11 12 128 
11 12 127 
11 12 136 
12 13 140 
11 12 123 
11 12 129 
12 13 205 
12 13 134 
12 13 123 
12 13 122 
11 12 138 
10 11 168 
11 12 216 
11 12 137 
12 13 132 
13 14 138 
12 13 132 
11 12 125 
12 13 135 
12 13 126 
13 14 137 
12 13 188 
12 13 154 
13 14 182 
12 13 133 
13 14 145 
11 12 124 
12 13 137 
12 13 136 
12 13 126 
13 14 193 
12 13 125 
12 13 124 
11 12 121 
12 13 147 
11 12 127 
11 12 125 
13 14 155 
12 13 134 
12 13 121 
11 12 123 
11 12 137 
12 13 127 
11 12 124 
11 12 122 
13 14 193 
12 13 159 
13 14 230 
11 12 128 
11 12 131 
12 13 137 
11 12 132 
11 12 125 
12 13 179 
12 13 137 
12 13 129 
12 13 136 
11 12 121 
12 13 136 
12 13 175 
13 14 122 
13 14 197 
11 12 130 
11 12 139 
11 12 134 
11 12 121 
12 13 139 
12 13 141 
12 13 130 
11 12 138 
12 13 201 
12 13 122 
12 13 129 
11 12 131 
11 12 125 
13 14 129 
12 13 172 
12 13 121 
12 13 127 
11 12 141 
12 13 156 
11 12 141 
12 13 148 
12 13 156 
11 12 124 
11 12 121 
11 12 121 
12 13 162 
11 12 149 
12 13 121 
12 13 132 
12 13 151 
11 12 127 
12 13 152 
12 13 172 
11 12 133 
12 13 129 
12 13 127 
12 13 121 
11 12 130 
12 13 122 
11 12 123 
11 12 126 
12 13 140 
13 14 126 
11 12 132 
11 12 146 
12 13 124 
12 13 125 
11 12 125 
11 12 126 
13 14 134 
12 13 165 
12 13 122 
11 12 143 
11 12 123 
11 12 122 
12 13 143 
11 12 123 
12 13 150 
11 12 121 
12 13 122 
12 13 150 
12 13 123 
11 12 124 
12 13 170 
11 12 138 
12 13 136 
12 13 123 
11 12 121 
12 13 143 
11 12 125 
12 13 126 
11 12 141 
11 12 122 
12 13 156 
12 13 124 
11 12 135 
11 12 129 
12 13 184 
12 13 132 
12 13 135 
12 13 177 
11 12 124 
12 13 124 
11 12 133 
12 13 148 
12 13 133 
11 12 157 
11 12 126 
12 13 157 
12 13 155 
12 13 148 
11 12 137 
11 12 123 
11 12 134 
11 12 132 
12 13 156 
12 13 125 
11 12 122 
12 13 153 
12 13 160 
11 12 139 
11 12 132 
11 12 122 
11 12 126 
11 12 123 
12 13 147 
12 13 121 
11 12 126 
12 13 125 
11 12 125 
11 12 126 
11 12 126 
12 13 148 
12 13 121 
12 13 150 
11 12 124 
11 12 130 
12 13 125 
11 12 124 
11 12 138 
11 12 138 
11 12 124 
11 12 126 
11 12 124 
12 13 138 
13 14 121 
11 12 122 
12 13 175 
12 13 170 
12 13 135 
11 12 134 
11 12 125 
11 12 138 
12 13 149 
12 13 125 
11 12 124 
11 12 125 
12 13 123 
11 12 140 
11 12 137 
12 13 161 
11 12 136 
11 12 121 
12 13 177 
11 12 125 
11 12 130 
13 14 121 
11 12 137 
12 13 148 
13 14 129 
11 12 129 
11 12 141 
11 12 141 
11 12 122 
11 12 123 
12 13 123 
12 13 176 
13 14 139 
11 12 125 
12 13 124 
12 13 153 
12 13 162 
12 13 148 
12 13 131 
11 12 136 
11 12 127 
12 13 135 
11 12 132 
12 13 139 
12 13 129 
11 12 128 
11 12 124 
11 12 122 
12 13 126 
11 12 146 
11 12 145 
11 12 183 
12 13 134 
12 13 175 
11 12 123 
12 13 135 
12 13 159 
12 13 123 
13 14 185 
11 12 136 
13 14 162 
12 13 124 
11 12 137 
11 12 122 
11 12 124 
12 13 152 
12 13 165 
11 12 127 
11 12 121 
11 12 125 
11 12 143 
11 12 139 
13 14 135 
11 12 123 
12 13 149 
11 12 122 
11 12 126 
11 12 124 
11 12 123 
11 12 134 
12 13 188 
11 12 122 
12 13 129 
12 13 133 
11 12 131 
12 13 159 
12 13 130 
11 12 124 
12 13 138 
11 12 143 
11 12 122 
12 13 196 
11 12 142 
11 12 136 
11 12 126 
11 12 121 
11 12 123 
12 13 138 
11 12 125 
12 13 149 
11 12 133 
12 13 201 
11 12 126 
11 12 140 
12 13 134 
11 12 124 
12 13 142 
11 12 124 
11 12 130 
11 12 133 
11 12 142 
12 13 144 
11 12 166 
11 12 121 
12 13 137 
11 12 144 
12 13 206 
13 14 160 
11 12 142 
13 14 168 
12 13 127 
11 12 128 
12 13 185 
12 13 173 
11 12 122 
12 13 122 
11 12 126 
13 14 200 
11 12 125 
12 13 132 
11 12 127 
11 12 137 
11 12 122 
11 12 122 
12 13 134 
12 13 134 
11 12 145 
11 12 129 
11 12 122 
13 14 129 
12 13 145 
12 13 132 
11 12 140 
11 12 123 
12 13 131 
11 12 133 
11 12 125 
12 13 139 
11 12 127 
11 12 121 
12 13 127 
13 14 190 
12 13 159 
12 13 125 
11 12 126 
12 13 128 
13 14 141 
12 13 134 
13 14 170 
14 15 193 
11 12 128 
12 13 123 
12 13 140 
11 12 140 
12 13 126 
11 12 127 
12 13 159 
11 12 147 
12 13 153 
11 12 121 
13 14 131 
12 13 141 
11 12 130 
12 13 182 
12 13 126 
12 13 145 
12 13 122 
11 12 147 
11 12 152 
11 12 166 
12 13 141 
12 13 136 
11 12 127 
12 13 134 
11 12 121 
12 13 126 
12 13 124 
12 13 125 
11 12 121 
12 13 175 
11 12 138 
12 13 166 
11 12 136 
11 12 131 
11 12 122 
13 14 163 
11 12 125 
12 13 169 
12 13 121 
12 13 134 
12 13 129 
11 12 142 
11 12 132 
12 13 143 
11 12 121 
11 12 122 
11 12 126 
11 12 137 
11 12 144 
12 13 142 
12 13 134 
12 13 164 
13 14 139 
12 13 142 
11 12 121 
12 13 141 
11 12 132 
12 13 141 
11 12 121 
11 12 165 
11 12 122 
12 13 123 
13 14 147 
11 12 122 
12 13 183 
11 12 140 
12 13 161 
11 12 127 
12 13 139 
11 12 123 
11 12 122 
14 15 143 
11 12 132 
12 13 176 
11 12 130 
12 13 142 
12 13 145 
11 12 144 
11 12 153 
13 14 132 
11 12 122 
11 12 131 
11 12 123 
12 13 135 
11 12 129 
11 12 128 
11 12 137 
12 13 140 
11 12 145 
11 12 174 
12 13 130 
12 13 127 
12 13 150 
12 13 128 
11 12 133 
11 12 144 
12 13 133 
11 12 121 
12 13 127 
13 14 129 
12 13 162 
11 12 131 
12 13 141 
11 12 133 
12 13 152 
11 12 153 
12 13 148 
12 13 126 
12 13 137 
11 12 139 
11 12 129 
12 13 124 
12 13 126 
13 14 228 
11 12 121 
12 13 162 
13 14 169 
11 12 129 
12 13 178 
11 12 145 
11 12 124 
12 13 145 
12 13 136 
12 13 128 
12 13 134 
13 14 156 
13 14 149 
11 12 122 
12 13 129 
11 12 121 
11 12 122 
12 13 125 
12 13 183 
12 13 149 
11 12 157 
12 13 128 
11 12 144 
12 13 149 
11 12 122 
12 13 152 
12 13 123 
11 12 132 
13 14 139 
11 12 123 
12 13 131 
11 12 150 
11 12 124 
11 12 147 
12 13 147 
11 12 135 
11 12 138 
11 12 132 
11 12 136 
12 13 121 
11 12 121 
11 12 143 
12 13 126 
12 13 130 
11 12 131 
11 12 141 
12 13 157 
12 13 193 
13 14 125 
13 14 151 
11 12 136 
11 12 141 
12 13 142 
11 12 139 
12 13 121 
11 12 138 
11 12 126 
12 13 166 
12 13 146 
11 12 141 
11 12 123 
11 12 124 
11 12 126 
11 12 146 
11 12 150 
12 13 177 
12 13 156 
12 13 153 
12 13 129 
11 12 135 
11 12 125 
11 12 127 
11 12 122 
11 12 138 
12 13 137 
12 13 148 
11 12 130 
11 12 144 
12 13 162 
13 14 134 
12 13 121 
12 13 134 
11 12 121 
11 12 129 
12 13 169 
12 13 147 
12 13 133 
12 13 142 
11 12 122 
11 12 134 
12 13 139 
11 12 135 
12 13 153 
12 13 145 
12 13 124 
12 13 163 
11 12 125 
12 13 147 
12 13 124 
11 12 143 
12 13 132 
12 13 140 
12 13 121 
11 12 161 
13 14 210 
11 12 123 
12 13 148 
12 13 130 
12 13 152 
11 12 121 
13 14 149 
11 12 135 
12 13 127 
11 12 157 
12 13 149 
12 13 125 
11 12 136 
12 13 154 
11 12 121 
12 13 129 
11 12 134 
11 12 124 
13 14 165 
12 13 133 
11 12 122 
12 13 156 
11 12 130 
11 12 157 
12 13 157 
13 14 233 
13 14 144 
12 13 146 
12 13 131 
12 13 128 
12 13 129 
12 13 156 
11 12 122 
11 12 121 
12 13 156 
12 13 172 
11 12 146 
11 12 124 
12 13 130 
13 14 132 
11 12 126 
13 14 146 
11 12 123 
12 13 123 
12 13 147 
11 12 147 
11 12 142 
12 13 127 
13 14 123 
11 12 125 
12 13 162 
11 12 127 
11 12 136 
12 13 130 
12 13 142 
12 13 126 
12 13 148 
11 12 131 
11 12 127 
12 13 135 
12 13 125 
11 12 133 
11 12 124 
12 13 172 
12 13 127 
12 13 165 
12 13 150 
12 13 141 
12 13 164 
12 13 213 
11 12 129 
11 12 122 
11 12 125 
11 12 128 
13 14 172 
13 14 159 
12 13 138 
12 13 126 
11 12 121 
11 12 136 
12 13 148 
11 12 149 
13 14 139 
11 12 141 
11 12 127 
11 12 129 
11 12 132 
12 13 153 
11 12 121 
11 12 137 
11 12 122 
12 13 141 
12 13 135 
12 13 124 
11 12 123 
12 13 169 
12 13 139 
12 13 133 
12 13 131 
12 13 144 
12 13 131 
11 12 140 
11 12 125 
12 13 138 
12 13 121 
12 13 125 
12 13 128 
11 12 130 
12 13 148 
11 12 124 
12 13 128 
12 13 147 
11 12 135 
12 13 140 
12 13 128 
11 12 121 
11 12 141 
11 12 130 
12 13 157 
12 13 196 
13 14 209 
10 11 135 
11 12 126 
11 12 146 
11 12 153 
11 12 129 
12 13 143 
11 12 130 
11 12 127 
12 13 143 
11 12 125 
12 13 149 
11 12 138 
11 12 121 
12 13 121 
12 13 160 
11 12 131 
12 13 177 
11 12 127 
12 13 135 
13 14 233 
11 12 128 
11 12 147 
11 12 127 
12 13 127 
12 13 140 
11 12 129 
12 13 175 
13 14 245 
11 12 122 
12 13 124 
12 13 166 
13 14 127 
12 13 129 
11 12 125 
11 12 128 
11 12 167 
13 14 189 
13 14 122 
11 12 124 
12 13 153 
11 12 124 
12 13 127 
11 12 144 
12 13 138 
11 12 126 
11 12 123 
12 13 182 
12 13 135 
11 12 126 
11 12 183 
11 12 135 
11 12 122 
12 13 202 
11 12 125 
11 12 138 
11 12 152 
12 13 143 
12 13 135 
11 12 124 
12 13 149 
12 13 126 
13 14 146 
11 12 142 
11 12 128 
11 12 127 
12 13 143 
13 14 251 
11 12 127 
12 13 163 
11 12 145 
12 13 121 
12 13 121 
12 13 152 
12 13 126 
13 14 168 
13 14 150 
11 12 127 
12 13 144 
11 12 128 
12 13 123 
11 12 129 
11 12 121 
12 13 138 
11 12 138 
11 12 154 
11 12 148 
11 12 125 
12 13 138 
13 14 133 
11 12 141 
11 12 128 
11 12 135 
11 12 137 
13 14 121 
14 15 188 
12 13 126 
11 12 142 
12 13 146 
12 13 131 
11 12 127 
12 13 140 
11 12 129 
11 12 123 
13 14 183 
12 13 139 
13 14 126 
11 12 122 
12 13 122 
12 13 152 
13 14 139 
11 12 139 
11 12 133 
11 12 144 
11 12 127 
11 12 153 
12 13 187 
11 12 149 
11 12 125 
12 13 155 
12 13 124 
11 12 127 
12 13 162 
12 13 146 
11 12 130 
11 12 128 
12 13 140 
11 12 123 
12 13 122 
11 12 126 
12 13 146 
12 13 147 
11 12 121 
12 13 179 
12 13 122 
12 13 141 
12 13 126 
11 12 132 
11 12 122 
12 13 183 
12 13 132 
11 12 136 
12 13 171 
11 12 141 
12 13 145 
11 12 130 
12 13 128 
12 13 126 
11 12 124 
12 13 131 
12 13 149 
12 13 122 
11 12 140 
12 13 158 
11 12 127 
12 13 125 
11 12 122 
12 13 146 
11 12 131 
12 13 150 
12 13 147 
13 14 158 
12 13 121 
12 13 138 
13 14 181 
11 12 121 
11 12 131 
11 12 130 
11 12 154 
11 12 121 
12 13 145 
11 12 128 
11 12 126 
12 13 205 
11 12 123 
12 13 122 
12 13 142 
11 12 123 
12 13 142 
12 13 163 
13 14 125 
11 12 122 
11 12 143 
11 12 135 
12 13 122 
12 13 129 
11 12 126 
13 14 143 
12 13 146 
11 12 142 
11 12 132 
12 13 128 
11 12 125 
12 13 202 
11 12 122 
12 13 198 
12 13 127 
13 14 143 
11 12 152 
12 13 208 
11 12 129 
11 12 127 
12 13 128 
12 13 124 
13 14 145 
12 13 135 
11 12 137 
11 12 124 
12 13 122 
12 13 138 
12 13 122 
11 12 127 
12 13 155 
11 12 123 
11 12 125 
12 13 175 
11 12 121 
12 13 181 
12 13 152 
11 12 126 
11 12 126 
12 13 146 
11 12 131 
11 12 124 
12 13 191 
11 12 122 
12 13 136 
11 12 132 
11 12 128 
11 12 121 
11 12 129 
11 12 125 
12 13 173 
12 13 144 
11 12 142 
11 12 138 
12 13 136 
11 12 138 
11 12 130 
12 13 126 
11 12 152 
10 11 123 
10 11 135 
11 12 130 
11 12 157 
11 12 123 
11 12 121 
12 13 154 
12 13 141 
11 12 124 
12 13 130 
11 12 139 
12 13 150 
12 13 131 
12 13 134 
11 12 140 
12 13 155 
12 13 128 
12 13 159 
11 12 125 
12 13 201 
11 12 128 
11 12 132 
11 12 148 
12 13 177 
11 12 124 
12 13 161 
10 11 127 
11 12 161 
12 13 197 
12 13 141 
13 14 205 
12 13 179 
13 14 238 
11 12 128 
12 13 156 
11 12 125 
12 13 149 
11 12 135 
12 13 134 
12 13 134 
13 14 150 
12 13 125 
11 12 136 
12 13 134 
11 12 124 
11 12 123 
12 13 123 
11 12 141 
12 13 127 
12 13 130 
11 12 121 
12 13 122 
12 13 149 
12 13 151 
11 12 129 
12 13 134 
12 13 149 
11 12 129 
12 13 132 
12 13 143 
12 13 142 
12 13 151 
11 12 133 
11 12 140 
12 13 123 
12 13 190 
12 13 159 
11 12 135 
11 12 126 
11 12 141 
12 13 131 
11 12 122 
12 13 163 
11 12 126 
12 13 144 
11 12 130 
11 12 133 
12 13 142 
11 12 124 
12 13 150 
12 13 151 
11 12 128 
13 14 192 
12 13 151 
11 12 125 
13 14 138 
11 12 130 
12 13 155 
11 12 129 
12 13 129 
12 13 135 
12 13 140 
11 12 125 
11 12 139 
11 12 152 
12 13 124 
11 12 133 
11 12 163 
11 12 126 
12 13 131 
11 12 138 
11 12 131 
11 12 123 
11 12 129 
12 13 132 
13 14 135 
12 13 161 
12 13 142 
11 12 135 
12 13 131 
12 13 173 
11 12 123 
12 13 134 
12 13 165 
11 12 121 
11 12 127 
12 13 143 
11 12 124 
11 12 123 
11 12 129 
12 13 137 
12 13 144 
11 12 132 
11 12 142 
12 13 182 
11 12 152 
12 13 126 
12 13 124 
11 12 137 
12 13 129 
12 13 139 
11 12 125 
13 14 160 
11 12 128 
11 12 128 
12 13 129 
11 12 128 
12 13 175 
12 13 122 
11 12 124 
12 13 158 
12 13 125 
12 13 149 
11 12 143 
11 12 126 
12 13 126 
11 12 134 
11 12 160 
11 12 123 
12 13 164 
11 12 130 
12 13 143 
12 13 134 
12 13 145 
12 13 135 
11 12 135 
11 12 125 
11 12 136 
12 13 147 
12 13 146 
12 13 149 
13 14 202 
13 14 125 
12 13 145 
11 12 129 
11 12 122 
13 14 125 
11 12 121 
12 13 126 
11 12 136 
12 13 143 
11 12 146 
11 12 135 
12 13 124 
11 12 135 
12 13 121 
12 13 141 
12 13 174 
12 13 156 
11 12 126 
12 13 123 
11 12 121 
12 13 150 
11 12 147 
12 13 143 
11 12 126 
12 13 146 
11 12 141 
11 12 128 
11 12 122 
12 13 132 
11 12 133 
12 13 178 
12 13 127 
11 12 152 
12 13 189 
12 13 140 
12 13 158 
12 13 123 
11 12 121 
11 12 141 
11 12 142 
11 12 123 
11 12 125 
11 12 130 
11 12 133 
11 12 123 
12 13 140 
12 13 154 
11 12 127 
13 14 126 
12 13 123 
11 12 127 
12 13 162 
11 12 137 
11 12 121 
12 13 149 
12 13 129 
12 13 126 
11 12 130 
11 12 121 
12 13 121 
12 13 130 
12 13 138 
11 12 127 
11 12 122 
12 13 127 
12 13 131 
12 13 185 
11 12 121 
11 12 125 
11 12 125 
12 13 123 
11 12 131 
11 12 122 
11 12 127 
11 12 124 
12 13 146 
12 13 175 
12 13 152 
12 13 129 
12 13 121 
13 14 192 
13 14 155 
11 12 122 
12 13 147 
12 13 146 
13 14 238 
11 12 152 
12 13 160 
11 12 136 
12 13 142 
12 13 122 
11 12 138 
12 13 154 
12 13 149 
12 13 142 
11 12 127 
12 13 135 
12 13 154 
11 12 134 
12 13 122 
11 12 125 
11 12 126 
12 13 144 
11 12 137 
12 13 136 
11 12 145 
12 13 129 
11 12 121 
11 12 121 
11 12 125 
12 13 152 
12 13 132 
13 14 167 
13 14 158 
11 12 127 
12 13 158 
12 13 171 
12 13 154 
12 13 139 
12 13 121 
13 14 144 
11 12 128 
11 12 134 
11 12 125 
12 13 126 
11 12 132 
11 12 144 
11 12 129 
12 13 168 
11 12 122 
11 12 140 
11 12 148 
11 12 127 
11 12 124 
12 13 128 
11 12 121 
13 14 147 
12 13 163 
12 13 133 
12 13 141 
12 13 130 
13 14 187 
13 14 182 
12 13 121 
12 13 137 
11 12 132 
11 12 152 
11 12 129 
12 13 150 
11 12 123 
12 13 152 
11 12 127 
12 13 227 
12 13 136 
12 13 124 
11 12 129 
12 13 127 
13 14 183 
11 12 129 
11 12 123 
12 13 133 
11 12 127 
11 12 123 
12 13 188 
11 12 135 
11 12 126 
11 12 134 
11 12 123 
12 13 165 
12 13 125 
11 12 125 
11 12 132 
12 13 169 
12 13 152 
11 12 142 
12 13 128 
12 13 124 
