sessionnumb  20261001175224 
gap> Read("Task20261001Pa.g");
Syntax warning: Unbound global variable in Task20261001Pa.g:30
      srats:=GetSpRatstGram, th);
      ^^^^^
Syntax warning: Unbound global variable in Task20261001Pa.g:30
      srats:=GetSpRatstGram, th);
             ^^^^^^^^^^^^^^
Syntax error: ; expected in Task20261001Pa.g:30
      srats:=GetSpRatstGram, th);
                           ^
Syntax warning: Unbound global variable in Task20261001Pa.g:31
      if Length(srats[2])>1000 or Length(tGram)>16 then 
                ^^^^^
Syntax warning: Unbound global variable in Task20261001Pa.g:32
        Printn(kk+1, Length(tGram), srats.nopss, Collected(Flat(newadj)));
                                    ^^^^^
gap> Read("Task20261001Pa.g");
Syntax warning: Unbound global variable in Task20261001Pa.g:30
      srats:=GetSpRats(tGram, th);
      ^^^^^
Syntax warning: Unbound global variable in Task20261001Pa.g:31
      if Length(srats[2])>1000 or Length(tGram)>16 then 
                ^^^^^
Syntax warning: Unbound global variable in Task20261001Pa.g:32
        Printn(kk+1, Length(tGram), srats.nopss, Collected(Flat(newadj)));
                                    ^^^^^
Syntax warning: Unbound global variable in Task20261001Pa.g:33
        Add(specialadjsf, [srats.nopss, newadj]);
                           ^^^^^
Error, List Element: <list> must be a list (not a record (plain)) in
  if Length( srats[2] ) > 1000 or Length( tGram ) > 16 then
    Printn( kk + 1, Length( tGram ), srats.nopss, Collected( Flat( newadj ) ) );
    Add( specialadjsf, [ srats.nopss, newadj ] );
    savedataas( specialadjsf, savename );
fi; at Task20261001Pa.g:35 called from 
<function "task">( <arguments> )
 called from read-eval loop at Task20261001Pa.g:41
type 'quit;' to quit to outer loop
brk> quit;
gap> Read("Task20261001Pa.g");
Error, no method found! For debugging hints type ?Recovery from NoMethodFound
Error, no 1st choice method found for `Length' on 1 arguments at /usr/local/Cellar/gap/4.15.1/share/gap/lib/methsel2.g:250 called from
Length( srats.nopss[2] ) at Task20261001Pa.g:31 called from
<function "task">( <arguments> )
 called from read-eval loop at Task20261001Pa.g:41
type 'quit;' to quit to outer loop
brk> srats;
rec( nopss := [ 0, 2 ], scons := [ [ [ 0, 0, 1 ], [ 2, 0, -1 ] ], [ [ 2, -1, 0 ], [ 0, 1, 0 ] ] ], slins := [  ] )
brk> quit;
gap> Read("Task20261001Pa.g");
16 17 [ 0, 278 ] [ [ -2, 16 ], [ 1, 118 ], [ 3, 122 ] ] 
16 17 [ 0, 484 ] [ [ -2, 16 ], [ 1, 120 ], [ 3, 120 ] ] 
16 17 [ 0, 393 ] [ [ -2, 16 ], [ 1, 122 ], [ 3, 118 ] ] 
16 17 [ 0, 538 ] [ [ -2, 16 ], [ 1, 126 ], [ 3, 114 ] ] 
Error, user interrupt in
  return CYCLOTOMIC_FIELDS( xtension ); at /usr/local/Cellar/gap/4.15.1/share/gap/lib/fldabnum.gi:149 called from 
CF( deg ) at /usr/local/Cellar/gap/4.15.1/share/gap/lib/matrix.gi:1252 called from
DefaultFieldOfMatrix( mat ) at /usr/local/Cellar/gap/4.15.1/share/gap/lib/matrix.gi:2621 called from
SemiEchelonMatTransformationDestructive( copymat ) at /usr/local/Cellar/gap/4.15.1/share/gap/lib/matrix.gi:2534 called from
SemiEchelonMatTransformation( mat ) at /usr/local/Cellar/gap/4.15.1/share/gap/lib/matrix.gi:2201 called from
NullspaceMat( TransposedMat( [ v * sQ ] ) ) at gapReads/LatticeTools.txt:40 called from
...  at Task20261001Pa.g:41
you can 'return;'
brk> quit;
gap> Read("Task20261001Pa.g");
17 18 [ 0, 217 ] [ [ -2, 17 ], [ 1, 134 ], [ 3, 138 ] ] 556 
17 18 [ 0, 606 ] [ [ -2, 17 ], [ 1, 146 ], [ 3, 126 ] ] 924 
17 18 [ 0, 1008 ] [ [ -2, 17 ], [ 1, 142 ], [ 3, 130 ] ] 1051 
17 18 [ 0, 939 ] [ [ -2, 17 ], [ 1, 124 ], [ 3, 148 ] ] 1516 
17 18 [ 0, 939 ] [ [ -2, 17 ], [ 1, 124 ], [ 3, 148 ] ] 1517 
17 18 [ 0, 474 ] [ [ -2, 17 ], [ 1, 154 ], [ 3, 118 ] ] 1649 
17 18 [ 0, 623 ] [ [ -2, 17 ], [ 1, 138 ], [ 3, 134 ] ] 2425 
17 18 [ 0, 837 ] [ [ -2, 17 ], [ 1, 150 ], [ 3, 122 ] ] 2602 
17 18 [ 0, 830 ] [ [ -2, 17 ], [ 1, 150 ], [ 3, 122 ] ] 2667 
17 18 [ 0, 301 ] [ [ -2, 17 ], [ 1, 132 ], [ 3, 140 ] ] 3356 
17 18 [ 0, 388 ] [ [ -2, 17 ], [ 1, 138 ], [ 3, 134 ] ] 4243 
17 18 [ 0, 319 ] [ [ -2, 17 ], [ 1, 158 ], [ 3, 114 ] ] 4274 
17 18 [ 0, 543 ] [ [ -2, 17 ], [ 1, 132 ], [ 3, 140 ] ] 5508 
17 18 [ 0, 401 ] [ [ -2, 17 ], [ 1, 140 ], [ 3, 132 ] ] 5580 
17 18 [ 0, 340 ] [ [ -2, 17 ], [ 1, 134 ], [ 3, 138 ] ] 6120 
17 18 [ 0, 316 ] [ [ -2, 17 ], [ 1, 146 ], [ 3, 126 ] ] 6561 
17 18 [ 0, 653 ] [ [ -2, 17 ], [ 1, 132 ], [ 3, 140 ] ] 6942 
17 18 [ 0, 235 ] [ [ -2, 17 ], [ 1, 126 ], [ 3, 146 ] ] 7219 
17 18 [ 0, 230 ] [ [ -2, 17 ], [ 1, 130 ], [ 3, 142 ] ] 7220 
17 18 [ 0, 423 ] [ [ -2, 17 ], [ 1, 134 ], [ 3, 138 ] ] 7250 
17 18 [ 0, 461 ] [ [ -2, 17 ], [ 1, 146 ], [ 3, 126 ] ] 7307 
17 18 [ 0, 465 ] [ [ -2, 17 ], [ 1, 154 ], [ 3, 118 ] ] 7849 
17 18 [ 0, 403 ] [ [ -2, 17 ], [ 1, 134 ], [ 3, 138 ] ] 8146 
17 18 [ 0, 596 ] [ [ -2, 17 ], [ 1, 130 ], [ 3, 142 ] ] 8384 
17 18 [ 0, 398 ] [ [ -2, 17 ], [ 1, 128 ], [ 3, 144 ] ] 8557 
17 18 [ 0, 484 ] [ [ -2, 17 ], [ 1, 138 ], [ 3, 134 ] ] 8733 
17 18 [ 0, 715 ] [ [ -2, 17 ], [ 1, 138 ], [ 3, 134 ] ] 8735 
17 18 [ 0, 442 ] [ [ -2, 17 ], [ 1, 132 ], [ 3, 140 ] ] 8773 
17 18 [ 0, 366 ] [ [ -2, 17 ], [ 1, 130 ], [ 3, 142 ] ] 9018 
17 18 [ 0, 725 ] [ [ -2, 17 ], [ 1, 144 ], [ 3, 128 ] ] 9321 
17 18 [ 0, 417 ] [ [ -2, 17 ], [ 1, 134 ], [ 3, 138 ] ] 9451 
17 18 [ 0, 716 ] [ [ -2, 17 ], [ 1, 132 ], [ 3, 140 ] ] 9457 
17 18 [ 0, 525 ] [ [ -2, 17 ], [ 1, 132 ], [ 3, 140 ] ] 9597 
17 18 [ 0, 506 ] [ [ -2, 17 ], [ 1, 144 ], [ 3, 128 ] ] 9861 
17 18 [ 0, 387 ] [ [ -2, 17 ], [ 1, 130 ], [ 3, 142 ] ] 10044 
17 18 [ 0, 540 ] [ [ -2, 17 ], [ 1, 126 ], [ 3, 146 ] ] 10353 
17 18 [ 0, 873 ] [ [ -2, 17 ], [ 1, 130 ], [ 3, 142 ] ] 10762 
17 18 [ 0, 579 ] [ [ -2, 17 ], [ 1, 134 ], [ 3, 138 ] ] 10790 
17 18 [ 0, 554 ] [ [ -2, 17 ], [ 1, 130 ], [ 3, 142 ] ] 10864 
17 18 [ 0, 223 ] [ [ -2, 17 ], [ 1, 138 ], [ 3, 134 ] ] 11544 
17 18 [ 0, 473 ] [ [ -2, 17 ], [ 1, 138 ], [ 3, 134 ] ] 11773 
17 18 [ 0, 770 ] [ [ -2, 17 ], [ 1, 140 ], [ 3, 132 ] ] 11862 
17 18 [ 0, 725 ] [ [ -2, 17 ], [ 1, 122 ], [ 3, 150 ] ] 12122 
17 18 [ 0, 228 ] [ [ -2, 17 ], [ 1, 134 ], [ 3, 138 ] ] 12187 
17 18 [ 0, 306 ] [ [ -2, 17 ], [ 1, 130 ], [ 3, 142 ] ] 12773 
17 18 [ 0, 242 ] [ [ -2, 17 ], [ 1, 144 ], [ 3, 128 ] ] 13051 
17 18 [ 0, 636 ] [ [ -2, 17 ], [ 1, 132 ], [ 3, 140 ] ] 13135 
17 18 [ 0, 294 ] [ [ -2, 17 ], [ 1, 150 ], [ 3, 122 ] ] 13937 
17 18 [ 0, 315 ] [ [ -2, 17 ], [ 1, 136 ], [ 3, 136 ] ] 14099 
17 18 [ 0, 389 ] [ [ -2, 17 ], [ 1, 136 ], [ 3, 136 ] ] 14799 
17 18 [ 0, 307 ] [ [ -2, 17 ], [ 1, 134 ], [ 3, 138 ] ] 14863 
17 18 [ 0, 762 ] [ [ -2, 17 ], [ 1, 128 ], [ 3, 144 ] ] 14879 
17 18 [ 0, 558 ] [ [ -2, 17 ], [ 1, 146 ], [ 3, 126 ] ] 14981 
17 18 [ 0, 528 ] [ [ -2, 17 ], [ 1, 138 ], [ 3, 134 ] ] 15033 
17 18 [ 0, 289 ] [ [ -2, 17 ], [ 1, 130 ], [ 3, 142 ] ] 15209 
17 18 [ 0, 593 ] [ [ -2, 17 ], [ 1, 140 ], [ 3, 132 ] ] 15381 
17 18 [ 0, 390 ] [ [ -2, 17 ], [ 1, 138 ], [ 3, 134 ] ] 15529 
17 18 [ 0, 390 ] [ [ -2, 17 ], [ 1, 138 ], [ 3, 134 ] ] 15530 
17 18 [ 0, 816 ] [ [ -2, 17 ], [ 1, 142 ], [ 3, 130 ] ] 15941 
17 18 [ 0, 382 ] [ [ -2, 17 ], [ 1, 142 ], [ 3, 130 ] ] 16088 
17 18 [ 0, 399 ] [ [ -2, 17 ], [ 1, 142 ], [ 3, 130 ] ] 16303 
17 18 [ 0, 454 ] [ [ -2, 17 ], [ 1, 156 ], [ 3, 116 ] ] 16342 
17 18 [ 0, 255 ] [ [ -2, 17 ], [ 1, 156 ], [ 3, 116 ] ] 16568 
17 18 [ 0, 306 ] [ [ -2, 17 ], [ 1, 150 ], [ 3, 122 ] ] 16597 
17 18 [ 0, 721 ] [ [ -2, 17 ], [ 1, 138 ], [ 3, 134 ] ] 16955 
17 18 [ 0, 551 ] [ [ -2, 17 ], [ 1, 140 ], [ 3, 132 ] ] 17169 
17 18 [ 0, 1019 ] [ [ -2, 17 ], [ 1, 142 ], [ 3, 130 ] ] 17382 
17 18 [ 0, 890 ] [ [ -2, 17 ], [ 1, 146 ], [ 3, 126 ] ] 17902 
17 18 [ 0, 540 ] [ [ -2, 17 ], [ 1, 160 ], [ 3, 112 ] ] 18079 
17 18 [ 0, 297 ] [ [ -2, 17 ], [ 1, 140 ], [ 3, 132 ] ] 18368 
17 18 [ 0, 596 ] [ [ -2, 17 ], [ 1, 144 ], [ 3, 128 ] ] 18537 
17 18 [ 0, 270 ] [ [ -2, 17 ], [ 1, 128 ], [ 3, 144 ] ] 18580 
17 18 [ 0, 509 ] [ [ -2, 17 ], [ 1, 130 ], [ 3, 142 ] ] 19144 
17 18 [ 0, 541 ] [ [ -2, 17 ], [ 1, 140 ], [ 3, 132 ] ] 19394 
17 18 [ 0, 362 ] [ [ -2, 17 ], [ 1, 142 ], [ 3, 130 ] ] 19436 
17 18 [ 0, 586 ] [ [ -2, 17 ], [ 1, 134 ], [ 3, 138 ] ] 19565 
17 18 [ 0, 626 ] [ [ -2, 17 ], [ 1, 156 ], [ 3, 116 ] ] 19917 
17 18 [ 0, 554 ] [ [ -2, 17 ], [ 1, 164 ], [ 3, 108 ] ] 20007 
17 18 [ 0, 750 ] [ [ -2, 17 ], [ 1, 150 ], [ 3, 122 ] ] 20164 
17 18 [ 0, 804 ] [ [ -2, 17 ], [ 1, 136 ], [ 3, 136 ] ] 20360 
17 18 [ 0, 759 ] [ [ -2, 17 ], [ 1, 142 ], [ 3, 130 ] ] 20476 
17 18 [ 0, 354 ] [ [ -2, 17 ], [ 1, 134 ], [ 3, 138 ] ] 20500 
17 18 [ 0, 806 ] [ [ -2, 17 ], [ 1, 136 ], [ 3, 136 ] ] 21171 
17 18 [ 0, 483 ] [ [ -2, 17 ], [ 1, 138 ], [ 3, 134 ] ] 22188 
17 18 [ 0, 439 ] [ [ -2, 17 ], [ 1, 144 ], [ 3, 128 ] ] 22514 
17 18 [ 0, 585 ] [ [ -2, 17 ], [ 1, 122 ], [ 3, 150 ] ] 22998 
17 18 [ 0, 380 ] [ [ -2, 17 ], [ 1, 140 ], [ 3, 132 ] ] 23188 
17 18 [ 0, 1101 ] [ [ -2, 17 ], [ 1, 150 ], [ 3, 122 ] ] 24607 
17 18 [ 0, 455 ] [ [ -2, 17 ], [ 1, 138 ], [ 3, 134 ] ] 24898 
17 18 [ 0, 563 ] [ [ -2, 17 ], [ 1, 130 ], [ 3, 142 ] ] 24899 
17 18 [ 0, 854 ] [ [ -2, 17 ], [ 1, 130 ], [ 3, 142 ] ] 24949 
17 18 [ 0, 787 ] [ [ -2, 17 ], [ 1, 140 ], [ 3, 132 ] ] 24963 
17 18 [ 0, 220 ] [ [ -2, 17 ], [ 1, 132 ], [ 3, 140 ] ] 25050 
17 18 [ 0, 218 ] [ [ -2, 17 ], [ 1, 126 ], [ 3, 146 ] ] 25243 
17 18 [ 0, 339 ] [ [ -2, 17 ], [ 1, 148 ], [ 3, 124 ] ] 25322 
17 18 [ 0, 910 ] [ [ -2, 17 ], [ 1, 144 ], [ 3, 128 ] ] 25428 
17 18 [ 0, 404 ] [ [ -2, 17 ], [ 1, 150 ], [ 3, 122 ] ] 25531 
17 18 [ 0, 382 ] [ [ -2, 17 ], [ 1, 132 ], [ 3, 140 ] ] 25971 
17 18 [ 0, 450 ] [ [ -2, 17 ], [ 1, 132 ], [ 3, 140 ] ] 26201 
17 18 [ 0, 959 ] [ [ -2, 17 ], [ 1, 130 ], [ 3, 142 ] ] 26746 
17 18 [ 0, 467 ] [ [ -2, 17 ], [ 1, 128 ], [ 3, 144 ] ] 26900 
17 18 [ 0, 573 ] [ [ -2, 17 ], [ 1, 134 ], [ 3, 138 ] ] 26914 
17 18 [ 0, 487 ] [ [ -2, 17 ], [ 1, 124 ], [ 3, 148 ] ] 26935 
17 18 [ 0, 560 ] [ [ -2, 17 ], [ 1, 140 ], [ 3, 132 ] ] 27107 
17 18 [ 0, 531 ] [ [ -2, 17 ], [ 1, 122 ], [ 3, 150 ] ] 27267 
17 18 [ 0, 368 ] [ [ -2, 17 ], [ 1, 120 ], [ 3, 152 ] ] 27409 
17 18 [ 0, 860 ] [ [ -2, 17 ], [ 1, 118 ], [ 3, 154 ] ] 27423 
17 18 [ 0, 262 ] [ [ -2, 17 ], [ 1, 126 ], [ 3, 146 ] ] 27536 
17 18 [ 0, 280 ] [ [ -2, 17 ], [ 1, 140 ], [ 3, 132 ] ] 27574 
17 18 [ 0, 486 ] [ [ -2, 17 ], [ 1, 130 ], [ 3, 142 ] ] 27664 
17 18 [ 0, 579 ] [ [ -2, 17 ], [ 1, 136 ], [ 3, 136 ] ] 27866 
17 18 [ 0, 400 ] [ [ -2, 17 ], [ 1, 142 ], [ 3, 130 ] ] 27874 
17 18 [ 0, 141 ] [ [ -2, 17 ], [ 1, 148 ], [ 3, 124 ] ] 27883 
17 18 [ 0, 463 ] [ [ -2, 17 ], [ 1, 128 ], [ 3, 144 ] ] 27961 
17 18 [ 0, 766 ] [ [ -2, 17 ], [ 1, 128 ], [ 3, 144 ] ] 28002 
17 18 [ 0, 339 ] [ [ -2, 17 ], [ 1, 128 ], [ 3, 144 ] ] 28237 
17 18 [ 0, 594 ] [ [ -2, 17 ], [ 1, 136 ], [ 3, 136 ] ] 28246 
17 18 [ 0, 623 ] [ [ -2, 17 ], [ 1, 134 ], [ 3, 138 ] ] 28281 
17 18 [ 0, 628 ] [ [ -2, 17 ], [ 1, 116 ], [ 3, 156 ] ] 28317 
17 18 [ 0, 606 ] [ [ -2, 17 ], [ 1, 156 ], [ 3, 116 ] ] 28501 
17 18 [ 0, 272 ] [ [ -2, 17 ], [ 1, 140 ], [ 3, 132 ] ] 28519 
17 18 [ 0, 254 ] [ [ -2, 17 ], [ 1, 148 ], [ 3, 124 ] ] 28988 
17 18 [ 0, 656 ] [ [ -2, 17 ], [ 1, 152 ], [ 3, 120 ] ] 29211 
17 18 [ 0, 398 ] [ [ -2, 17 ], [ 1, 130 ], [ 3, 142 ] ] 29281 
17 18 [ 0, 865 ] [ [ -2, 17 ], [ 1, 138 ], [ 3, 134 ] ] 29296 
17 18 [ 0, 648 ] [ [ -2, 17 ], [ 1, 126 ], [ 3, 146 ] ] 29809 
17 18 [ 0, 642 ] [ [ -2, 17 ], [ 1, 128 ], [ 3, 144 ] ] 30047 
17 18 [ 0, 644 ] [ [ -2, 17 ], [ 1, 142 ], [ 3, 130 ] ] 30116 
17 18 [ 0, 683 ] [ [ -2, 17 ], [ 1, 150 ], [ 3, 122 ] ] 30342 
17 18 [ 0, 475 ] [ [ -2, 17 ], [ 1, 134 ], [ 3, 138 ] ] 30443 
17 18 [ 0, 174 ] [ [ -2, 17 ], [ 1, 128 ], [ 3, 144 ] ] 30445 
17 18 [ 0, 150 ] [ [ -2, 17 ], [ 1, 128 ], [ 3, 144 ] ] 30446 
17 18 [ 0, 194 ] [ [ -2, 17 ], [ 1, 126 ], [ 3, 146 ] ] 30447 
17 18 [ 0, 242 ] [ [ -2, 17 ], [ 1, 134 ], [ 3, 138 ] ] 30448 
17 18 [ 0, 360 ] [ [ -2, 17 ], [ 1, 158 ], [ 3, 114 ] ] 30504 
17 18 [ 0, 695 ] [ [ -2, 17 ], [ 1, 152 ], [ 3, 120 ] ] 30539 
17 18 [ 0, 319 ] [ [ -2, 17 ], [ 1, 146 ], [ 3, 126 ] ] 30571 
17 18 [ 0, 269 ] [ [ -2, 17 ], [ 1, 158 ], [ 3, 114 ] ] 30576 
17 18 [ 0, 140 ] [ [ -2, 17 ], [ 1, 138 ], [ 3, 134 ] ] 30584 
17 18 [ 0, 190 ] [ [ -2, 17 ], [ 1, 136 ], [ 3, 136 ] ] 30585 
17 18 [ 0, 267 ] [ [ -2, 17 ], [ 1, 136 ], [ 3, 136 ] ] 30587 
17 18 [ 0, 165 ] [ [ -2, 17 ], [ 1, 142 ], [ 3, 130 ] ] 30589 
17 18 [ 0, 216 ] [ [ -2, 17 ], [ 1, 142 ], [ 3, 130 ] ] 30593 
17 18 [ 0, 262 ] [ [ -2, 17 ], [ 1, 140 ], [ 3, 132 ] ] 30603 
17 18 [ 0, 198 ] [ [ -2, 17 ], [ 1, 150 ], [ 3, 122 ] ] 30609 
17 18 [ 0, 235 ] [ [ -2, 17 ], [ 1, 142 ], [ 3, 130 ] ] 30611 
17 18 [ 0, 166 ] [ [ -2, 17 ], [ 1, 154 ], [ 3, 118 ] ] 30613 
17 18 [ 0, 401 ] [ [ -2, 17 ], [ 1, 148 ], [ 3, 124 ] ] 30627 
17 18 [ 0, 711 ] [ [ -2, 17 ], [ 1, 140 ], [ 3, 132 ] ] 30641 
17 18 [ 0, 320 ] [ [ -2, 17 ], [ 1, 156 ], [ 3, 116 ] ] 30671 
17 18 [ 0, 347 ] [ [ -2, 17 ], [ 1, 148 ], [ 3, 124 ] ] 30672 
17 18 [ 0, 274 ] [ [ -2, 17 ], [ 1, 134 ], [ 3, 138 ] ] 30693 
17 18 [ 0, 304 ] [ [ -2, 17 ], [ 1, 150 ], [ 3, 122 ] ] 30706 
17 18 [ 0, 239 ] [ [ -2, 17 ], [ 1, 146 ], [ 3, 126 ] ] 30708 
17 18 [ 0, 147 ] [ [ -2, 17 ], [ 1, 142 ], [ 3, 130 ] ] 30779 
17 18 [ 0, 125 ] [ [ -2, 17 ], [ 1, 148 ], [ 3, 124 ] ] 30780 
17 18 [ 0, 187 ] [ [ -2, 17 ], [ 1, 134 ], [ 3, 138 ] ] 30786 
17 18 [ 0, 96 ] [ [ -2, 17 ], [ 1, 142 ], [ 3, 130 ] ] 30798 
17 18 [ 0, 296 ] [ [ -2, 17 ], [ 1, 144 ], [ 3, 128 ] ] 30831 
17 18 [ 0, 157 ] [ [ -2, 17 ], [ 1, 140 ], [ 3, 132 ] ] 30833 
17 18 [ 0, 311 ] [ [ -2, 17 ], [ 1, 140 ], [ 3, 132 ] ] 30836 
17 18 [ 0, 213 ] [ [ -2, 17 ], [ 1, 126 ], [ 3, 146 ] ] 31026 
17 18 [ 0, 170 ] [ [ -2, 17 ], [ 1, 136 ], [ 3, 136 ] ] 31079 
17 18 [ 0, 171 ] [ [ -2, 17 ], [ 1, 144 ], [ 3, 128 ] ] 31099 
17 18 [ 0, 241 ] [ [ -2, 17 ], [ 1, 138 ], [ 3, 134 ] ] 31112 
17 18 [ 0, 418 ] [ [ -2, 17 ], [ 1, 142 ], [ 3, 130 ] ] 31118 
17 18 [ 0, 341 ] [ [ -2, 17 ], [ 1, 150 ], [ 3, 122 ] ] 31130 
17 18 [ 0, 295 ] [ [ -2, 17 ], [ 1, 142 ], [ 3, 130 ] ] 31142 
17 18 [ 0, 427 ] [ [ -2, 17 ], [ 1, 140 ], [ 3, 132 ] ] 31154 
17 18 [ 0, 263 ] [ [ -2, 17 ], [ 1, 146 ], [ 3, 126 ] ] 31159 
17 18 [ 0, 402 ] [ [ -2, 17 ], [ 1, 148 ], [ 3, 124 ] ] 31205 
17 18 [ 0, 436 ] [ [ -2, 17 ], [ 1, 140 ], [ 3, 132 ] ] 31224 
17 18 [ 0, 605 ] [ [ -2, 17 ], [ 1, 162 ], [ 3, 110 ] ] 31330 
17 18 [ 0, 608 ] [ [ -2, 17 ], [ 1, 156 ], [ 3, 116 ] ] 31332 
Error, user interrupt in
  return prod; at /usr/local/Cellar/gap/4.15.1/share/gap/lib/list.gi:3626 called from 
tv * GramSX at SplitConsTools.g:20 called from
task( yy * T + vc ); at gapReads/IntegerVectorsQF.txt:364 called from
task( xx * Hinv ); at gapReads/IntegerVectorsQF.txt:328 called from
task( tempx ); at gapReads/IntegerVectorsQF.txt:280 called from
leveljob( level - 1, newtas, newte ); at gapReads/IntegerVectorsQF.txt:293 called from
...  at Task20261001Pa.g:44
you can 'return;'
brk> quit;
gap> quit;
