sessionnumb  20261001175750 
gap> Read("Task20261001Pa.g");
17 18 [ 0, 339 ] [ [ -2, 17 ], [ 1, 126 ], [ 3, 146 ] ] 30 
17 18 [ 0, 339 ] [ [ -2, 17 ], [ 1, 126 ], [ 3, 146 ] ] 31 
17 18 [ 0, 347 ] [ [ -2, 17 ], [ 1, 142 ], [ 3, 130 ] ] 1467 
17 18 [ 0, 168 ] [ [ -2, 17 ], [ 1, 158 ], [ 3, 114 ] ] 2004 
17 18 [ 0, 247 ] [ [ -2, 17 ], [ 1, 146 ], [ 3, 126 ] ] 2005 
17 18 [ 0, 559 ] [ [ -2, 17 ], [ 1, 140 ], [ 3, 132 ] ] 2176 
17 18 [ 0, 822 ] [ [ -2, 17 ], [ 1, 144 ], [ 3, 128 ] ] 2684 
17 18 [ 0, 579 ] [ [ -2, 17 ], [ 1, 152 ], [ 3, 120 ] ] 2791 
17 18 [ 0, 791 ] [ [ -2, 17 ], [ 1, 122 ], [ 3, 150 ] ] 3715 
17 18 [ 0, 444 ] [ [ -2, 17 ], [ 1, 136 ], [ 3, 136 ] ] 4344 
17 18 [ 0, 343 ] [ [ -2, 17 ], [ 1, 152 ], [ 3, 120 ] ] 9448 
17 18 [ 0, 418 ] [ [ -2, 17 ], [ 1, 122 ], [ 3, 150 ] ] 9854 
17 18 [ 0, 581 ] [ [ -2, 17 ], [ 1, 130 ], [ 3, 142 ] ] 10725 
17 18 [ 0, 302 ] [ [ -2, 17 ], [ 1, 136 ], [ 3, 136 ] ] 10727 
17 18 [ 0, 257 ] [ [ -2, 17 ], [ 1, 144 ], [ 3, 128 ] ] 10781 
17 18 [ 0, 592 ] [ [ -2, 17 ], [ 1, 126 ], [ 3, 146 ] ] 11741 
17 18 [ 0, 651 ] [ [ -2, 17 ], [ 1, 134 ], [ 3, 138 ] ] 12238 
17 18 [ 0, 791 ] [ [ -2, 17 ], [ 1, 142 ], [ 3, 130 ] ] 15248 
17 18 [ 0, 289 ] [ [ -2, 17 ], [ 1, 122 ], [ 3, 150 ] ] 15474 
17 18 [ 0, 642 ] [ [ -2, 17 ], [ 1, 146 ], [ 3, 126 ] ] 16066 
17 18 [ 0, 201 ] [ [ -2, 17 ], [ 1, 138 ], [ 3, 134 ] ] 16097 
17 18 [ 0, 209 ] [ [ -2, 17 ], [ 1, 134 ], [ 3, 138 ] ] 16616 
17 18 [ 0, 161 ] [ [ -2, 17 ], [ 1, 162 ], [ 3, 110 ] ] 16935 
17 18 [ 0, 440 ] [ [ -2, 17 ], [ 1, 158 ], [ 3, 114 ] ] 17050 
17 18 [ 0, 841 ] [ [ -2, 17 ], [ 1, 150 ], [ 3, 122 ] ] 17111 
17 18 [ 0, 313 ] [ [ -2, 17 ], [ 1, 180 ], [ 3, 92 ] ] 17143 
17 18 [ 0, 253 ] [ [ -2, 17 ], [ 1, 144 ], [ 3, 128 ] ] 17388 
17 18 [ 0, 897 ] [ [ -2, 17 ], [ 1, 134 ], [ 3, 138 ] ] 17616 
17 18 [ 0, 212 ] [ [ -2, 17 ], [ 1, 160 ], [ 3, 112 ] ] 17722 
17 18 [ 0, 204 ] [ [ -2, 17 ], [ 1, 156 ], [ 3, 116 ] ] 17723 
17 18 [ 0, 803 ] [ [ -2, 17 ], [ 1, 144 ], [ 3, 128 ] ] 17781 
17 18 [ 0, 442 ] [ [ -2, 17 ], [ 1, 154 ], [ 3, 118 ] ] 17957 
17 18 [ 0, 549 ] [ [ -2, 17 ], [ 1, 156 ], [ 3, 116 ] ] 18035 
17 18 [ 0, 400 ] [ [ -2, 17 ], [ 1, 144 ], [ 3, 128 ] ] 18149 
17 18 [ 0, 687 ] [ [ -2, 17 ], [ 1, 162 ], [ 3, 110 ] ] 18334 
17 18 [ 0, 236 ] [ [ -2, 17 ], [ 1, 132 ], [ 3, 140 ] ] 18630 
17 18 [ 0, 526 ] [ [ -2, 17 ], [ 1, 150 ], [ 3, 122 ] ] 19099 
17 18 [ 0, 462 ] [ [ -2, 17 ], [ 1, 152 ], [ 3, 120 ] ] 19293 
17 18 [ 0, 280 ] [ [ -2, 17 ], [ 1, 146 ], [ 3, 126 ] ] 19520 
17 18 [ 0, 1131 ] [ [ -2, 17 ], [ 1, 146 ], [ 3, 126 ] ] 19560 
17 18 [ 0, 660 ] [ [ -2, 17 ], [ 1, 134 ], [ 3, 138 ] ] 19649 
17 18 [ 0, 271 ] [ [ -2, 17 ], [ 1, 136 ], [ 3, 136 ] ] 19706 
17 18 [ 0, 164 ] [ [ -2, 17 ], [ 1, 132 ], [ 3, 140 ] ] 19709 
18 19 [ 0, 221 ] [ [ -2, 18 ], [ 1, 152 ], [ 3, 154 ] ] 19710 
17 18 [ 0, 335 ] [ [ -2, 17 ], [ 1, 136 ], [ 3, 136 ] ] 19712 
17 18 [ 0, 655 ] [ [ -2, 17 ], [ 1, 144 ], [ 3, 128 ] ] 20285 
17 18 [ 0, 411 ] [ [ -2, 17 ], [ 1, 148 ], [ 3, 124 ] ] 20419 
17 18 [ 0, 543 ] [ [ -2, 17 ], [ 1, 136 ], [ 3, 136 ] ] 20572 
17 18 [ 0, 502 ] [ [ -2, 17 ], [ 1, 126 ], [ 3, 146 ] ] 21086 
17 18 [ 0, 339 ] [ [ -2, 17 ], [ 1, 130 ], [ 3, 142 ] ] 21099 
17 18 [ 0, 593 ] [ [ -2, 17 ], [ 1, 148 ], [ 3, 124 ] ] 21437 
17 18 [ 0, 673 ] [ [ -2, 17 ], [ 1, 148 ], [ 3, 124 ] ] 21458 
17 18 [ 0, 156 ] [ [ -2, 17 ], [ 1, 142 ], [ 3, 130 ] ] 21694 
17 18 [ 0, 677 ] [ [ -2, 17 ], [ 1, 148 ], [ 3, 124 ] ] 22408 
17 18 [ 0, 331 ] [ [ -2, 17 ], [ 1, 156 ], [ 3, 116 ] ] 22412 
17 18 [ 0, 742 ] [ [ -2, 17 ], [ 1, 150 ], [ 3, 122 ] ] 22764 
17 18 [ 0, 415 ] [ [ -2, 17 ], [ 1, 154 ], [ 3, 118 ] ] 23136 
17 18 [ 0, 409 ] [ [ -2, 17 ], [ 1, 150 ], [ 3, 122 ] ] 23161 
17 18 [ 0, 446 ] [ [ -2, 17 ], [ 1, 148 ], [ 3, 124 ] ] 23229 
17 18 [ 0, 431 ] [ [ -2, 17 ], [ 1, 158 ], [ 3, 114 ] ] 23287 
17 18 [ 0, 840 ] [ [ -2, 17 ], [ 1, 150 ], [ 3, 122 ] ] 23291 
17 18 [ 0, 393 ] [ [ -2, 17 ], [ 1, 156 ], [ 3, 116 ] ] 23347 
17 18 [ 0, 937 ] [ [ -2, 17 ], [ 1, 162 ], [ 3, 110 ] ] 23645 
17 18 [ 0, 265 ] [ [ -2, 17 ], [ 1, 130 ], [ 3, 142 ] ] 23873 
17 18 [ 0, 180 ] [ [ -2, 17 ], [ 1, 140 ], [ 3, 132 ] ] 23887 
17 18 [ 0, 405 ] [ [ -2, 17 ], [ 1, 152 ], [ 3, 120 ] ] 23891 
17 18 [ 0, 205 ] [ [ -2, 17 ], [ 1, 132 ], [ 3, 140 ] ] 24055 
17 18 [ 0, 211 ] [ [ -2, 17 ], [ 1, 132 ], [ 3, 140 ] ] 24057 
17 18 [ 0, 602 ] [ [ -2, 17 ], [ 1, 144 ], [ 3, 128 ] ] 24191 
17 18 [ 0, 333 ] [ [ -2, 17 ], [ 1, 130 ], [ 3, 142 ] ] 24196 
17 18 [ 0, 268 ] [ [ -2, 17 ], [ 1, 142 ], [ 3, 130 ] ] 24215 
17 18 [ 0, 750 ] [ [ -2, 17 ], [ 1, 134 ], [ 3, 138 ] ] 24353 
17 18 [ 0, 389 ] [ [ -2, 17 ], [ 1, 134 ], [ 3, 138 ] ] 24386 
17 18 [ 0, 712 ] [ [ -2, 17 ], [ 1, 164 ], [ 3, 108 ] ] 24480 
17 18 [ 0, 383 ] [ [ -2, 17 ], [ 1, 148 ], [ 3, 124 ] ] 24708 
17 18 [ 0, 315 ] [ [ -2, 17 ], [ 1, 146 ], [ 3, 126 ] ] 24731 
17 18 [ 0, 205 ] [ [ -2, 17 ], [ 1, 162 ], [ 3, 110 ] ] 25448 
17 18 [ 0, 171 ] [ [ -2, 17 ], [ 1, 158 ], [ 3, 114 ] ] 25452 
17 18 [ 0, 468 ] [ [ -2, 17 ], [ 1, 156 ], [ 3, 116 ] ] 25500 
17 18 [ 0, 100 ] [ [ -2, 17 ], [ 1, 152 ], [ 3, 120 ] ] 25563 
17 18 [ 0, 295 ] [ [ -2, 17 ], [ 1, 148 ], [ 3, 124 ] ] 25625 
17 18 [ 0, 807 ] [ [ -2, 17 ], [ 1, 168 ], [ 3, 104 ] ] 25779 
17 18 [ 0, 172 ] [ [ -2, 17 ], [ 1, 152 ], [ 3, 120 ] ] 26421 
17 18 [ 0, 194 ] [ [ -2, 17 ], [ 1, 142 ], [ 3, 130 ] ] 26949 
17 18 [ 0, 236 ] [ [ -2, 17 ], [ 1, 136 ], [ 3, 136 ] ] 26950 
17 18 [ 0, 283 ] [ [ -2, 17 ], [ 1, 138 ], [ 3, 134 ] ] 26970 
17 18 [ 0, 435 ] [ [ -2, 17 ], [ 1, 132 ], [ 3, 140 ] ] 27566 
17 18 [ 0, 129 ] [ [ -2, 17 ], [ 1, 134 ], [ 3, 138 ] ] 28886 
17 18 [ 0, 597 ] [ [ -2, 17 ], [ 1, 140 ], [ 3, 132 ] ] 28935 
17 18 [ 0, 482 ] [ [ -2, 17 ], [ 1, 162 ], [ 3, 110 ] ] 29013 
17 18 [ 0, 293 ] [ [ -2, 17 ], [ 1, 134 ], [ 3, 138 ] ] 29090 
17 18 [ 0, 732 ] [ [ -2, 17 ], [ 1, 144 ], [ 3, 128 ] ] 29157 
17 18 [ 0, 768 ] [ [ -2, 17 ], [ 1, 148 ], [ 3, 124 ] ] 29174 
17 18 [ 0, 634 ] [ [ -2, 17 ], [ 1, 140 ], [ 3, 132 ] ] 29193 
17 18 [ 0, 260 ] [ [ -2, 17 ], [ 1, 134 ], [ 3, 138 ] ] 29290 
17 18 [ 0, 263 ] [ [ -2, 17 ], [ 1, 128 ], [ 3, 144 ] ] 29360 
17 18 [ 0, 342 ] [ [ -2, 17 ], [ 1, 152 ], [ 3, 120 ] ] 29512 
17 18 [ 0, 260 ] [ [ -2, 17 ], [ 1, 154 ], [ 3, 118 ] ] 29597 
17 18 [ 0, 438 ] [ [ -2, 17 ], [ 1, 158 ], [ 3, 114 ] ] 29816 
17 18 [ 0, 235 ] [ [ -2, 17 ], [ 1, 148 ], [ 3, 124 ] ] 29817 
17 18 [ 0, 484 ] [ [ -2, 17 ], [ 1, 158 ], [ 3, 114 ] ] 29839 
17 18 [ 0, 503 ] [ [ -2, 17 ], [ 1, 158 ], [ 3, 114 ] ] 29859 
17 18 [ 0, 193 ] [ [ -2, 17 ], [ 1, 148 ], [ 3, 124 ] ] 30080 
17 18 [ 0, 687 ] [ [ -2, 17 ], [ 1, 146 ], [ 3, 126 ] ] 30176 
17 18 [ 0, 606 ] [ [ -2, 17 ], [ 1, 168 ], [ 3, 104 ] ] 30339 
17 18 [ 0, 228 ] [ [ -2, 17 ], [ 1, 156 ], [ 3, 116 ] ] 30408 
17 18 [ 0, 290 ] [ [ -2, 17 ], [ 1, 162 ], [ 3, 110 ] ] 30655 
17 18 [ 0, 269 ] [ [ -2, 17 ], [ 1, 166 ], [ 3, 106 ] ] 31123 
17 18 [ 0, 422 ] [ [ -2, 17 ], [ 1, 158 ], [ 3, 114 ] ] 31568 
17 18 [ 0, 344 ] [ [ -2, 17 ], [ 1, 160 ], [ 3, 112 ] ] 31573 
17 18 [ 0, 337 ] [ [ -2, 17 ], [ 1, 138 ], [ 3, 134 ] ] 31643 
17 18 [ 0, 281 ] [ [ -2, 17 ], [ 1, 146 ], [ 3, 126 ] ] 31712 
17 18 [ 0, 351 ] [ [ -2, 17 ], [ 1, 142 ], [ 3, 130 ] ] 31846 
17 18 [ 0, 478 ] [ [ -2, 17 ], [ 1, 134 ], [ 3, 138 ] ] 31983 
17 18 [ 0, 388 ] [ [ -2, 17 ], [ 1, 142 ], [ 3, 130 ] ] 31984 
17 18 [ 0, 239 ] [ [ -2, 17 ], [ 1, 144 ], [ 3, 128 ] ] 31991 
17 18 [ 0, 201 ] [ [ -2, 17 ], [ 1, 136 ], [ 3, 136 ] ] 32001 
Error, user interrupt in
  AddRowVector( row, vectors[head], x ); at /usr/local/Cellar/gap/4.15.1/share/gap/lib/matrix.gi:2587 called from 
DoSemiEchelonMatTransformationDestructive( DefaultFieldOfMatrix( mat ), mat ) at /usr/local/Cellar/gap/4.15.1/share/gap/lib/matrix.gi:2621 called from
SemiEchelonMatTransformationDestructive( copymat ) at /usr/local/Cellar/gap/4.15.1/share/gap/lib/matrix.gi:2534 called from
SemiEchelonMatTransformation( mat ) at /usr/local/Cellar/gap/4.15.1/share/gap/lib/matrix.gi:2201 called from
NullspaceMat( TransposedMat( [ v * sQ ] ) ) at gapReads/LatticeTools.txt:40 called from
signaturejob( sdim - 1, newsQ ); at gapReads/LatticeTools.txt:42 called from
...  at Task20261001Pa.g:44
you can 'return;'
brk> quit;
gap> quit;
