sessionnumb  20261001140425 
gap> Read("SplitConsTools.g");
Syntax warning: Unbound global variable in SplitConsTools.g:254
        Add(types, SpconsIntType(Gram, spcon1, spcon2));
                                 ^^^^
gap> Read("SplitConsTools.g");
gap> readdata("FoundShRecsOverLats");;
gap> FoundShRecsOverLats[67];
rec( Gram := [ [ 2, 0, 0, 0, 0, 0 ], [ 0, -4, 0, 0, 0, 0 ], [ 0, 0, -4, 0, 0, 0 ], [ 0, 0, 0, -4, 0, 0 ], [ 0, 0, 0, 0, -4, 0 ], [ 0, 0, 0, 0, 0, -4 ] ], 
  Trec := rec( count := 1, grams := [ [ [ 0, 0, 0, 0, 0, 0, 0, 0, 0, 0, 0, 0, 0, 0, 0, 4 ], [ 0, 0, 0, 0, 0, 0, 0, 0, 0, 0, 0, 0, 0, 0, 4, 0 ], 
              [ 0, 0, -2, -1, -1, -1, -1, 1, -1, 1, 0, 0, 0, 0, 0, 0 ], [ 0, 0, -1, -2, 0, -1, -1, 1, -1, 1, 0, 0, 0, 0, 0, 0 ], 
              [ 0, 0, -1, 0, -2, -1, 0, 0, 0, 1, 0, 0, 0, 0, 0, 0 ], [ 0, 0, -1, -1, -1, -2, -1, 0, 0, 1, 0, 0, 0, 0, 0, 0 ], 
              [ 0, 0, -1, -1, 0, -1, -2, 1, 0, 1, 0, 0, 0, 0, 0, 0 ], [ 0, 0, 1, 1, 0, 0, 1, -2, 1, -1, 0, 0, 0, 0, 0, 0 ], 
              [ 0, 0, -1, -1, 0, 0, 0, 1, -2, 0, 0, 0, 0, 0, 0, 0 ], [ 0, 0, 1, 1, 1, 1, 1, -1, 0, -2, 0, 0, 0, 0, 0, 0 ], 
              [ 0, 0, 0, 0, 0, 0, 0, 0, 0, 0, -2, -1, -1, 0, 0, -2 ], [ 0, 0, 0, 0, 0, 0, 0, 0, 0, 0, -1, -2, 0, 0, 0, 2 ], 
              [ 0, 0, 0, 0, 0, 0, 0, 0, 0, 0, -1, 0, -2, 0, 0, -6 ], [ 0, 0, 0, 0, 0, 0, 0, 0, 0, 0, 0, 0, 0, -2, 0, -4 ], 
              [ 0, 4, 0, 0, 0, 0, 0, 0, 0, 0, 0, 0, 0, 0, 0, 0 ], [ 4, 0, 0, 0, 0, 0, 0, 0, 0, 0, -2, 2, -6, -4, 0, 0 ] ] ], method := "Nikulin uniqueness", 
      spinorPrimes := [  ] ), ampleflag := true, basisdual := [ [ 2, 2, 2, 2, 2, 2 ], [ 0, 4, 0, 0, 0, 0 ], [ 0, 0, 4, 0, 0, 0 ], [ 0, 0, 0, 4, 0, 0 ], [ 0, 0, 0, 0, 4, 0 ], 
      [ 0, 0, 0, 0, 0, 4 ] ], extdeg := 1, extgroupgens := [ [ 2, 0, 0, 0, 0, 0 ], [ 0, 4, 0, 0, 0, 0 ], [ 0, 0, 4, 0, 0, 0 ], [ 0, 0, 0, 4, 0, 0 ], 
      [ 0, 0, 0, 0, 4, 0 ], [ 0, 0, 0, 0, 0, 4 ] ], h := [ 1, 0, 0, 0, 0, 0 ], rho := 6, 
  sprats := rec( nopss := [ 0, 5 ], scons := [ [ [ 1, 0, 0, 0, 0, -1 ], [ 1, 0, 0, 0, 0, 1 ] ], [ [ 1, 0, 0, 0, -1, 0 ], [ 1, 0, 0, 0, 1, 0 ] ], 
          [ [ 1, 0, 0, -1, 0, 0 ], [ 1, 0, 0, 1, 0, 0 ] ], [ [ 1, 0, -1, 0, 0, 0 ], [ 1, 0, 1, 0, 0, 0 ] ], [ [ 1, -1, 0, 0, 0, 0 ], [ 1, 1, 0, 0, 0, 0 ] ] ], 
      sconstypes := [ [ "tt", 10 ] ], slins := [  ] ) )
gap> Length([ 2, 0, 0, 0, 0, 0 ]);
6
gap> restart();
