sessionnumb  20260922221246 
gap> 
gap> 
gap> 
gap> Read("Task20260922Vd.g");
12 13 133 [ [ -2, 12 ], [ 0, 8 ], [ 1, 32 ], [ 2, 40 ], [ 3, 40 ], [ 4, 12 ] ] 
11 12 122 [ [ -2, 11 ], [ 0, 12 ], [ 1, 26 ], [ 2, 34 ], [ 3, 24 ], [ 4, 14 ] ] 
12 13 129 [ [ -2, 12 ], [ 0, 14 ], [ 1, 34 ], [ 2, 36 ], [ 3, 34 ], [ 4, 14 ] ] 
11 12 125 [ [ -2, 11 ], [ 0, 8 ], [ 1, 36 ], [ 2, 26 ], [ 3, 26 ], [ 4, 14 ] ] 
11 12 147 [ [ -2, 11 ], [ 0, 12 ], [ 1, 30 ], [ 2, 34 ], [ 3, 20 ], [ 4, 14 ] ] 
12 13 132 [ [ -2, 12 ], [ 0, 10 ], [ 1, 32 ], [ 2, 48 ], [ 3, 26 ], [ 4, 16 ] ] 
12 13 151 [ [ -2, 12 ], [ 0, 8 ], [ 1, 44 ], [ 2, 24 ], [ 3, 38 ], [ 4, 18 ] ] 
11 12 122 [ [ -2, 11 ], [ 0, 14 ], [ 1, 18 ], [ 2, 40 ], [ 3, 18 ], [ 4, 20 ] ] 
12 13 133 [ [ -2, 12 ], [ 0, 12 ], [ 1, 26 ], [ 2, 34 ], [ 3, 46 ], [ 4, 14 ] ] 
12 13 162 [ [ -2, 12 ], [ 0, 10 ], [ 1, 28 ], [ 2, 44 ], [ 3, 36 ], [ 4, 14 ] ] 
12 13 132 [ [ -2, 12 ], [ 0, 8 ], [ 1, 36 ], [ 2, 42 ], [ 3, 28 ], [ 4, 18 ] ] 
12 13 123 [ [ -2, 12 ], [ 0, 10 ], [ 1, 30 ], [ 2, 46 ], [ 3, 32 ], [ 4, 14 ] ] 
11 12 125 [ [ -2, 11 ], [ 0, 18 ], [ 1, 22 ], [ 2, 20 ], [ 3, 34 ], [ 4, 16 ] ] 
12 13 138 [ [ -2, 12 ], [ 0, 14 ], [ 1, 30 ], [ 2, 46 ], [ 3, 26 ], [ 4, 16 ] ] 
12 13 122 [ [ -2, 12 ], [ 0, 16 ], [ 1, 46 ], [ 2, 30 ], [ 3, 30 ], [ 4, 10 ] ] 
11 12 122 [ [ -2, 11 ], [ 0, 10 ], [ 1, 20 ], [ 2, 30 ], [ 3, 32 ], [ 4, 18 ] ] 
12 13 133 [ [ -2, 12 ], [ 0, 22 ], [ 1, 32 ], [ 2, 34 ], [ 3, 32 ], [ 4, 12 ] ] 
12 13 132 [ [ -2, 12 ], [ 0, 6 ], [ 1, 28 ], [ 2, 40 ], [ 3, 46 ], [ 4, 12 ] ] 
12 13 128 [ [ -2, 12 ], [ 0, 6 ], [ 1, 26 ], [ 2, 46 ], [ 3, 46 ], [ 4, 8 ] ] 
12 13 142 [ [ -2, 12 ], [ 0, 10 ], [ 1, 32 ], [ 2, 34 ], [ 3, 44 ], [ 4, 12 ] ] 
12 13 121 [ [ -2, 12 ], [ 0, 16 ], [ 1, 36 ], [ 2, 24 ], [ 3, 44 ], [ 4, 12 ] ] 
13 14 124 [ [ -2, 13 ], [ 0, 10 ], [ 1, 34 ], [ 2, 50 ], [ 3, 52 ], [ 4, 10 ] ] 
11 12 126 [ [ -2, 11 ], [ 0, 8 ], [ 1, 28 ], [ 2, 30 ], [ 3, 34 ], [ 4, 10 ] ] 
13 14 137 [ [ -2, 13 ], [ 0, 14 ], [ 1, 24 ], [ 2, 60 ], [ 3, 48 ], [ 4, 10 ] ] 
12 13 158 [ [ -2, 12 ], [ 0, 14 ], [ 1, 30 ], [ 2, 32 ], [ 3, 38 ], [ 4, 18 ] ] 
11 12 126 [ [ -2, 11 ], [ 0, 12 ], [ 1, 22 ], [ 2, 24 ], [ 3, 30 ], [ 4, 22 ] ] 
12 13 137 [ [ -2, 12 ], [ 0, 10 ], [ 1, 32 ], [ 2, 36 ], [ 3, 38 ], [ 4, 16 ] ] 
14 15 129 [ [ -2, 14 ], [ 0, 12 ], [ 1, 36 ], [ 2, 66 ], [ 3, 46 ], [ 4, 22 ] ] 
12 13 169 [ [ -2, 12 ], [ 0, 12 ], [ 1, 34 ], [ 2, 36 ], [ 3, 38 ], [ 4, 12 ] ] 
11 12 142 [ [ -2, 11 ], [ 0, 12 ], [ 1, 22 ], [ 2, 26 ], [ 3, 42 ], [ 4, 8 ] ] 
13 14 181 [ [ -2, 13 ], [ 0, 14 ], [ 1, 28 ], [ 2, 66 ], [ 3, 30 ], [ 4, 18 ] ] 
12 13 186 [ [ -2, 12 ], [ 0, 14 ], [ 1, 28 ], [ 2, 32 ], [ 3, 42 ], [ 4, 16 ] ] 
11 12 121 [ [ -2, 11 ], [ 0, 14 ], [ 1, 20 ], [ 2, 22 ], [ 3, 44 ], [ 4, 10 ] ] 
11 12 129 [ [ -2, 11 ], [ 0, 6 ], [ 1, 24 ], [ 2, 34 ], [ 3, 28 ], [ 4, 18 ] ] 
12 13 135 [ [ -2, 12 ], [ 0, 10 ], [ 1, 28 ], [ 2, 42 ], [ 3, 40 ], [ 4, 12 ] ] 
12 13 135 [ [ -2, 12 ], [ 0, 16 ], [ 1, 22 ], [ 2, 38 ], [ 3, 42 ], [ 4, 14 ] ] 
12 13 145 [ [ -2, 12 ], [ 0, 16 ], [ 1, 20 ], [ 2, 38 ], [ 3, 42 ], [ 4, 16 ] ] 
12 13 124 [ [ -2, 12 ], [ 0, 8 ], [ 1, 34 ], [ 2, 34 ], [ 3, 40 ], [ 4, 16 ] ] 
12 13 165 [ [ -2, 12 ], [ 0, 10 ], [ 1, 28 ], [ 2, 36 ], [ 3, 42 ], [ 4, 16 ] ] 
12 13 125 [ [ -2, 12 ], [ 0, 14 ], [ 1, 22 ], [ 2, 38 ], [ 3, 46 ], [ 4, 12 ] ] 
12 13 130 [ [ -2, 12 ], [ 0, 14 ], [ 1, 42 ], [ 2, 36 ], [ 3, 28 ], [ 4, 12 ] ] 
12 13 134 [ [ -2, 12 ], [ 0, 10 ], [ 1, 26 ], [ 2, 32 ], [ 3, 56 ], [ 4, 8 ] ] 
13 14 145 [ [ -2, 13 ], [ 0, 18 ], [ 1, 40 ], [ 2, 50 ], [ 3, 32 ], [ 4, 16 ] ] 
12 13 145 [ [ -2, 12 ], [ 0, 12 ], [ 1, 28 ], [ 2, 36 ], [ 3, 38 ], [ 4, 18 ] ] 
13 14 122 [ [ -2, 13 ], [ 0, 16 ], [ 1, 30 ], [ 2, 60 ], [ 3, 36 ], [ 4, 14 ] ] 
13 14 219 [ [ -2, 13 ], [ 0, 14 ], [ 1, 44 ], [ 2, 54 ], [ 3, 30 ], [ 4, 14 ] ] 
12 13 129 [ [ -2, 12 ], [ 0, 12 ], [ 1, 30 ], [ 2, 48 ], [ 3, 32 ], [ 4, 10 ] ] 
14 15 131 [ [ -2, 14 ], [ 0, 16 ], [ 1, 36 ], [ 2, 76 ], [ 3, 40 ], [ 4, 14 ] ] 
12 13 131 [ [ -2, 12 ], [ 0, 14 ], [ 1, 30 ], [ 2, 46 ], [ 3, 26 ], [ 4, 16 ] ] 
12 13 167 [ [ -2, 12 ], [ 0, 8 ], [ 1, 32 ], [ 2, 36 ], [ 3, 38 ], [ 4, 18 ] ] 
12 13 155 [ [ -2, 12 ], [ 0, 18 ], [ 1, 28 ], [ 2, 36 ], [ 3, 32 ], [ 4, 18 ] ] 
12 13 163 [ [ -2, 12 ], [ 0, 12 ], [ 1, 34 ], [ 2, 42 ], [ 3, 30 ], [ 4, 14 ] ] 
12 13 122 [ [ -2, 12 ], [ 0, 12 ], [ 1, 26 ], [ 2, 46 ], [ 3, 36 ], [ 4, 12 ] ] 
11 12 143 [ [ -2, 11 ], [ 0, 14 ], [ 1, 26 ], [ 2, 34 ], [ 3, 26 ], [ 4, 10 ] ] 
13 14 174 [ [ -2, 13 ], [ 0, 10 ], [ 1, 36 ], [ 2, 46 ], [ 3, 50 ], [ 4, 14 ] ] 
13 14 198 [ [ -2, 13 ], [ 0, 18 ], [ 1, 56 ], [ 2, 32 ], [ 3, 38 ], [ 4, 12 ] ] 
11 12 136 [ [ -2, 11 ], [ 0, 10 ], [ 1, 26 ], [ 2, 28 ], [ 3, 38 ], [ 4, 8 ] ] 
11 12 122 [ [ -2, 11 ], [ 0, 10 ], [ 1, 28 ], [ 2, 24 ], [ 3, 30 ], [ 4, 18 ] ] 
12 13 131 [ [ -2, 12 ], [ 0, 8 ], [ 1, 36 ], [ 2, 38 ], [ 3, 34 ], [ 4, 16 ] ] 
12 13 175 [ [ -2, 12 ], [ 0, 12 ], [ 1, 40 ], [ 2, 34 ], [ 3, 28 ], [ 4, 18 ] ] 
11 12 124 [ [ -2, 11 ], [ 0, 14 ], [ 1, 24 ], [ 2, 30 ], [ 3, 32 ], [ 4, 10 ] ] 
12 13 177 [ [ -2, 12 ], [ 0, 14 ], [ 1, 28 ], [ 2, 38 ], [ 3, 42 ], [ 4, 10 ] ] 
12 13 132 [ [ -2, 12 ], [ 0, 12 ], [ 1, 32 ], [ 2, 32 ], [ 3, 38 ], [ 4, 18 ] ] 
11 12 123 [ [ -2, 11 ], [ 0, 10 ], [ 1, 28 ], [ 2, 32 ], [ 3, 24 ], [ 4, 16 ] ] 
12 13 161 [ [ -2, 12 ], [ 0, 6 ], [ 1, 30 ], [ 2, 48 ], [ 3, 30 ], [ 4, 18 ] ] 
11 12 123 [ [ -2, 11 ], [ 0, 14 ], [ 1, 20 ], [ 2, 26 ], [ 3, 36 ], [ 4, 14 ] ] 
13 14 133 [ [ -2, 13 ], [ 0, 8 ], [ 1, 30 ], [ 2, 54 ], [ 3, 46 ], [ 4, 18 ] ] 
11 12 124 [ [ -2, 11 ], [ 0, 12 ], [ 1, 24 ], [ 2, 28 ], [ 3, 36 ], [ 4, 10 ] ] 
12 13 128 [ [ -2, 12 ], [ 0, 10 ], [ 1, 36 ], [ 2, 40 ], [ 3, 32 ], [ 4, 14 ] ] 
13 14 156 [ [ -2, 13 ], [ 0, 10 ], [ 1, 40 ], [ 2, 52 ], [ 3, 40 ], [ 4, 14 ] ] 
12 13 184 [ [ -2, 12 ], [ 0, 14 ], [ 1, 22 ], [ 2, 52 ], [ 3, 36 ], [ 4, 8 ] ] 
11 12 123 [ [ -2, 11 ], [ 0, 12 ], [ 1, 24 ], [ 2, 30 ], [ 3, 34 ], [ 4, 10 ] ] 
12 13 164 [ [ -2, 12 ], [ 0, 14 ], [ 1, 30 ], [ 2, 38 ], [ 3, 40 ], [ 4, 10 ] ] 
12 13 121 [ [ -2, 12 ], [ 0, 12 ], [ 1, 24 ], [ 2, 46 ], [ 3, 40 ], [ 4, 10 ] ] 
12 13 136 [ [ -2, 12 ], [ 0, 10 ], [ 1, 28 ], [ 2, 44 ], [ 3, 40 ], [ 4, 10 ] ] 
12 13 150 [ [ -2, 12 ], [ 0, 10 ], [ 1, 40 ], [ 2, 38 ], [ 3, 38 ], [ 4, 6 ] ] 
12 13 153 [ [ -2, 12 ], [ 0, 18 ], [ 1, 36 ], [ 2, 34 ], [ 3, 34 ], [ 4, 10 ] ] 
12 13 157 [ [ -2, 12 ], [ 0, 10 ], [ 1, 40 ], [ 2, 40 ], [ 3, 32 ], [ 4, 10 ] ] 
11 12 127 [ [ -2, 11 ], [ 0, 12 ], [ 1, 28 ], [ 2, 38 ], [ 3, 22 ], [ 4, 10 ] ] 
11 12 128 [ [ -2, 11 ], [ 0, 18 ], [ 1, 30 ], [ 2, 34 ], [ 3, 18 ], [ 4, 10 ] ] 
11 12 122 [ [ -2, 11 ], [ 0, 10 ], [ 1, 22 ], [ 2, 36 ], [ 3, 28 ], [ 4, 14 ] ] 
12 13 123 [ [ -2, 12 ], [ 0, 14 ], [ 1, 34 ], [ 2, 28 ], [ 3, 42 ], [ 4, 14 ] ] 
12 13 130 [ [ -2, 12 ], [ 0, 12 ], [ 1, 40 ], [ 2, 38 ], [ 3, 28 ], [ 4, 14 ] ] 
12 13 185 [ [ -2, 12 ], [ 0, 12 ], [ 1, 38 ], [ 2, 38 ], [ 3, 28 ], [ 4, 16 ] ] 
12 13 141 [ [ -2, 12 ], [ 0, 22 ], [ 1, 26 ], [ 2, 32 ], [ 3, 30 ], [ 4, 22 ] ] 
11 12 123 [ [ -2, 11 ], [ 0, 8 ], [ 1, 28 ], [ 2, 24 ], [ 3, 32 ], [ 4, 18 ] ] 
12 13 167 [ [ -2, 12 ], [ 0, 12 ], [ 1, 24 ], [ 2, 50 ], [ 3, 38 ], [ 4, 8 ] ] 
11 12 124 [ [ -2, 11 ], [ 0, 12 ], [ 1, 26 ], [ 2, 34 ], [ 3, 24 ], [ 4, 14 ] ] 
13 14 171 [ [ -2, 13 ], [ 0, 14 ], [ 1, 36 ], [ 2, 52 ], [ 3, 42 ], [ 4, 12 ] ] 
12 13 154 [ [ -2, 12 ], [ 0, 22 ], [ 1, 20 ], [ 2, 32 ], [ 3, 44 ], [ 4, 14 ] ] 
12 13 126 [ [ -2, 12 ], [ 0, 18 ], [ 1, 34 ], [ 2, 18 ], [ 3, 46 ], [ 4, 16 ] ] 
12 13 133 [ [ -2, 12 ], [ 0, 12 ], [ 1, 36 ], [ 2, 32 ], [ 3, 38 ], [ 4, 14 ] ] 
12 13 136 [ [ -2, 12 ], [ 0, 14 ], [ 1, 28 ], [ 2, 44 ], [ 3, 36 ], [ 4, 10 ] ] 
12 13 146 [ [ -2, 12 ], [ 0, 12 ], [ 1, 40 ], [ 2, 30 ], [ 3, 38 ], [ 4, 12 ] ] 
12 13 158 [ [ -2, 12 ], [ 0, 8 ], [ 1, 28 ], [ 2, 46 ], [ 3, 40 ], [ 4, 10 ] ] 
13 14 131 [ [ -2, 13 ], [ 0, 14 ], [ 1, 40 ], [ 2, 46 ], [ 3, 34 ], [ 4, 22 ] ] 
12 13 138 [ [ -2, 12 ], [ 0, 10 ], [ 1, 30 ], [ 2, 32 ], [ 3, 42 ], [ 4, 18 ] ] 
11 12 122 [ [ -2, 11 ], [ 0, 18 ], [ 1, 16 ], [ 2, 34 ], [ 3, 28 ], [ 4, 14 ] ] 
12 13 151 [ [ -2, 12 ], [ 0, 14 ], [ 1, 28 ], [ 2, 44 ], [ 3, 28 ], [ 4, 18 ] ] 
11 12 143 [ [ -2, 11 ], [ 0, 18 ], [ 1, 16 ], [ 2, 30 ], [ 3, 24 ], [ 4, 22 ] ] 
12 13 135 [ [ -2, 12 ], [ 0, 18 ], [ 1, 18 ], [ 2, 36 ], [ 3, 38 ], [ 4, 22 ] ] 
12 13 152 [ [ -2, 12 ], [ 0, 12 ], [ 1, 30 ], [ 2, 46 ], [ 3, 30 ], [ 4, 14 ] ] 
12 13 145 [ [ -2, 12 ], [ 0, 20 ], [ 1, 38 ], [ 2, 32 ], [ 3, 30 ], [ 4, 12 ] ] 
11 12 129 [ [ -2, 11 ], [ 0, 14 ], [ 1, 20 ], [ 2, 20 ], [ 3, 42 ], [ 4, 14 ] ] 
11 12 136 [ [ -2, 11 ], [ 0, 16 ], [ 1, 22 ], [ 2, 48 ], [ 3, 16 ], [ 4, 8 ] ] 
12 13 161 [ [ -2, 12 ], [ 0, 14 ], [ 1, 30 ], [ 2, 46 ], [ 3, 32 ], [ 4, 10 ] ] 
12 13 124 [ [ -2, 12 ], [ 0, 12 ], [ 1, 30 ], [ 2, 36 ], [ 3, 42 ], [ 4, 12 ] ] 
11 12 124 [ [ -2, 11 ], [ 0, 10 ], [ 1, 24 ], [ 2, 26 ], [ 3, 32 ], [ 4, 18 ] ] 
11 12 138 [ [ -2, 11 ], [ 0, 12 ], [ 1, 20 ], [ 2, 28 ], [ 3, 36 ], [ 4, 14 ] ] 
11 12 127 [ [ -2, 11 ], [ 0, 8 ], [ 1, 32 ], [ 2, 28 ], [ 3, 24 ], [ 4, 18 ] ] 
12 13 121 [ [ -2, 12 ], [ 0, 16 ], [ 1, 32 ], [ 2, 36 ], [ 3, 30 ], [ 4, 18 ] ] 
12 13 135 [ [ -2, 12 ], [ 0, 14 ], [ 1, 42 ], [ 2, 28 ], [ 3, 24 ], [ 4, 24 ] ] 
13 14 158 [ [ -2, 13 ], [ 0, 14 ], [ 1, 44 ], [ 2, 42 ], [ 3, 32 ], [ 4, 24 ] ] 
11 12 129 [ [ -2, 11 ], [ 0, 20 ], [ 1, 22 ], [ 2, 26 ], [ 3, 26 ], [ 4, 16 ] ] 
12 13 166 [ [ -2, 12 ], [ 0, 22 ], [ 1, 32 ], [ 2, 32 ], [ 3, 28 ], [ 4, 18 ] ] 
12 13 161 [ [ -2, 12 ], [ 0, 14 ], [ 1, 24 ], [ 2, 46 ], [ 3, 32 ], [ 4, 16 ] ] 
11 12 121 [ [ -2, 11 ], [ 0, 14 ], [ 1, 22 ], [ 2, 40 ], [ 3, 20 ], [ 4, 14 ] ] 
12 13 126 [ [ -2, 12 ], [ 0, 12 ], [ 1, 38 ], [ 2, 38 ], [ 3, 32 ], [ 4, 12 ] ] 
13 14 127 [ [ -2, 13 ], [ 0, 12 ], [ 1, 44 ], [ 2, 54 ], [ 3, 34 ], [ 4, 12 ] ] 
12 13 127 [ [ -2, 12 ], [ 0, 18 ], [ 1, 26 ], [ 2, 56 ], [ 3, 22 ], [ 4, 10 ] ] 
12 13 131 [ [ -2, 12 ], [ 0, 12 ], [ 1, 30 ], [ 2, 52 ], [ 3, 24 ], [ 4, 14 ] ] 
12 13 122 [ [ -2, 12 ], [ 0, 12 ], [ 1, 36 ], [ 2, 38 ], [ 3, 30 ], [ 4, 16 ] ] 
12 13 125 [ [ -2, 12 ], [ 0, 10 ], [ 1, 34 ], [ 2, 48 ], [ 3, 22 ], [ 4, 18 ] ] 
12 13 124 [ [ -2, 12 ], [ 0, 4 ], [ 1, 42 ], [ 2, 34 ], [ 3, 36 ], [ 4, 16 ] ] 
12 13 132 [ [ -2, 12 ], [ 0, 4 ], [ 1, 40 ], [ 2, 34 ], [ 3, 38 ], [ 4, 16 ] ] 
12 13 131 [ [ -2, 12 ], [ 0, 12 ], [ 1, 34 ], [ 2, 40 ], [ 3, 34 ], [ 4, 12 ] ] 
12 13 132 [ [ -2, 12 ], [ 0, 10 ], [ 1, 32 ], [ 2, 48 ], [ 3, 30 ], [ 4, 12 ] ] 
12 13 138 [ [ -2, 12 ], [ 0, 14 ], [ 1, 34 ], [ 2, 36 ], [ 3, 32 ], [ 4, 16 ] ] 
11 12 126 [ [ -2, 11 ], [ 0, 14 ], [ 1, 18 ], [ 2, 38 ], [ 3, 20 ], [ 4, 20 ] ] 
12 13 151 [ [ -2, 12 ], [ 0, 14 ], [ 1, 26 ], [ 2, 42 ], [ 3, 36 ], [ 4, 14 ] ] 
12 13 131 [ [ -2, 12 ], [ 0, 8 ], [ 1, 32 ], [ 2, 40 ], [ 3, 40 ], [ 4, 12 ] ] 
12 13 137 [ [ -2, 12 ], [ 0, 14 ], [ 1, 26 ], [ 2, 46 ], [ 3, 28 ], [ 4, 18 ] ] 
12 13 136 [ [ -2, 12 ], [ 0, 10 ], [ 1, 34 ], [ 2, 44 ], [ 3, 32 ], [ 4, 12 ] ] 
13 14 170 [ [ -2, 13 ], [ 0, 10 ], [ 1, 44 ], [ 2, 52 ], [ 3, 38 ], [ 4, 12 ] ] 
13 14 132 [ [ -2, 13 ], [ 0, 12 ], [ 1, 40 ], [ 2, 46 ], [ 3, 36 ], [ 4, 22 ] ] 
12 13 137 [ [ -2, 12 ], [ 0, 14 ], [ 1, 28 ], [ 2, 48 ], [ 3, 32 ], [ 4, 10 ] ] 
13 14 192 [ [ -2, 13 ], [ 0, 16 ], [ 1, 40 ], [ 2, 52 ], [ 3, 38 ], [ 4, 10 ] ] 
11 12 125 [ [ -2, 11 ], [ 0, 8 ], [ 1, 24 ], [ 2, 42 ], [ 3, 18 ], [ 4, 18 ] ] 
12 13 121 [ [ -2, 12 ], [ 0, 10 ], [ 1, 36 ], [ 2, 44 ], [ 3, 24 ], [ 4, 18 ] ] 
11 12 121 [ [ -2, 11 ], [ 0, 14 ], [ 1, 26 ], [ 2, 34 ], [ 3, 24 ], [ 4, 12 ] ] 
11 12 138 [ [ -2, 11 ], [ 0, 18 ], [ 1, 34 ], [ 2, 32 ], [ 3, 14 ], [ 4, 12 ] ] 
12 13 144 [ [ -2, 12 ], [ 0, 10 ], [ 1, 32 ], [ 2, 52 ], [ 3, 20 ], [ 4, 18 ] ] 
12 13 140 [ [ -2, 12 ], [ 0, 16 ], [ 1, 40 ], [ 2, 32 ], [ 3, 30 ], [ 4, 14 ] ] 
11 12 144 [ [ -2, 11 ], [ 0, 8 ], [ 1, 30 ], [ 2, 38 ], [ 3, 22 ], [ 4, 12 ] ] 
12 13 133 [ [ -2, 12 ], [ 0, 16 ], [ 1, 40 ], [ 2, 44 ], [ 3, 16 ], [ 4, 16 ] ] 
12 13 135 [ [ -2, 12 ], [ 0, 16 ], [ 1, 42 ], [ 2, 38 ], [ 3, 22 ], [ 4, 14 ] ] 
11 12 128 [ [ -2, 11 ], [ 0, 10 ], [ 1, 36 ], [ 2, 34 ], [ 3, 18 ], [ 4, 12 ] ] 
12 13 131 [ [ -2, 12 ], [ 0, 12 ], [ 1, 32 ], [ 2, 50 ], [ 3, 24 ], [ 4, 14 ] ] 
11 12 121 [ [ -2, 11 ], [ 0, 18 ], [ 1, 30 ], [ 2, 22 ], [ 3, 22 ], [ 4, 18 ] ] 
12 13 130 [ [ -2, 12 ], [ 0, 8 ], [ 1, 32 ], [ 2, 44 ], [ 3, 32 ], [ 4, 16 ] ] 
13 14 191 [ [ -2, 13 ], [ 0, 12 ], [ 1, 42 ], [ 2, 44 ], [ 3, 40 ], [ 4, 18 ] ] 
13 14 164 [ [ -2, 13 ], [ 0, 16 ], [ 1, 40 ], [ 2, 44 ], [ 3, 42 ], [ 4, 14 ] ] 
12 13 121 [ [ -2, 12 ], [ 0, 10 ], [ 1, 36 ], [ 2, 36 ], [ 3, 36 ], [ 4, 14 ] ] 
13 14 188 [ [ -2, 13 ], [ 0, 12 ], [ 1, 44 ], [ 2, 38 ], [ 3, 46 ], [ 4, 16 ] ] 
13 14 143 [ [ -2, 13 ], [ 0, 8 ], [ 1, 42 ], [ 2, 60 ], [ 3, 36 ], [ 4, 10 ] ] 
11 12 123 [ [ -2, 11 ], [ 0, 16 ], [ 1, 22 ], [ 2, 28 ], [ 3, 20 ], [ 4, 24 ] ] 
12 13 121 [ [ -2, 12 ], [ 0, 12 ], [ 1, 32 ], [ 2, 42 ], [ 3, 32 ], [ 4, 14 ] ] 
11 12 147 [ [ -2, 11 ], [ 0, 16 ], [ 1, 26 ], [ 2, 24 ], [ 3, 26 ], [ 4, 18 ] ] 
12 13 146 [ [ -2, 12 ], [ 0, 14 ], [ 1, 32 ], [ 2, 28 ], [ 3, 46 ], [ 4, 12 ] ] 
11 12 129 [ [ -2, 11 ], [ 0, 12 ], [ 1, 20 ], [ 2, 30 ], [ 3, 32 ], [ 4, 16 ] ] 
12 13 172 [ [ -2, 12 ], [ 0, 14 ], [ 1, 38 ], [ 2, 38 ], [ 3, 26 ], [ 4, 16 ] ] 
11 12 128 [ [ -2, 11 ], [ 0, 10 ], [ 1, 30 ], [ 2, 30 ], [ 3, 26 ], [ 4, 14 ] ] 
11 12 122 [ [ -2, 11 ], [ 0, 12 ], [ 1, 18 ], [ 2, 36 ], [ 3, 26 ], [ 4, 18 ] ] 
12 13 122 [ [ -2, 12 ], [ 0, 16 ], [ 1, 24 ], [ 2, 46 ], [ 3, 30 ], [ 4, 16 ] ] 
13 14 147 [ [ -2, 13 ], [ 0, 22 ], [ 1, 34 ], [ 2, 62 ], [ 3, 26 ], [ 4, 12 ] ] 
12 13 132 [ [ -2, 12 ], [ 0, 20 ], [ 1, 24 ], [ 2, 38 ], [ 3, 38 ], [ 4, 12 ] ] 
12 13 132 [ [ -2, 12 ], [ 0, 20 ], [ 1, 34 ], [ 2, 42 ], [ 3, 24 ], [ 4, 12 ] ] 
12 13 136 [ [ -2, 12 ], [ 0, 10 ], [ 1, 36 ], [ 2, 42 ], [ 3, 24 ], [ 4, 20 ] ] 
12 13 147 [ [ -2, 12 ], [ 0, 14 ], [ 1, 32 ], [ 2, 50 ], [ 3, 26 ], [ 4, 10 ] ] 
12 13 172 [ [ -2, 12 ], [ 0, 16 ], [ 1, 22 ], [ 2, 42 ], [ 3, 34 ], [ 4, 18 ] ] 
13 14 231 [ [ -2, 13 ], [ 0, 20 ], [ 1, 46 ], [ 2, 46 ], [ 3, 32 ], [ 4, 12 ] ] 
13 14 129 [ [ -2, 13 ], [ 0, 10 ], [ 1, 42 ], [ 2, 48 ], [ 3, 40 ], [ 4, 16 ] ] 
11 12 128 [ [ -2, 11 ], [ 0, 12 ], [ 1, 30 ], [ 2, 30 ], [ 3, 24 ], [ 4, 14 ] ] 
11 12 126 [ [ -2, 11 ], [ 0, 14 ], [ 1, 28 ], [ 2, 16 ], [ 3, 34 ], [ 4, 18 ] ] 
12 13 146 [ [ -2, 12 ], [ 0, 20 ], [ 1, 34 ], [ 2, 34 ], [ 3, 34 ], [ 4, 10 ] ] 
12 13 132 [ [ -2, 12 ], [ 0, 20 ], [ 1, 26 ], [ 2, 34 ], [ 3, 36 ], [ 4, 16 ] ] 
13 14 132 [ [ -2, 13 ], [ 0, 16 ], [ 1, 40 ], [ 2, 42 ], [ 3, 40 ], [ 4, 18 ] ] 
11 12 125 [ [ -2, 11 ], [ 0, 14 ], [ 1, 26 ], [ 2, 36 ], [ 3, 24 ], [ 4, 10 ] ] 
12 13 163 [ [ -2, 12 ], [ 0, 16 ], [ 1, 22 ], [ 2, 48 ], [ 3, 34 ], [ 4, 12 ] ] 
12 13 125 [ [ -2, 12 ], [ 0, 22 ], [ 1, 18 ], [ 2, 48 ], [ 3, 34 ], [ 4, 10 ] ] 
11 12 121 [ [ -2, 11 ], [ 0, 18 ], [ 1, 14 ], [ 2, 32 ], [ 3, 32 ], [ 4, 14 ] ] 
11 12 127 [ [ -2, 11 ], [ 0, 24 ], [ 1, 24 ], [ 2, 34 ], [ 3, 20 ], [ 4, 8 ] ] 
11 12 125 [ [ -2, 11 ], [ 0, 20 ], [ 1, 18 ], [ 2, 18 ], [ 3, 42 ], [ 4, 12 ] ] 
11 12 131 [ [ -2, 11 ], [ 0, 22 ], [ 1, 32 ], [ 2, 16 ], [ 3, 28 ], [ 4, 12 ] ] 
11 12 133 [ [ -2, 11 ], [ 0, 20 ], [ 1, 26 ], [ 2, 28 ], [ 3, 24 ], [ 4, 12 ] ] 
14 15 171 [ [ -2, 14 ], [ 0, 16 ], [ 1, 44 ], [ 2, 56 ], [ 3, 52 ], [ 4, 14 ] ] 
11 12 122 [ [ -2, 11 ], [ 0, 12 ], [ 1, 22 ], [ 2, 34 ], [ 3, 30 ], [ 4, 12 ] ] 
12 13 130 [ [ -2, 12 ], [ 0, 8 ], [ 1, 36 ], [ 2, 38 ], [ 3, 34 ], [ 4, 16 ] ] 
12 13 162 [ [ -2, 12 ], [ 0, 16 ], [ 1, 28 ], [ 2, 44 ], [ 3, 32 ], [ 4, 12 ] ] 
12 13 149 [ [ -2, 12 ], [ 0, 14 ], [ 1, 28 ], [ 2, 48 ], [ 3, 30 ], [ 4, 12 ] ] 
11 12 137 [ [ -2, 11 ], [ 0, 16 ], [ 1, 26 ], [ 2, 30 ], [ 3, 26 ], [ 4, 12 ] ] 
12 13 130 [ [ -2, 12 ], [ 0, 22 ], [ 1, 32 ], [ 2, 36 ], [ 3, 34 ], [ 4, 8 ] ] 
11 12 122 [ [ -2, 11 ], [ 0, 12 ], [ 1, 44 ], [ 2, 20 ], [ 3, 20 ], [ 4, 14 ] ] 
12 13 143 [ [ -2, 12 ], [ 0, 12 ], [ 1, 40 ], [ 2, 38 ], [ 3, 28 ], [ 4, 14 ] ] 
12 13 156 [ [ -2, 12 ], [ 0, 10 ], [ 1, 38 ], [ 2, 30 ], [ 3, 36 ], [ 4, 18 ] ] 
12 13 146 [ [ -2, 12 ], [ 0, 12 ], [ 1, 38 ], [ 2, 36 ], [ 3, 36 ], [ 4, 10 ] ] 
12 13 122 [ [ -2, 12 ], [ 0, 16 ], [ 1, 32 ], [ 2, 40 ], [ 3, 30 ], [ 4, 14 ] ] 
12 13 183 [ [ -2, 12 ], [ 0, 16 ], [ 1, 28 ], [ 2, 32 ], [ 3, 40 ], [ 4, 16 ] ] 
12 13 129 [ [ -2, 12 ], [ 0, 8 ], [ 1, 32 ], [ 2, 38 ], [ 3, 36 ], [ 4, 18 ] ] 
11 12 135 [ [ -2, 11 ], [ 0, 14 ], [ 1, 26 ], [ 2, 36 ], [ 3, 22 ], [ 4, 12 ] ] 
12 13 126 [ [ -2, 12 ], [ 0, 8 ], [ 1, 32 ], [ 2, 48 ], [ 3, 30 ], [ 4, 14 ] ] 
12 13 156 [ [ -2, 12 ], [ 0, 14 ], [ 1, 30 ], [ 2, 28 ], [ 3, 42 ], [ 4, 18 ] ] 
12 13 136 [ [ -2, 12 ], [ 0, 8 ], [ 1, 38 ], [ 2, 42 ], [ 3, 34 ], [ 4, 10 ] ] 
12 13 124 [ [ -2, 12 ], [ 0, 10 ], [ 1, 34 ], [ 2, 44 ], [ 3, 30 ], [ 4, 14 ] ] 
12 13 122 [ [ -2, 12 ], [ 0, 10 ], [ 1, 30 ], [ 2, 50 ], [ 3, 30 ], [ 4, 12 ] ] 
12 13 164 [ [ -2, 12 ], [ 0, 10 ], [ 1, 26 ], [ 2, 50 ], [ 3, 34 ], [ 4, 12 ] ] 
12 13 124 [ [ -2, 12 ], [ 0, 12 ], [ 1, 48 ], [ 2, 32 ], [ 3, 30 ], [ 4, 10 ] ] 
13 14 140 [ [ -2, 13 ], [ 0, 8 ], [ 1, 36 ], [ 2, 54 ], [ 3, 46 ], [ 4, 12 ] ] 
12 13 135 [ [ -2, 12 ], [ 0, 14 ], [ 1, 32 ], [ 2, 42 ], [ 3, 36 ], [ 4, 8 ] ] 
13 14 158 [ [ -2, 13 ], [ 0, 14 ], [ 1, 48 ], [ 2, 46 ], [ 3, 36 ], [ 4, 12 ] ] 
13 14 156 [ [ -2, 13 ], [ 0, 18 ], [ 1, 20 ], [ 2, 54 ], [ 3, 48 ], [ 4, 16 ] ] 
12 13 126 [ [ -2, 12 ], [ 0, 12 ], [ 1, 30 ], [ 2, 42 ], [ 3, 30 ], [ 4, 18 ] ] 
12 13 126 [ [ -2, 12 ], [ 0, 6 ], [ 1, 40 ], [ 2, 36 ], [ 3, 30 ], [ 4, 20 ] ] 
12 13 127 [ [ -2, 12 ], [ 0, 14 ], [ 1, 34 ], [ 2, 44 ], [ 3, 30 ], [ 4, 10 ] ] 
11 12 127 [ [ -2, 11 ], [ 0, 18 ], [ 1, 26 ], [ 2, 24 ], [ 3, 34 ], [ 4, 8 ] ] 
12 13 142 [ [ -2, 12 ], [ 0, 14 ], [ 1, 24 ], [ 2, 36 ], [ 3, 42 ], [ 4, 16 ] ] 
13 14 138 [ [ -2, 13 ], [ 0, 6 ], [ 1, 46 ], [ 2, 48 ], [ 3, 40 ], [ 4, 16 ] ] 
13 14 124 [ [ -2, 13 ], [ 0, 12 ], [ 1, 38 ], [ 2, 44 ], [ 3, 50 ], [ 4, 12 ] ] 
12 13 141 [ [ -2, 12 ], [ 0, 12 ], [ 1, 30 ], [ 2, 34 ], [ 3, 36 ], [ 4, 20 ] ] 
11 12 132 [ [ -2, 11 ], [ 0, 12 ], [ 1, 24 ], [ 2, 32 ], [ 3, 30 ], [ 4, 12 ] ] 
13 14 161 [ [ -2, 13 ], [ 0, 18 ], [ 1, 34 ], [ 2, 36 ], [ 3, 46 ], [ 4, 22 ] ] 
11 12 144 [ [ -2, 11 ], [ 0, 12 ], [ 1, 18 ], [ 2, 32 ], [ 3, 26 ], [ 4, 22 ] ] 
12 13 134 [ [ -2, 12 ], [ 0, 12 ], [ 1, 46 ], [ 2, 24 ], [ 3, 36 ], [ 4, 14 ] ] 
11 12 122 [ [ -2, 11 ], [ 0, 10 ], [ 1, 28 ], [ 2, 24 ], [ 3, 34 ], [ 4, 14 ] ] 
12 13 155 [ [ -2, 12 ], [ 0, 10 ], [ 1, 28 ], [ 2, 40 ], [ 3, 38 ], [ 4, 16 ] ] 
12 13 142 [ [ -2, 12 ], [ 0, 10 ], [ 1, 32 ], [ 2, 30 ], [ 3, 40 ], [ 4, 20 ] ] 
13 14 147 [ [ -2, 13 ], [ 0, 12 ], [ 1, 48 ], [ 2, 38 ], [ 3, 46 ], [ 4, 12 ] ] 
11 12 124 [ [ -2, 11 ], [ 0, 12 ], [ 1, 24 ], [ 2, 28 ], [ 3, 30 ], [ 4, 16 ] ] 
12 13 133 [ [ -2, 12 ], [ 0, 14 ], [ 1, 22 ], [ 2, 42 ], [ 3, 46 ], [ 4, 8 ] ] 
11 12 126 [ [ -2, 11 ], [ 0, 14 ], [ 1, 28 ], [ 2, 36 ], [ 3, 22 ], [ 4, 10 ] ] 
12 13 148 [ [ -2, 12 ], [ 0, 12 ], [ 1, 30 ], [ 2, 46 ], [ 3, 30 ], [ 4, 14 ] ] 
12 13 126 [ [ -2, 12 ], [ 0, 16 ], [ 1, 28 ], [ 2, 40 ], [ 3, 34 ], [ 4, 14 ] ] 
11 12 132 [ [ -2, 11 ], [ 0, 10 ], [ 1, 22 ], [ 2, 32 ], [ 3, 32 ], [ 4, 14 ] ] 
11 12 123 [ [ -2, 11 ], [ 0, 8 ], [ 1, 16 ], [ 2, 42 ], [ 3, 28 ], [ 4, 16 ] ] 
12 13 123 [ [ -2, 12 ], [ 0, 10 ], [ 1, 30 ], [ 2, 40 ], [ 3, 38 ], [ 4, 14 ] ] 
12 13 158 [ [ -2, 12 ], [ 0, 12 ], [ 1, 24 ], [ 2, 42 ], [ 3, 36 ], [ 4, 18 ] ] 
12 13 179 [ [ -2, 12 ], [ 0, 16 ], [ 1, 28 ], [ 2, 50 ], [ 3, 28 ], [ 4, 10 ] ] 
12 13 127 [ [ -2, 12 ], [ 0, 8 ], [ 1, 32 ], [ 2, 40 ], [ 3, 38 ], [ 4, 14 ] ] 
11 12 126 [ [ -2, 11 ], [ 0, 18 ], [ 1, 28 ], [ 2, 28 ], [ 3, 22 ], [ 4, 14 ] ] 
12 13 125 [ [ -2, 12 ], [ 0, 12 ], [ 1, 28 ], [ 2, 44 ], [ 3, 38 ], [ 4, 10 ] ] 
11 12 131 [ [ -2, 11 ], [ 0, 18 ], [ 1, 20 ], [ 2, 30 ], [ 3, 28 ], [ 4, 14 ] ] 
13 14 178 [ [ -2, 13 ], [ 0, 14 ], [ 1, 40 ], [ 2, 46 ], [ 3, 38 ], [ 4, 18 ] ] 
11 12 121 [ [ -2, 11 ], [ 0, 10 ], [ 1, 24 ], [ 2, 22 ], [ 3, 40 ], [ 4, 14 ] ] 
13 14 131 [ [ -2, 13 ], [ 0, 10 ], [ 1, 36 ], [ 2, 54 ], [ 3, 40 ], [ 4, 16 ] ] 
11 12 124 [ [ -2, 11 ], [ 0, 26 ], [ 1, 14 ], [ 2, 30 ], [ 3, 26 ], [ 4, 14 ] ] 
12 13 126 [ [ -2, 12 ], [ 0, 10 ], [ 1, 30 ], [ 2, 44 ], [ 3, 32 ], [ 4, 16 ] ] 
12 13 123 [ [ -2, 12 ], [ 0, 8 ], [ 1, 32 ], [ 2, 40 ], [ 3, 34 ], [ 4, 18 ] ] 
12 13 125 [ [ -2, 12 ], [ 0, 6 ], [ 1, 26 ], [ 2, 50 ], [ 3, 32 ], [ 4, 18 ] ] 
12 13 121 [ [ -2, 12 ], [ 0, 10 ], [ 1, 36 ], [ 2, 38 ], [ 3, 36 ], [ 4, 12 ] ] 
13 14 130 [ [ -2, 13 ], [ 0, 12 ], [ 1, 34 ], [ 2, 64 ], [ 3, 32 ], [ 4, 14 ] ] 
12 13 156 [ [ -2, 12 ], [ 0, 8 ], [ 1, 28 ], [ 2, 50 ], [ 3, 32 ], [ 4, 14 ] ] 
12 13 146 [ [ -2, 12 ], [ 0, 8 ], [ 1, 34 ], [ 2, 42 ], [ 3, 28 ], [ 4, 20 ] ] 
12 13 145 [ [ -2, 12 ], [ 0, 10 ], [ 1, 26 ], [ 2, 44 ], [ 3, 38 ], [ 4, 14 ] ] 
12 13 142 [ [ -2, 12 ], [ 0, 8 ], [ 1, 42 ], [ 2, 40 ], [ 3, 26 ], [ 4, 16 ] ] 
11 12 127 [ [ -2, 11 ], [ 0, 14 ], [ 1, 24 ], [ 2, 36 ], [ 3, 22 ], [ 4, 14 ] ] 
13 14 160 [ [ -2, 13 ], [ 0, 12 ], [ 1, 38 ], [ 2, 62 ], [ 3, 30 ], [ 4, 14 ] ] 
12 13 148 [ [ -2, 12 ], [ 0, 10 ], [ 1, 22 ], [ 2, 54 ], [ 3, 34 ], [ 4, 12 ] ] 
12 13 136 [ [ -2, 12 ], [ 0, 16 ], [ 1, 30 ], [ 2, 32 ], [ 3, 30 ], [ 4, 24 ] ] 
13 14 137 [ [ -2, 13 ], [ 0, 16 ], [ 1, 26 ], [ 2, 56 ], [ 3, 30 ], [ 4, 28 ] ] 
12 13 185 [ [ -2, 12 ], [ 0, 14 ], [ 1, 38 ], [ 2, 34 ], [ 3, 28 ], [ 4, 18 ] ] 
13 14 149 [ [ -2, 13 ], [ 0, 14 ], [ 1, 44 ], [ 2, 36 ], [ 3, 34 ], [ 4, 28 ] ] 
13 14 213 [ [ -2, 13 ], [ 0, 8 ], [ 1, 30 ], [ 2, 60 ], [ 3, 40 ], [ 4, 18 ] ] 
12 13 131 [ [ -2, 12 ], [ 0, 8 ], [ 1, 40 ], [ 2, 28 ], [ 3, 34 ], [ 4, 22 ] ] 
11 12 122 [ [ -2, 11 ], [ 0, 10 ], [ 1, 30 ], [ 2, 30 ], [ 3, 26 ], [ 4, 14 ] ] 
12 13 174 [ [ -2, 12 ], [ 0, 12 ], [ 1, 28 ], [ 2, 46 ], [ 3, 28 ], [ 4, 18 ] ] 
11 12 125 [ [ -2, 11 ], [ 0, 12 ], [ 1, 26 ], [ 2, 24 ], [ 3, 28 ], [ 4, 20 ] ] 
12 13 147 [ [ -2, 12 ], [ 0, 10 ], [ 1, 28 ], [ 2, 38 ], [ 3, 42 ], [ 4, 14 ] ] 
12 13 138 [ [ -2, 12 ], [ 0, 12 ], [ 1, 34 ], [ 2, 32 ], [ 3, 36 ], [ 4, 18 ] ] 
11 12 124 [ [ -2, 11 ], [ 0, 16 ], [ 1, 26 ], [ 2, 20 ], [ 3, 32 ], [ 4, 16 ] ] 
12 13 165 [ [ -2, 12 ], [ 0, 12 ], [ 1, 26 ], [ 2, 36 ], [ 3, 38 ], [ 4, 20 ] ] 
12 13 135 [ [ -2, 12 ], [ 0, 12 ], [ 1, 24 ], [ 2, 44 ], [ 3, 38 ], [ 4, 14 ] ] 
11 12 121 [ [ -2, 11 ], [ 0, 14 ], [ 1, 26 ], [ 2, 26 ], [ 3, 30 ], [ 4, 14 ] ] 
12 13 136 [ [ -2, 12 ], [ 0, 14 ], [ 1, 28 ], [ 2, 36 ], [ 3, 38 ], [ 4, 16 ] ] 
13 14 187 [ [ -2, 13 ], [ 0, 8 ], [ 1, 44 ], [ 2, 50 ], [ 3, 38 ], [ 4, 16 ] ] 
12 13 128 [ [ -2, 12 ], [ 0, 16 ], [ 1, 42 ], [ 2, 24 ], [ 3, 38 ], [ 4, 12 ] ] 
13 14 167 [ [ -2, 13 ], [ 0, 10 ], [ 1, 40 ], [ 2, 34 ], [ 3, 52 ], [ 4, 20 ] ] 
11 12 128 [ [ -2, 11 ], [ 0, 14 ], [ 1, 28 ], [ 2, 20 ], [ 3, 28 ], [ 4, 20 ] ] 
12 13 151 [ [ -2, 12 ], [ 0, 14 ], [ 1, 38 ], [ 2, 28 ], [ 3, 30 ], [ 4, 22 ] ] 
13 14 181 [ [ -2, 13 ], [ 0, 16 ], [ 1, 42 ], [ 2, 32 ], [ 3, 38 ], [ 4, 28 ] ] 
12 13 125 [ [ -2, 12 ], [ 0, 10 ], [ 1, 32 ], [ 2, 36 ], [ 3, 36 ], [ 4, 18 ] ] 
12 13 122 [ [ -2, 12 ], [ 0, 14 ], [ 1, 38 ], [ 2, 36 ], [ 3, 30 ], [ 4, 14 ] ] 
13 14 218 [ [ -2, 13 ], [ 0, 14 ], [ 1, 38 ], [ 2, 48 ], [ 3, 36 ], [ 4, 20 ] ] 
13 14 133 [ [ -2, 13 ], [ 0, 10 ], [ 1, 36 ], [ 2, 50 ], [ 3, 36 ], [ 4, 24 ] ] 
14 15 154 [ [ -2, 14 ], [ 0, 14 ], [ 1, 52 ], [ 2, 62 ], [ 3, 38 ], [ 4, 16 ] ] 
12 13 129 [ [ -2, 12 ], [ 0, 6 ], [ 1, 32 ], [ 2, 40 ], [ 3, 38 ], [ 4, 16 ] ] 
13 14 177 [ [ -2, 13 ], [ 0, 20 ], [ 1, 42 ], [ 2, 42 ], [ 3, 34 ], [ 4, 18 ] ] 
12 13 124 [ [ -2, 12 ], [ 0, 8 ], [ 1, 38 ], [ 2, 36 ], [ 3, 32 ], [ 4, 18 ] ] 
12 13 142 [ [ -2, 12 ], [ 0, 16 ], [ 1, 24 ], [ 2, 32 ], [ 3, 40 ], [ 4, 20 ] ] 
11 12 127 [ [ -2, 11 ], [ 0, 14 ], [ 1, 24 ], [ 2, 24 ], [ 3, 34 ], [ 4, 14 ] ] 
12 13 127 [ [ -2, 12 ], [ 0, 16 ], [ 1, 34 ], [ 2, 30 ], [ 3, 38 ], [ 4, 14 ] ] 
12 13 127 [ [ -2, 12 ], [ 0, 14 ], [ 1, 38 ], [ 2, 34 ], [ 3, 26 ], [ 4, 20 ] ] 
11 12 134 [ [ -2, 11 ], [ 0, 14 ], [ 1, 36 ], [ 2, 20 ], [ 3, 22 ], [ 4, 18 ] ] 
12 13 130 [ [ -2, 12 ], [ 0, 10 ], [ 1, 42 ], [ 2, 32 ], [ 3, 28 ], [ 4, 20 ] ] 
12 13 177 [ [ -2, 12 ], [ 0, 12 ], [ 1, 22 ], [ 2, 52 ], [ 3, 28 ], [ 4, 18 ] ] 
11 12 139 [ [ -2, 11 ], [ 0, 10 ], [ 1, 22 ], [ 2, 40 ], [ 3, 18 ], [ 4, 20 ] ] 
12 13 128 [ [ -2, 12 ], [ 0, 18 ], [ 1, 24 ], [ 2, 48 ], [ 3, 32 ], [ 4, 10 ] ] 
13 14 149 [ [ -2, 13 ], [ 0, 20 ], [ 1, 40 ], [ 2, 50 ], [ 3, 34 ], [ 4, 12 ] ] 
11 12 133 [ [ -2, 11 ], [ 0, 16 ], [ 1, 14 ], [ 2, 48 ], [ 3, 24 ], [ 4, 8 ] ] 
12 13 195 [ [ -2, 12 ], [ 0, 18 ], [ 1, 18 ], [ 2, 50 ], [ 3, 36 ], [ 4, 10 ] ] 
11 12 137 [ [ -2, 11 ], [ 0, 18 ], [ 1, 26 ], [ 2, 30 ], [ 3, 28 ], [ 4, 8 ] ] 
11 12 132 [ [ -2, 11 ], [ 0, 16 ], [ 1, 18 ], [ 2, 28 ], [ 3, 36 ], [ 4, 12 ] ] 
12 13 175 [ [ -2, 12 ], [ 0, 14 ], [ 1, 28 ], [ 2, 42 ], [ 3, 32 ], [ 4, 16 ] ] 
12 13 144 [ [ -2, 12 ], [ 0, 16 ], [ 1, 30 ], [ 2, 42 ], [ 3, 30 ], [ 4, 14 ] ] 
12 13 131 [ [ -2, 12 ], [ 0, 16 ], [ 1, 30 ], [ 2, 38 ], [ 3, 36 ], [ 4, 12 ] ] 
12 13 137 [ [ -2, 12 ], [ 0, 14 ], [ 1, 36 ], [ 2, 34 ], [ 3, 32 ], [ 4, 16 ] ] 
12 13 123 [ [ -2, 12 ], [ 0, 20 ], [ 1, 40 ], [ 2, 42 ], [ 3, 26 ], [ 4, 4 ] ] 
11 12 124 [ [ -2, 11 ], [ 0, 16 ], [ 1, 36 ], [ 2, 24 ], [ 3, 18 ], [ 4, 16 ] ] 
11 12 123 [ [ -2, 11 ], [ 0, 14 ], [ 1, 26 ], [ 2, 28 ], [ 3, 28 ], [ 4, 14 ] ] 
11 12 129 [ [ -2, 11 ], [ 0, 14 ], [ 1, 38 ], [ 2, 24 ], [ 3, 26 ], [ 4, 8 ] ] 
12 13 163 [ [ -2, 12 ], [ 0, 20 ], [ 1, 46 ], [ 2, 28 ], [ 3, 30 ], [ 4, 8 ] ] 
12 13 124 [ [ -2, 12 ], [ 0, 16 ], [ 1, 34 ], [ 2, 42 ], [ 3, 28 ], [ 4, 12 ] ] 
11 12 150 [ [ -2, 11 ], [ 0, 16 ], [ 1, 24 ], [ 2, 32 ], [ 3, 22 ], [ 4, 16 ] ] 
12 13 180 [ [ -2, 12 ], [ 0, 22 ], [ 1, 32 ], [ 2, 40 ], [ 3, 34 ], [ 4, 4 ] ] 
11 12 122 [ [ -2, 11 ], [ 0, 18 ], [ 1, 24 ], [ 2, 32 ], [ 3, 28 ], [ 4, 8 ] ] 
12 13 185 [ [ -2, 12 ], [ 0, 24 ], [ 1, 28 ], [ 2, 38 ], [ 3, 32 ], [ 4, 10 ] ] 
11 12 132 [ [ -2, 11 ], [ 0, 16 ], [ 1, 22 ], [ 2, 32 ], [ 3, 30 ], [ 4, 10 ] ] 
12 13 167 [ [ -2, 12 ], [ 0, 18 ], [ 1, 26 ], [ 2, 44 ], [ 3, 34 ], [ 4, 10 ] ] 
12 13 142 [ [ -2, 12 ], [ 0, 16 ], [ 1, 34 ], [ 2, 42 ], [ 3, 26 ], [ 4, 14 ] ] 
12 13 129 [ [ -2, 12 ], [ 0, 14 ], [ 1, 30 ], [ 2, 42 ], [ 3, 36 ], [ 4, 10 ] ] 
12 13 126 [ [ -2, 12 ], [ 0, 12 ], [ 1, 36 ], [ 2, 40 ], [ 3, 28 ], [ 4, 16 ] ] 
12 13 121 [ [ -2, 12 ], [ 0, 14 ], [ 1, 26 ], [ 2, 40 ], [ 3, 40 ], [ 4, 12 ] ] 
12 13 135 [ [ -2, 12 ], [ 0, 14 ], [ 1, 30 ], [ 2, 38 ], [ 3, 36 ], [ 4, 14 ] ] 
11 12 152 [ [ -2, 11 ], [ 0, 14 ], [ 1, 16 ], [ 2, 40 ], [ 3, 22 ], [ 4, 18 ] ] 
11 12 122 [ [ -2, 11 ], [ 0, 18 ], [ 1, 26 ], [ 2, 22 ], [ 3, 30 ], [ 4, 14 ] ] 
12 13 125 [ [ -2, 12 ], [ 0, 18 ], [ 1, 32 ], [ 2, 32 ], [ 3, 30 ], [ 4, 20 ] ] 
12 13 136 [ [ -2, 12 ], [ 0, 16 ], [ 1, 28 ], [ 2, 42 ], [ 3, 32 ], [ 4, 14 ] ] 
11 12 136 [ [ -2, 11 ], [ 0, 14 ], [ 1, 24 ], [ 2, 24 ], [ 3, 34 ], [ 4, 14 ] ] 
12 13 190 [ [ -2, 12 ], [ 0, 16 ], [ 1, 28 ], [ 2, 36 ], [ 3, 38 ], [ 4, 14 ] ] 
11 12 127 [ [ -2, 11 ], [ 0, 12 ], [ 1, 32 ], [ 2, 24 ], [ 3, 30 ], [ 4, 12 ] ] 
12 13 146 [ [ -2, 12 ], [ 0, 16 ], [ 1, 32 ], [ 2, 42 ], [ 3, 32 ], [ 4, 10 ] ] 
11 12 134 [ [ -2, 11 ], [ 0, 14 ], [ 1, 34 ], [ 2, 12 ], [ 3, 38 ], [ 4, 12 ] ] 
12 13 139 [ [ -2, 12 ], [ 0, 12 ], [ 1, 30 ], [ 2, 40 ], [ 3, 34 ], [ 4, 16 ] ] 
11 12 130 [ [ -2, 11 ], [ 0, 8 ], [ 1, 22 ], [ 2, 42 ], [ 3, 30 ], [ 4, 8 ] ] 
11 12 141 [ [ -2, 11 ], [ 0, 18 ], [ 1, 24 ], [ 2, 24 ], [ 3, 34 ], [ 4, 10 ] ] 
12 13 132 [ [ -2, 12 ], [ 0, 12 ], [ 1, 30 ], [ 2, 38 ], [ 3, 44 ], [ 4, 8 ] ] 
12 13 124 [ [ -2, 12 ], [ 0, 18 ], [ 1, 34 ], [ 2, 38 ], [ 3, 30 ], [ 4, 12 ] ] 
11 12 123 [ [ -2, 11 ], [ 0, 12 ], [ 1, 24 ], [ 2, 36 ], [ 3, 30 ], [ 4, 8 ] ] 
13 14 129 [ [ -2, 13 ], [ 0, 22 ], [ 1, 26 ], [ 2, 58 ], [ 3, 36 ], [ 4, 14 ] ] 
12 13 164 [ [ -2, 12 ], [ 0, 18 ], [ 1, 26 ], [ 2, 42 ], [ 3, 28 ], [ 4, 18 ] ] 
12 13 122 [ [ -2, 12 ], [ 0, 18 ], [ 1, 28 ], [ 2, 38 ], [ 3, 28 ], [ 4, 20 ] ] 
12 13 132 [ [ -2, 12 ], [ 0, 18 ], [ 1, 26 ], [ 2, 48 ], [ 3, 34 ], [ 4, 6 ] ] 
11 12 135 [ [ -2, 11 ], [ 0, 18 ], [ 1, 24 ], [ 2, 26 ], [ 3, 32 ], [ 4, 10 ] ] 
11 12 141 [ [ -2, 11 ], [ 0, 18 ], [ 1, 30 ], [ 2, 30 ], [ 3, 18 ], [ 4, 14 ] ] 
11 12 133 [ [ -2, 11 ], [ 0, 18 ], [ 1, 30 ], [ 2, 24 ], [ 3, 24 ], [ 4, 14 ] ] 
11 12 126 [ [ -2, 11 ], [ 0, 12 ], [ 1, 28 ], [ 2, 26 ], [ 3, 30 ], [ 4, 14 ] ] 
12 13 123 [ [ -2, 12 ], [ 0, 14 ], [ 1, 28 ], [ 2, 42 ], [ 3, 34 ], [ 4, 14 ] ] 
11 12 150 [ [ -2, 11 ], [ 0, 16 ], [ 1, 24 ], [ 2, 30 ], [ 3, 24 ], [ 4, 16 ] ] 
13 14 182 [ [ -2, 13 ], [ 0, 14 ], [ 1, 30 ], [ 2, 54 ], [ 3, 44 ], [ 4, 14 ] ] 
11 12 133 [ [ -2, 11 ], [ 0, 16 ], [ 1, 30 ], [ 2, 28 ], [ 3, 28 ], [ 4, 8 ] ] 
13 14 153 [ [ -2, 13 ], [ 0, 14 ], [ 1, 46 ], [ 2, 48 ], [ 3, 36 ], [ 4, 12 ] ] 
11 12 127 [ [ -2, 11 ], [ 0, 14 ], [ 1, 22 ], [ 2, 42 ], [ 3, 22 ], [ 4, 10 ] ] 
11 12 122 [ [ -2, 11 ], [ 0, 12 ], [ 1, 30 ], [ 2, 28 ], [ 3, 24 ], [ 4, 16 ] ] 
11 12 124 [ [ -2, 11 ], [ 0, 10 ], [ 1, 30 ], [ 2, 38 ], [ 3, 22 ], [ 4, 10 ] ] 
11 12 126 [ [ -2, 11 ], [ 0, 18 ], [ 1, 22 ], [ 2, 30 ], [ 3, 32 ], [ 4, 8 ] ] 
11 12 124 [ [ -2, 11 ], [ 0, 16 ], [ 1, 24 ], [ 2, 32 ], [ 3, 20 ], [ 4, 18 ] ] 
11 12 121 [ [ -2, 11 ], [ 0, 20 ], [ 1, 24 ], [ 2, 24 ], [ 3, 24 ], [ 4, 18 ] ] 
12 13 139 [ [ -2, 12 ], [ 0, 16 ], [ 1, 46 ], [ 2, 28 ], [ 3, 30 ], [ 4, 12 ] ] 
11 12 124 [ [ -2, 11 ], [ 0, 16 ], [ 1, 34 ], [ 2, 32 ], [ 3, 22 ], [ 4, 6 ] ] 
11 12 125 [ [ -2, 11 ], [ 0, 12 ], [ 1, 42 ], [ 2, 28 ], [ 3, 20 ], [ 4, 8 ] ] 
12 13 129 [ [ -2, 12 ], [ 0, 22 ], [ 1, 40 ], [ 2, 40 ], [ 3, 24 ], [ 4, 6 ] ] 
12 13 178 [ [ -2, 12 ], [ 0, 16 ], [ 1, 24 ], [ 2, 42 ], [ 3, 36 ], [ 4, 14 ] ] 
11 12 125 [ [ -2, 11 ], [ 0, 14 ], [ 1, 22 ], [ 2, 30 ], [ 3, 32 ], [ 4, 12 ] ] 
12 13 145 [ [ -2, 12 ], [ 0, 12 ], [ 1, 38 ], [ 2, 44 ], [ 3, 28 ], [ 4, 10 ] ] 
12 13 128 [ [ -2, 12 ], [ 0, 16 ], [ 1, 26 ], [ 2, 48 ], [ 3, 30 ], [ 4, 12 ] ] 
13 14 130 [ [ -2, 13 ], [ 0, 14 ], [ 1, 22 ], [ 2, 54 ], [ 3, 48 ], [ 4, 18 ] ] 
12 13 168 [ [ -2, 12 ], [ 0, 20 ], [ 1, 28 ], [ 2, 40 ], [ 3, 32 ], [ 4, 12 ] ] 
12 13 125 [ [ -2, 12 ], [ 0, 24 ], [ 1, 28 ], [ 2, 38 ], [ 3, 30 ], [ 4, 12 ] ] 
12 13 135 [ [ -2, 12 ], [ 0, 24 ], [ 1, 42 ], [ 2, 34 ], [ 3, 24 ], [ 4, 8 ] ] 
11 12 130 [ [ -2, 11 ], [ 0, 24 ], [ 1, 18 ], [ 2, 30 ], [ 3, 24 ], [ 4, 14 ] ] 
12 13 143 [ [ -2, 12 ], [ 0, 18 ], [ 1, 26 ], [ 2, 26 ], [ 3, 44 ], [ 4, 18 ] ] 
11 12 130 [ [ -2, 11 ], [ 0, 18 ], [ 1, 34 ], [ 2, 20 ], [ 3, 24 ], [ 4, 14 ] ] 
12 13 145 [ [ -2, 12 ], [ 0, 18 ], [ 1, 48 ], [ 2, 24 ], [ 3, 28 ], [ 4, 14 ] ] 
12 13 123 [ [ -2, 12 ], [ 0, 20 ], [ 1, 28 ], [ 2, 48 ], [ 3, 22 ], [ 4, 14 ] ] 
12 13 146 [ [ -2, 12 ], [ 0, 26 ], [ 1, 26 ], [ 2, 38 ], [ 3, 32 ], [ 4, 10 ] ] 
11 12 123 [ [ -2, 11 ], [ 0, 22 ], [ 1, 18 ], [ 2, 34 ], [ 3, 22 ], [ 4, 14 ] ] 
10 11 123 [ [ -2, 10 ], [ 0, 22 ], [ 1, 10 ], [ 2, 26 ], [ 3, 20 ], [ 4, 12 ] ] 
12 13 121 [ [ -2, 12 ], [ 0, 20 ], [ 1, 22 ], [ 2, 38 ], [ 3, 36 ], [ 4, 16 ] ] 
12 13 125 [ [ -2, 12 ], [ 0, 22 ], [ 1, 30 ], [ 2, 48 ], [ 3, 24 ], [ 4, 8 ] ] 
12 13 153 [ [ -2, 12 ], [ 0, 28 ], [ 1, 20 ], [ 2, 44 ], [ 3, 34 ], [ 4, 6 ] ] 
13 14 161 [ [ -2, 13 ], [ 0, 20 ], [ 1, 34 ], [ 2, 52 ], [ 3, 40 ], [ 4, 10 ] ] 
12 13 144 [ [ -2, 12 ], [ 0, 20 ], [ 1, 42 ], [ 2, 36 ], [ 3, 24 ], [ 4, 10 ] ] 
11 12 126 [ [ -2, 11 ], [ 0, 24 ], [ 1, 18 ], [ 2, 28 ], [ 3, 28 ], [ 4, 12 ] ] 
12 13 144 [ [ -2, 12 ], [ 0, 24 ], [ 1, 30 ], [ 2, 42 ], [ 3, 32 ], [ 4, 4 ] ] 
12 13 125 [ [ -2, 12 ], [ 0, 16 ], [ 1, 30 ], [ 2, 48 ], [ 3, 24 ], [ 4, 14 ] ] 
11 12 152 [ [ -2, 11 ], [ 0, 18 ], [ 1, 18 ], [ 2, 32 ], [ 3, 28 ], [ 4, 14 ] ] 
12 13 166 [ [ -2, 12 ], [ 0, 16 ], [ 1, 36 ], [ 2, 34 ], [ 3, 32 ], [ 4, 14 ] ] 
11 12 134 [ [ -2, 11 ], [ 0, 16 ], [ 1, 26 ], [ 2, 32 ], [ 3, 28 ], [ 4, 8 ] ] 
11 12 121 [ [ -2, 11 ], [ 0, 18 ], [ 1, 20 ], [ 2, 28 ], [ 3, 28 ], [ 4, 16 ] ] 
11 12 140 [ [ -2, 11 ], [ 0, 20 ], [ 1, 24 ], [ 2, 34 ], [ 3, 20 ], [ 4, 12 ] ] 
13 14 134 [ [ -2, 13 ], [ 0, 12 ], [ 1, 56 ], [ 2, 36 ], [ 3, 40 ], [ 4, 12 ] ] 
12 13 150 [ [ -2, 12 ], [ 0, 16 ], [ 1, 26 ], [ 2, 54 ], [ 3, 28 ], [ 4, 8 ] ] 
11 12 142 [ [ -2, 11 ], [ 0, 22 ], [ 1, 20 ], [ 2, 28 ], [ 3, 22 ], [ 4, 18 ] ] 
11 12 140 [ [ -2, 11 ], [ 0, 14 ], [ 1, 26 ], [ 2, 24 ], [ 3, 24 ], [ 4, 22 ] ] 
12 13 142 [ [ -2, 12 ], [ 0, 14 ], [ 1, 32 ], [ 2, 32 ], [ 3, 32 ], [ 4, 22 ] ] 
12 13 160 [ [ -2, 12 ], [ 0, 14 ], [ 1, 36 ], [ 2, 32 ], [ 3, 34 ], [ 4, 16 ] ] 
11 12 138 [ [ -2, 11 ], [ 0, 10 ], [ 1, 32 ], [ 2, 22 ], [ 3, 30 ], [ 4, 16 ] ] 
13 14 234 [ [ -2, 13 ], [ 0, 18 ], [ 1, 30 ], [ 2, 40 ], [ 3, 46 ], [ 4, 22 ] ] 
13 14 123 [ [ -2, 13 ], [ 0, 16 ], [ 1, 28 ], [ 2, 52 ], [ 3, 52 ], [ 4, 8 ] ] 
12 13 123 [ [ -2, 12 ], [ 0, 8 ], [ 1, 32 ], [ 2, 42 ], [ 3, 40 ], [ 4, 10 ] ] 
11 12 128 [ [ -2, 11 ], [ 0, 16 ], [ 1, 28 ], [ 2, 28 ], [ 3, 24 ], [ 4, 14 ] ] 
12 13 128 [ [ -2, 12 ], [ 0, 12 ], [ 1, 20 ], [ 2, 44 ], [ 3, 40 ], [ 4, 16 ] ] 
12 13 122 [ [ -2, 12 ], [ 0, 18 ], [ 1, 34 ], [ 2, 26 ], [ 3, 38 ], [ 4, 16 ] ] 
11 12 123 [ [ -2, 11 ], [ 0, 14 ], [ 1, 28 ], [ 2, 26 ], [ 3, 30 ], [ 4, 12 ] ] 
12 13 123 [ [ -2, 12 ], [ 0, 14 ], [ 1, 34 ], [ 2, 34 ], [ 3, 32 ], [ 4, 18 ] ] 
13 14 135 [ [ -2, 13 ], [ 0, 14 ], [ 1, 40 ], [ 2, 46 ], [ 3, 38 ], [ 4, 18 ] ] 
14 15 168 [ [ -2, 14 ], [ 0, 14 ], [ 1, 48 ], [ 2, 58 ], [ 3, 44 ], [ 4, 18 ] ] 
12 13 167 [ [ -2, 12 ], [ 0, 10 ], [ 1, 34 ], [ 2, 44 ], [ 3, 30 ], [ 4, 14 ] ] 
11 12 126 [ [ -2, 11 ], [ 0, 8 ], [ 1, 28 ], [ 2, 30 ], [ 3, 28 ], [ 4, 16 ] ] 
12 13 122 [ [ -2, 12 ], [ 0, 12 ], [ 1, 34 ], [ 2, 42 ], [ 3, 32 ], [ 4, 12 ] ] 
11 12 121 [ [ -2, 11 ], [ 0, 8 ], [ 1, 30 ], [ 2, 24 ], [ 3, 34 ], [ 4, 14 ] ] 
13 14 123 [ [ -2, 13 ], [ 0, 12 ], [ 1, 50 ], [ 2, 60 ], [ 3, 28 ], [ 4, 6 ] ] 
12 13 142 [ [ -2, 12 ], [ 0, 12 ], [ 1, 36 ], [ 2, 34 ], [ 3, 30 ], [ 4, 20 ] ] 
12 13 153 [ [ -2, 12 ], [ 0, 10 ], [ 1, 42 ], [ 2, 34 ], [ 3, 26 ], [ 4, 20 ] ] 
11 12 129 [ [ -2, 11 ], [ 0, 12 ], [ 1, 16 ], [ 2, 36 ], [ 3, 28 ], [ 4, 18 ] ] 
12 13 166 [ [ -2, 12 ], [ 0, 18 ], [ 1, 36 ], [ 2, 28 ], [ 3, 42 ], [ 4, 8 ] ] 
12 13 127 [ [ -2, 12 ], [ 0, 16 ], [ 1, 32 ], [ 2, 42 ], [ 3, 30 ], [ 4, 12 ] ] 
11 12 123 [ [ -2, 11 ], [ 0, 12 ], [ 1, 30 ], [ 2, 34 ], [ 3, 24 ], [ 4, 10 ] ] 
12 13 121 [ [ -2, 12 ], [ 0, 16 ], [ 1, 46 ], [ 2, 34 ], [ 3, 24 ], [ 4, 12 ] ] 
13 14 139 [ [ -2, 13 ], [ 0, 18 ], [ 1, 52 ], [ 2, 46 ], [ 3, 26 ], [ 4, 14 ] ] 
11 12 129 [ [ -2, 11 ], [ 0, 10 ], [ 1, 28 ], [ 2, 32 ], [ 3, 30 ], [ 4, 10 ] ] 
12 13 124 [ [ -2, 12 ], [ 0, 14 ], [ 1, 30 ], [ 2, 28 ], [ 3, 50 ], [ 4, 10 ] ] 
11 12 126 [ [ -2, 11 ], [ 0, 14 ], [ 1, 16 ], [ 2, 32 ], [ 3, 32 ], [ 4, 16 ] ] 
12 13 138 [ [ -2, 12 ], [ 0, 18 ], [ 1, 30 ], [ 2, 50 ], [ 3, 28 ], [ 4, 6 ] ] 
12 13 129 [ [ -2, 12 ], [ 0, 16 ], [ 1, 20 ], [ 2, 46 ], [ 3, 28 ], [ 4, 22 ] ] 
12 13 161 [ [ -2, 12 ], [ 0, 16 ], [ 1, 40 ], [ 2, 36 ], [ 3, 28 ], [ 4, 12 ] ] 
12 13 136 [ [ -2, 12 ], [ 0, 16 ], [ 1, 44 ], [ 2, 38 ], [ 3, 28 ], [ 4, 6 ] ] 
12 13 143 [ [ -2, 12 ], [ 0, 8 ], [ 1, 28 ], [ 2, 52 ], [ 3, 34 ], [ 4, 10 ] ] 
12 13 137 [ [ -2, 12 ], [ 0, 18 ], [ 1, 30 ], [ 2, 40 ], [ 3, 32 ], [ 4, 12 ] ] 
12 13 137 [ [ -2, 12 ], [ 0, 18 ], [ 1, 20 ], [ 2, 36 ], [ 3, 48 ], [ 4, 10 ] ] 
12 13 133 [ [ -2, 12 ], [ 0, 12 ], [ 1, 26 ], [ 2, 40 ], [ 3, 38 ], [ 4, 16 ] ] 
13 14 148 [ [ -2, 13 ], [ 0, 18 ], [ 1, 30 ], [ 2, 34 ], [ 3, 58 ], [ 4, 16 ] ] 
11 12 150 [ [ -2, 11 ], [ 0, 16 ], [ 1, 12 ], [ 2, 28 ], [ 3, 40 ], [ 4, 14 ] ] 
12 13 133 [ [ -2, 12 ], [ 0, 10 ], [ 1, 30 ], [ 2, 48 ], [ 3, 30 ], [ 4, 14 ] ] 
11 12 124 [ [ -2, 11 ], [ 0, 12 ], [ 1, 22 ], [ 2, 34 ], [ 3, 30 ], [ 4, 12 ] ] 
12 13 121 [ [ -2, 12 ], [ 0, 8 ], [ 1, 28 ], [ 2, 46 ], [ 3, 36 ], [ 4, 14 ] ] 
12 13 129 [ [ -2, 12 ], [ 0, 10 ], [ 1, 28 ], [ 2, 42 ], [ 3, 42 ], [ 4, 10 ] ] 
11 12 121 [ [ -2, 11 ], [ 0, 12 ], [ 1, 28 ], [ 2, 24 ], [ 3, 36 ], [ 4, 10 ] ] 
12 13 166 [ [ -2, 12 ], [ 0, 18 ], [ 1, 32 ], [ 2, 42 ], [ 3, 26 ], [ 4, 14 ] ] 
12 13 138 [ [ -2, 12 ], [ 0, 14 ], [ 1, 30 ], [ 2, 34 ], [ 3, 46 ], [ 4, 8 ] ] 
11 12 122 [ [ -2, 11 ], [ 0, 10 ], [ 1, 36 ], [ 2, 32 ], [ 3, 20 ], [ 4, 12 ] ] 
12 13 134 [ [ -2, 12 ], [ 0, 10 ], [ 1, 30 ], [ 2, 46 ], [ 3, 36 ], [ 4, 10 ] ] 
11 12 124 [ [ -2, 11 ], [ 0, 10 ], [ 1, 36 ], [ 2, 24 ], [ 3, 28 ], [ 4, 12 ] ] 
Error, user interrupt in
  deg := 1; at /usr/local/Cellar/gap/4.15.1/share/gap/lib/matrix.gi:1248 called from 
DefaultFieldOfMatrix( mat ) at /usr/local/Cellar/gap/4.15.1/share/gap/lib/matrix.gi:2621 called from
SemiEchelonMatTransformationDestructive( copymat 
 ) at /usr/local/Cellar/gap/4.15.1/share/gap/lib/matrix.gi:2534 called from
SemiEchelonMatTransformation( mat 
 ) at /usr/local/Cellar/gap/4.15.1/share/gap/lib/matrix.gi:2201 called from
NullspaceMat( TransposedMat( [ v * sQ ] ) ) at gapReads/LatticeTools.txt:40 called from
signaturejob( dim, Q ); at gapReads/LatticeTools.txt:48 called from
...  at Task20260922Vd.g:40
you can 'return;'
brk> 
brk> 
brk> 
brk> quit;
gap> Read("Task20260922Ve.g");
Error, user interrupt in
  AddRowVector( row, vectors[head], x 
 ); at /usr/local/Cellar/gap/4.15.1/share/gap/lib/matrix.gi:2587 called from 
DoSemiEchelonMatTransformationDestructive( DefaultFieldOfMatrix( mat ), mat 
 ) at /usr/local/Cellar/gap/4.15.1/share/gap/lib/matrix.gi:2621 called from
SemiEchelonMatTransformationDestructive( copymat 
 ) at /usr/local/Cellar/gap/4.15.1/share/gap/lib/matrix.gi:2534 called from
SemiEchelonMatTransformation( mat 
 ) at /usr/local/Cellar/gap/4.15.1/share/gap/lib/matrix.gi:2201 called from
NullspaceMat( TransposedMat( [ v * sQ ] ) ) at gapReads/LatticeTools.txt:40 called from
signaturejob( sdim - 1, newsQ ); at gapReads/LatticeTools.txt:42 called from
...  at Task20260922Ve.g:41
you can 'return;'
brk> quit;
gap> restart();
