sessionnumb  20260922221214 
gap> Read("Task20260922Vc.g");
14 15 228 [ [ -2, 14 ], [ 1, 80 ], [ 3, 102 ] ] 
15 16 235 [ [ -2, 15 ], [ 1, 120 ], [ 3, 90 ] ] 
14 15 211 [ [ -2, 14 ], [ 1, 96 ], [ 3, 86 ] ] 
14 15 221 [ [ -2, 14 ], [ 1, 90 ], [ 3, 92 ] ] 
15 16 271 [ [ -2, 15 ], [ 1, 100 ], [ 3, 110 ] ] 
14 15 247 [ [ -2, 14 ], [ 1, 100 ], [ 3, 82 ] ] 
15 16 244 [ [ -2, 15 ], [ 1, 94 ], [ 3, 116 ] ] 
15 16 369 [ [ -2, 15 ], [ 1, 96 ], [ 3, 114 ] ] 
14 15 232 [ [ -2, 14 ], [ 1, 76 ], [ 3, 106 ] ] 
14 15 234 [ [ -2, 14 ], [ 1, 74 ], [ 3, 108 ] ] 
14 15 221 [ [ -2, 14 ], [ 1, 82 ], [ 3, 100 ] ] 
14 15 244 [ [ -2, 14 ], [ 1, 82 ], [ 3, 100 ] ] 
14 15 256 [ [ -2, 14 ], [ 1, 90 ], [ 3, 92 ] ] 
14 15 232 [ [ -2, 14 ], [ 1, 88 ], [ 3, 94 ] ] 
15 16 228 [ [ -2, 15 ], [ 1, 100 ], [ 3, 110 ] ] 
14 15 256 [ [ -2, 14 ], [ 1, 78 ], [ 3, 104 ] ] 
14 15 211 [ [ -2, 14 ], [ 1, 88 ], [ 3, 94 ] ] 
14 15 221 [ [ -2, 14 ], [ 1, 84 ], [ 3, 98 ] ] 
14 15 213 [ [ -2, 14 ], [ 1, 88 ], [ 3, 94 ] ] 
14 15 223 [ [ -2, 14 ], [ 1, 90 ], [ 3, 92 ] ] 
13 14 202 [ [ -2, 13 ], [ 1, 76 ], [ 3, 80 ] ] 
15 16 211 [ [ -2, 15 ], [ 1, 98 ], [ 3, 112 ] ] 
16 17 370 [ [ -2, 16 ], [ 1, 110 ], [ 3, 130 ] ] 
14 15 264 [ [ -2, 14 ], [ 1, 92 ], [ 3, 90 ] ] 
15 16 246 [ [ -2, 15 ], [ 1, 106 ], [ 3, 104 ] ] 
14 15 210 [ [ -2, 14 ], [ 1, 94 ], [ 3, 88 ] ] 
14 15 206 [ [ -2, 14 ], [ 1, 90 ], [ 3, 92 ] ] 
14 15 219 [ [ -2, 14 ], [ 1, 74 ], [ 3, 108 ] ] 
14 15 225 [ [ -2, 14 ], [ 1, 92 ], [ 3, 90 ] ] 
14 15 289 [ [ -2, 14 ], [ 1, 90 ], [ 3, 92 ] ] 
14 15 233 [ [ -2, 14 ], [ 1, 76 ], [ 3, 106 ] ] 
15 16 220 [ [ -2, 15 ], [ 1, 94 ], [ 3, 116 ] ] 
15 16 392 [ [ -2, 15 ], [ 1, 100 ], [ 3, 110 ] ] 
14 15 216 [ [ -2, 14 ], [ 1, 78 ], [ 3, 104 ] ] 
15 16 252 [ [ -2, 15 ], [ 1, 94 ], [ 3, 116 ] ] 
14 15 207 [ [ -2, 14 ], [ 1, 84 ], [ 3, 98 ] ] 
14 15 239 [ [ -2, 14 ], [ 1, 68 ], [ 3, 114 ] ] 
15 16 211 [ [ -2, 15 ], [ 1, 110 ], [ 3, 100 ] ] 
14 15 206 [ [ -2, 14 ], [ 1, 78 ], [ 3, 104 ] ] 
14 15 203 [ [ -2, 14 ], [ 1, 80 ], [ 3, 102 ] ] 
14 15 214 [ [ -2, 14 ], [ 1, 82 ], [ 3, 100 ] ] 
14 15 246 [ [ -2, 14 ], [ 1, 82 ], [ 3, 100 ] ] 
14 15 284 [ [ -2, 14 ], [ 1, 86 ], [ 3, 96 ] ] 
15 16 251 [ [ -2, 15 ], [ 1, 96 ], [ 3, 114 ] ] 
14 15 242 [ [ -2, 14 ], [ 1, 82 ], [ 3, 100 ] ] 
14 15 214 [ [ -2, 14 ], [ 1, 86 ], [ 3, 96 ] ] 
15 16 290 [ [ -2, 15 ], [ 1, 94 ], [ 3, 116 ] ] 
14 15 221 [ [ -2, 14 ], [ 1, 86 ], [ 3, 96 ] ] 
14 15 269 [ [ -2, 14 ], [ 1, 92 ], [ 3, 90 ] ] 
14 15 226 [ [ -2, 14 ], [ 1, 86 ], [ 3, 96 ] ] 
14 15 251 [ [ -2, 14 ], [ 1, 82 ], [ 3, 100 ] ] 
14 15 206 [ [ -2, 14 ], [ 1, 86 ], [ 3, 96 ] ] 
15 16 269 [ [ -2, 15 ], [ 1, 100 ], [ 3, 110 ] ] 
14 15 212 [ [ -2, 14 ], [ 1, 90 ], [ 3, 92 ] ] 
14 15 209 [ [ -2, 14 ], [ 1, 88 ], [ 3, 94 ] ] 
14 15 250 [ [ -2, 14 ], [ 1, 96 ], [ 3, 86 ] ] 
15 16 246 [ [ -2, 15 ], [ 1, 114 ], [ 3, 96 ] ] 
14 15 208 [ [ -2, 14 ], [ 1, 86 ], [ 3, 96 ] ] 
14 15 219 [ [ -2, 14 ], [ 1, 84 ], [ 3, 98 ] ] 
14 15 296 [ [ -2, 14 ], [ 1, 76 ], [ 3, 106 ] ] 
15 16 234 [ [ -2, 15 ], [ 1, 108 ], [ 3, 102 ] ] 
14 15 235 [ [ -2, 14 ], [ 1, 84 ], [ 3, 98 ] ] 
15 16 209 [ [ -2, 15 ], [ 1, 96 ], [ 3, 114 ] ] 
15 16 265 [ [ -2, 15 ], [ 1, 104 ], [ 3, 106 ] ] 
15 16 383 [ [ -2, 15 ], [ 1, 96 ], [ 3, 114 ] ] 
14 15 204 [ [ -2, 14 ], [ 1, 76 ], [ 3, 106 ] ] 
14 15 230 [ [ -2, 14 ], [ 1, 98 ], [ 3, 84 ] ] 
15 16 321 [ [ -2, 15 ], [ 1, 110 ], [ 3, 100 ] ] 
14 15 246 [ [ -2, 14 ], [ 1, 92 ], [ 3, 90 ] ] 
14 15 232 [ [ -2, 14 ], [ 1, 94 ], [ 3, 88 ] ] 
15 16 238 [ [ -2, 15 ], [ 1, 98 ], [ 3, 112 ] ] 
14 15 264 [ [ -2, 14 ], [ 1, 82 ], [ 3, 100 ] ] 
14 15 211 [ [ -2, 14 ], [ 1, 86 ], [ 3, 96 ] ] 
15 16 215 [ [ -2, 15 ], [ 1, 100 ], [ 3, 110 ] ] 
15 16 351 [ [ -2, 15 ], [ 1, 108 ], [ 3, 102 ] ] 
14 15 285 [ [ -2, 14 ], [ 1, 90 ], [ 3, 92 ] ] 
14 15 238 [ [ -2, 14 ], [ 1, 82 ], [ 3, 100 ] ] 
15 16 245 [ [ -2, 15 ], [ 1, 104 ], [ 3, 106 ] ] 
14 15 203 [ [ -2, 14 ], [ 1, 92 ], [ 3, 90 ] ] 
15 16 220 [ [ -2, 15 ], [ 1, 96 ], [ 3, 114 ] ] 
15 16 246 [ [ -2, 15 ], [ 1, 114 ], [ 3, 96 ] ] 
16 17 260 [ [ -2, 16 ], [ 1, 122 ], [ 3, 118 ] ] 
14 15 240 [ [ -2, 14 ], [ 1, 94 ], [ 3, 88 ] ] 
15 16 264 [ [ -2, 15 ], [ 1, 94 ], [ 3, 116 ] ] 
14 15 201 [ [ -2, 14 ], [ 1, 82 ], [ 3, 100 ] ] 
14 15 234 [ [ -2, 14 ], [ 1, 82 ], [ 3, 100 ] ] 
14 15 234 [ [ -2, 14 ], [ 1, 82 ], [ 3, 100 ] ] 
14 15 324 [ [ -2, 14 ], [ 1, 94 ], [ 3, 88 ] ] 
15 16 255 [ [ -2, 15 ], [ 1, 100 ], [ 3, 110 ] ] 
14 15 218 [ [ -2, 14 ], [ 1, 88 ], [ 3, 94 ] ] 
14 15 234 [ [ -2, 14 ], [ 1, 86 ], [ 3, 96 ] ] 
15 16 228 [ [ -2, 15 ], [ 1, 102 ], [ 3, 108 ] ] 
14 15 218 [ [ -2, 14 ], [ 1, 92 ], [ 3, 90 ] ] 
15 16 226 [ [ -2, 15 ], [ 1, 102 ], [ 3, 108 ] ] 
15 16 238 [ [ -2, 15 ], [ 1, 106 ], [ 3, 104 ] ] 
14 15 265 [ [ -2, 14 ], [ 1, 86 ], [ 3, 96 ] ] 
15 16 213 [ [ -2, 15 ], [ 1, 96 ], [ 3, 114 ] ] 
14 15 201 [ [ -2, 14 ], [ 1, 74 ], [ 3, 108 ] ] 
14 15 232 [ [ -2, 14 ], [ 1, 84 ], [ 3, 98 ] ] 
14 15 234 [ [ -2, 14 ], [ 1, 92 ], [ 3, 90 ] ] 
14 15 232 [ [ -2, 14 ], [ 1, 102 ], [ 3, 80 ] ] 
14 15 202 [ [ -2, 14 ], [ 1, 94 ], [ 3, 88 ] ] 
14 15 209 [ [ -2, 14 ], [ 1, 78 ], [ 3, 104 ] ] 
14 15 237 [ [ -2, 14 ], [ 1, 88 ], [ 3, 94 ] ] 
14 15 234 [ [ -2, 14 ], [ 1, 84 ], [ 3, 98 ] ] 
15 16 333 [ [ -2, 15 ], [ 1, 102 ], [ 3, 108 ] ] 
15 16 311 [ [ -2, 15 ], [ 1, 94 ], [ 3, 116 ] ] 
15 16 254 [ [ -2, 15 ], [ 1, 98 ], [ 3, 112 ] ] 
14 15 225 [ [ -2, 14 ], [ 1, 78 ], [ 3, 104 ] ] 
14 15 220 [ [ -2, 14 ], [ 1, 92 ], [ 3, 90 ] ] 
15 16 240 [ [ -2, 15 ], [ 1, 98 ], [ 3, 112 ] ] 
14 15 227 [ [ -2, 14 ], [ 1, 78 ], [ 3, 104 ] ] 
15 16 211 [ [ -2, 15 ], [ 1, 100 ], [ 3, 110 ] ] 
14 15 287 [ [ -2, 14 ], [ 1, 88 ], [ 3, 94 ] ] 
14 15 211 [ [ -2, 14 ], [ 1, 84 ], [ 3, 98 ] ] 
14 15 205 [ [ -2, 14 ], [ 1, 86 ], [ 3, 96 ] ] 
14 15 206 [ [ -2, 14 ], [ 1, 82 ], [ 3, 100 ] ] 
14 15 228 [ [ -2, 14 ], [ 1, 82 ], [ 3, 100 ] ] 
15 16 241 [ [ -2, 15 ], [ 1, 96 ], [ 3, 114 ] ] 
14 15 210 [ [ -2, 14 ], [ 1, 86 ], [ 3, 96 ] ] 
14 15 209 [ [ -2, 14 ], [ 1, 92 ], [ 3, 90 ] ] 
14 15 206 [ [ -2, 14 ], [ 1, 82 ], [ 3, 100 ] ] 
14 15 222 [ [ -2, 14 ], [ 1, 84 ], [ 3, 98 ] ] 
15 16 322 [ [ -2, 15 ], [ 1, 112 ], [ 3, 98 ] ] 
14 15 226 [ [ -2, 14 ], [ 1, 94 ], [ 3, 88 ] ] 
14 15 233 [ [ -2, 14 ], [ 1, 92 ], [ 3, 90 ] ] 
14 15 224 [ [ -2, 14 ], [ 1, 92 ], [ 3, 90 ] ] 
14 15 272 [ [ -2, 14 ], [ 1, 102 ], [ 3, 80 ] ] 
14 15 277 [ [ -2, 14 ], [ 1, 92 ], [ 3, 90 ] ] 
14 15 233 [ [ -2, 14 ], [ 1, 92 ], [ 3, 90 ] ] 
14 15 223 [ [ -2, 14 ], [ 1, 102 ], [ 3, 80 ] ] 
14 15 202 [ [ -2, 14 ], [ 1, 74 ], [ 3, 108 ] ] 
15 16 220 [ [ -2, 15 ], [ 1, 86 ], [ 3, 124 ] ] 
14 15 291 [ [ -2, 14 ], [ 1, 88 ], [ 3, 94 ] ] 
14 15 228 [ [ -2, 14 ], [ 1, 88 ], [ 3, 94 ] ] 
14 15 269 [ [ -2, 14 ], [ 1, 80 ], [ 3, 102 ] ] 
14 15 241 [ [ -2, 14 ], [ 1, 84 ], [ 3, 98 ] ] 
14 15 216 [ [ -2, 14 ], [ 1, 86 ], [ 3, 96 ] ] 
14 15 222 [ [ -2, 14 ], [ 1, 94 ], [ 3, 88 ] ] 
14 15 251 [ [ -2, 14 ], [ 1, 94 ], [ 3, 88 ] ] 
13 14 207 [ [ -2, 13 ], [ 1, 80 ], [ 3, 76 ] ] 
14 15 235 [ [ -2, 14 ], [ 1, 86 ], [ 3, 96 ] ] 
14 15 203 [ [ -2, 14 ], [ 1, 98 ], [ 3, 84 ] ] 
14 15 244 [ [ -2, 14 ], [ 1, 102 ], [ 3, 80 ] ] 
15 16 287 [ [ -2, 15 ], [ 1, 94 ], [ 3, 116 ] ] 
15 16 226 [ [ -2, 15 ], [ 1, 106 ], [ 3, 104 ] ] 
14 15 208 [ [ -2, 14 ], [ 1, 90 ], [ 3, 92 ] ] 
15 16 300 [ [ -2, 15 ], [ 1, 96 ], [ 3, 114 ] ] 
14 15 209 [ [ -2, 14 ], [ 1, 92 ], [ 3, 90 ] ] 
15 16 299 [ [ -2, 15 ], [ 1, 96 ], [ 3, 114 ] ] 
15 16 288 [ [ -2, 15 ], [ 1, 100 ], [ 3, 110 ] ] 
15 16 301 [ [ -2, 15 ], [ 1, 100 ], [ 3, 110 ] ] 
14 15 232 [ [ -2, 14 ], [ 1, 84 ], [ 3, 98 ] ] 
15 16 202 [ [ -2, 15 ], [ 1, 100 ], [ 3, 110 ] ] 
14 15 238 [ [ -2, 14 ], [ 1, 78 ], [ 3, 104 ] ] 
15 16 223 [ [ -2, 15 ], [ 1, 100 ], [ 3, 110 ] ] 
14 15 201 [ [ -2, 14 ], [ 1, 92 ], [ 3, 90 ] ] 
14 15 223 [ [ -2, 14 ], [ 1, 82 ], [ 3, 100 ] ] 
14 15 279 [ [ -2, 14 ], [ 1, 80 ], [ 3, 102 ] ] 
15 16 304 [ [ -2, 15 ], [ 1, 94 ], [ 3, 116 ] ] 
15 16 231 [ [ -2, 15 ], [ 1, 94 ], [ 3, 116 ] ] 
14 15 236 [ [ -2, 14 ], [ 1, 88 ], [ 3, 94 ] ] 
14 15 246 [ [ -2, 14 ], [ 1, 100 ], [ 3, 82 ] ] 
14 15 209 [ [ -2, 14 ], [ 1, 96 ], [ 3, 86 ] ] 
15 16 211 [ [ -2, 15 ], [ 1, 106 ], [ 3, 104 ] ] 
15 16 243 [ [ -2, 15 ], [ 1, 104 ], [ 3, 106 ] ] 
15 16 299 [ [ -2, 15 ], [ 1, 92 ], [ 3, 118 ] ] 
14 15 214 [ [ -2, 14 ], [ 1, 94 ], [ 3, 88 ] ] 
14 15 219 [ [ -2, 14 ], [ 1, 80 ], [ 3, 102 ] ] 
14 15 205 [ [ -2, 14 ], [ 1, 80 ], [ 3, 102 ] ] 
15 16 304 [ [ -2, 15 ], [ 1, 96 ], [ 3, 114 ] ] 
14 15 272 [ [ -2, 14 ], [ 1, 86 ], [ 3, 96 ] ] 
14 15 201 [ [ -2, 14 ], [ 1, 86 ], [ 3, 96 ] ] 
14 15 263 [ [ -2, 14 ], [ 1, 98 ], [ 3, 84 ] ] 
14 15 225 [ [ -2, 14 ], [ 1, 92 ], [ 3, 90 ] ] 
15 16 393 [ [ -2, 15 ], [ 1, 114 ], [ 3, 96 ] ] 
14 15 215 [ [ -2, 14 ], [ 1, 88 ], [ 3, 94 ] ] 
14 15 202 [ [ -2, 14 ], [ 1, 88 ], [ 3, 94 ] ] 
14 15 236 [ [ -2, 14 ], [ 1, 82 ], [ 3, 100 ] ] 
15 16 407 [ [ -2, 15 ], [ 1, 94 ], [ 3, 116 ] ] 
14 15 203 [ [ -2, 14 ], [ 1, 80 ], [ 3, 102 ] ] 
14 15 317 [ [ -2, 14 ], [ 1, 86 ], [ 3, 96 ] ] 
14 15 237 [ [ -2, 14 ], [ 1, 76 ], [ 3, 106 ] ] 
15 16 415 [ [ -2, 15 ], [ 1, 92 ], [ 3, 118 ] ] 
14 15 204 [ [ -2, 14 ], [ 1, 84 ], [ 3, 98 ] ] 
14 15 239 [ [ -2, 14 ], [ 1, 84 ], [ 3, 98 ] ] 
14 15 255 [ [ -2, 14 ], [ 1, 88 ], [ 3, 94 ] ] 
14 15 226 [ [ -2, 14 ], [ 1, 80 ], [ 3, 102 ] ] 
15 16 285 [ [ -2, 15 ], [ 1, 94 ], [ 3, 116 ] ] 
14 15 240 [ [ -2, 14 ], [ 1, 78 ], [ 3, 104 ] ] 
15 16 223 [ [ -2, 15 ], [ 1, 104 ], [ 3, 106 ] ] 
14 15 261 [ [ -2, 14 ], [ 1, 92 ], [ 3, 90 ] ] 
14 15 254 [ [ -2, 14 ], [ 1, 88 ], [ 3, 94 ] ] 
14 15 257 [ [ -2, 14 ], [ 1, 82 ], [ 3, 100 ] ] 
15 16 277 [ [ -2, 15 ], [ 1, 90 ], [ 3, 120 ] ] 
15 16 223 [ [ -2, 15 ], [ 1, 104 ], [ 3, 106 ] ] 
14 15 202 [ [ -2, 14 ], [ 1, 82 ], [ 3, 100 ] ] 
14 15 235 [ [ -2, 14 ], [ 1, 110 ], [ 3, 72 ] ] 
14 15 231 [ [ -2, 14 ], [ 1, 108 ], [ 3, 74 ] ] 
15 16 211 [ [ -2, 15 ], [ 1, 112 ], [ 3, 98 ] ] 
14 15 228 [ [ -2, 14 ], [ 1, 88 ], [ 3, 94 ] ] 
14 15 231 [ [ -2, 14 ], [ 1, 98 ], [ 3, 84 ] ] 
14 15 234 [ [ -2, 14 ], [ 1, 106 ], [ 3, 76 ] ] 
14 15 256 [ [ -2, 14 ], [ 1, 84 ], [ 3, 98 ] ] 
15 16 291 [ [ -2, 15 ], [ 1, 116 ], [ 3, 94 ] ] 
14 15 236 [ [ -2, 14 ], [ 1, 90 ], [ 3, 92 ] ] 
15 16 324 [ [ -2, 15 ], [ 1, 94 ], [ 3, 116 ] ] 
15 16 216 [ [ -2, 15 ], [ 1, 110 ], [ 3, 100 ] ] 
14 15 202 [ [ -2, 14 ], [ 1, 90 ], [ 3, 92 ] ] 
15 16 358 [ [ -2, 15 ], [ 1, 104 ], [ 3, 106 ] ] 
14 15 202 [ [ -2, 14 ], [ 1, 96 ], [ 3, 86 ] ] 
15 16 277 [ [ -2, 15 ], [ 1, 106 ], [ 3, 104 ] ] 
14 15 292 [ [ -2, 14 ], [ 1, 84 ], [ 3, 98 ] ] 
14 15 212 [ [ -2, 14 ], [ 1, 90 ], [ 3, 92 ] ] 
14 15 297 [ [ -2, 14 ], [ 1, 108 ], [ 3, 74 ] ] 
15 16 280 [ [ -2, 15 ], [ 1, 112 ], [ 3, 98 ] ] 
15 16 333 [ [ -2, 15 ], [ 1, 120 ], [ 3, 90 ] ] 
14 15 214 [ [ -2, 14 ], [ 1, 106 ], [ 3, 76 ] ] 
14 15 201 [ [ -2, 14 ], [ 1, 90 ], [ 3, 92 ] ] 
14 15 216 [ [ -2, 14 ], [ 1, 92 ], [ 3, 90 ] ] 
14 15 206 [ [ -2, 14 ], [ 1, 98 ], [ 3, 84 ] ] 
14 15 207 [ [ -2, 14 ], [ 1, 82 ], [ 3, 100 ] ] 
14 15 238 [ [ -2, 14 ], [ 1, 86 ], [ 3, 96 ] ] 
13 14 202 [ [ -2, 13 ], [ 1, 64 ], [ 3, 92 ] ] 
15 16 226 [ [ -2, 15 ], [ 1, 88 ], [ 3, 122 ] ] 
14 15 202 [ [ -2, 14 ], [ 1, 76 ], [ 3, 106 ] ] 
14 15 246 [ [ -2, 14 ], [ 1, 80 ], [ 3, 102 ] ] 
15 16 228 [ [ -2, 15 ], [ 1, 112 ], [ 3, 98 ] ] 
14 15 241 [ [ -2, 14 ], [ 1, 96 ], [ 3, 86 ] ] 
14 15 270 [ [ -2, 14 ], [ 1, 78 ], [ 3, 104 ] ] 
14 15 216 [ [ -2, 14 ], [ 1, 94 ], [ 3, 88 ] ] 
15 16 251 [ [ -2, 15 ], [ 1, 118 ], [ 3, 92 ] ] 
14 15 270 [ [ -2, 14 ], [ 1, 78 ], [ 3, 104 ] ] 
15 16 304 [ [ -2, 15 ], [ 1, 90 ], [ 3, 120 ] ] 
15 16 309 [ [ -2, 15 ], [ 1, 100 ], [ 3, 110 ] ] 
14 15 243 [ [ -2, 14 ], [ 1, 88 ], [ 3, 94 ] ] 
14 15 237 [ [ -2, 14 ], [ 1, 98 ], [ 3, 84 ] ] 
14 15 201 [ [ -2, 14 ], [ 1, 92 ], [ 3, 90 ] ] 
15 16 218 [ [ -2, 15 ], [ 1, 104 ], [ 3, 106 ] ] 
14 15 202 [ [ -2, 14 ], [ 1, 88 ], [ 3, 94 ] ] 
14 15 228 [ [ -2, 14 ], [ 1, 100 ], [ 3, 82 ] ] 
14 15 204 [ [ -2, 14 ], [ 1, 88 ], [ 3, 94 ] ] 
15 16 517 [ [ -2, 15 ], [ 1, 108 ], [ 3, 102 ] ] 
14 15 231 [ [ -2, 14 ], [ 1, 100 ], [ 3, 82 ] ] 
16 17 297 [ [ -2, 16 ], [ 1, 128 ], [ 3, 112 ] ] 
14 15 230 [ [ -2, 14 ], [ 1, 96 ], [ 3, 86 ] ] 
15 16 259 [ [ -2, 15 ], [ 1, 114 ], [ 3, 96 ] ] 
14 15 220 [ [ -2, 14 ], [ 1, 88 ], [ 3, 94 ] ] 
14 15 201 [ [ -2, 14 ], [ 1, 88 ], [ 3, 94 ] ] 
15 16 240 [ [ -2, 15 ], [ 1, 104 ], [ 3, 106 ] ] 
14 15 257 [ [ -2, 14 ], [ 1, 96 ], [ 3, 86 ] ] 
15 16 204 [ [ -2, 15 ], [ 1, 108 ], [ 3, 102 ] ] 
14 15 218 [ [ -2, 14 ], [ 1, 94 ], [ 3, 88 ] ] 
14 15 232 [ [ -2, 14 ], [ 1, 106 ], [ 3, 76 ] ] 
14 15 236 [ [ -2, 14 ], [ 1, 110 ], [ 3, 72 ] ] 
14 15 233 [ [ -2, 14 ], [ 1, 102 ], [ 3, 80 ] ] 
15 16 239 [ [ -2, 15 ], [ 1, 106 ], [ 3, 104 ] ] 
14 15 202 [ [ -2, 14 ], [ 1, 116 ], [ 3, 66 ] ] 
15 16 270 [ [ -2, 15 ], [ 1, 128 ], [ 3, 82 ] ] 
14 15 261 [ [ -2, 14 ], [ 1, 104 ], [ 3, 78 ] ] 
14 15 261 [ [ -2, 14 ], [ 1, 104 ], [ 3, 78 ] ] 
13 14 211 [ [ -2, 13 ], [ 1, 94 ], [ 3, 62 ] ] 
15 16 202 [ [ -2, 15 ], [ 1, 122 ], [ 3, 88 ] ] 
14 15 204 [ [ -2, 14 ], [ 1, 88 ], [ 3, 94 ] ] 
14 15 291 [ [ -2, 14 ], [ 1, 102 ], [ 3, 80 ] ] 
14 15 236 [ [ -2, 14 ], [ 1, 102 ], [ 3, 80 ] ] 
14 15 227 [ [ -2, 14 ], [ 1, 104 ], [ 3, 78 ] ] 
14 15 248 [ [ -2, 14 ], [ 1, 92 ], [ 3, 90 ] ] 
14 15 221 [ [ -2, 14 ], [ 1, 86 ], [ 3, 96 ] ] 
14 15 263 [ [ -2, 14 ], [ 1, 90 ], [ 3, 92 ] ] 
14 15 245 [ [ -2, 14 ], [ 1, 80 ], [ 3, 102 ] ] 
14 15 213 [ [ -2, 14 ], [ 1, 82 ], [ 3, 100 ] ] 
14 15 340 [ [ -2, 14 ], [ 1, 74 ], [ 3, 108 ] ] 
14 15 215 [ [ -2, 14 ], [ 1, 92 ], [ 3, 90 ] ] 
14 15 215 [ [ -2, 14 ], [ 1, 86 ], [ 3, 96 ] ] 
14 15 207 [ [ -2, 14 ], [ 1, 108 ], [ 3, 74 ] ] 
14 15 214 [ [ -2, 14 ], [ 1, 92 ], [ 3, 90 ] ] 
14 15 209 [ [ -2, 14 ], [ 1, 96 ], [ 3, 86 ] ] 
14 15 236 [ [ -2, 14 ], [ 1, 86 ], [ 3, 96 ] ] 
14 15 275 [ [ -2, 14 ], [ 1, 98 ], [ 3, 84 ] ] 
14 15 217 [ [ -2, 14 ], [ 1, 98 ], [ 3, 84 ] ] 
14 15 208 [ [ -2, 14 ], [ 1, 90 ], [ 3, 92 ] ] 
14 15 203 [ [ -2, 14 ], [ 1, 80 ], [ 3, 102 ] ] 
15 16 288 [ [ -2, 15 ], [ 1, 108 ], [ 3, 102 ] ] 
14 15 201 [ [ -2, 14 ], [ 1, 98 ], [ 3, 84 ] ] 
15 16 312 [ [ -2, 15 ], [ 1, 114 ], [ 3, 96 ] ] 
14 15 202 [ [ -2, 14 ], [ 1, 82 ], [ 3, 100 ] ] 
15 16 274 [ [ -2, 15 ], [ 1, 100 ], [ 3, 110 ] ] 
15 16 286 [ [ -2, 15 ], [ 1, 90 ], [ 3, 120 ] ] 
14 15 277 [ [ -2, 14 ], [ 1, 74 ], [ 3, 108 ] ] 
14 15 235 [ [ -2, 14 ], [ 1, 82 ], [ 3, 100 ] ] 
14 15 241 [ [ -2, 14 ], [ 1, 74 ], [ 3, 108 ] ] 
15 16 318 [ [ -2, 15 ], [ 1, 102 ], [ 3, 108 ] ] 
14 15 208 [ [ -2, 14 ], [ 1, 90 ], [ 3, 92 ] ] 
14 15 261 [ [ -2, 14 ], [ 1, 86 ], [ 3, 96 ] ] 
14 15 202 [ [ -2, 14 ], [ 1, 92 ], [ 3, 90 ] ] 
14 15 263 [ [ -2, 14 ], [ 1, 78 ], [ 3, 104 ] ] 
15 16 242 [ [ -2, 15 ], [ 1, 94 ], [ 3, 116 ] ] 
14 15 204 [ [ -2, 14 ], [ 1, 84 ], [ 3, 98 ] ] 
14 15 246 [ [ -2, 14 ], [ 1, 80 ], [ 3, 102 ] ] 
14 15 209 [ [ -2, 14 ], [ 1, 74 ], [ 3, 108 ] ] 
14 15 221 [ [ -2, 14 ], [ 1, 82 ], [ 3, 100 ] ] 
14 15 295 [ [ -2, 14 ], [ 1, 84 ], [ 3, 98 ] ] 
14 15 243 [ [ -2, 14 ], [ 1, 80 ], [ 3, 102 ] ] 
14 15 209 [ [ -2, 14 ], [ 1, 90 ], [ 3, 92 ] ] 
14 15 213 [ [ -2, 14 ], [ 1, 84 ], [ 3, 98 ] ] 
14 15 206 [ [ -2, 14 ], [ 1, 78 ], [ 3, 104 ] ] 
14 15 240 [ [ -2, 14 ], [ 1, 86 ], [ 3, 96 ] ] 
14 15 228 [ [ -2, 14 ], [ 1, 92 ], [ 3, 90 ] ] 
15 16 288 [ [ -2, 15 ], [ 1, 100 ], [ 3, 110 ] ] 
14 15 214 [ [ -2, 14 ], [ 1, 82 ], [ 3, 100 ] ] 
14 15 233 [ [ -2, 14 ], [ 1, 92 ], [ 3, 90 ] ] 
14 15 208 [ [ -2, 14 ], [ 1, 80 ], [ 3, 102 ] ] 
13 14 211 [ [ -2, 13 ], [ 1, 70 ], [ 3, 86 ] ] 
14 15 313 [ [ -2, 14 ], [ 1, 78 ], [ 3, 104 ] ] 
14 15 245 [ [ -2, 14 ], [ 1, 76 ], [ 3, 106 ] ] 
15 16 356 [ [ -2, 15 ], [ 1, 94 ], [ 3, 116 ] ] 
15 16 250 [ [ -2, 15 ], [ 1, 88 ], [ 3, 122 ] ] 
14 15 222 [ [ -2, 14 ], [ 1, 70 ], [ 3, 112 ] ] 
14 15 216 [ [ -2, 14 ], [ 1, 76 ], [ 3, 106 ] ] 
14 15 211 [ [ -2, 14 ], [ 1, 86 ], [ 3, 96 ] ] 
15 16 228 [ [ -2, 15 ], [ 1, 100 ], [ 3, 110 ] ] 
14 15 203 [ [ -2, 14 ], [ 1, 74 ], [ 3, 108 ] ] 
14 15 224 [ [ -2, 14 ], [ 1, 90 ], [ 3, 92 ] ] 
15 16 206 [ [ -2, 15 ], [ 1, 100 ], [ 3, 110 ] ] 
14 15 257 [ [ -2, 14 ], [ 1, 86 ], [ 3, 96 ] ] 
14 15 224 [ [ -2, 14 ], [ 1, 88 ], [ 3, 94 ] ] 
14 15 224 [ [ -2, 14 ], [ 1, 88 ], [ 3, 94 ] ] 
14 15 202 [ [ -2, 14 ], [ 1, 74 ], [ 3, 108 ] ] 
14 15 244 [ [ -2, 14 ], [ 1, 72 ], [ 3, 110 ] ] 
15 16 217 [ [ -2, 15 ], [ 1, 94 ], [ 3, 116 ] ] 
15 16 261 [ [ -2, 15 ], [ 1, 90 ], [ 3, 120 ] ] 
13 14 204 [ [ -2, 13 ], [ 1, 60 ], [ 3, 96 ] ] 
14 15 230 [ [ -2, 14 ], [ 1, 78 ], [ 3, 104 ] ] 
14 15 210 [ [ -2, 14 ], [ 1, 76 ], [ 3, 106 ] ] 
14 15 210 [ [ -2, 14 ], [ 1, 82 ], [ 3, 100 ] ] 
15 16 206 [ [ -2, 15 ], [ 1, 94 ], [ 3, 116 ] ] 
14 15 244 [ [ -2, 14 ], [ 1, 82 ], [ 3, 100 ] ] 
14 15 234 [ [ -2, 14 ], [ 1, 86 ], [ 3, 96 ] ] 
14 15 236 [ [ -2, 14 ], [ 1, 78 ], [ 3, 104 ] ] 
15 16 292 [ [ -2, 15 ], [ 1, 98 ], [ 3, 112 ] ] 
14 15 206 [ [ -2, 14 ], [ 1, 88 ], [ 3, 94 ] ] 
15 16 346 [ [ -2, 15 ], [ 1, 86 ], [ 3, 124 ] ] 
15 16 315 [ [ -2, 15 ], [ 1, 92 ], [ 3, 118 ] ] 
15 16 217 [ [ -2, 15 ], [ 1, 96 ], [ 3, 114 ] ] 
15 16 252 [ [ -2, 15 ], [ 1, 92 ], [ 3, 118 ] ] 
15 16 313 [ [ -2, 15 ], [ 1, 94 ], [ 3, 116 ] ] 
14 15 209 [ [ -2, 14 ], [ 1, 84 ], [ 3, 98 ] ] 
14 15 211 [ [ -2, 14 ], [ 1, 82 ], [ 3, 100 ] ] 
15 16 427 [ [ -2, 15 ], [ 1, 94 ], [ 3, 116 ] ] 
14 15 297 [ [ -2, 14 ], [ 1, 80 ], [ 3, 102 ] ] 
14 15 233 [ [ -2, 14 ], [ 1, 86 ], [ 3, 96 ] ] 
14 15 207 [ [ -2, 14 ], [ 1, 80 ], [ 3, 102 ] ] 
15 16 202 [ [ -2, 15 ], [ 1, 88 ], [ 3, 122 ] ] 
15 16 253 [ [ -2, 15 ], [ 1, 92 ], [ 3, 118 ] ] 
14 15 253 [ [ -2, 14 ], [ 1, 82 ], [ 3, 100 ] ] 
14 15 270 [ [ -2, 14 ], [ 1, 100 ], [ 3, 82 ] ] 
14 15 212 [ [ -2, 14 ], [ 1, 80 ], [ 3, 102 ] ] 
14 15 218 [ [ -2, 14 ], [ 1, 80 ], [ 3, 102 ] ] 
14 15 256 [ [ -2, 14 ], [ 1, 88 ], [ 3, 94 ] ] 
14 15 231 [ [ -2, 14 ], [ 1, 90 ], [ 3, 92 ] ] 
14 15 257 [ [ -2, 14 ], [ 1, 92 ], [ 3, 90 ] ] 
14 15 205 [ [ -2, 14 ], [ 1, 74 ], [ 3, 108 ] ] 
15 16 208 [ [ -2, 15 ], [ 1, 100 ], [ 3, 110 ] ] 
14 15 228 [ [ -2, 14 ], [ 1, 84 ], [ 3, 98 ] ] 
14 15 230 [ [ -2, 14 ], [ 1, 84 ], [ 3, 98 ] ] 
15 16 205 [ [ -2, 15 ], [ 1, 92 ], [ 3, 118 ] ] 
15 16 235 [ [ -2, 15 ], [ 1, 102 ], [ 3, 108 ] ] 
16 17 268 [ [ -2, 16 ], [ 1, 114 ], [ 3, 126 ] ] 
15 16 379 [ [ -2, 15 ], [ 1, 102 ], [ 3, 108 ] ] 
15 16 246 [ [ -2, 15 ], [ 1, 96 ], [ 3, 114 ] ] 
14 15 207 [ [ -2, 14 ], [ 1, 84 ], [ 3, 98 ] ] 
15 16 237 [ [ -2, 15 ], [ 1, 110 ], [ 3, 100 ] ] 
14 15 203 [ [ -2, 14 ], [ 1, 90 ], [ 3, 92 ] ] 
14 15 321 [ [ -2, 14 ], [ 1, 78 ], [ 3, 104 ] ] 
15 16 394 [ [ -2, 15 ], [ 1, 102 ], [ 3, 108 ] ] 
15 16 235 [ [ -2, 15 ], [ 1, 98 ], [ 3, 112 ] ] 
15 16 367 [ [ -2, 15 ], [ 1, 96 ], [ 3, 114 ] ] 
15 16 266 [ [ -2, 15 ], [ 1, 96 ], [ 3, 114 ] ] 
15 16 276 [ [ -2, 15 ], [ 1, 98 ], [ 3, 112 ] ] 
14 15 203 [ [ -2, 14 ], [ 1, 78 ], [ 3, 104 ] ] 
14 15 201 [ [ -2, 14 ], [ 1, 72 ], [ 3, 110 ] ] 
14 15 238 [ [ -2, 14 ], [ 1, 80 ], [ 3, 102 ] ] 
14 15 227 [ [ -2, 14 ], [ 1, 78 ], [ 3, 104 ] ] 
14 15 201 [ [ -2, 14 ], [ 1, 90 ], [ 3, 92 ] ] 
14 15 241 [ [ -2, 14 ], [ 1, 84 ], [ 3, 98 ] ] 
15 16 369 [ [ -2, 15 ], [ 1, 88 ], [ 3, 122 ] ] 
14 15 278 [ [ -2, 14 ], [ 1, 76 ], [ 3, 106 ] ] 
15 16 399 [ [ -2, 15 ], [ 1, 94 ], [ 3, 116 ] ] 
14 15 225 [ [ -2, 14 ], [ 1, 78 ], [ 3, 104 ] ] 
14 15 220 [ [ -2, 14 ], [ 1, 98 ], [ 3, 84 ] ] 
15 16 220 [ [ -2, 15 ], [ 1, 98 ], [ 3, 112 ] ] 
14 15 223 [ [ -2, 14 ], [ 1, 78 ], [ 3, 104 ] ] 
14 15 228 [ [ -2, 14 ], [ 1, 94 ], [ 3, 88 ] ] 
15 16 234 [ [ -2, 15 ], [ 1, 94 ], [ 3, 116 ] ] 
14 15 236 [ [ -2, 14 ], [ 1, 88 ], [ 3, 94 ] ] 
14 15 202 [ [ -2, 14 ], [ 1, 84 ], [ 3, 98 ] ] 
15 16 294 [ [ -2, 15 ], [ 1, 98 ], [ 3, 112 ] ] 
15 16 294 [ [ -2, 15 ], [ 1, 110 ], [ 3, 100 ] ] 
14 15 215 [ [ -2, 14 ], [ 1, 82 ], [ 3, 100 ] ] 
14 15 235 [ [ -2, 14 ], [ 1, 92 ], [ 3, 90 ] ] 
14 15 247 [ [ -2, 14 ], [ 1, 86 ], [ 3, 96 ] ] 
15 16 228 [ [ -2, 15 ], [ 1, 104 ], [ 3, 106 ] ] 
14 15 203 [ [ -2, 14 ], [ 1, 88 ], [ 3, 94 ] ] 
14 15 201 [ [ -2, 14 ], [ 1, 80 ], [ 3, 102 ] ] 
15 16 271 [ [ -2, 15 ], [ 1, 100 ], [ 3, 110 ] ] 
14 15 201 [ [ -2, 14 ], [ 1, 92 ], [ 3, 90 ] ] 
15 16 278 [ [ -2, 15 ], [ 1, 110 ], [ 3, 100 ] ] 
16 17 392 [ [ -2, 16 ], [ 1, 130 ], [ 3, 110 ] ] 
14 15 202 [ [ -2, 14 ], [ 1, 96 ], [ 3, 86 ] ] 
15 16 250 [ [ -2, 15 ], [ 1, 100 ], [ 3, 110 ] ] 
16 17 350 [ [ -2, 16 ], [ 1, 116 ], [ 3, 124 ] ] 
14 15 238 [ [ -2, 14 ], [ 1, 86 ], [ 3, 96 ] ] 
14 15 217 [ [ -2, 14 ], [ 1, 86 ], [ 3, 96 ] ] 
15 16 249 [ [ -2, 15 ], [ 1, 106 ], [ 3, 104 ] ] 
15 16 229 [ [ -2, 15 ], [ 1, 108 ], [ 3, 102 ] ] 
14 15 209 [ [ -2, 14 ], [ 1, 86 ], [ 3, 96 ] ] 
15 16 245 [ [ -2, 15 ], [ 1, 100 ], [ 3, 110 ] ] 
15 16 231 [ [ -2, 15 ], [ 1, 94 ], [ 3, 116 ] ] 
14 15 206 [ [ -2, 14 ], [ 1, 82 ], [ 3, 100 ] ] 
14 15 223 [ [ -2, 14 ], [ 1, 76 ], [ 3, 106 ] ] 
15 16 273 [ [ -2, 15 ], [ 1, 98 ], [ 3, 112 ] ] 
15 16 243 [ [ -2, 15 ], [ 1, 92 ], [ 3, 118 ] ] 
15 16 289 [ [ -2, 15 ], [ 1, 92 ], [ 3, 118 ] ] 
15 16 214 [ [ -2, 15 ], [ 1, 96 ], [ 3, 114 ] ] 
14 15 218 [ [ -2, 14 ], [ 1, 78 ], [ 3, 104 ] ] 
15 16 255 [ [ -2, 15 ], [ 1, 102 ], [ 3, 108 ] ] 
14 15 225 [ [ -2, 14 ], [ 1, 88 ], [ 3, 94 ] ] 
14 15 262 [ [ -2, 14 ], [ 1, 78 ], [ 3, 104 ] ] 
14 15 228 [ [ -2, 14 ], [ 1, 96 ], [ 3, 86 ] ] 
15 16 277 [ [ -2, 15 ], [ 1, 100 ], [ 3, 110 ] ] 
15 16 218 [ [ -2, 15 ], [ 1, 98 ], [ 3, 112 ] ] 
15 16 240 [ [ -2, 15 ], [ 1, 106 ], [ 3, 104 ] ] 
14 15 222 [ [ -2, 14 ], [ 1, 90 ], [ 3, 92 ] ] 
14 15 216 [ [ -2, 14 ], [ 1, 96 ], [ 3, 86 ] ] 
14 15 256 [ [ -2, 14 ], [ 1, 94 ], [ 3, 88 ] ] 
15 16 512 [ [ -2, 15 ], [ 1, 104 ], [ 3, 106 ] ] 
15 16 249 [ [ -2, 15 ], [ 1, 106 ], [ 3, 104 ] ] 
15 16 260 [ [ -2, 15 ], [ 1, 114 ], [ 3, 96 ] ] 
15 16 224 [ [ -2, 15 ], [ 1, 82 ], [ 3, 128 ] ] 
14 15 231 [ [ -2, 14 ], [ 1, 90 ], [ 3, 92 ] ] 
15 16 212 [ [ -2, 15 ], [ 1, 102 ], [ 3, 108 ] ] 
14 15 221 [ [ -2, 14 ], [ 1, 84 ], [ 3, 98 ] ] 
14 15 206 [ [ -2, 14 ], [ 1, 92 ], [ 3, 90 ] ] 
14 15 245 [ [ -2, 14 ], [ 1, 96 ], [ 3, 86 ] ] 
15 16 421 [ [ -2, 15 ], [ 1, 100 ], [ 3, 110 ] ] 
15 16 404 [ [ -2, 15 ], [ 1, 102 ], [ 3, 108 ] ] 
15 16 410 [ [ -2, 15 ], [ 1, 110 ], [ 3, 100 ] ] 
15 16 256 [ [ -2, 15 ], [ 1, 102 ], [ 3, 108 ] ] 
14 15 217 [ [ -2, 14 ], [ 1, 88 ], [ 3, 94 ] ] 
14 15 220 [ [ -2, 14 ], [ 1, 88 ], [ 3, 94 ] ] 
15 16 477 [ [ -2, 15 ], [ 1, 106 ], [ 3, 104 ] ] 
14 15 201 [ [ -2, 14 ], [ 1, 98 ], [ 3, 84 ] ] 
15 16 324 [ [ -2, 15 ], [ 1, 116 ], [ 3, 94 ] ] 
14 15 209 [ [ -2, 14 ], [ 1, 86 ], [ 3, 96 ] ] 
14 15 264 [ [ -2, 14 ], [ 1, 90 ], [ 3, 92 ] ] 
14 15 202 [ [ -2, 14 ], [ 1, 80 ], [ 3, 102 ] ] 
15 16 228 [ [ -2, 15 ], [ 1, 102 ], [ 3, 108 ] ] 
14 15 209 [ [ -2, 14 ], [ 1, 82 ], [ 3, 100 ] ] 
14 15 210 [ [ -2, 14 ], [ 1, 80 ], [ 3, 102 ] ] 
14 15 204 [ [ -2, 14 ], [ 1, 86 ], [ 3, 96 ] ] 
15 16 380 [ [ -2, 15 ], [ 1, 102 ], [ 3, 108 ] ] 
15 16 201 [ [ -2, 15 ], [ 1, 96 ], [ 3, 114 ] ] 
15 16 235 [ [ -2, 15 ], [ 1, 100 ], [ 3, 110 ] ] 
15 16 201 [ [ -2, 15 ], [ 1, 92 ], [ 3, 118 ] ] 
14 15 280 [ [ -2, 14 ], [ 1, 86 ], [ 3, 96 ] ] 
14 15 219 [ [ -2, 14 ], [ 1, 100 ], [ 3, 82 ] ] 
14 15 233 [ [ -2, 14 ], [ 1, 82 ], [ 3, 100 ] ] 
15 16 289 [ [ -2, 15 ], [ 1, 104 ], [ 3, 106 ] ] 
14 15 224 [ [ -2, 14 ], [ 1, 86 ], [ 3, 96 ] ] 
15 16 387 [ [ -2, 15 ], [ 1, 110 ], [ 3, 100 ] ] 
15 16 246 [ [ -2, 15 ], [ 1, 98 ], [ 3, 112 ] ] 
14 15 206 [ [ -2, 14 ], [ 1, 78 ], [ 3, 104 ] ] 
14 15 202 [ [ -2, 14 ], [ 1, 92 ], [ 3, 90 ] ] 
15 16 286 [ [ -2, 15 ], [ 1, 90 ], [ 3, 120 ] ] 
15 16 244 [ [ -2, 15 ], [ 1, 88 ], [ 3, 122 ] ] 
15 16 201 [ [ -2, 15 ], [ 1, 104 ], [ 3, 106 ] ] 
14 15 216 [ [ -2, 14 ], [ 1, 90 ], [ 3, 92 ] ] 
14 15 202 [ [ -2, 14 ], [ 1, 90 ], [ 3, 92 ] ] 
15 16 420 [ [ -2, 15 ], [ 1, 100 ], [ 3, 110 ] ] 
14 15 223 [ [ -2, 14 ], [ 1, 80 ], [ 3, 102 ] ] 
15 16 279 [ [ -2, 15 ], [ 1, 108 ], [ 3, 102 ] ] 
14 15 221 [ [ -2, 14 ], [ 1, 84 ], [ 3, 98 ] ] 
15 16 446 [ [ -2, 15 ], [ 1, 104 ], [ 3, 106 ] ] 
14 15 224 [ [ -2, 14 ], [ 1, 90 ], [ 3, 92 ] ] 
14 15 242 [ [ -2, 14 ], [ 1, 86 ], [ 3, 96 ] ] 
14 15 241 [ [ -2, 14 ], [ 1, 86 ], [ 3, 96 ] ] 
14 15 224 [ [ -2, 14 ], [ 1, 96 ], [ 3, 86 ] ] 
15 16 267 [ [ -2, 15 ], [ 1, 108 ], [ 3, 102 ] ] 
15 16 271 [ [ -2, 15 ], [ 1, 110 ], [ 3, 100 ] ] 
15 16 448 [ [ -2, 15 ], [ 1, 124 ], [ 3, 86 ] ] 
14 15 217 [ [ -2, 14 ], [ 1, 88 ], [ 3, 94 ] ] 
16 17 225 [ [ -2, 16 ], [ 1, 112 ], [ 3, 128 ] ] 
15 16 282 [ [ -2, 15 ], [ 1, 110 ], [ 3, 100 ] ] 
14 15 210 [ [ -2, 14 ], [ 1, 88 ], [ 3, 94 ] ] 
15 16 213 [ [ -2, 15 ], [ 1, 104 ], [ 3, 106 ] ] 
15 16 216 [ [ -2, 15 ], [ 1, 98 ], [ 3, 112 ] ] 
15 16 271 [ [ -2, 15 ], [ 1, 94 ], [ 3, 116 ] ] 
15 16 235 [ [ -2, 15 ], [ 1, 94 ], [ 3, 116 ] ] 
15 16 207 [ [ -2, 15 ], [ 1, 116 ], [ 3, 94 ] ] 
14 15 216 [ [ -2, 14 ], [ 1, 88 ], [ 3, 94 ] ] 
14 15 243 [ [ -2, 14 ], [ 1, 94 ], [ 3, 88 ] ] 
14 15 290 [ [ -2, 14 ], [ 1, 90 ], [ 3, 92 ] ] 
15 16 214 [ [ -2, 15 ], [ 1, 94 ], [ 3, 116 ] ] 
14 15 209 [ [ -2, 14 ], [ 1, 80 ], [ 3, 102 ] ] 
15 16 228 [ [ -2, 15 ], [ 1, 98 ], [ 3, 112 ] ] 
14 15 231 [ [ -2, 14 ], [ 1, 84 ], [ 3, 98 ] ] 
15 16 210 [ [ -2, 15 ], [ 1, 108 ], [ 3, 102 ] ] 
15 16 205 [ [ -2, 15 ], [ 1, 102 ], [ 3, 108 ] ] 
15 16 255 [ [ -2, 15 ], [ 1, 102 ], [ 3, 108 ] ] 
15 16 315 [ [ -2, 15 ], [ 1, 98 ], [ 3, 112 ] ] 
14 15 204 [ [ -2, 14 ], [ 1, 78 ], [ 3, 104 ] ] 
14 15 208 [ [ -2, 14 ], [ 1, 92 ], [ 3, 90 ] ] 
15 16 356 [ [ -2, 15 ], [ 1, 104 ], [ 3, 106 ] ] 
14 15 223 [ [ -2, 14 ], [ 1, 84 ], [ 3, 98 ] ] 
14 15 288 [ [ -2, 14 ], [ 1, 92 ], [ 3, 90 ] ] 
15 16 350 [ [ -2, 15 ], [ 1, 112 ], [ 3, 98 ] ] 
14 15 288 [ [ -2, 14 ], [ 1, 82 ], [ 3, 100 ] ] 
14 15 207 [ [ -2, 14 ], [ 1, 88 ], [ 3, 94 ] ] 
14 15 235 [ [ -2, 14 ], [ 1, 96 ], [ 3, 86 ] ] 
14 15 232 [ [ -2, 14 ], [ 1, 100 ], [ 3, 82 ] ] 
15 16 204 [ [ -2, 15 ], [ 1, 98 ], [ 3, 112 ] ] 
14 15 255 [ [ -2, 14 ], [ 1, 82 ], [ 3, 100 ] ] 
14 15 256 [ [ -2, 14 ], [ 1, 82 ], [ 3, 100 ] ] 
15 16 279 [ [ -2, 15 ], [ 1, 98 ], [ 3, 112 ] ] 
14 15 208 [ [ -2, 14 ], [ 1, 92 ], [ 3, 90 ] ] 
15 16 220 [ [ -2, 15 ], [ 1, 104 ], [ 3, 106 ] ] 
15 16 211 [ [ -2, 15 ], [ 1, 94 ], [ 3, 116 ] ] 
14 15 226 [ [ -2, 14 ], [ 1, 92 ], [ 3, 90 ] ] 
15 16 291 [ [ -2, 15 ], [ 1, 108 ], [ 3, 102 ] ] 
14 15 240 [ [ -2, 14 ], [ 1, 100 ], [ 3, 82 ] ] 
15 16 232 [ [ -2, 15 ], [ 1, 102 ], [ 3, 108 ] ] 
15 16 248 [ [ -2, 15 ], [ 1, 92 ], [ 3, 118 ] ] 
16 17 297 [ [ -2, 16 ], [ 1, 110 ], [ 3, 130 ] ] 
15 16 203 [ [ -2, 15 ], [ 1, 92 ], [ 3, 118 ] ] 
14 15 206 [ [ -2, 14 ], [ 1, 80 ], [ 3, 102 ] ] 
14 15 224 [ [ -2, 14 ], [ 1, 102 ], [ 3, 80 ] ] 
15 16 348 [ [ -2, 15 ], [ 1, 110 ], [ 3, 100 ] ] 
15 16 353 [ [ -2, 15 ], [ 1, 116 ], [ 3, 94 ] ] 
15 16 250 [ [ -2, 15 ], [ 1, 98 ], [ 3, 112 ] ] 
15 16 222 [ [ -2, 15 ], [ 1, 102 ], [ 3, 108 ] ] 
15 16 208 [ [ -2, 15 ], [ 1, 104 ], [ 3, 106 ] ] 
15 16 203 [ [ -2, 15 ], [ 1, 100 ], [ 3, 110 ] ] 
16 17 261 [ [ -2, 16 ], [ 1, 116 ], [ 3, 124 ] ] 
15 16 245 [ [ -2, 15 ], [ 1, 100 ], [ 3, 110 ] ] 
14 15 225 [ [ -2, 14 ], [ 1, 84 ], [ 3, 98 ] ] 
15 16 234 [ [ -2, 15 ], [ 1, 94 ], [ 3, 116 ] ] 
14 15 264 [ [ -2, 14 ], [ 1, 94 ], [ 3, 88 ] ] 
14 15 204 [ [ -2, 14 ], [ 1, 82 ], [ 3, 100 ] ] 
14 15 244 [ [ -2, 14 ], [ 1, 88 ], [ 3, 94 ] ] 
15 16 217 [ [ -2, 15 ], [ 1, 98 ], [ 3, 112 ] ] 
14 15 246 [ [ -2, 14 ], [ 1, 92 ], [ 3, 90 ] ] 
14 15 264 [ [ -2, 14 ], [ 1, 82 ], [ 3, 100 ] ] 
16 17 242 [ [ -2, 16 ], [ 1, 118 ], [ 3, 122 ] ] 
15 16 224 [ [ -2, 15 ], [ 1, 114 ], [ 3, 96 ] ] 
15 16 231 [ [ -2, 15 ], [ 1, 100 ], [ 3, 110 ] ] 
14 15 201 [ [ -2, 14 ], [ 1, 90 ], [ 3, 92 ] ] 
14 15 201 [ [ -2, 14 ], [ 1, 88 ], [ 3, 94 ] ] 
15 16 243 [ [ -2, 15 ], [ 1, 110 ], [ 3, 100 ] ] 
15 16 340 [ [ -2, 15 ], [ 1, 122 ], [ 3, 88 ] ] 
14 15 231 [ [ -2, 14 ], [ 1, 92 ], [ 3, 90 ] ] 
14 15 227 [ [ -2, 14 ], [ 1, 84 ], [ 3, 98 ] ] 
15 16 217 [ [ -2, 15 ], [ 1, 100 ], [ 3, 110 ] ] 
15 16 242 [ [ -2, 15 ], [ 1, 106 ], [ 3, 104 ] ] 
15 16 214 [ [ -2, 15 ], [ 1, 112 ], [ 3, 98 ] ] 
15 16 218 [ [ -2, 15 ], [ 1, 110 ], [ 3, 100 ] ] 
15 16 296 [ [ -2, 15 ], [ 1, 108 ], [ 3, 102 ] ] 
15 16 296 [ [ -2, 15 ], [ 1, 104 ], [ 3, 106 ] ] 
14 15 257 [ [ -2, 14 ], [ 1, 94 ], [ 3, 88 ] ] 
15 16 204 [ [ -2, 15 ], [ 1, 106 ], [ 3, 104 ] ] 
14 15 221 [ [ -2, 14 ], [ 1, 90 ], [ 3, 92 ] ] 
15 16 207 [ [ -2, 15 ], [ 1, 106 ], [ 3, 104 ] ] 
15 16 217 [ [ -2, 15 ], [ 1, 108 ], [ 3, 102 ] ] 
15 16 202 [ [ -2, 15 ], [ 1, 102 ], [ 3, 108 ] ] 
15 16 204 [ [ -2, 15 ], [ 1, 98 ], [ 3, 112 ] ] 
14 15 209 [ [ -2, 14 ], [ 1, 98 ], [ 3, 84 ] ] 
15 16 319 [ [ -2, 15 ], [ 1, 108 ], [ 3, 102 ] ] 
15 16 250 [ [ -2, 15 ], [ 1, 102 ], [ 3, 108 ] ] 
15 16 260 [ [ -2, 15 ], [ 1, 100 ], [ 3, 110 ] ] 
15 16 302 [ [ -2, 15 ], [ 1, 110 ], [ 3, 100 ] ] 
14 15 240 [ [ -2, 14 ], [ 1, 90 ], [ 3, 92 ] ] 
16 17 310 [ [ -2, 16 ], [ 1, 132 ], [ 3, 108 ] ] 
15 16 212 [ [ -2, 15 ], [ 1, 110 ], [ 3, 100 ] ] 
15 16 275 [ [ -2, 15 ], [ 1, 100 ], [ 3, 110 ] ] 
14 15 204 [ [ -2, 14 ], [ 1, 96 ], [ 3, 86 ] ] 
15 16 230 [ [ -2, 15 ], [ 1, 92 ], [ 3, 118 ] ] 
14 15 215 [ [ -2, 14 ], [ 1, 94 ], [ 3, 88 ] ] 
14 15 291 [ [ -2, 14 ], [ 1, 96 ], [ 3, 86 ] ] 
15 16 288 [ [ -2, 15 ], [ 1, 96 ], [ 3, 114 ] ] 
15 16 296 [ [ -2, 15 ], [ 1, 96 ], [ 3, 114 ] ] 
14 15 260 [ [ -2, 14 ], [ 1, 90 ], [ 3, 92 ] ] 
15 16 381 [ [ -2, 15 ], [ 1, 100 ], [ 3, 110 ] ] 
15 16 390 [ [ -2, 15 ], [ 1, 104 ], [ 3, 106 ] ] 
14 15 295 [ [ -2, 14 ], [ 1, 86 ], [ 3, 96 ] ] 
15 16 203 [ [ -2, 15 ], [ 1, 110 ], [ 3, 100 ] ] 
14 15 210 [ [ -2, 14 ], [ 1, 104 ], [ 3, 78 ] ] 
15 16 224 [ [ -2, 15 ], [ 1, 106 ], [ 3, 104 ] ] 
14 15 211 [ [ -2, 14 ], [ 1, 90 ], [ 3, 92 ] ] 
14 15 273 [ [ -2, 14 ], [ 1, 82 ], [ 3, 100 ] ] 
14 15 201 [ [ -2, 14 ], [ 1, 80 ], [ 3, 102 ] ] 
14 15 211 [ [ -2, 14 ], [ 1, 92 ], [ 3, 90 ] ] 
14 15 226 [ [ -2, 14 ], [ 1, 94 ], [ 3, 88 ] ] 
14 15 216 [ [ -2, 14 ], [ 1, 84 ], [ 3, 98 ] ] 
14 15 245 [ [ -2, 14 ], [ 1, 88 ], [ 3, 94 ] ] 
14 15 219 [ [ -2, 14 ], [ 1, 90 ], [ 3, 92 ] ] 
14 15 251 [ [ -2, 14 ], [ 1, 84 ], [ 3, 98 ] ] 
14 15 253 [ [ -2, 14 ], [ 1, 86 ], [ 3, 96 ] ] 
15 16 337 [ [ -2, 15 ], [ 1, 96 ], [ 3, 114 ] ] 
15 16 220 [ [ -2, 15 ], [ 1, 108 ], [ 3, 102 ] ] 
14 15 297 [ [ -2, 14 ], [ 1, 86 ], [ 3, 96 ] ] 
14 15 230 [ [ -2, 14 ], [ 1, 94 ], [ 3, 88 ] ] 
14 15 275 [ [ -2, 14 ], [ 1, 88 ], [ 3, 94 ] ] 
14 15 201 [ [ -2, 14 ], [ 1, 92 ], [ 3, 90 ] ] 
14 15 227 [ [ -2, 14 ], [ 1, 90 ], [ 3, 92 ] ] 
15 16 242 [ [ -2, 15 ], [ 1, 100 ], [ 3, 110 ] ] 
15 16 242 [ [ -2, 15 ], [ 1, 100 ], [ 3, 110 ] ] 
14 15 210 [ [ -2, 14 ], [ 1, 80 ], [ 3, 102 ] ] 
14 15 241 [ [ -2, 14 ], [ 1, 82 ], [ 3, 100 ] ] 
14 15 211 [ [ -2, 14 ], [ 1, 90 ], [ 3, 92 ] ] 
14 15 273 [ [ -2, 14 ], [ 1, 82 ], [ 3, 100 ] ] 
14 15 219 [ [ -2, 14 ], [ 1, 94 ], [ 3, 88 ] ] 
15 16 297 [ [ -2, 15 ], [ 1, 114 ], [ 3, 96 ] ] 
14 15 208 [ [ -2, 14 ], [ 1, 90 ], [ 3, 92 ] ] 
14 15 204 [ [ -2, 14 ], [ 1, 74 ], [ 3, 108 ] ] 
14 15 204 [ [ -2, 14 ], [ 1, 80 ], [ 3, 102 ] ] 
14 15 213 [ [ -2, 14 ], [ 1, 92 ], [ 3, 90 ] ] 
14 15 217 [ [ -2, 14 ], [ 1, 84 ], [ 3, 98 ] ] 
14 15 245 [ [ -2, 14 ], [ 1, 88 ], [ 3, 94 ] ] 
15 16 301 [ [ -2, 15 ], [ 1, 92 ], [ 3, 118 ] ] 
14 15 239 [ [ -2, 14 ], [ 1, 92 ], [ 3, 90 ] ] 
15 16 216 [ [ -2, 15 ], [ 1, 94 ], [ 3, 116 ] ] 
13 14 202 [ [ -2, 13 ], [ 1, 70 ], [ 3, 86 ] ] 
14 15 262 [ [ -2, 14 ], [ 1, 106 ], [ 3, 76 ] ] 
14 15 233 [ [ -2, 14 ], [ 1, 100 ], [ 3, 82 ] ] 
14 15 278 [ [ -2, 14 ], [ 1, 106 ], [ 3, 76 ] ] 
15 16 258 [ [ -2, 15 ], [ 1, 106 ], [ 3, 104 ] ] 
14 15 271 [ [ -2, 14 ], [ 1, 102 ], [ 3, 80 ] ] 
14 15 232 [ [ -2, 14 ], [ 1, 80 ], [ 3, 102 ] ] 
15 16 276 [ [ -2, 15 ], [ 1, 96 ], [ 3, 114 ] ] 
13 14 209 [ [ -2, 13 ], [ 1, 72 ], [ 3, 84 ] ] 
14 15 257 [ [ -2, 14 ], [ 1, 86 ], [ 3, 96 ] ] 
14 15 269 [ [ -2, 14 ], [ 1, 92 ], [ 3, 90 ] ] 
14 15 225 [ [ -2, 14 ], [ 1, 82 ], [ 3, 100 ] ] 
15 16 268 [ [ -2, 15 ], [ 1, 104 ], [ 3, 106 ] ] 
13 14 202 [ [ -2, 13 ], [ 1, 84 ], [ 3, 72 ] ] 
14 15 242 [ [ -2, 14 ], [ 1, 96 ], [ 3, 86 ] ] 
15 16 393 [ [ -2, 15 ], [ 1, 110 ], [ 3, 100 ] ] 
14 15 275 [ [ -2, 14 ], [ 1, 92 ], [ 3, 90 ] ] 
14 15 203 [ [ -2, 14 ], [ 1, 92 ], [ 3, 90 ] ] 
14 15 238 [ [ -2, 14 ], [ 1, 90 ], [ 3, 92 ] ] 
14 15 241 [ [ -2, 14 ], [ 1, 98 ], [ 3, 84 ] ] 
14 15 232 [ [ -2, 14 ], [ 1, 96 ], [ 3, 86 ] ] 
14 15 232 [ [ -2, 14 ], [ 1, 90 ], [ 3, 92 ] ] 
14 15 206 [ [ -2, 14 ], [ 1, 80 ], [ 3, 102 ] ] 
14 15 237 [ [ -2, 14 ], [ 1, 90 ], [ 3, 92 ] ] 
15 16 248 [ [ -2, 15 ], [ 1, 108 ], [ 3, 102 ] ] 
14 15 204 [ [ -2, 14 ], [ 1, 94 ], [ 3, 88 ] ] 
14 15 254 [ [ -2, 14 ], [ 1, 84 ], [ 3, 98 ] ] 
14 15 277 [ [ -2, 14 ], [ 1, 106 ], [ 3, 76 ] ] 
14 15 224 [ [ -2, 14 ], [ 1, 94 ], [ 3, 88 ] ] 
15 16 343 [ [ -2, 15 ], [ 1, 112 ], [ 3, 98 ] ] 
14 15 204 [ [ -2, 14 ], [ 1, 90 ], [ 3, 92 ] ] 
15 16 459 [ [ -2, 15 ], [ 1, 104 ], [ 3, 106 ] ] 
14 15 238 [ [ -2, 14 ], [ 1, 92 ], [ 3, 90 ] ] 
14 15 216 [ [ -2, 14 ], [ 1, 100 ], [ 3, 82 ] ] 
14 15 269 [ [ -2, 14 ], [ 1, 98 ], [ 3, 84 ] ] 
15 16 214 [ [ -2, 15 ], [ 1, 108 ], [ 3, 102 ] ] 
14 15 221 [ [ -2, 14 ], [ 1, 90 ], [ 3, 92 ] ] 
14 15 224 [ [ -2, 14 ], [ 1, 84 ], [ 3, 98 ] ] 
14 15 242 [ [ -2, 14 ], [ 1, 92 ], [ 3, 90 ] ] 
14 15 256 [ [ -2, 14 ], [ 1, 98 ], [ 3, 84 ] ] 
14 15 223 [ [ -2, 14 ], [ 1, 92 ], [ 3, 90 ] ] 
15 16 255 [ [ -2, 15 ], [ 1, 100 ], [ 3, 110 ] ] 
14 15 231 [ [ -2, 14 ], [ 1, 90 ], [ 3, 92 ] ] 
15 16 294 [ [ -2, 15 ], [ 1, 118 ], [ 3, 92 ] ] 
15 16 264 [ [ -2, 15 ], [ 1, 114 ], [ 3, 96 ] ] 
15 16 311 [ [ -2, 15 ], [ 1, 114 ], [ 3, 96 ] ] 
14 15 208 [ [ -2, 14 ], [ 1, 82 ], [ 3, 100 ] ] 
14 15 264 [ [ -2, 14 ], [ 1, 88 ], [ 3, 94 ] ] 
15 16 316 [ [ -2, 15 ], [ 1, 128 ], [ 3, 82 ] ] 
15 16 299 [ [ -2, 15 ], [ 1, 106 ], [ 3, 104 ] ] 
14 15 201 [ [ -2, 14 ], [ 1, 86 ], [ 3, 96 ] ] 
14 15 219 [ [ -2, 14 ], [ 1, 76 ], [ 3, 106 ] ] 
14 15 212 [ [ -2, 14 ], [ 1, 80 ], [ 3, 102 ] ] 
14 15 205 [ [ -2, 14 ], [ 1, 82 ], [ 3, 100 ] ] 
15 16 244 [ [ -2, 15 ], [ 1, 96 ], [ 3, 114 ] ] 
14 15 231 [ [ -2, 14 ], [ 1, 90 ], [ 3, 92 ] ] 
15 16 429 [ [ -2, 15 ], [ 1, 106 ], [ 3, 104 ] ] 
15 16 268 [ [ -2, 15 ], [ 1, 106 ], [ 3, 104 ] ] 
15 16 276 [ [ -2, 15 ], [ 1, 88 ], [ 3, 122 ] ] 
15 16 387 [ [ -2, 15 ], [ 1, 110 ], [ 3, 100 ] ] 
15 16 344 [ [ -2, 15 ], [ 1, 108 ], [ 3, 102 ] ] 
15 16 251 [ [ -2, 15 ], [ 1, 106 ], [ 3, 104 ] ] 
15 16 250 [ [ -2, 15 ], [ 1, 102 ], [ 3, 108 ] ] 
14 15 248 [ [ -2, 14 ], [ 1, 94 ], [ 3, 88 ] ] 
14 15 248 [ [ -2, 14 ], [ 1, 94 ], [ 3, 88 ] ] 
15 16 220 [ [ -2, 15 ], [ 1, 112 ], [ 3, 98 ] ] 
14 15 278 [ [ -2, 14 ], [ 1, 74 ], [ 3, 108 ] ] 
14 15 228 [ [ -2, 14 ], [ 1, 84 ], [ 3, 98 ] ] 
15 16 363 [ [ -2, 15 ], [ 1, 98 ], [ 3, 112 ] ] 
15 16 244 [ [ -2, 15 ], [ 1, 106 ], [ 3, 104 ] ] 
15 16 213 [ [ -2, 15 ], [ 1, 96 ], [ 3, 114 ] ] 
15 16 202 [ [ -2, 15 ], [ 1, 102 ], [ 3, 108 ] ] 
14 15 201 [ [ -2, 14 ], [ 1, 82 ], [ 3, 100 ] ] 
15 16 221 [ [ -2, 15 ], [ 1, 96 ], [ 3, 114 ] ] 
15 16 299 [ [ -2, 15 ], [ 1, 92 ], [ 3, 118 ] ] 
15 16 209 [ [ -2, 15 ], [ 1, 108 ], [ 3, 102 ] ] 
14 15 219 [ [ -2, 14 ], [ 1, 98 ], [ 3, 84 ] ] 
15 16 259 [ [ -2, 15 ], [ 1, 98 ], [ 3, 112 ] ] 
15 16 260 [ [ -2, 15 ], [ 1, 96 ], [ 3, 114 ] ] 
15 16 262 [ [ -2, 15 ], [ 1, 98 ], [ 3, 112 ] ] 
15 16 234 [ [ -2, 15 ], [ 1, 96 ], [ 3, 114 ] ] 
15 16 343 [ [ -2, 15 ], [ 1, 90 ], [ 3, 120 ] ] 
14 15 248 [ [ -2, 14 ], [ 1, 72 ], [ 3, 110 ] ] 
14 15 235 [ [ -2, 14 ], [ 1, 82 ], [ 3, 100 ] ] 
14 15 270 [ [ -2, 14 ], [ 1, 74 ], [ 3, 108 ] ] 
14 15 204 [ [ -2, 14 ], [ 1, 74 ], [ 3, 108 ] ] 
14 15 221 [ [ -2, 14 ], [ 1, 76 ], [ 3, 106 ] ] 
15 16 242 [ [ -2, 15 ], [ 1, 86 ], [ 3, 124 ] ] 
16 17 404 [ [ -2, 16 ], [ 1, 100 ], [ 3, 140 ] ] 
14 15 265 [ [ -2, 14 ], [ 1, 74 ], [ 3, 108 ] ] 
14 15 204 [ [ -2, 14 ], [ 1, 84 ], [ 3, 98 ] ] 
14 15 238 [ [ -2, 14 ], [ 1, 76 ], [ 3, 106 ] ] 
14 15 225 [ [ -2, 14 ], [ 1, 74 ], [ 3, 108 ] ] 
15 16 353 [ [ -2, 15 ], [ 1, 84 ], [ 3, 126 ] ] 
15 16 225 [ [ -2, 15 ], [ 1, 92 ], [ 3, 118 ] ] 
15 16 227 [ [ -2, 15 ], [ 1, 102 ], [ 3, 108 ] ] 
15 16 267 [ [ -2, 15 ], [ 1, 92 ], [ 3, 118 ] ] 
14 15 210 [ [ -2, 14 ], [ 1, 86 ], [ 3, 96 ] ] 
14 15 208 [ [ -2, 14 ], [ 1, 92 ], [ 3, 90 ] ] 
13 14 214 [ [ -2, 13 ], [ 1, 72 ], [ 3, 84 ] ] 
14 15 207 [ [ -2, 14 ], [ 1, 76 ], [ 3, 106 ] ] 
14 15 209 [ [ -2, 14 ], [ 1, 78 ], [ 3, 104 ] ] 
14 15 204 [ [ -2, 14 ], [ 1, 92 ], [ 3, 90 ] ] 
14 15 276 [ [ -2, 14 ], [ 1, 76 ], [ 3, 106 ] ] 
14 15 210 [ [ -2, 14 ], [ 1, 78 ], [ 3, 104 ] ] 
14 15 232 [ [ -2, 14 ], [ 1, 82 ], [ 3, 100 ] ] 
14 15 202 [ [ -2, 14 ], [ 1, 82 ], [ 3, 100 ] ] 
14 15 220 [ [ -2, 14 ], [ 1, 70 ], [ 3, 112 ] ] 
14 15 220 [ [ -2, 14 ], [ 1, 70 ], [ 3, 112 ] ] 
14 15 278 [ [ -2, 14 ], [ 1, 70 ], [ 3, 112 ] ] 
14 15 205 [ [ -2, 14 ], [ 1, 72 ], [ 3, 110 ] ] 
14 15 239 [ [ -2, 14 ], [ 1, 68 ], [ 3, 114 ] ] 
14 15 233 [ [ -2, 14 ], [ 1, 74 ], [ 3, 108 ] ] 
14 15 232 [ [ -2, 14 ], [ 1, 72 ], [ 3, 110 ] ] 
14 15 228 [ [ -2, 14 ], [ 1, 88 ], [ 3, 94 ] ] 
15 16 324 [ [ -2, 15 ], [ 1, 92 ], [ 3, 118 ] ] 
16 17 552 [ [ -2, 16 ], [ 1, 108 ], [ 3, 132 ] ] 
14 15 308 [ [ -2, 14 ], [ 1, 78 ], [ 3, 104 ] ] 
15 16 603 [ [ -2, 15 ], [ 1, 90 ], [ 3, 120 ] ] 
15 16 244 [ [ -2, 15 ], [ 1, 96 ], [ 3, 114 ] ] 
15 16 337 [ [ -2, 15 ], [ 1, 92 ], [ 3, 118 ] ] 
16 17 412 [ [ -2, 16 ], [ 1, 110 ], [ 3, 130 ] ] 
15 16 275 [ [ -2, 15 ], [ 1, 94 ], [ 3, 116 ] ] 
15 16 253 [ [ -2, 15 ], [ 1, 96 ], [ 3, 114 ] ] 
14 15 262 [ [ -2, 14 ], [ 1, 74 ], [ 3, 108 ] ] 
14 15 202 [ [ -2, 14 ], [ 1, 82 ], [ 3, 100 ] ] 
14 15 219 [ [ -2, 14 ], [ 1, 74 ], [ 3, 108 ] ] 
15 16 283 [ [ -2, 15 ], [ 1, 92 ], [ 3, 118 ] ] 
14 15 257 [ [ -2, 14 ], [ 1, 76 ], [ 3, 106 ] ] 
14 15 210 [ [ -2, 14 ], [ 1, 74 ], [ 3, 108 ] ] 
15 16 216 [ [ -2, 15 ], [ 1, 94 ], [ 3, 116 ] ] 
16 17 336 [ [ -2, 16 ], [ 1, 112 ], [ 3, 128 ] ] 
16 17 254 [ [ -2, 16 ], [ 1, 104 ], [ 3, 136 ] ] 
15 16 311 [ [ -2, 15 ], [ 1, 106 ], [ 3, 104 ] ] 
15 16 219 [ [ -2, 15 ], [ 1, 102 ], [ 3, 108 ] ] 
15 16 212 [ [ -2, 15 ], [ 1, 106 ], [ 3, 104 ] ] 
14 15 244 [ [ -2, 14 ], [ 1, 78 ], [ 3, 104 ] ] 
14 15 255 [ [ -2, 14 ], [ 1, 74 ], [ 3, 108 ] ] 
15 16 300 [ [ -2, 15 ], [ 1, 86 ], [ 3, 124 ] ] 
15 16 209 [ [ -2, 15 ], [ 1, 98 ], [ 3, 112 ] ] 
14 15 240 [ [ -2, 14 ], [ 1, 92 ], [ 3, 90 ] ] 
13 14 213 [ [ -2, 13 ], [ 1, 72 ], [ 3, 84 ] ] 
14 15 227 [ [ -2, 14 ], [ 1, 74 ], [ 3, 108 ] ] 
15 16 332 [ [ -2, 15 ], [ 1, 92 ], [ 3, 118 ] ] 
15 16 360 [ [ -2, 15 ], [ 1, 90 ], [ 3, 120 ] ] 
14 15 316 [ [ -2, 14 ], [ 1, 84 ], [ 3, 98 ] ] 
15 16 401 [ [ -2, 15 ], [ 1, 94 ], [ 3, 116 ] ] 
14 15 213 [ [ -2, 14 ], [ 1, 76 ], [ 3, 106 ] ] 
15 16 211 [ [ -2, 15 ], [ 1, 96 ], [ 3, 114 ] ] 
15 16 247 [ [ -2, 15 ], [ 1, 86 ], [ 3, 124 ] ] 
15 16 210 [ [ -2, 15 ], [ 1, 82 ], [ 3, 128 ] ] 
15 16 249 [ [ -2, 15 ], [ 1, 90 ], [ 3, 120 ] ] 
14 15 260 [ [ -2, 14 ], [ 1, 74 ], [ 3, 108 ] ] 
14 15 251 [ [ -2, 14 ], [ 1, 74 ], [ 3, 108 ] ] 
14 15 264 [ [ -2, 14 ], [ 1, 78 ], [ 3, 104 ] ] 
15 16 243 [ [ -2, 15 ], [ 1, 100 ], [ 3, 110 ] ] 
15 16 277 [ [ -2, 15 ], [ 1, 94 ], [ 3, 116 ] ] 
14 15 309 [ [ -2, 14 ], [ 1, 84 ], [ 3, 98 ] ] 
14 15 261 [ [ -2, 14 ], [ 1, 82 ], [ 3, 100 ] ] 
14 15 305 [ [ -2, 14 ], [ 1, 70 ], [ 3, 112 ] ] 
15 16 413 [ [ -2, 15 ], [ 1, 96 ], [ 3, 114 ] ] 
14 15 229 [ [ -2, 14 ], [ 1, 82 ], [ 3, 100 ] ] 
15 16 292 [ [ -2, 15 ], [ 1, 98 ], [ 3, 112 ] ] 
14 15 205 [ [ -2, 14 ], [ 1, 86 ], [ 3, 96 ] ] 
14 15 220 [ [ -2, 14 ], [ 1, 84 ], [ 3, 98 ] ] 
15 16 251 [ [ -2, 15 ], [ 1, 88 ], [ 3, 122 ] ] 
15 16 238 [ [ -2, 15 ], [ 1, 90 ], [ 3, 120 ] ] 
15 16 258 [ [ -2, 15 ], [ 1, 96 ], [ 3, 114 ] ] 
15 16 263 [ [ -2, 15 ], [ 1, 92 ], [ 3, 118 ] ] 
14 15 203 [ [ -2, 14 ], [ 1, 80 ], [ 3, 102 ] ] 
15 16 226 [ [ -2, 15 ], [ 1, 102 ], [ 3, 108 ] ] 
16 17 250 [ [ -2, 16 ], [ 1, 106 ], [ 3, 134 ] ] 
15 16 295 [ [ -2, 15 ], [ 1, 92 ], [ 3, 118 ] ] 
14 15 206 [ [ -2, 14 ], [ 1, 82 ], [ 3, 100 ] ] 
15 16 415 [ [ -2, 15 ], [ 1, 88 ], [ 3, 122 ] ] 
14 15 251 [ [ -2, 14 ], [ 1, 84 ], [ 3, 98 ] ] 
15 16 260 [ [ -2, 15 ], [ 1, 96 ], [ 3, 114 ] ] 
14 15 202 [ [ -2, 14 ], [ 1, 86 ], [ 3, 96 ] ] 
14 15 285 [ [ -2, 14 ], [ 1, 78 ], [ 3, 104 ] ] 
14 15 243 [ [ -2, 14 ], [ 1, 76 ], [ 3, 106 ] ] 
14 15 225 [ [ -2, 14 ], [ 1, 84 ], [ 3, 98 ] ] 
14 15 204 [ [ -2, 14 ], [ 1, 86 ], [ 3, 96 ] ] 
14 15 213 [ [ -2, 14 ], [ 1, 76 ], [ 3, 106 ] ] 
14 15 211 [ [ -2, 14 ], [ 1, 92 ], [ 3, 90 ] ] 
14 15 249 [ [ -2, 14 ], [ 1, 82 ], [ 3, 100 ] ] 
14 15 215 [ [ -2, 14 ], [ 1, 82 ], [ 3, 100 ] ] 
14 15 217 [ [ -2, 14 ], [ 1, 84 ], [ 3, 98 ] ] 
14 15 210 [ [ -2, 14 ], [ 1, 82 ], [ 3, 100 ] ] 
14 15 205 [ [ -2, 14 ], [ 1, 78 ], [ 3, 104 ] ] 
14 15 232 [ [ -2, 14 ], [ 1, 84 ], [ 3, 98 ] ] 
14 15 205 [ [ -2, 14 ], [ 1, 88 ], [ 3, 94 ] ] 
14 15 287 [ [ -2, 14 ], [ 1, 90 ], [ 3, 92 ] ] 
14 15 226 [ [ -2, 14 ], [ 1, 88 ], [ 3, 94 ] ] 
15 16 384 [ [ -2, 15 ], [ 1, 102 ], [ 3, 108 ] ] 
14 15 228 [ [ -2, 14 ], [ 1, 88 ], [ 3, 94 ] ] 
14 15 216 [ [ -2, 14 ], [ 1, 72 ], [ 3, 110 ] ] 
14 15 253 [ [ -2, 14 ], [ 1, 94 ], [ 3, 88 ] ] 
14 15 202 [ [ -2, 14 ], [ 1, 86 ], [ 3, 96 ] ] 
14 15 212 [ [ -2, 14 ], [ 1, 92 ], [ 3, 90 ] ] 
15 16 206 [ [ -2, 15 ], [ 1, 94 ], [ 3, 116 ] ] 
14 15 217 [ [ -2, 14 ], [ 1, 82 ], [ 3, 100 ] ] 
15 16 317 [ [ -2, 15 ], [ 1, 98 ], [ 3, 112 ] ] 
14 15 201 [ [ -2, 14 ], [ 1, 92 ], [ 3, 90 ] ] 
13 14 207 [ [ -2, 13 ], [ 1, 72 ], [ 3, 84 ] ] 
14 15 204 [ [ -2, 14 ], [ 1, 84 ], [ 3, 98 ] ] 
13 14 217 [ [ -2, 13 ], [ 1, 72 ], [ 3, 84 ] ] 
14 15 210 [ [ -2, 14 ], [ 1, 92 ], [ 3, 90 ] ] 
15 16 215 [ [ -2, 15 ], [ 1, 106 ], [ 3, 104 ] ] 
15 16 310 [ [ -2, 15 ], [ 1, 88 ], [ 3, 122 ] ] 
15 16 246 [ [ -2, 15 ], [ 1, 102 ], [ 3, 108 ] ] 
14 15 203 [ [ -2, 14 ], [ 1, 84 ], [ 3, 98 ] ] 
15 16 203 [ [ -2, 15 ], [ 1, 110 ], [ 3, 100 ] ] 
14 15 250 [ [ -2, 14 ], [ 1, 94 ], [ 3, 88 ] ] 
14 15 246 [ [ -2, 14 ], [ 1, 92 ], [ 3, 90 ] ] 
14 15 239 [ [ -2, 14 ], [ 1, 86 ], [ 3, 96 ] ] 
14 15 232 [ [ -2, 14 ], [ 1, 106 ], [ 3, 76 ] ] 
15 16 343 [ [ -2, 15 ], [ 1, 94 ], [ 3, 116 ] ] 
14 15 253 [ [ -2, 14 ], [ 1, 102 ], [ 3, 80 ] ] 
14 15 261 [ [ -2, 14 ], [ 1, 92 ], [ 3, 90 ] ] 
14 15 266 [ [ -2, 14 ], [ 1, 98 ], [ 3, 84 ] ] 
14 15 220 [ [ -2, 14 ], [ 1, 92 ], [ 3, 90 ] ] 
15 16 205 [ [ -2, 15 ], [ 1, 96 ], [ 3, 114 ] ] 
14 15 246 [ [ -2, 14 ], [ 1, 92 ], [ 3, 90 ] ] 
15 16 343 [ [ -2, 15 ], [ 1, 106 ], [ 3, 104 ] ] 
14 15 259 [ [ -2, 14 ], [ 1, 108 ], [ 3, 74 ] ] 
14 15 228 [ [ -2, 14 ], [ 1, 102 ], [ 3, 80 ] ] 
14 15 213 [ [ -2, 14 ], [ 1, 86 ], [ 3, 96 ] ] 
15 16 296 [ [ -2, 15 ], [ 1, 110 ], [ 3, 100 ] ] 
15 16 319 [ [ -2, 15 ], [ 1, 112 ], [ 3, 98 ] ] 
15 16 230 [ [ -2, 15 ], [ 1, 108 ], [ 3, 102 ] ] 
14 15 220 [ [ -2, 14 ], [ 1, 90 ], [ 3, 92 ] ] 
15 16 256 [ [ -2, 15 ], [ 1, 104 ], [ 3, 106 ] ] 
15 16 306 [ [ -2, 15 ], [ 1, 106 ], [ 3, 104 ] ] 
15 16 335 [ [ -2, 15 ], [ 1, 108 ], [ 3, 102 ] ] 
14 15 203 [ [ -2, 14 ], [ 1, 92 ], [ 3, 90 ] ] 
14 15 224 [ [ -2, 14 ], [ 1, 86 ], [ 3, 96 ] ] 
14 15 237 [ [ -2, 14 ], [ 1, 84 ], [ 3, 98 ] ] 
15 16 267 [ [ -2, 15 ], [ 1, 104 ], [ 3, 106 ] ] 
14 15 226 [ [ -2, 14 ], [ 1, 82 ], [ 3, 100 ] ] 
15 16 303 [ [ -2, 15 ], [ 1, 104 ], [ 3, 106 ] ] 
14 15 244 [ [ -2, 14 ], [ 1, 88 ], [ 3, 94 ] ] 
14 15 257 [ [ -2, 14 ], [ 1, 96 ], [ 3, 86 ] ] 
14 15 225 [ [ -2, 14 ], [ 1, 86 ], [ 3, 96 ] ] 
14 15 279 [ [ -2, 14 ], [ 1, 86 ], [ 3, 96 ] ] 
15 16 291 [ [ -2, 15 ], [ 1, 102 ], [ 3, 108 ] ] 
14 15 252 [ [ -2, 14 ], [ 1, 80 ], [ 3, 102 ] ] 
14 15 316 [ [ -2, 14 ], [ 1, 82 ], [ 3, 100 ] ] 
14 15 205 [ [ -2, 14 ], [ 1, 102 ], [ 3, 80 ] ] 
14 15 210 [ [ -2, 14 ], [ 1, 82 ], [ 3, 100 ] ] 
15 16 259 [ [ -2, 15 ], [ 1, 90 ], [ 3, 120 ] ] 
16 17 277 [ [ -2, 16 ], [ 1, 120 ], [ 3, 120 ] ] 
14 15 201 [ [ -2, 14 ], [ 1, 94 ], [ 3, 88 ] ] 
15 16 234 [ [ -2, 15 ], [ 1, 112 ], [ 3, 98 ] ] 
14 15 205 [ [ -2, 14 ], [ 1, 94 ], [ 3, 88 ] ] 
15 16 225 [ [ -2, 15 ], [ 1, 118 ], [ 3, 92 ] ] 
14 15 356 [ [ -2, 14 ], [ 1, 102 ], [ 3, 80 ] ] 
14 15 237 [ [ -2, 14 ], [ 1, 86 ], [ 3, 96 ] ] 
13 14 202 [ [ -2, 13 ], [ 1, 74 ], [ 3, 82 ] ] 
13 14 218 [ [ -2, 13 ], [ 1, 74 ], [ 3, 82 ] ] 
14 15 318 [ [ -2, 14 ], [ 1, 86 ], [ 3, 96 ] ] 
15 16 218 [ [ -2, 15 ], [ 1, 110 ], [ 3, 100 ] ] 
15 16 247 [ [ -2, 15 ], [ 1, 96 ], [ 3, 114 ] ] 
15 16 202 [ [ -2, 15 ], [ 1, 136 ], [ 3, 74 ] ] 
15 16 240 [ [ -2, 15 ], [ 1, 114 ], [ 3, 96 ] ] 
14 15 266 [ [ -2, 14 ], [ 1, 100 ], [ 3, 82 ] ] 
14 15 202 [ [ -2, 14 ], [ 1, 96 ], [ 3, 86 ] ] 
14 15 216 [ [ -2, 14 ], [ 1, 86 ], [ 3, 96 ] ] 
14 15 216 [ [ -2, 14 ], [ 1, 86 ], [ 3, 96 ] ] 
15 16 446 [ [ -2, 15 ], [ 1, 98 ], [ 3, 112 ] ] 
15 16 305 [ [ -2, 15 ], [ 1, 94 ], [ 3, 116 ] ] 
14 15 242 [ [ -2, 14 ], [ 1, 84 ], [ 3, 98 ] ] 
14 15 256 [ [ -2, 14 ], [ 1, 92 ], [ 3, 90 ] ] 
14 15 240 [ [ -2, 14 ], [ 1, 92 ], [ 3, 90 ] ] 
14 15 218 [ [ -2, 14 ], [ 1, 84 ], [ 3, 98 ] ] 
14 15 220 [ [ -2, 14 ], [ 1, 94 ], [ 3, 88 ] ] 
14 15 245 [ [ -2, 14 ], [ 1, 86 ], [ 3, 96 ] ] 
15 16 294 [ [ -2, 15 ], [ 1, 96 ], [ 3, 114 ] ] 
14 15 213 [ [ -2, 14 ], [ 1, 86 ], [ 3, 96 ] ] 
14 15 225 [ [ -2, 14 ], [ 1, 84 ], [ 3, 98 ] ] 
15 16 241 [ [ -2, 15 ], [ 1, 120 ], [ 3, 90 ] ] 
15 16 240 [ [ -2, 15 ], [ 1, 98 ], [ 3, 112 ] ] 
14 15 201 [ [ -2, 14 ], [ 1, 88 ], [ 3, 94 ] ] 
14 15 215 [ [ -2, 14 ], [ 1, 78 ], [ 3, 104 ] ] 
15 16 278 [ [ -2, 15 ], [ 1, 102 ], [ 3, 108 ] ] 
14 15 267 [ [ -2, 14 ], [ 1, 88 ], [ 3, 94 ] ] 
14 15 233 [ [ -2, 14 ], [ 1, 90 ], [ 3, 92 ] ] 
14 15 202 [ [ -2, 14 ], [ 1, 108 ], [ 3, 74 ] ] 
14 15 229 [ [ -2, 14 ], [ 1, 98 ], [ 3, 84 ] ] 
14 15 205 [ [ -2, 14 ], [ 1, 88 ], [ 3, 94 ] ] 
15 16 270 [ [ -2, 15 ], [ 1, 102 ], [ 3, 108 ] ] 
16 17 398 [ [ -2, 16 ], [ 1, 110 ], [ 3, 130 ] ] 
14 15 206 [ [ -2, 14 ], [ 1, 90 ], [ 3, 92 ] ] 
15 16 278 [ [ -2, 15 ], [ 1, 110 ], [ 3, 100 ] ] 
14 15 212 [ [ -2, 14 ], [ 1, 90 ], [ 3, 92 ] ] 
14 15 240 [ [ -2, 14 ], [ 1, 90 ], [ 3, 92 ] ] 
15 16 216 [ [ -2, 15 ], [ 1, 100 ], [ 3, 110 ] ] 
14 15 219 [ [ -2, 14 ], [ 1, 102 ], [ 3, 80 ] ] 
15 16 235 [ [ -2, 15 ], [ 1, 108 ], [ 3, 102 ] ] 
15 16 259 [ [ -2, 15 ], [ 1, 106 ], [ 3, 104 ] ] 
14 15 201 [ [ -2, 14 ], [ 1, 112 ], [ 3, 70 ] ] 
15 16 214 [ [ -2, 15 ], [ 1, 108 ], [ 3, 102 ] ] 
14 15 216 [ [ -2, 14 ], [ 1, 80 ], [ 3, 102 ] ] 
15 16 239 [ [ -2, 15 ], [ 1, 102 ], [ 3, 108 ] ] 
15 16 203 [ [ -2, 15 ], [ 1, 100 ], [ 3, 110 ] ] 
14 15 230 [ [ -2, 14 ], [ 1, 94 ], [ 3, 88 ] ] 
14 15 231 [ [ -2, 14 ], [ 1, 94 ], [ 3, 88 ] ] 
14 15 256 [ [ -2, 14 ], [ 1, 106 ], [ 3, 76 ] ] 
14 15 275 [ [ -2, 14 ], [ 1, 102 ], [ 3, 80 ] ] 
15 16 345 [ [ -2, 15 ], [ 1, 96 ], [ 3, 114 ] ] 
14 15 226 [ [ -2, 14 ], [ 1, 88 ], [ 3, 94 ] ] 
14 15 240 [ [ -2, 14 ], [ 1, 96 ], [ 3, 86 ] ] 
14 15 230 [ [ -2, 14 ], [ 1, 88 ], [ 3, 94 ] ] 
14 15 236 [ [ -2, 14 ], [ 1, 104 ], [ 3, 78 ] ] 
15 16 257 [ [ -2, 15 ], [ 1, 114 ], [ 3, 96 ] ] 
14 15 213 [ [ -2, 14 ], [ 1, 100 ], [ 3, 82 ] ] 
14 15 266 [ [ -2, 14 ], [ 1, 110 ], [ 3, 72 ] ] 
14 15 230 [ [ -2, 14 ], [ 1, 92 ], [ 3, 90 ] ] 
14 15 281 [ [ -2, 14 ], [ 1, 84 ], [ 3, 98 ] ] 
14 15 204 [ [ -2, 14 ], [ 1, 94 ], [ 3, 88 ] ] 
15 16 205 [ [ -2, 15 ], [ 1, 106 ], [ 3, 104 ] ] 
14 15 216 [ [ -2, 14 ], [ 1, 88 ], [ 3, 94 ] ] 
14 15 278 [ [ -2, 14 ], [ 1, 96 ], [ 3, 86 ] ] 
14 15 311 [ [ -2, 14 ], [ 1, 82 ], [ 3, 100 ] ] 
15 16 256 [ [ -2, 15 ], [ 1, 104 ], [ 3, 106 ] ] 
14 15 228 [ [ -2, 14 ], [ 1, 102 ], [ 3, 80 ] ] 
14 15 211 [ [ -2, 14 ], [ 1, 94 ], [ 3, 88 ] ] 
14 15 261 [ [ -2, 14 ], [ 1, 100 ], [ 3, 82 ] ] 
15 16 216 [ [ -2, 15 ], [ 1, 102 ], [ 3, 108 ] ] 
14 15 236 [ [ -2, 14 ], [ 1, 96 ], [ 3, 86 ] ] 
14 15 276 [ [ -2, 14 ], [ 1, 90 ], [ 3, 92 ] ] 
14 15 208 [ [ -2, 14 ], [ 1, 88 ], [ 3, 94 ] ] 
14 15 231 [ [ -2, 14 ], [ 1, 86 ], [ 3, 96 ] ] 
14 15 204 [ [ -2, 14 ], [ 1, 90 ], [ 3, 92 ] ] 
14 15 211 [ [ -2, 14 ], [ 1, 90 ], [ 3, 92 ] ] 
14 15 229 [ [ -2, 14 ], [ 1, 82 ], [ 3, 100 ] ] 
14 15 257 [ [ -2, 14 ], [ 1, 86 ], [ 3, 96 ] ] 
14 15 206 [ [ -2, 14 ], [ 1, 106 ], [ 3, 76 ] ] 
15 16 378 [ [ -2, 15 ], [ 1, 108 ], [ 3, 102 ] ] 
14 15 232 [ [ -2, 14 ], [ 1, 96 ], [ 3, 86 ] ] 
14 15 216 [ [ -2, 14 ], [ 1, 102 ], [ 3, 80 ] ] 
15 16 267 [ [ -2, 15 ], [ 1, 110 ], [ 3, 100 ] ] 
14 15 205 [ [ -2, 14 ], [ 1, 86 ], [ 3, 96 ] ] 
14 15 260 [ [ -2, 14 ], [ 1, 102 ], [ 3, 80 ] ] 
15 16 247 [ [ -2, 15 ], [ 1, 118 ], [ 3, 92 ] ] 
14 15 230 [ [ -2, 14 ], [ 1, 92 ], [ 3, 90 ] ] 
14 15 215 [ [ -2, 14 ], [ 1, 96 ], [ 3, 86 ] ] 
14 15 229 [ [ -2, 14 ], [ 1, 96 ], [ 3, 86 ] ] 
14 15 215 [ [ -2, 14 ], [ 1, 92 ], [ 3, 90 ] ] 
15 16 240 [ [ -2, 15 ], [ 1, 102 ], [ 3, 108 ] ] 
14 15 314 [ [ -2, 14 ], [ 1, 104 ], [ 3, 78 ] ] 
14 15 208 [ [ -2, 14 ], [ 1, 84 ], [ 3, 98 ] ] 
15 16 383 [ [ -2, 15 ], [ 1, 120 ], [ 3, 90 ] ] 
15 16 345 [ [ -2, 15 ], [ 1, 108 ], [ 3, 102 ] ] 
15 16 371 [ [ -2, 15 ], [ 1, 112 ], [ 3, 98 ] ] 
14 15 230 [ [ -2, 14 ], [ 1, 106 ], [ 3, 76 ] ] 
14 15 205 [ [ -2, 14 ], [ 1, 96 ], [ 3, 86 ] ] 
14 15 293 [ [ -2, 14 ], [ 1, 90 ], [ 3, 92 ] ] 
14 15 202 [ [ -2, 14 ], [ 1, 106 ], [ 3, 76 ] ] 
14 15 234 [ [ -2, 14 ], [ 1, 102 ], [ 3, 80 ] ] 
14 15 249 [ [ -2, 14 ], [ 1, 100 ], [ 3, 82 ] ] 
15 16 356 [ [ -2, 15 ], [ 1, 114 ], [ 3, 96 ] ] 
14 15 238 [ [ -2, 14 ], [ 1, 88 ], [ 3, 94 ] ] 
14 15 230 [ [ -2, 14 ], [ 1, 82 ], [ 3, 100 ] ] 
14 15 235 [ [ -2, 14 ], [ 1, 90 ], [ 3, 92 ] ] 
14 15 266 [ [ -2, 14 ], [ 1, 94 ], [ 3, 88 ] ] 
15 16 290 [ [ -2, 15 ], [ 1, 108 ], [ 3, 102 ] ] 
14 15 207 [ [ -2, 14 ], [ 1, 100 ], [ 3, 82 ] ] 
15 16 233 [ [ -2, 15 ], [ 1, 122 ], [ 3, 88 ] ] 
14 15 209 [ [ -2, 14 ], [ 1, 94 ], [ 3, 88 ] ] 
14 15 202 [ [ -2, 14 ], [ 1, 96 ], [ 3, 86 ] ] 
14 15 224 [ [ -2, 14 ], [ 1, 100 ], [ 3, 82 ] ] 
14 15 288 [ [ -2, 14 ], [ 1, 92 ], [ 3, 90 ] ] 
14 15 249 [ [ -2, 14 ], [ 1, 94 ], [ 3, 88 ] ] 
15 16 364 [ [ -2, 15 ], [ 1, 112 ], [ 3, 98 ] ] 
14 15 208 [ [ -2, 14 ], [ 1, 98 ], [ 3, 84 ] ] 
15 16 207 [ [ -2, 15 ], [ 1, 104 ], [ 3, 106 ] ] 
14 15 204 [ [ -2, 14 ], [ 1, 80 ], [ 3, 102 ] ] 
14 15 231 [ [ -2, 14 ], [ 1, 82 ], [ 3, 100 ] ] 
14 15 233 [ [ -2, 14 ], [ 1, 90 ], [ 3, 92 ] ] 
14 15 217 [ [ -2, 14 ], [ 1, 82 ], [ 3, 100 ] ] 
15 16 262 [ [ -2, 15 ], [ 1, 110 ], [ 3, 100 ] ] 
15 16 233 [ [ -2, 15 ], [ 1, 96 ], [ 3, 114 ] ] 
15 16 307 [ [ -2, 15 ], [ 1, 94 ], [ 3, 116 ] ] 
14 15 227 [ [ -2, 14 ], [ 1, 90 ], [ 3, 92 ] ] 
14 15 203 [ [ -2, 14 ], [ 1, 84 ], [ 3, 98 ] ] 
14 15 235 [ [ -2, 14 ], [ 1, 78 ], [ 3, 104 ] ] 
14 15 255 [ [ -2, 14 ], [ 1, 84 ], [ 3, 98 ] ] 
15 16 218 [ [ -2, 15 ], [ 1, 92 ], [ 3, 118 ] ] 
15 16 202 [ [ -2, 15 ], [ 1, 96 ], [ 3, 114 ] ] 
14 15 207 [ [ -2, 14 ], [ 1, 84 ], [ 3, 98 ] ] 
14 15 216 [ [ -2, 14 ], [ 1, 96 ], [ 3, 86 ] ] 
15 16 257 [ [ -2, 15 ], [ 1, 94 ], [ 3, 116 ] ] 
14 15 235 [ [ -2, 14 ], [ 1, 98 ], [ 3, 84 ] ] 
15 16 230 [ [ -2, 15 ], [ 1, 108 ], [ 3, 102 ] ] 
15 16 229 [ [ -2, 15 ], [ 1, 100 ], [ 3, 110 ] ] 
15 16 270 [ [ -2, 15 ], [ 1, 98 ], [ 3, 112 ] ] 
14 15 263 [ [ -2, 14 ], [ 1, 78 ], [ 3, 104 ] ] 
14 15 232 [ [ -2, 14 ], [ 1, 84 ], [ 3, 98 ] ] 
15 16 246 [ [ -2, 15 ], [ 1, 100 ], [ 3, 110 ] ] 
15 16 243 [ [ -2, 15 ], [ 1, 98 ], [ 3, 112 ] ] 
14 15 233 [ [ -2, 14 ], [ 1, 82 ], [ 3, 100 ] ] 
15 16 205 [ [ -2, 15 ], [ 1, 96 ], [ 3, 114 ] ] 
14 15 226 [ [ -2, 14 ], [ 1, 80 ], [ 3, 102 ] ] 
15 16 260 [ [ -2, 15 ], [ 1, 88 ], [ 3, 122 ] ] 
14 15 240 [ [ -2, 14 ], [ 1, 84 ], [ 3, 98 ] ] 
15 16 226 [ [ -2, 15 ], [ 1, 98 ], [ 3, 112 ] ] 
14 15 210 [ [ -2, 14 ], [ 1, 98 ], [ 3, 84 ] ] 
14 15 222 [ [ -2, 14 ], [ 1, 80 ], [ 3, 102 ] ] 
15 16 309 [ [ -2, 15 ], [ 1, 96 ], [ 3, 114 ] ] 
14 15 219 [ [ -2, 14 ], [ 1, 82 ], [ 3, 100 ] ] 
14 15 226 [ [ -2, 14 ], [ 1, 94 ], [ 3, 88 ] ] 
15 16 278 [ [ -2, 15 ], [ 1, 90 ], [ 3, 120 ] ] 
14 15 228 [ [ -2, 14 ], [ 1, 96 ], [ 3, 86 ] ] 
14 15 228 [ [ -2, 14 ], [ 1, 82 ], [ 3, 100 ] ] 
14 15 205 [ [ -2, 14 ], [ 1, 78 ], [ 3, 104 ] ] 
15 16 250 [ [ -2, 15 ], [ 1, 96 ], [ 3, 114 ] ] 
14 15 225 [ [ -2, 14 ], [ 1, 80 ], [ 3, 102 ] ] 
14 15 255 [ [ -2, 14 ], [ 1, 76 ], [ 3, 106 ] ] 
14 15 246 [ [ -2, 14 ], [ 1, 76 ], [ 3, 106 ] ] 
14 15 246 [ [ -2, 14 ], [ 1, 84 ], [ 3, 98 ] ] 
15 16 201 [ [ -2, 15 ], [ 1, 92 ], [ 3, 118 ] ] 
14 15 201 [ [ -2, 14 ], [ 1, 86 ], [ 3, 96 ] ] 
15 16 380 [ [ -2, 15 ], [ 1, 90 ], [ 3, 120 ] ] 
15 16 238 [ [ -2, 15 ], [ 1, 94 ], [ 3, 116 ] ] 
14 15 223 [ [ -2, 14 ], [ 1, 88 ], [ 3, 94 ] ] 
14 15 203 [ [ -2, 14 ], [ 1, 102 ], [ 3, 80 ] ] 
15 16 304 [ [ -2, 15 ], [ 1, 96 ], [ 3, 114 ] ] 
14 15 220 [ [ -2, 14 ], [ 1, 80 ], [ 3, 102 ] ] 
15 16 350 [ [ -2, 15 ], [ 1, 114 ], [ 3, 96 ] ] 
16 17 318 [ [ -2, 16 ], [ 1, 112 ], [ 3, 128 ] ] 
14 15 210 [ [ -2, 14 ], [ 1, 78 ], [ 3, 104 ] ] 
15 16 318 [ [ -2, 15 ], [ 1, 92 ], [ 3, 118 ] ] 
16 17 221 [ [ -2, 16 ], [ 1, 110 ], [ 3, 130 ] ] 
15 16 204 [ [ -2, 15 ], [ 1, 104 ], [ 3, 106 ] ] 
16 17 310 [ [ -2, 16 ], [ 1, 124 ], [ 3, 116 ] ] 
14 15 204 [ [ -2, 14 ], [ 1, 82 ], [ 3, 100 ] ] 
15 16 493 [ [ -2, 15 ], [ 1, 98 ], [ 3, 112 ] ] 
15 16 292 [ [ -2, 15 ], [ 1, 130 ], [ 3, 80 ] ] 
15 16 242 [ [ -2, 15 ], [ 1, 100 ], [ 3, 110 ] ] 
15 16 246 [ [ -2, 15 ], [ 1, 114 ], [ 3, 96 ] ] 
15 16 272 [ [ -2, 15 ], [ 1, 106 ], [ 3, 104 ] ] 
14 15 255 [ [ -2, 14 ], [ 1, 90 ], [ 3, 92 ] ] 
15 16 225 [ [ -2, 15 ], [ 1, 118 ], [ 3, 92 ] ] 
14 15 306 [ [ -2, 14 ], [ 1, 90 ], [ 3, 92 ] ] 
14 15 216 [ [ -2, 14 ], [ 1, 82 ], [ 3, 100 ] ] 
13 14 204 [ [ -2, 13 ], [ 1, 64 ], [ 3, 92 ] ] 
14 15 207 [ [ -2, 14 ], [ 1, 92 ], [ 3, 90 ] ] 
15 16 248 [ [ -2, 15 ], [ 1, 106 ], [ 3, 104 ] ] 
14 15 207 [ [ -2, 14 ], [ 1, 84 ], [ 3, 98 ] ] 
15 16 205 [ [ -2, 15 ], [ 1, 102 ], [ 3, 108 ] ] 
14 15 224 [ [ -2, 14 ], [ 1, 76 ], [ 3, 106 ] ] 
14 15 213 [ [ -2, 14 ], [ 1, 88 ], [ 3, 94 ] ] 
14 15 218 [ [ -2, 14 ], [ 1, 82 ], [ 3, 100 ] ] 
15 16 232 [ [ -2, 15 ], [ 1, 100 ], [ 3, 110 ] ] 
14 15 206 [ [ -2, 14 ], [ 1, 86 ], [ 3, 96 ] ] 
14 15 254 [ [ -2, 14 ], [ 1, 84 ], [ 3, 98 ] ] 
14 15 254 [ [ -2, 14 ], [ 1, 86 ], [ 3, 96 ] ] 
15 16 254 [ [ -2, 15 ], [ 1, 102 ], [ 3, 108 ] ] 
14 15 202 [ [ -2, 14 ], [ 1, 88 ], [ 3, 94 ] ] 
15 16 219 [ [ -2, 15 ], [ 1, 96 ], [ 3, 114 ] ] 
14 15 205 [ [ -2, 14 ], [ 1, 88 ], [ 3, 94 ] ] 
14 15 214 [ [ -2, 14 ], [ 1, 88 ], [ 3, 94 ] ] 
14 15 201 [ [ -2, 14 ], [ 1, 88 ], [ 3, 94 ] ] 
14 15 250 [ [ -2, 14 ], [ 1, 82 ], [ 3, 100 ] ] 
14 15 216 [ [ -2, 14 ], [ 1, 90 ], [ 3, 92 ] ] 
14 15 207 [ [ -2, 14 ], [ 1, 92 ], [ 3, 90 ] ] 
14 15 206 [ [ -2, 14 ], [ 1, 86 ], [ 3, 96 ] ] 
14 15 227 [ [ -2, 14 ], [ 1, 92 ], [ 3, 90 ] ] 
14 15 220 [ [ -2, 14 ], [ 1, 88 ], [ 3, 94 ] ] 
15 16 238 [ [ -2, 15 ], [ 1, 96 ], [ 3, 114 ] ] 
14 15 208 [ [ -2, 14 ], [ 1, 90 ], [ 3, 92 ] ] 
15 16 368 [ [ -2, 15 ], [ 1, 98 ], [ 3, 112 ] ] 
14 15 204 [ [ -2, 14 ], [ 1, 86 ], [ 3, 96 ] ] 
14 15 202 [ [ -2, 14 ], [ 1, 84 ], [ 3, 98 ] ] 
14 15 213 [ [ -2, 14 ], [ 1, 86 ], [ 3, 96 ] ] 
14 15 228 [ [ -2, 14 ], [ 1, 88 ], [ 3, 94 ] ] 
15 16 207 [ [ -2, 15 ], [ 1, 118 ], [ 3, 92 ] ] 
14 15 255 [ [ -2, 14 ], [ 1, 82 ], [ 3, 100 ] ] 
14 15 223 [ [ -2, 14 ], [ 1, 84 ], [ 3, 98 ] ] 
15 16 244 [ [ -2, 15 ], [ 1, 110 ], [ 3, 100 ] ] 
15 16 280 [ [ -2, 15 ], [ 1, 112 ], [ 3, 98 ] ] 
14 15 225 [ [ -2, 14 ], [ 1, 94 ], [ 3, 88 ] ] 
14 15 209 [ [ -2, 14 ], [ 1, 84 ], [ 3, 98 ] ] 
15 16 449 [ [ -2, 15 ], [ 1, 102 ], [ 3, 108 ] ] 
15 16 239 [ [ -2, 15 ], [ 1, 102 ], [ 3, 108 ] ] 
15 16 245 [ [ -2, 15 ], [ 1, 114 ], [ 3, 96 ] ] 
15 16 285 [ [ -2, 15 ], [ 1, 110 ], [ 3, 100 ] ] 
14 15 237 [ [ -2, 14 ], [ 1, 94 ], [ 3, 88 ] ] 
14 15 202 [ [ -2, 14 ], [ 1, 102 ], [ 3, 80 ] ] 
15 16 264 [ [ -2, 15 ], [ 1, 112 ], [ 3, 98 ] ] 
15 16 261 [ [ -2, 15 ], [ 1, 100 ], [ 3, 110 ] ] 
15 16 266 [ [ -2, 15 ], [ 1, 94 ], [ 3, 116 ] ] 
14 15 214 [ [ -2, 14 ], [ 1, 78 ], [ 3, 104 ] ] 
14 15 210 [ [ -2, 14 ], [ 1, 80 ], [ 3, 102 ] ] 
14 15 220 [ [ -2, 14 ], [ 1, 82 ], [ 3, 100 ] ] 
16 17 311 [ [ -2, 16 ], [ 1, 116 ], [ 3, 124 ] ] 
14 15 242 [ [ -2, 14 ], [ 1, 86 ], [ 3, 96 ] ] 
15 16 283 [ [ -2, 15 ], [ 1, 102 ], [ 3, 108 ] ] 
14 15 256 [ [ -2, 14 ], [ 1, 90 ], [ 3, 92 ] ] 
14 15 202 [ [ -2, 14 ], [ 1, 86 ], [ 3, 96 ] ] 
15 16 342 [ [ -2, 15 ], [ 1, 102 ], [ 3, 108 ] ] 
14 15 242 [ [ -2, 14 ], [ 1, 96 ], [ 3, 86 ] ] 
14 15 281 [ [ -2, 14 ], [ 1, 86 ], [ 3, 96 ] ] 
14 15 245 [ [ -2, 14 ], [ 1, 80 ], [ 3, 102 ] ] 
14 15 205 [ [ -2, 14 ], [ 1, 84 ], [ 3, 98 ] ] 
15 16 219 [ [ -2, 15 ], [ 1, 106 ], [ 3, 104 ] ] 
14 15 202 [ [ -2, 14 ], [ 1, 92 ], [ 3, 90 ] ] 
15 16 372 [ [ -2, 15 ], [ 1, 104 ], [ 3, 106 ] ] 
15 16 262 [ [ -2, 15 ], [ 1, 98 ], [ 3, 112 ] ] 
14 15 213 [ [ -2, 14 ], [ 1, 98 ], [ 3, 84 ] ] 
15 16 313 [ [ -2, 15 ], [ 1, 116 ], [ 3, 94 ] ] 
15 16 243 [ [ -2, 15 ], [ 1, 114 ], [ 3, 96 ] ] 
14 15 203 [ [ -2, 14 ], [ 1, 82 ], [ 3, 100 ] ] 
15 16 251 [ [ -2, 15 ], [ 1, 108 ], [ 3, 102 ] ] 
14 15 215 [ [ -2, 14 ], [ 1, 86 ], [ 3, 96 ] ] 
15 16 223 [ [ -2, 15 ], [ 1, 92 ], [ 3, 118 ] ] 
15 16 277 [ [ -2, 15 ], [ 1, 96 ], [ 3, 114 ] ] 
15 16 227 [ [ -2, 15 ], [ 1, 90 ], [ 3, 120 ] ] 
13 14 204 [ [ -2, 13 ], [ 1, 72 ], [ 3, 84 ] ] 
14 15 223 [ [ -2, 14 ], [ 1, 86 ], [ 3, 96 ] ] 
15 16 308 [ [ -2, 15 ], [ 1, 98 ], [ 3, 112 ] ] 
16 17 329 [ [ -2, 16 ], [ 1, 126 ], [ 3, 114 ] ] 
14 15 212 [ [ -2, 14 ], [ 1, 86 ], [ 3, 96 ] ] 
14 15 247 [ [ -2, 14 ], [ 1, 76 ], [ 3, 106 ] ] 
14 15 220 [ [ -2, 14 ], [ 1, 92 ], [ 3, 90 ] ] 
14 15 207 [ [ -2, 14 ], [ 1, 82 ], [ 3, 100 ] ] 
14 15 206 [ [ -2, 14 ], [ 1, 88 ], [ 3, 94 ] ] 
14 15 210 [ [ -2, 14 ], [ 1, 80 ], [ 3, 102 ] ] 
14 15 202 [ [ -2, 14 ], [ 1, 96 ], [ 3, 86 ] ] 
14 15 203 [ [ -2, 14 ], [ 1, 86 ], [ 3, 96 ] ] 
14 15 261 [ [ -2, 14 ], [ 1, 78 ], [ 3, 104 ] ] 
14 15 221 [ [ -2, 14 ], [ 1, 80 ], [ 3, 102 ] ] 
15 16 213 [ [ -2, 15 ], [ 1, 98 ], [ 3, 112 ] ] 
15 16 243 [ [ -2, 15 ], [ 1, 90 ], [ 3, 120 ] ] 
16 17 215 [ [ -2, 16 ], [ 1, 106 ], [ 3, 134 ] ] 
14 15 208 [ [ -2, 14 ], [ 1, 74 ], [ 3, 108 ] ] 
15 16 293 [ [ -2, 15 ], [ 1, 90 ], [ 3, 120 ] ] 
15 16 221 [ [ -2, 15 ], [ 1, 106 ], [ 3, 104 ] ] 
14 15 213 [ [ -2, 14 ], [ 1, 98 ], [ 3, 84 ] ] 
15 16 215 [ [ -2, 15 ], [ 1, 96 ], [ 3, 114 ] ] 
14 15 278 [ [ -2, 14 ], [ 1, 86 ], [ 3, 96 ] ] 
14 15 210 [ [ -2, 14 ], [ 1, 92 ], [ 3, 90 ] ] 
14 15 207 [ [ -2, 14 ], [ 1, 90 ], [ 3, 92 ] ] 
15 16 207 [ [ -2, 15 ], [ 1, 100 ], [ 3, 110 ] ] 
15 16 287 [ [ -2, 15 ], [ 1, 96 ], [ 3, 114 ] ] 
15 16 269 [ [ -2, 15 ], [ 1, 98 ], [ 3, 112 ] ] 
16 17 461 [ [ -2, 16 ], [ 1, 114 ], [ 3, 126 ] ] 
15 16 261 [ [ -2, 15 ], [ 1, 92 ], [ 3, 118 ] ] 
14 15 214 [ [ -2, 14 ], [ 1, 84 ], [ 3, 98 ] ] 
15 16 360 [ [ -2, 15 ], [ 1, 92 ], [ 3, 118 ] ] 
15 16 261 [ [ -2, 15 ], [ 1, 100 ], [ 3, 110 ] ] 
15 16 285 [ [ -2, 15 ], [ 1, 104 ], [ 3, 106 ] ] 
14 15 204 [ [ -2, 14 ], [ 1, 86 ], [ 3, 96 ] ] 
14 15 220 [ [ -2, 14 ], [ 1, 74 ], [ 3, 108 ] ] 
15 16 274 [ [ -2, 15 ], [ 1, 88 ], [ 3, 122 ] ] 
14 15 213 [ [ -2, 14 ], [ 1, 80 ], [ 3, 102 ] ] 
14 15 268 [ [ -2, 14 ], [ 1, 82 ], [ 3, 100 ] ] 
15 16 254 [ [ -2, 15 ], [ 1, 94 ], [ 3, 116 ] ] 
16 17 309 [ [ -2, 16 ], [ 1, 108 ], [ 3, 132 ] ] 
14 15 207 [ [ -2, 14 ], [ 1, 80 ], [ 3, 102 ] ] 
14 15 205 [ [ -2, 14 ], [ 1, 80 ], [ 3, 102 ] ] 
15 16 292 [ [ -2, 15 ], [ 1, 94 ], [ 3, 116 ] ] 
15 16 233 [ [ -2, 15 ], [ 1, 94 ], [ 3, 116 ] ] 
14 15 229 [ [ -2, 14 ], [ 1, 74 ], [ 3, 108 ] ] 
15 16 258 [ [ -2, 15 ], [ 1, 106 ], [ 3, 104 ] ] 
14 15 204 [ [ -2, 14 ], [ 1, 78 ], [ 3, 104 ] ] 
14 15 221 [ [ -2, 14 ], [ 1, 92 ], [ 3, 90 ] ] 
14 15 223 [ [ -2, 14 ], [ 1, 78 ], [ 3, 104 ] ] 
14 15 231 [ [ -2, 14 ], [ 1, 86 ], [ 3, 96 ] ] 
14 15 286 [ [ -2, 14 ], [ 1, 90 ], [ 3, 92 ] ] 
16 17 259 [ [ -2, 16 ], [ 1, 106 ], [ 3, 134 ] ] 
14 15 206 [ [ -2, 14 ], [ 1, 88 ], [ 3, 94 ] ] 
15 16 247 [ [ -2, 15 ], [ 1, 100 ], [ 3, 110 ] ] 
14 15 243 [ [ -2, 14 ], [ 1, 80 ], [ 3, 102 ] ] 
14 15 319 [ [ -2, 14 ], [ 1, 92 ], [ 3, 90 ] ] 
14 15 233 [ [ -2, 14 ], [ 1, 86 ], [ 3, 96 ] ] 
14 15 231 [ [ -2, 14 ], [ 1, 84 ], [ 3, 98 ] ] 
15 16 334 [ [ -2, 15 ], [ 1, 102 ], [ 3, 108 ] ] 
14 15 220 [ [ -2, 14 ], [ 1, 82 ], [ 3, 100 ] ] 
14 15 224 [ [ -2, 14 ], [ 1, 86 ], [ 3, 96 ] ] 
15 16 256 [ [ -2, 15 ], [ 1, 100 ], [ 3, 110 ] ] 
14 15 212 [ [ -2, 14 ], [ 1, 88 ], [ 3, 94 ] ] 
15 16 289 [ [ -2, 15 ], [ 1, 92 ], [ 3, 118 ] ] 
15 16 231 [ [ -2, 15 ], [ 1, 98 ], [ 3, 112 ] ] 
15 16 311 [ [ -2, 15 ], [ 1, 94 ], [ 3, 116 ] ] 
14 15 243 [ [ -2, 14 ], [ 1, 86 ], [ 3, 96 ] ] 
14 15 256 [ [ -2, 14 ], [ 1, 74 ], [ 3, 108 ] ] 
15 16 288 [ [ -2, 15 ], [ 1, 90 ], [ 3, 120 ] ] 
14 15 303 [ [ -2, 14 ], [ 1, 98 ], [ 3, 84 ] ] 
14 15 219 [ [ -2, 14 ], [ 1, 102 ], [ 3, 80 ] ] 
15 16 207 [ [ -2, 15 ], [ 1, 114 ], [ 3, 96 ] ] 
14 15 222 [ [ -2, 14 ], [ 1, 88 ], [ 3, 94 ] ] 
15 16 227 [ [ -2, 15 ], [ 1, 96 ], [ 3, 114 ] ] 
14 15 234 [ [ -2, 14 ], [ 1, 86 ], [ 3, 96 ] ] 
15 16 229 [ [ -2, 15 ], [ 1, 110 ], [ 3, 100 ] ] 
14 15 274 [ [ -2, 14 ], [ 1, 82 ], [ 3, 100 ] ] 
15 16 235 [ [ -2, 15 ], [ 1, 112 ], [ 3, 98 ] ] 
14 15 215 [ [ -2, 14 ], [ 1, 90 ], [ 3, 92 ] ] 
14 15 211 [ [ -2, 14 ], [ 1, 92 ], [ 3, 90 ] ] 
15 16 245 [ [ -2, 15 ], [ 1, 100 ], [ 3, 110 ] ] 
15 16 216 [ [ -2, 15 ], [ 1, 100 ], [ 3, 110 ] ] 
14 15 248 [ [ -2, 14 ], [ 1, 84 ], [ 3, 98 ] ] 
14 15 257 [ [ -2, 14 ], [ 1, 80 ], [ 3, 102 ] ] 
15 16 229 [ [ -2, 15 ], [ 1, 100 ], [ 3, 110 ] ] 
14 15 207 [ [ -2, 14 ], [ 1, 90 ], [ 3, 92 ] ] 
14 15 230 [ [ -2, 14 ], [ 1, 92 ], [ 3, 90 ] ] 
15 16 266 [ [ -2, 15 ], [ 1, 100 ], [ 3, 110 ] ] 
15 16 241 [ [ -2, 15 ], [ 1, 90 ], [ 3, 120 ] ] 
14 15 298 [ [ -2, 14 ], [ 1, 96 ], [ 3, 86 ] ] 
15 16 303 [ [ -2, 15 ], [ 1, 116 ], [ 3, 94 ] ] 
14 15 203 [ [ -2, 14 ], [ 1, 84 ], [ 3, 98 ] ] 
14 15 206 [ [ -2, 14 ], [ 1, 78 ], [ 3, 104 ] ] 
14 15 204 [ [ -2, 14 ], [ 1, 94 ], [ 3, 88 ] ] 
14 15 243 [ [ -2, 14 ], [ 1, 86 ], [ 3, 96 ] ] 
14 15 224 [ [ -2, 14 ], [ 1, 92 ], [ 3, 90 ] ] 
15 16 239 [ [ -2, 15 ], [ 1, 104 ], [ 3, 106 ] ] 
15 16 205 [ [ -2, 15 ], [ 1, 108 ], [ 3, 102 ] ] 
15 16 239 [ [ -2, 15 ], [ 1, 106 ], [ 3, 104 ] ] 
14 15 286 [ [ -2, 14 ], [ 1, 90 ], [ 3, 92 ] ] 
15 16 274 [ [ -2, 15 ], [ 1, 98 ], [ 3, 112 ] ] 
14 15 243 [ [ -2, 14 ], [ 1, 86 ], [ 3, 96 ] ] 
15 16 230 [ [ -2, 15 ], [ 1, 100 ], [ 3, 110 ] ] 
15 16 411 [ [ -2, 15 ], [ 1, 92 ], [ 3, 118 ] ] 
15 16 333 [ [ -2, 15 ], [ 1, 106 ], [ 3, 104 ] ] 
14 15 220 [ [ -2, 14 ], [ 1, 92 ], [ 3, 90 ] ] 
14 15 237 [ [ -2, 14 ], [ 1, 94 ], [ 3, 88 ] ] 
15 16 234 [ [ -2, 15 ], [ 1, 104 ], [ 3, 106 ] ] 
15 16 228 [ [ -2, 15 ], [ 1, 92 ], [ 3, 118 ] ] 
15 16 226 [ [ -2, 15 ], [ 1, 88 ], [ 3, 122 ] ] 
15 16 238 [ [ -2, 15 ], [ 1, 98 ], [ 3, 112 ] ] 
14 15 205 [ [ -2, 14 ], [ 1, 74 ], [ 3, 108 ] ] 
15 16 219 [ [ -2, 15 ], [ 1, 92 ], [ 3, 118 ] ] 
14 15 260 [ [ -2, 14 ], [ 1, 80 ], [ 3, 102 ] ] 
14 15 234 [ [ -2, 14 ], [ 1, 80 ], [ 3, 102 ] ] 
15 16 286 [ [ -2, 15 ], [ 1, 96 ], [ 3, 114 ] ] 
15 16 268 [ [ -2, 15 ], [ 1, 92 ], [ 3, 118 ] ] 
16 17 559 [ [ -2, 16 ], [ 1, 108 ], [ 3, 132 ] ] 
14 15 201 [ [ -2, 14 ], [ 1, 92 ], [ 3, 90 ] ] 
15 16 226 [ [ -2, 15 ], [ 1, 98 ], [ 3, 112 ] ] 
14 15 210 [ [ -2, 14 ], [ 1, 90 ], [ 3, 92 ] ] 
14 15 204 [ [ -2, 14 ], [ 1, 72 ], [ 3, 110 ] ] 
15 16 226 [ [ -2, 15 ], [ 1, 104 ], [ 3, 106 ] ] 
14 15 210 [ [ -2, 14 ], [ 1, 90 ], [ 3, 92 ] ] 
14 15 311 [ [ -2, 14 ], [ 1, 88 ], [ 3, 94 ] ] 
15 16 238 [ [ -2, 15 ], [ 1, 96 ], [ 3, 114 ] ] 
14 15 204 [ [ -2, 14 ], [ 1, 98 ], [ 3, 84 ] ] 
15 16 229 [ [ -2, 15 ], [ 1, 106 ], [ 3, 104 ] ] 
14 15 214 [ [ -2, 14 ], [ 1, 100 ], [ 3, 82 ] ] 
15 16 258 [ [ -2, 15 ], [ 1, 100 ], [ 3, 110 ] ] 
15 16 225 [ [ -2, 15 ], [ 1, 98 ], [ 3, 112 ] ] 
14 15 205 [ [ -2, 14 ], [ 1, 90 ], [ 3, 92 ] ] 
14 15 221 [ [ -2, 14 ], [ 1, 82 ], [ 3, 100 ] ] 
15 16 357 [ [ -2, 15 ], [ 1, 96 ], [ 3, 114 ] ] 
14 15 222 [ [ -2, 14 ], [ 1, 92 ], [ 3, 90 ] ] 
15 16 275 [ [ -2, 15 ], [ 1, 108 ], [ 3, 102 ] ] 
15 16 321 [ [ -2, 15 ], [ 1, 108 ], [ 3, 102 ] ] 
14 15 223 [ [ -2, 14 ], [ 1, 90 ], [ 3, 92 ] ] 
14 15 293 [ [ -2, 14 ], [ 1, 90 ], [ 3, 92 ] ] 
14 15 224 [ [ -2, 14 ], [ 1, 84 ], [ 3, 98 ] ] 
14 15 217 [ [ -2, 14 ], [ 1, 84 ], [ 3, 98 ] ] 
14 15 273 [ [ -2, 14 ], [ 1, 80 ], [ 3, 102 ] ] 
14 15 214 [ [ -2, 14 ], [ 1, 94 ], [ 3, 88 ] ] 
14 15 228 [ [ -2, 14 ], [ 1, 84 ], [ 3, 98 ] ] 
14 15 209 [ [ -2, 14 ], [ 1, 78 ], [ 3, 104 ] ] 
14 15 210 [ [ -2, 14 ], [ 1, 92 ], [ 3, 90 ] ] 
15 16 270 [ [ -2, 15 ], [ 1, 98 ], [ 3, 112 ] ] 
14 15 260 [ [ -2, 14 ], [ 1, 92 ], [ 3, 90 ] ] 
14 15 230 [ [ -2, 14 ], [ 1, 86 ], [ 3, 96 ] ] 
14 15 246 [ [ -2, 14 ], [ 1, 78 ], [ 3, 104 ] ] 
14 15 212 [ [ -2, 14 ], [ 1, 78 ], [ 3, 104 ] ] 
14 15 287 [ [ -2, 14 ], [ 1, 74 ], [ 3, 108 ] ] 
14 15 279 [ [ -2, 14 ], [ 1, 90 ], [ 3, 92 ] ] 
15 16 308 [ [ -2, 15 ], [ 1, 90 ], [ 3, 120 ] ] 
14 15 230 [ [ -2, 14 ], [ 1, 82 ], [ 3, 100 ] ] 
15 16 343 [ [ -2, 15 ], [ 1, 88 ], [ 3, 122 ] ] 
14 15 238 [ [ -2, 14 ], [ 1, 82 ], [ 3, 100 ] ] 
14 15 245 [ [ -2, 14 ], [ 1, 82 ], [ 3, 100 ] ] 
14 15 204 [ [ -2, 14 ], [ 1, 80 ], [ 3, 102 ] ] 
14 15 217 [ [ -2, 14 ], [ 1, 82 ], [ 3, 100 ] ] 
15 16 251 [ [ -2, 15 ], [ 1, 94 ], [ 3, 116 ] ] 
14 15 210 [ [ -2, 14 ], [ 1, 72 ], [ 3, 110 ] ] 
15 16 203 [ [ -2, 15 ], [ 1, 88 ], [ 3, 122 ] ] 
15 16 247 [ [ -2, 15 ], [ 1, 110 ], [ 3, 100 ] ] 
15 16 329 [ [ -2, 15 ], [ 1, 92 ], [ 3, 118 ] ] 
14 15 206 [ [ -2, 14 ], [ 1, 76 ], [ 3, 106 ] ] 
14 15 233 [ [ -2, 14 ], [ 1, 88 ], [ 3, 94 ] ] 
14 15 329 [ [ -2, 14 ], [ 1, 84 ], [ 3, 98 ] ] 
14 15 230 [ [ -2, 14 ], [ 1, 86 ], [ 3, 96 ] ] 
14 15 246 [ [ -2, 14 ], [ 1, 88 ], [ 3, 94 ] ] 
15 16 296 [ [ -2, 15 ], [ 1, 110 ], [ 3, 100 ] ] 
14 15 240 [ [ -2, 14 ], [ 1, 84 ], [ 3, 98 ] ] 
15 16 204 [ [ -2, 15 ], [ 1, 94 ], [ 3, 116 ] ] 
14 15 214 [ [ -2, 14 ], [ 1, 80 ], [ 3, 102 ] ] 
14 15 209 [ [ -2, 14 ], [ 1, 76 ], [ 3, 106 ] ] 
14 15 206 [ [ -2, 14 ], [ 1, 90 ], [ 3, 92 ] ] 
14 15 217 [ [ -2, 14 ], [ 1, 84 ], [ 3, 98 ] ] 
15 16 292 [ [ -2, 15 ], [ 1, 92 ], [ 3, 118 ] ] 
15 16 259 [ [ -2, 15 ], [ 1, 92 ], [ 3, 118 ] ] 
14 15 294 [ [ -2, 14 ], [ 1, 84 ], [ 3, 98 ] ] 
14 15 202 [ [ -2, 14 ], [ 1, 92 ], [ 3, 90 ] ] 
15 16 246 [ [ -2, 15 ], [ 1, 96 ], [ 3, 114 ] ] 
15 16 222 [ [ -2, 15 ], [ 1, 98 ], [ 3, 112 ] ] 
15 16 238 [ [ -2, 15 ], [ 1, 104 ], [ 3, 106 ] ] 
15 16 261 [ [ -2, 15 ], [ 1, 100 ], [ 3, 110 ] ] 
14 15 229 [ [ -2, 14 ], [ 1, 82 ], [ 3, 100 ] ] 
14 15 225 [ [ -2, 14 ], [ 1, 82 ], [ 3, 100 ] ] 
15 16 343 [ [ -2, 15 ], [ 1, 92 ], [ 3, 118 ] ] 
14 15 223 [ [ -2, 14 ], [ 1, 76 ], [ 3, 106 ] ] 
15 16 263 [ [ -2, 15 ], [ 1, 92 ], [ 3, 118 ] ] 
13 14 215 [ [ -2, 13 ], [ 1, 76 ], [ 3, 80 ] ] 
14 15 203 [ [ -2, 14 ], [ 1, 94 ], [ 3, 88 ] ] 
15 16 232 [ [ -2, 15 ], [ 1, 98 ], [ 3, 112 ] ] 
14 15 219 [ [ -2, 14 ], [ 1, 76 ], [ 3, 106 ] ] 
15 16 382 [ [ -2, 15 ], [ 1, 86 ], [ 3, 124 ] ] 
15 16 270 [ [ -2, 15 ], [ 1, 98 ], [ 3, 112 ] ] 
14 15 266 [ [ -2, 14 ], [ 1, 74 ], [ 3, 108 ] ] 
14 15 228 [ [ -2, 14 ], [ 1, 74 ], [ 3, 108 ] ] 
14 15 272 [ [ -2, 14 ], [ 1, 76 ], [ 3, 106 ] ] 
15 16 343 [ [ -2, 15 ], [ 1, 92 ], [ 3, 118 ] ] 
14 15 227 [ [ -2, 14 ], [ 1, 86 ], [ 3, 96 ] ] 
15 16 227 [ [ -2, 15 ], [ 1, 98 ], [ 3, 112 ] ] 
15 16 302 [ [ -2, 15 ], [ 1, 96 ], [ 3, 114 ] ] 
16 17 273 [ [ -2, 16 ], [ 1, 106 ], [ 3, 134 ] ] 
15 16 216 [ [ -2, 15 ], [ 1, 100 ], [ 3, 110 ] ] 
14 15 223 [ [ -2, 14 ], [ 1, 84 ], [ 3, 98 ] ] 
14 15 235 [ [ -2, 14 ], [ 1, 86 ], [ 3, 96 ] ] 
15 16 247 [ [ -2, 15 ], [ 1, 106 ], [ 3, 104 ] ] 
16 17 437 [ [ -2, 16 ], [ 1, 118 ], [ 3, 122 ] ] 
14 15 248 [ [ -2, 14 ], [ 1, 86 ], [ 3, 96 ] ] 
15 16 209 [ [ -2, 15 ], [ 1, 94 ], [ 3, 116 ] ] 
14 15 219 [ [ -2, 14 ], [ 1, 86 ], [ 3, 96 ] ] 
14 15 209 [ [ -2, 14 ], [ 1, 76 ], [ 3, 106 ] ] 
14 15 261 [ [ -2, 14 ], [ 1, 76 ], [ 3, 106 ] ] 
15 16 319 [ [ -2, 15 ], [ 1, 108 ], [ 3, 102 ] ] 
14 15 260 [ [ -2, 14 ], [ 1, 90 ], [ 3, 92 ] ] 
15 16 216 [ [ -2, 15 ], [ 1, 90 ], [ 3, 120 ] ] 
15 16 218 [ [ -2, 15 ], [ 1, 88 ], [ 3, 122 ] ] 
15 16 206 [ [ -2, 15 ], [ 1, 88 ], [ 3, 122 ] ] 
14 15 256 [ [ -2, 14 ], [ 1, 84 ], [ 3, 98 ] ] 
14 15 202 [ [ -2, 14 ], [ 1, 72 ], [ 3, 110 ] ] 
15 16 265 [ [ -2, 15 ], [ 1, 96 ], [ 3, 114 ] ] 
15 16 201 [ [ -2, 15 ], [ 1, 94 ], [ 3, 116 ] ] 
14 15 234 [ [ -2, 14 ], [ 1, 92 ], [ 3, 90 ] ] 
14 15 261 [ [ -2, 14 ], [ 1, 90 ], [ 3, 92 ] ] 
14 15 225 [ [ -2, 14 ], [ 1, 88 ], [ 3, 94 ] ] 
14 15 231 [ [ -2, 14 ], [ 1, 88 ], [ 3, 94 ] ] 
14 15 219 [ [ -2, 14 ], [ 1, 80 ], [ 3, 102 ] ] 
15 16 220 [ [ -2, 15 ], [ 1, 94 ], [ 3, 116 ] ] 
15 16 388 [ [ -2, 15 ], [ 1, 88 ], [ 3, 122 ] ] 
14 15 226 [ [ -2, 14 ], [ 1, 82 ], [ 3, 100 ] ] 
15 16 347 [ [ -2, 15 ], [ 1, 90 ], [ 3, 120 ] ] 
13 14 211 [ [ -2, 13 ], [ 1, 70 ], [ 3, 86 ] ] 
14 15 244 [ [ -2, 14 ], [ 1, 94 ], [ 3, 88 ] ] 
15 16 264 [ [ -2, 15 ], [ 1, 112 ], [ 3, 98 ] ] 
14 15 202 [ [ -2, 14 ], [ 1, 84 ], [ 3, 98 ] ] 
15 16 212 [ [ -2, 15 ], [ 1, 90 ], [ 3, 120 ] ] 
15 16 279 [ [ -2, 15 ], [ 1, 92 ], [ 3, 118 ] ] 
14 15 216 [ [ -2, 14 ], [ 1, 88 ], [ 3, 94 ] ] 
14 15 254 [ [ -2, 14 ], [ 1, 84 ], [ 3, 98 ] ] 
14 15 239 [ [ -2, 14 ], [ 1, 84 ], [ 3, 98 ] ] 
14 15 217 [ [ -2, 14 ], [ 1, 92 ], [ 3, 90 ] ] 
15 16 213 [ [ -2, 15 ], [ 1, 92 ], [ 3, 118 ] ] 
14 15 222 [ [ -2, 14 ], [ 1, 80 ], [ 3, 102 ] ] 
14 15 218 [ [ -2, 14 ], [ 1, 82 ], [ 3, 100 ] ] 
15 16 248 [ [ -2, 15 ], [ 1, 104 ], [ 3, 106 ] ] 
14 15 264 [ [ -2, 14 ], [ 1, 76 ], [ 3, 106 ] ] 
14 15 216 [ [ -2, 14 ], [ 1, 78 ], [ 3, 104 ] ] 
14 15 202 [ [ -2, 14 ], [ 1, 80 ], [ 3, 102 ] ] 
15 16 227 [ [ -2, 15 ], [ 1, 94 ], [ 3, 116 ] ] 
14 15 235 [ [ -2, 14 ], [ 1, 76 ], [ 3, 106 ] ] 
14 15 204 [ [ -2, 14 ], [ 1, 76 ], [ 3, 106 ] ] 
15 16 324 [ [ -2, 15 ], [ 1, 86 ], [ 3, 124 ] ] 
15 16 301 [ [ -2, 15 ], [ 1, 102 ], [ 3, 108 ] ] 
15 16 212 [ [ -2, 15 ], [ 1, 98 ], [ 3, 112 ] ] 
15 16 230 [ [ -2, 15 ], [ 1, 100 ], [ 3, 110 ] ] 
15 16 225 [ [ -2, 15 ], [ 1, 92 ], [ 3, 118 ] ] 
15 16 285 [ [ -2, 15 ], [ 1, 98 ], [ 3, 112 ] ] 
14 15 274 [ [ -2, 14 ], [ 1, 74 ], [ 3, 108 ] ] 
15 16 254 [ [ -2, 15 ], [ 1, 100 ], [ 3, 110 ] ] 
15 16 386 [ [ -2, 15 ], [ 1, 98 ], [ 3, 112 ] ] 
14 15 212 [ [ -2, 14 ], [ 1, 84 ], [ 3, 98 ] ] 
13 14 211 [ [ -2, 13 ], [ 1, 66 ], [ 3, 90 ] ] 
14 15 309 [ [ -2, 14 ], [ 1, 84 ], [ 3, 98 ] ] 
14 15 204 [ [ -2, 14 ], [ 1, 78 ], [ 3, 104 ] ] 
14 15 202 [ [ -2, 14 ], [ 1, 76 ], [ 3, 106 ] ] 
14 15 236 [ [ -2, 14 ], [ 1, 82 ], [ 3, 100 ] ] 
14 15 202 [ [ -2, 14 ], [ 1, 84 ], [ 3, 98 ] ] 
14 15 218 [ [ -2, 14 ], [ 1, 88 ], [ 3, 94 ] ] 
15 16 356 [ [ -2, 15 ], [ 1, 94 ], [ 3, 116 ] ] 
15 16 216 [ [ -2, 15 ], [ 1, 98 ], [ 3, 112 ] ] 
14 15 269 [ [ -2, 14 ], [ 1, 88 ], [ 3, 94 ] ] 
14 15 202 [ [ -2, 14 ], [ 1, 88 ], [ 3, 94 ] ] 
14 15 221 [ [ -2, 14 ], [ 1, 86 ], [ 3, 96 ] ] 
14 15 214 [ [ -2, 14 ], [ 1, 86 ], [ 3, 96 ] ] 
14 15 290 [ [ -2, 14 ], [ 1, 88 ], [ 3, 94 ] ] 
14 15 201 [ [ -2, 14 ], [ 1, 100 ], [ 3, 82 ] ] 
14 15 220 [ [ -2, 14 ], [ 1, 84 ], [ 3, 98 ] ] 
15 16 287 [ [ -2, 15 ], [ 1, 96 ], [ 3, 114 ] ] 
14 15 235 [ [ -2, 14 ], [ 1, 78 ], [ 3, 104 ] ] 
15 16 219 [ [ -2, 15 ], [ 1, 112 ], [ 3, 98 ] ] 
14 15 217 [ [ -2, 14 ], [ 1, 86 ], [ 3, 96 ] ] 
14 15 216 [ [ -2, 14 ], [ 1, 86 ], [ 3, 96 ] ] 
15 16 288 [ [ -2, 15 ], [ 1, 102 ], [ 3, 108 ] ] 
16 17 249 [ [ -2, 16 ], [ 1, 114 ], [ 3, 126 ] ] 
14 15 210 [ [ -2, 14 ], [ 1, 84 ], [ 3, 98 ] ] 
15 16 251 [ [ -2, 15 ], [ 1, 100 ], [ 3, 110 ] ] 
14 15 224 [ [ -2, 14 ], [ 1, 84 ], [ 3, 98 ] ] 
15 16 242 [ [ -2, 15 ], [ 1, 104 ], [ 3, 106 ] ] 
15 16 218 [ [ -2, 15 ], [ 1, 98 ], [ 3, 112 ] ] 
15 16 273 [ [ -2, 15 ], [ 1, 96 ], [ 3, 114 ] ] 
14 15 210 [ [ -2, 14 ], [ 1, 84 ], [ 3, 98 ] ] 
14 15 210 [ [ -2, 14 ], [ 1, 86 ], [ 3, 96 ] ] 
14 15 223 [ [ -2, 14 ], [ 1, 80 ], [ 3, 102 ] ] 
14 15 216 [ [ -2, 14 ], [ 1, 82 ], [ 3, 100 ] ] 
14 15 253 [ [ -2, 14 ], [ 1, 82 ], [ 3, 100 ] ] 
15 16 213 [ [ -2, 15 ], [ 1, 102 ], [ 3, 108 ] ] 
14 15 229 [ [ -2, 14 ], [ 1, 82 ], [ 3, 100 ] ] 
14 15 229 [ [ -2, 14 ], [ 1, 74 ], [ 3, 108 ] ] 
15 16 282 [ [ -2, 15 ], [ 1, 86 ], [ 3, 124 ] ] 
14 15 221 [ [ -2, 14 ], [ 1, 80 ], [ 3, 102 ] ] 
14 15 217 [ [ -2, 14 ], [ 1, 76 ], [ 3, 106 ] ] 
14 15 212 [ [ -2, 14 ], [ 1, 92 ], [ 3, 90 ] ] 
15 16 280 [ [ -2, 15 ], [ 1, 108 ], [ 3, 102 ] ] 
15 16 204 [ [ -2, 15 ], [ 1, 98 ], [ 3, 112 ] ] 
15 16 262 [ [ -2, 15 ], [ 1, 96 ], [ 3, 114 ] ] 
14 15 206 [ [ -2, 14 ], [ 1, 72 ], [ 3, 110 ] ] 
14 15 217 [ [ -2, 14 ], [ 1, 82 ], [ 3, 100 ] ] 
14 15 214 [ [ -2, 14 ], [ 1, 84 ], [ 3, 98 ] ] 
15 16 202 [ [ -2, 15 ], [ 1, 108 ], [ 3, 102 ] ] 
14 15 240 [ [ -2, 14 ], [ 1, 92 ], [ 3, 90 ] ] 
14 15 212 [ [ -2, 14 ], [ 1, 82 ], [ 3, 100 ] ] 
14 15 263 [ [ -2, 14 ], [ 1, 70 ], [ 3, 112 ] ] 
14 15 222 [ [ -2, 14 ], [ 1, 92 ], [ 3, 90 ] ] 
13 14 217 [ [ -2, 13 ], [ 1, 72 ], [ 3, 84 ] ] 
15 16 253 [ [ -2, 15 ], [ 1, 90 ], [ 3, 120 ] ] 
14 15 204 [ [ -2, 14 ], [ 1, 84 ], [ 3, 98 ] ] 
14 15 261 [ [ -2, 14 ], [ 1, 84 ], [ 3, 98 ] ] 
14 15 216 [ [ -2, 14 ], [ 1, 80 ], [ 3, 102 ] ] 
14 15 205 [ [ -2, 14 ], [ 1, 80 ], [ 3, 102 ] ] 
15 16 209 [ [ -2, 15 ], [ 1, 104 ], [ 3, 106 ] ] 
14 15 234 [ [ -2, 14 ], [ 1, 86 ], [ 3, 96 ] ] 
15 16 296 [ [ -2, 15 ], [ 1, 98 ], [ 3, 112 ] ] 
15 16 353 [ [ -2, 15 ], [ 1, 112 ], [ 3, 98 ] ] 
15 16 216 [ [ -2, 15 ], [ 1, 102 ], [ 3, 108 ] ] 
15 16 332 [ [ -2, 15 ], [ 1, 98 ], [ 3, 112 ] ] 
15 16 308 [ [ -2, 15 ], [ 1, 94 ], [ 3, 116 ] ] 
14 15 207 [ [ -2, 14 ], [ 1, 90 ], [ 3, 92 ] ] 
15 16 520 [ [ -2, 15 ], [ 1, 106 ], [ 3, 104 ] ] 
14 15 232 [ [ -2, 14 ], [ 1, 84 ], [ 3, 98 ] ] 
14 15 244 [ [ -2, 14 ], [ 1, 98 ], [ 3, 84 ] ] 
14 15 216 [ [ -2, 14 ], [ 1, 82 ], [ 3, 100 ] ] 
14 15 205 [ [ -2, 14 ], [ 1, 86 ], [ 3, 96 ] ] 
14 15 217 [ [ -2, 14 ], [ 1, 80 ], [ 3, 102 ] ] 
14 15 235 [ [ -2, 14 ], [ 1, 86 ], [ 3, 96 ] ] 
14 15 272 [ [ -2, 14 ], [ 1, 98 ], [ 3, 84 ] ] 
14 15 274 [ [ -2, 14 ], [ 1, 86 ], [ 3, 96 ] ] 
14 15 260 [ [ -2, 14 ], [ 1, 82 ], [ 3, 100 ] ] 
15 16 361 [ [ -2, 15 ], [ 1, 96 ], [ 3, 114 ] ] 
15 16 293 [ [ -2, 15 ], [ 1, 88 ], [ 3, 122 ] ] 
14 15 223 [ [ -2, 14 ], [ 1, 80 ], [ 3, 102 ] ] 
14 15 228 [ [ -2, 14 ], [ 1, 86 ], [ 3, 96 ] ] 
16 17 266 [ [ -2, 16 ], [ 1, 118 ], [ 3, 122 ] ] 
15 16 207 [ [ -2, 15 ], [ 1, 98 ], [ 3, 112 ] ] 
14 15 218 [ [ -2, 14 ], [ 1, 84 ], [ 3, 98 ] ] 
15 16 251 [ [ -2, 15 ], [ 1, 100 ], [ 3, 110 ] ] 
15 16 235 [ [ -2, 15 ], [ 1, 106 ], [ 3, 104 ] ] 
15 16 432 [ [ -2, 15 ], [ 1, 94 ], [ 3, 116 ] ] 
15 16 294 [ [ -2, 15 ], [ 1, 108 ], [ 3, 102 ] ] 
14 15 289 [ [ -2, 14 ], [ 1, 88 ], [ 3, 94 ] ] 
14 15 208 [ [ -2, 14 ], [ 1, 102 ], [ 3, 80 ] ] 
14 15 237 [ [ -2, 14 ], [ 1, 90 ], [ 3, 92 ] ] 
14 15 211 [ [ -2, 14 ], [ 1, 102 ], [ 3, 80 ] ] 
15 16 236 [ [ -2, 15 ], [ 1, 104 ], [ 3, 106 ] ] 
14 15 215 [ [ -2, 14 ], [ 1, 88 ], [ 3, 94 ] ] 
14 15 204 [ [ -2, 14 ], [ 1, 82 ], [ 3, 100 ] ] 
14 15 236 [ [ -2, 14 ], [ 1, 76 ], [ 3, 106 ] ] 
14 15 204 [ [ -2, 14 ], [ 1, 84 ], [ 3, 98 ] ] 
14 15 292 [ [ -2, 14 ], [ 1, 82 ], [ 3, 100 ] ] 
15 16 214 [ [ -2, 15 ], [ 1, 96 ], [ 3, 114 ] ] 
15 16 240 [ [ -2, 15 ], [ 1, 90 ], [ 3, 120 ] ] 
14 15 223 [ [ -2, 14 ], [ 1, 86 ], [ 3, 96 ] ] 
15 16 284 [ [ -2, 15 ], [ 1, 102 ], [ 3, 108 ] ] 
14 15 233 [ [ -2, 14 ], [ 1, 82 ], [ 3, 100 ] ] 
15 16 282 [ [ -2, 15 ], [ 1, 98 ], [ 3, 112 ] ] 
14 15 270 [ [ -2, 14 ], [ 1, 86 ], [ 3, 96 ] ] 
14 15 243 [ [ -2, 14 ], [ 1, 86 ], [ 3, 96 ] ] 
14 15 243 [ [ -2, 14 ], [ 1, 86 ], [ 3, 96 ] ] 
14 15 258 [ [ -2, 14 ], [ 1, 98 ], [ 3, 84 ] ] 
14 15 206 [ [ -2, 14 ], [ 1, 80 ], [ 3, 102 ] ] 
14 15 243 [ [ -2, 14 ], [ 1, 94 ], [ 3, 88 ] ] 
14 15 235 [ [ -2, 14 ], [ 1, 78 ], [ 3, 104 ] ] 
15 16 275 [ [ -2, 15 ], [ 1, 96 ], [ 3, 114 ] ] 
15 16 302 [ [ -2, 15 ], [ 1, 100 ], [ 3, 110 ] ] 
15 16 334 [ [ -2, 15 ], [ 1, 110 ], [ 3, 100 ] ] 
14 15 240 [ [ -2, 14 ], [ 1, 102 ], [ 3, 80 ] ] 
14 15 202 [ [ -2, 14 ], [ 1, 86 ], [ 3, 96 ] ] 
15 16 236 [ [ -2, 15 ], [ 1, 86 ], [ 3, 124 ] ] 
15 16 246 [ [ -2, 15 ], [ 1, 82 ], [ 3, 128 ] ] 
14 15 243 [ [ -2, 14 ], [ 1, 94 ], [ 3, 88 ] ] 
14 15 261 [ [ -2, 14 ], [ 1, 88 ], [ 3, 94 ] ] 
15 16 287 [ [ -2, 15 ], [ 1, 120 ], [ 3, 90 ] ] 
15 16 329 [ [ -2, 15 ], [ 1, 96 ], [ 3, 114 ] ] 
15 16 231 [ [ -2, 15 ], [ 1, 104 ], [ 3, 106 ] ] 
14 15 205 [ [ -2, 14 ], [ 1, 86 ], [ 3, 96 ] ] 
15 16 266 [ [ -2, 15 ], [ 1, 98 ], [ 3, 112 ] ] 
15 16 266 [ [ -2, 15 ], [ 1, 98 ], [ 3, 112 ] ] 
14 15 237 [ [ -2, 14 ], [ 1, 92 ], [ 3, 90 ] ] 
14 15 209 [ [ -2, 14 ], [ 1, 84 ], [ 3, 98 ] ] 
15 16 323 [ [ -2, 15 ], [ 1, 96 ], [ 3, 114 ] ] 
14 15 214 [ [ -2, 14 ], [ 1, 84 ], [ 3, 98 ] ] 
14 15 205 [ [ -2, 14 ], [ 1, 94 ], [ 3, 88 ] ] 
14 15 236 [ [ -2, 14 ], [ 1, 92 ], [ 3, 90 ] ] 
14 15 227 [ [ -2, 14 ], [ 1, 76 ], [ 3, 106 ] ] 
15 16 224 [ [ -2, 15 ], [ 1, 108 ], [ 3, 102 ] ] 
15 16 210 [ [ -2, 15 ], [ 1, 104 ], [ 3, 106 ] ] 
14 15 232 [ [ -2, 14 ], [ 1, 82 ], [ 3, 100 ] ] 
14 15 203 [ [ -2, 14 ], [ 1, 88 ], [ 3, 94 ] ] 
14 15 205 [ [ -2, 14 ], [ 1, 80 ], [ 3, 102 ] ] 
14 15 206 [ [ -2, 14 ], [ 1, 82 ], [ 3, 100 ] ] 
15 16 209 [ [ -2, 15 ], [ 1, 96 ], [ 3, 114 ] ] 
15 16 251 [ [ -2, 15 ], [ 1, 90 ], [ 3, 120 ] ] 
15 16 287 [ [ -2, 15 ], [ 1, 108 ], [ 3, 102 ] ] 
14 15 222 [ [ -2, 14 ], [ 1, 80 ], [ 3, 102 ] ] 
15 16 294 [ [ -2, 15 ], [ 1, 102 ], [ 3, 108 ] ] 
14 15 205 [ [ -2, 14 ], [ 1, 84 ], [ 3, 98 ] ] 
15 16 205 [ [ -2, 15 ], [ 1, 102 ], [ 3, 108 ] ] 
14 15 224 [ [ -2, 14 ], [ 1, 84 ], [ 3, 98 ] ] 
15 16 228 [ [ -2, 15 ], [ 1, 96 ], [ 3, 114 ] ] 
15 16 209 [ [ -2, 15 ], [ 1, 94 ], [ 3, 116 ] ] 
14 15 250 [ [ -2, 14 ], [ 1, 76 ], [ 3, 106 ] ] 
15 16 351 [ [ -2, 15 ], [ 1, 94 ], [ 3, 116 ] ] 
14 15 218 [ [ -2, 14 ], [ 1, 76 ], [ 3, 106 ] ] 
14 15 213 [ [ -2, 14 ], [ 1, 74 ], [ 3, 108 ] ] 
14 15 244 [ [ -2, 14 ], [ 1, 78 ], [ 3, 104 ] ] 
14 15 201 [ [ -2, 14 ], [ 1, 82 ], [ 3, 100 ] ] 
14 15 272 [ [ -2, 14 ], [ 1, 76 ], [ 3, 106 ] ] 
14 15 204 [ [ -2, 14 ], [ 1, 78 ], [ 3, 104 ] ] 
16 17 232 [ [ -2, 16 ], [ 1, 106 ], [ 3, 134 ] ] 
14 15 223 [ [ -2, 14 ], [ 1, 76 ], [ 3, 106 ] ] 
13 14 226 [ [ -2, 13 ], [ 1, 72 ], [ 3, 84 ] ] 
15 16 370 [ [ -2, 15 ], [ 1, 88 ], [ 3, 122 ] ] 
14 15 217 [ [ -2, 14 ], [ 1, 82 ], [ 3, 100 ] ] 
15 16 350 [ [ -2, 15 ], [ 1, 102 ], [ 3, 108 ] ] 
14 15 229 [ [ -2, 14 ], [ 1, 80 ], [ 3, 102 ] ] 
15 16 210 [ [ -2, 15 ], [ 1, 104 ], [ 3, 106 ] ] 
14 15 219 [ [ -2, 14 ], [ 1, 72 ], [ 3, 110 ] ] 
14 15 285 [ [ -2, 14 ], [ 1, 72 ], [ 3, 110 ] ] 
15 16 246 [ [ -2, 15 ], [ 1, 84 ], [ 3, 126 ] ] 
14 15 202 [ [ -2, 14 ], [ 1, 78 ], [ 3, 104 ] ] 
14 15 221 [ [ -2, 14 ], [ 1, 84 ], [ 3, 98 ] ] 
14 15 294 [ [ -2, 14 ], [ 1, 76 ], [ 3, 106 ] ] 
14 15 214 [ [ -2, 14 ], [ 1, 80 ], [ 3, 102 ] ] 
14 15 206 [ [ -2, 14 ], [ 1, 78 ], [ 3, 104 ] ] 
14 15 288 [ [ -2, 14 ], [ 1, 70 ], [ 3, 112 ] ] 
14 15 202 [ [ -2, 14 ], [ 1, 76 ], [ 3, 106 ] ] 
14 15 221 [ [ -2, 14 ], [ 1, 88 ], [ 3, 94 ] ] 
15 16 218 [ [ -2, 15 ], [ 1, 94 ], [ 3, 116 ] ] 
14 15 201 [ [ -2, 14 ], [ 1, 78 ], [ 3, 104 ] ] 
14 15 266 [ [ -2, 14 ], [ 1, 72 ], [ 3, 110 ] ] 
14 15 204 [ [ -2, 14 ], [ 1, 88 ], [ 3, 94 ] ] 
14 15 263 [ [ -2, 14 ], [ 1, 86 ], [ 3, 96 ] ] 
14 15 218 [ [ -2, 14 ], [ 1, 84 ], [ 3, 98 ] ] 
14 15 231 [ [ -2, 14 ], [ 1, 78 ], [ 3, 104 ] ] 
14 15 206 [ [ -2, 14 ], [ 1, 80 ], [ 3, 102 ] ] 
14 15 227 [ [ -2, 14 ], [ 1, 86 ], [ 3, 96 ] ] 
15 16 333 [ [ -2, 15 ], [ 1, 94 ], [ 3, 116 ] ] 
14 15 224 [ [ -2, 14 ], [ 1, 82 ], [ 3, 100 ] ] 
14 15 217 [ [ -2, 14 ], [ 1, 76 ], [ 3, 106 ] ] 
15 16 261 [ [ -2, 15 ], [ 1, 94 ], [ 3, 116 ] ] 
14 15 286 [ [ -2, 14 ], [ 1, 80 ], [ 3, 102 ] ] 
14 15 224 [ [ -2, 14 ], [ 1, 92 ], [ 3, 90 ] ] 
15 16 214 [ [ -2, 15 ], [ 1, 92 ], [ 3, 118 ] ] 
14 15 234 [ [ -2, 14 ], [ 1, 84 ], [ 3, 98 ] ] 
14 15 250 [ [ -2, 14 ], [ 1, 82 ], [ 3, 100 ] ] 
15 16 223 [ [ -2, 15 ], [ 1, 94 ], [ 3, 116 ] ] 
15 16 203 [ [ -2, 15 ], [ 1, 106 ], [ 3, 104 ] ] 
Error, user interrupt in
  return fail; at /usr/local/Cellar/gap/4.15.1/share/gap/lib/vecmat.gi:1333 called from 
ConvertToVectorRepNC( vc, f 
 ); at /usr/local/Cellar/gap/4.15.1/share/gap/lib/matrix.gi:2531 called from
SemiEchelonMatTransformation( mat 
 ) at /usr/local/Cellar/gap/4.15.1/share/gap/lib/matrix.gi:2201 called from
NullspaceMat( TransposedMat( [ v * sQ ] ) ) at gapReads/LatticeTools.txt:40 called from
signaturejob( dim, Q ); at gapReads/LatticeTools.txt:48 called from
SignatureQ( tGram ) at SplitConsTools.g:175 called from
...  at Task20260922Vc.g:40
you can 'return;'
brk> quit;
gap> restart();
