sessionnumb  20260924122212 
16 17 420 [ [ -2, 16 ], [ 1, 104 ], [ 3, 136 ] ] 
17 18 459 [ [ -2, 17 ], [ 1, 130 ], [ 3, 142 ] ] 
16 17 402 [ [ -2, 16 ], [ 1, 118 ], [ 3, 122 ] ] 
16 17 495 [ [ -2, 16 ], [ 1, 122 ], [ 3, 118 ] ] 
15 16 402 [ [ -2, 15 ], [ 1, 100 ], [ 3, 110 ] ] 
16 17 519 [ [ -2, 16 ], [ 1, 108 ], [ 3, 132 ] ] 
18 19 620 [ [ -2, 18 ], [ 1, 138 ], [ 3, 168 ] ] 
16 17 465 [ [ -2, 16 ], [ 1, 120 ], [ 3, 120 ] ] 
17 18 777 [ [ -2, 17 ], [ 1, 138 ], [ 3, 134 ] ] 
15 16 442 [ [ -2, 15 ], [ 1, 100 ], [ 3, 110 ] ] 
17 18 429 [ [ -2, 17 ], [ 1, 128 ], [ 3, 144 ] ] 
17 18 429 [ [ -2, 17 ], [ 1, 116 ], [ 3, 156 ] ] 
15 16 407 [ [ -2, 15 ], [ 1, 104 ], [ 3, 106 ] ] 
16 17 402 [ [ -2, 16 ], [ 1, 108 ], [ 3, 132 ] ] 
15 16 416 [ [ -2, 15 ], [ 1, 90 ], [ 3, 120 ] ] 
15 16 444 [ [ -2, 15 ], [ 1, 102 ], [ 3, 108 ] ] 
15 16 475 [ [ -2, 15 ], [ 1, 100 ], [ 3, 110 ] ] 
15 16 421 [ [ -2, 15 ], [ 1, 98 ], [ 3, 112 ] ] 
15 16 414 [ [ -2, 15 ], [ 1, 108 ], [ 3, 102 ] ] 
15 16 428 [ [ -2, 15 ], [ 1, 114 ], [ 3, 96 ] ] 
16 17 480 [ [ -2, 16 ], [ 1, 114 ], [ 3, 126 ] ] 
15 16 404 [ [ -2, 15 ], [ 1, 98 ], [ 3, 112 ] ] 
18 19 862 [ [ -2, 18 ], [ 1, 162 ], [ 3, 144 ] ] 
17 18 481 [ [ -2, 17 ], [ 1, 144 ], [ 3, 128 ] ] 
16 17 649 [ [ -2, 16 ], [ 1, 112 ], [ 3, 128 ] ] 
17 18 1084 [ [ -2, 17 ], [ 1, 132 ], [ 3, 140 ] ] 
17 18 1084 [ [ -2, 17 ], [ 1, 124 ], [ 3, 148 ] ] 
16 17 409 [ [ -2, 16 ], [ 1, 104 ], [ 3, 136 ] ] 
16 17 425 [ [ -2, 16 ], [ 1, 116 ], [ 3, 124 ] ] 
15 16 478 [ [ -2, 15 ], [ 1, 112 ], [ 3, 98 ] ] 
16 17 479 [ [ -2, 16 ], [ 1, 108 ], [ 3, 132 ] ] 
16 17 407 [ [ -2, 16 ], [ 1, 102 ], [ 3, 138 ] ] 
15 16 432 [ [ -2, 15 ], [ 1, 90 ], [ 3, 120 ] ] 
16 17 412 [ [ -2, 16 ], [ 1, 128 ], [ 3, 112 ] ] 
16 17 463 [ [ -2, 16 ], [ 1, 132 ], [ 3, 108 ] ] 
16 17 433 [ [ -2, 16 ], [ 1, 128 ], [ 3, 112 ] ] 
17 18 570 [ [ -2, 17 ], [ 1, 132 ], [ 3, 140 ] ] 
17 18 782 [ [ -2, 17 ], [ 1, 134 ], [ 3, 138 ] ] 
16 17 495 [ [ -2, 16 ], [ 1, 102 ], [ 3, 138 ] ] 
15 16 413 [ [ -2, 15 ], [ 1, 116 ], [ 3, 94 ] ] 
17 18 556 [ [ -2, 17 ], [ 1, 120 ], [ 3, 152 ] ] 
17 18 556 [ [ -2, 17 ], [ 1, 120 ], [ 3, 152 ] ] 
18 19 424 [ [ -2, 18 ], [ 1, 138 ], [ 3, 168 ] ] 
18 19 424 [ [ -2, 18 ], [ 1, 144 ], [ 3, 162 ] ] 
16 17 484 [ [ -2, 16 ], [ 1, 114 ], [ 3, 126 ] ] 
17 18 417 [ [ -2, 17 ], [ 1, 164 ], [ 3, 108 ] ] 
16 17 401 [ [ -2, 16 ], [ 1, 108 ], [ 3, 132 ] ] 
15 16 421 [ [ -2, 15 ], [ 1, 84 ], [ 3, 126 ] ] 
16 17 505 [ [ -2, 16 ], [ 1, 122 ], [ 3, 118 ] ] 
16 17 478 [ [ -2, 16 ], [ 1, 112 ], [ 3, 128 ] ] 
16 17 419 [ [ -2, 16 ], [ 1, 118 ], [ 3, 122 ] ] 
16 17 404 [ [ -2, 16 ], [ 1, 122 ], [ 3, 118 ] ] 
15 16 492 [ [ -2, 15 ], [ 1, 94 ], [ 3, 116 ] ] 
17 18 622 [ [ -2, 17 ], [ 1, 126 ], [ 3, 146 ] ] 
15 16 401 [ [ -2, 15 ], [ 1, 100 ], [ 3, 110 ] ] 
16 17 405 [ [ -2, 16 ], [ 1, 108 ], [ 3, 132 ] ] 
17 18 412 [ [ -2, 17 ], [ 1, 132 ], [ 3, 140 ] ] 
15 16 453 [ [ -2, 15 ], [ 1, 102 ], [ 3, 108 ] ] 
16 17 431 [ [ -2, 16 ], [ 1, 116 ], [ 3, 124 ] ] 
16 17 571 [ [ -2, 16 ], [ 1, 122 ], [ 3, 118 ] ] 
16 17 407 [ [ -2, 16 ], [ 1, 114 ], [ 3, 126 ] ] 
17 18 455 [ [ -2, 17 ], [ 1, 126 ], [ 3, 146 ] ] 
16 17 470 [ [ -2, 16 ], [ 1, 120 ], [ 3, 120 ] ] 
16 17 521 [ [ -2, 16 ], [ 1, 108 ], [ 3, 132 ] ] 
16 17 534 [ [ -2, 16 ], [ 1, 114 ], [ 3, 126 ] ] 
16 17 428 [ [ -2, 16 ], [ 1, 122 ], [ 3, 118 ] ] 
15 16 466 [ [ -2, 15 ], [ 1, 98 ], [ 3, 112 ] ] 
16 17 476 [ [ -2, 16 ], [ 1, 108 ], [ 3, 132 ] ] 
16 17 468 [ [ -2, 16 ], [ 1, 116 ], [ 3, 124 ] ] 
15 16 444 [ [ -2, 15 ], [ 1, 112 ], [ 3, 98 ] ] 
15 16 448 [ [ -2, 15 ], [ 1, 106 ], [ 3, 104 ] ] 
16 17 497 [ [ -2, 16 ], [ 1, 128 ], [ 3, 112 ] ] 
17 18 468 [ [ -2, 17 ], [ 1, 122 ], [ 3, 150 ] ] 
16 17 401 [ [ -2, 16 ], [ 1, 120 ], [ 3, 120 ] ] 
17 18 516 [ [ -2, 17 ], [ 1, 132 ], [ 3, 140 ] ] 
15 16 477 [ [ -2, 15 ], [ 1, 86 ], [ 3, 124 ] ] 
16 17 406 [ [ -2, 16 ], [ 1, 108 ], [ 3, 132 ] ] 
17 18 474 [ [ -2, 17 ], [ 1, 126 ], [ 3, 146 ] ] 
15 16 402 [ [ -2, 15 ], [ 1, 106 ], [ 3, 104 ] ] 
16 17 594 [ [ -2, 16 ], [ 1, 106 ], [ 3, 134 ] ] 
16 17 486 [ [ -2, 16 ], [ 1, 108 ], [ 3, 132 ] ] 
16 17 486 [ [ -2, 16 ], [ 1, 108 ], [ 3, 132 ] ] 
17 18 536 [ [ -2, 17 ], [ 1, 130 ], [ 3, 142 ] ] 
17 18 473 [ [ -2, 17 ], [ 1, 132 ], [ 3, 140 ] ] 
16 17 475 [ [ -2, 16 ], [ 1, 144 ], [ 3, 96 ] ] 
16 17 480 [ [ -2, 16 ], [ 1, 132 ], [ 3, 108 ] ] 
16 17 551 [ [ -2, 16 ], [ 1, 108 ], [ 3, 132 ] ] 
15 16 410 [ [ -2, 15 ], [ 1, 116 ], [ 3, 94 ] ] 
16 17 476 [ [ -2, 16 ], [ 1, 110 ], [ 3, 130 ] ] 
16 17 403 [ [ -2, 16 ], [ 1, 114 ], [ 3, 126 ] ] 
17 18 448 [ [ -2, 17 ], [ 1, 112 ], [ 3, 160 ] ] 
15 16 405 [ [ -2, 15 ], [ 1, 114 ], [ 3, 96 ] ] 
17 18 526 [ [ -2, 17 ], [ 1, 116 ], [ 3, 156 ] ] 
16 17 522 [ [ -2, 16 ], [ 1, 120 ], [ 3, 120 ] ] 
16 17 532 [ [ -2, 16 ], [ 1, 108 ], [ 3, 132 ] ] 
15 16 407 [ [ -2, 15 ], [ 1, 100 ], [ 3, 110 ] ] 
16 17 415 [ [ -2, 16 ], [ 1, 130 ], [ 3, 110 ] ] 
15 16 437 [ [ -2, 15 ], [ 1, 88 ], [ 3, 122 ] ] 
16 17 443 [ [ -2, 16 ], [ 1, 100 ], [ 3, 140 ] ] 
17 18 1067 [ [ -2, 17 ], [ 1, 128 ], [ 3, 144 ] ] 
16 17 419 [ [ -2, 16 ], [ 1, 110 ], [ 3, 130 ] ] 
16 17 481 [ [ -2, 16 ], [ 1, 116 ], [ 3, 124 ] ] 
15 16 444 [ [ -2, 15 ], [ 1, 102 ], [ 3, 108 ] ] 
16 17 471 [ [ -2, 16 ], [ 1, 112 ], [ 3, 128 ] ] 
17 18 614 [ [ -2, 17 ], [ 1, 122 ], [ 3, 150 ] ] 
15 16 494 [ [ -2, 15 ], [ 1, 98 ], [ 3, 112 ] ] 
16 17 575 [ [ -2, 16 ], [ 1, 112 ], [ 3, 128 ] ] 
17 18 716 [ [ -2, 17 ], [ 1, 126 ], [ 3, 146 ] ] 
16 17 424 [ [ -2, 16 ], [ 1, 118 ], [ 3, 122 ] ] 
16 17 548 [ [ -2, 16 ], [ 1, 106 ], [ 3, 134 ] ] 
16 17 470 [ [ -2, 16 ], [ 1, 114 ], [ 3, 126 ] ] 
15 16 410 [ [ -2, 15 ], [ 1, 100 ], [ 3, 110 ] ] 
16 17 547 [ [ -2, 16 ], [ 1, 118 ], [ 3, 122 ] ] 
17 18 700 [ [ -2, 17 ], [ 1, 118 ], [ 3, 154 ] ] 
16 17 517 [ [ -2, 16 ], [ 1, 126 ], [ 3, 114 ] ] 
16 17 433 [ [ -2, 16 ], [ 1, 108 ], [ 3, 132 ] ] 
17 18 463 [ [ -2, 17 ], [ 1, 126 ], [ 3, 146 ] ] 
15 16 416 [ [ -2, 15 ], [ 1, 94 ], [ 3, 116 ] ] 
16 17 419 [ [ -2, 16 ], [ 1, 114 ], [ 3, 126 ] ] 
16 17 408 [ [ -2, 16 ], [ 1, 112 ], [ 3, 128 ] ] 
18 19 857 [ [ -2, 18 ], [ 1, 136 ], [ 3, 170 ] ] 
17 18 676 [ [ -2, 17 ], [ 1, 140 ], [ 3, 132 ] ] 
16 17 430 [ [ -2, 16 ], [ 1, 120 ], [ 3, 120 ] ] 
16 17 499 [ [ -2, 16 ], [ 1, 118 ], [ 3, 122 ] ] 
17 18 410 [ [ -2, 17 ], [ 1, 132 ], [ 3, 140 ] ] 
16 17 716 [ [ -2, 16 ], [ 1, 118 ], [ 3, 122 ] ] 
16 17 521 [ [ -2, 16 ], [ 1, 106 ], [ 3, 134 ] ] 
16 17 546 [ [ -2, 16 ], [ 1, 112 ], [ 3, 128 ] ] 
