sessionnumb  20260923002022 
gap> Read("Task20260922Vf.g");
15 16 355 [ [ -2, 15 ], [ 1, 106 ], [ 3, 104 ] ] 
16 17 631 [ [ -2, 16 ], [ 1, 124 ], [ 3, 116 ] ] 
15 16 333 [ [ -2, 15 ], [ 1, 106 ], [ 3, 104 ] ] 
15 16 312 [ [ -2, 15 ], [ 1, 102 ], [ 3, 108 ] ] 
15 16 425 [ [ -2, 15 ], [ 1, 116 ], [ 3, 94 ] ] 
15 16 379 [ [ -2, 15 ], [ 1, 110 ], [ 3, 100 ] ] 
15 16 403 [ [ -2, 15 ], [ 1, 124 ], [ 3, 86 ] ] 
16 17 687 [ [ -2, 16 ], [ 1, 136 ], [ 3, 104 ] ] 
15 16 311 [ [ -2, 15 ], [ 1, 124 ], [ 3, 86 ] ] 
15 16 357 [ [ -2, 15 ], [ 1, 110 ], [ 3, 100 ] ] 
15 16 424 [ [ -2, 15 ], [ 1, 102 ], [ 3, 108 ] ] 
17 18 375 [ [ -2, 17 ], [ 1, 140 ], [ 3, 132 ] ] 
16 17 380 [ [ -2, 16 ], [ 1, 130 ], [ 3, 110 ] ] 
15 16 306 [ [ -2, 15 ], [ 1, 108 ], [ 3, 102 ] ] 
15 16 475 [ [ -2, 15 ], [ 1, 102 ], [ 3, 108 ] ] 
15 16 328 [ [ -2, 15 ], [ 1, 110 ], [ 3, 100 ] ] 
15 16 373 [ [ -2, 15 ], [ 1, 126 ], [ 3, 84 ] ] 
16 17 308 [ [ -2, 16 ], [ 1, 132 ], [ 3, 108 ] ] 
16 17 308 [ [ -2, 16 ], [ 1, 132 ], [ 3, 108 ] ] 
16 17 322 [ [ -2, 16 ], [ 1, 128 ], [ 3, 112 ] ] 
16 17 307 [ [ -2, 16 ], [ 1, 132 ], [ 3, 108 ] ] 
17 18 535 [ [ -2, 17 ], [ 1, 152 ], [ 3, 120 ] ] 
16 17 465 [ [ -2, 16 ], [ 1, 124 ], [ 3, 116 ] ] 
15 16 363 [ [ -2, 15 ], [ 1, 122 ], [ 3, 88 ] ] 
16 17 348 [ [ -2, 16 ], [ 1, 120 ], [ 3, 120 ] ] 
16 17 382 [ [ -2, 16 ], [ 1, 132 ], [ 3, 108 ] ] 
16 17 382 [ [ -2, 16 ], [ 1, 122 ], [ 3, 118 ] ] 
16 17 375 [ [ -2, 16 ], [ 1, 112 ], [ 3, 128 ] ] 
15 16 306 [ [ -2, 15 ], [ 1, 114 ], [ 3, 96 ] ] 
15 16 355 [ [ -2, 15 ], [ 1, 106 ], [ 3, 104 ] ] 
15 16 375 [ [ -2, 15 ], [ 1, 110 ], [ 3, 100 ] ] 
16 17 658 [ [ -2, 16 ], [ 1, 122 ], [ 3, 118 ] ] 
16 17 311 [ [ -2, 16 ], [ 1, 114 ], [ 3, 126 ] ] 
16 17 311 [ [ -2, 16 ], [ 1, 114 ], [ 3, 126 ] ] 
15 16 302 [ [ -2, 15 ], [ 1, 118 ], [ 3, 92 ] ] 
16 17 588 [ [ -2, 16 ], [ 1, 134 ], [ 3, 106 ] ] 
15 16 303 [ [ -2, 15 ], [ 1, 130 ], [ 3, 80 ] ] 
15 16 467 [ [ -2, 15 ], [ 1, 128 ], [ 3, 82 ] ] 
15 16 338 [ [ -2, 15 ], [ 1, 128 ], [ 3, 82 ] ] 
15 16 307 [ [ -2, 15 ], [ 1, 124 ], [ 3, 86 ] ] 
16 17 394 [ [ -2, 16 ], [ 1, 128 ], [ 3, 112 ] ] 
16 17 370 [ [ -2, 16 ], [ 1, 136 ], [ 3, 104 ] ] 
17 18 471 [ [ -2, 17 ], [ 1, 160 ], [ 3, 112 ] ] 
16 17 370 [ [ -2, 16 ], [ 1, 136 ], [ 3, 104 ] ] 
16 17 428 [ [ -2, 16 ], [ 1, 140 ], [ 3, 100 ] ] 
15 16 408 [ [ -2, 15 ], [ 1, 106 ], [ 3, 104 ] ] 
15 16 358 [ [ -2, 15 ], [ 1, 114 ], [ 3, 96 ] ] 
15 16 368 [ [ -2, 15 ], [ 1, 120 ], [ 3, 90 ] ] 
15 16 369 [ [ -2, 15 ], [ 1, 108 ], [ 3, 102 ] ] 
15 16 362 [ [ -2, 15 ], [ 1, 114 ], [ 3, 96 ] ] 
15 16 378 [ [ -2, 15 ], [ 1, 116 ], [ 3, 94 ] ] 
16 17 514 [ [ -2, 16 ], [ 1, 150 ], [ 3, 90 ] ] 
14 15 324 [ [ -2, 14 ], [ 1, 104 ], [ 3, 78 ] ] 
16 17 351 [ [ -2, 16 ], [ 1, 124 ], [ 3, 116 ] ] 
16 17 373 [ [ -2, 16 ], [ 1, 122 ], [ 3, 118 ] ] 
16 17 399 [ [ -2, 16 ], [ 1, 116 ], [ 3, 124 ] ] 
16 17 458 [ [ -2, 16 ], [ 1, 138 ], [ 3, 102 ] ] 
16 17 323 [ [ -2, 16 ], [ 1, 128 ], [ 3, 112 ] ] 
17 18 544 [ [ -2, 17 ], [ 1, 144 ], [ 3, 128 ] ] 
16 17 419 [ [ -2, 16 ], [ 1, 134 ], [ 3, 106 ] ] 
16 17 552 [ [ -2, 16 ], [ 1, 130 ], [ 3, 110 ] ] 
16 17 321 [ [ -2, 16 ], [ 1, 136 ], [ 3, 104 ] ] 
17 18 518 [ [ -2, 17 ], [ 1, 156 ], [ 3, 116 ] ] 
16 17 395 [ [ -2, 16 ], [ 1, 130 ], [ 3, 110 ] ] 
17 18 318 [ [ -2, 17 ], [ 1, 136 ], [ 3, 136 ] ] 
15 16 420 [ [ -2, 15 ], [ 1, 112 ], [ 3, 98 ] ] 
16 17 339 [ [ -2, 16 ], [ 1, 132 ], [ 3, 108 ] ] 
17 18 576 [ [ -2, 17 ], [ 1, 148 ], [ 3, 124 ] ] 
16 17 313 [ [ -2, 16 ], [ 1, 128 ], [ 3, 112 ] ] 
17 18 415 [ [ -2, 17 ], [ 1, 146 ], [ 3, 126 ] ] 
17 18 325 [ [ -2, 17 ], [ 1, 140 ], [ 3, 132 ] ] 
17 18 715 [ [ -2, 17 ], [ 1, 144 ], [ 3, 128 ] ] 
16 17 377 [ [ -2, 16 ], [ 1, 120 ], [ 3, 120 ] ] 
15 16 362 [ [ -2, 15 ], [ 1, 108 ], [ 3, 102 ] ] 
15 16 362 [ [ -2, 15 ], [ 1, 112 ], [ 3, 98 ] ] 
16 17 402 [ [ -2, 16 ], [ 1, 120 ], [ 3, 120 ] ] 
17 18 658 [ [ -2, 17 ], [ 1, 136 ], [ 3, 136 ] ] 
17 18 310 [ [ -2, 17 ], [ 1, 138 ], [ 3, 134 ] ] 
18 19 484 [ [ -2, 18 ], [ 1, 154 ], [ 3, 152 ] ] 
17 18 462 [ [ -2, 17 ], [ 1, 150 ], [ 3, 122 ] ] 
17 18 356 [ [ -2, 17 ], [ 1, 138 ], [ 3, 134 ] ] 
17 18 356 [ [ -2, 17 ], [ 1, 138 ], [ 3, 134 ] ] 
17 18 309 [ [ -2, 17 ], [ 1, 138 ], [ 3, 134 ] ] 
17 18 505 [ [ -2, 17 ], [ 1, 132 ], [ 3, 140 ] ] 
18 19 573 [ [ -2, 18 ], [ 1, 146 ], [ 3, 160 ] ] 
17 18 426 [ [ -2, 17 ], [ 1, 134 ], [ 3, 138 ] ] 
16 17 399 [ [ -2, 16 ], [ 1, 136 ], [ 3, 104 ] ] 
16 17 336 [ [ -2, 16 ], [ 1, 144 ], [ 3, 96 ] ] 
15 16 330 [ [ -2, 15 ], [ 1, 124 ], [ 3, 86 ] ] 
15 16 379 [ [ -2, 15 ], [ 1, 96 ], [ 3, 114 ] ] 
15 16 338 [ [ -2, 15 ], [ 1, 106 ], [ 3, 104 ] ] 
15 16 320 [ [ -2, 15 ], [ 1, 110 ], [ 3, 100 ] ] 
15 16 340 [ [ -2, 15 ], [ 1, 112 ], [ 3, 98 ] ] 
16 17 458 [ [ -2, 16 ], [ 1, 128 ], [ 3, 112 ] ] 
15 16 440 [ [ -2, 15 ], [ 1, 104 ], [ 3, 106 ] ] 
15 16 386 [ [ -2, 15 ], [ 1, 110 ], [ 3, 100 ] ] 
18 19 388 [ [ -2, 18 ], [ 1, 164 ], [ 3, 142 ] ] 
16 17 571 [ [ -2, 16 ], [ 1, 138 ], [ 3, 102 ] ] 
16 17 427 [ [ -2, 16 ], [ 1, 110 ], [ 3, 130 ] ] 
16 17 369 [ [ -2, 16 ], [ 1, 112 ], [ 3, 128 ] ] 
17 18 952 [ [ -2, 17 ], [ 1, 128 ], [ 3, 144 ] ] 
16 17 414 [ [ -2, 16 ], [ 1, 120 ], [ 3, 120 ] ] 
15 16 382 [ [ -2, 15 ], [ 1, 108 ], [ 3, 102 ] ] 
17 18 443 [ [ -2, 17 ], [ 1, 138 ], [ 3, 134 ] ] 
17 18 443 [ [ -2, 17 ], [ 1, 138 ], [ 3, 134 ] ] 
17 18 478 [ [ -2, 17 ], [ 1, 144 ], [ 3, 128 ] ] 
16 17 342 [ [ -2, 16 ], [ 1, 126 ], [ 3, 114 ] ] 
16 17 469 [ [ -2, 16 ], [ 1, 120 ], [ 3, 120 ] ] 
15 16 358 [ [ -2, 15 ], [ 1, 112 ], [ 3, 98 ] ] 
15 16 392 [ [ -2, 15 ], [ 1, 110 ], [ 3, 100 ] ] 
16 17 516 [ [ -2, 16 ], [ 1, 122 ], [ 3, 118 ] ] 
15 16 326 [ [ -2, 15 ], [ 1, 112 ], [ 3, 98 ] ] 
16 17 501 [ [ -2, 16 ], [ 1, 130 ], [ 3, 110 ] ] 
15 16 367 [ [ -2, 15 ], [ 1, 122 ], [ 3, 88 ] ] 
16 17 556 [ [ -2, 16 ], [ 1, 140 ], [ 3, 100 ] ] 
15 16 373 [ [ -2, 15 ], [ 1, 110 ], [ 3, 100 ] ] 
16 17 335 [ [ -2, 16 ], [ 1, 132 ], [ 3, 108 ] ] 
16 17 414 [ [ -2, 16 ], [ 1, 144 ], [ 3, 96 ] ] 
17 18 376 [ [ -2, 17 ], [ 1, 138 ], [ 3, 134 ] ] 
17 18 446 [ [ -2, 17 ], [ 1, 140 ], [ 3, 132 ] ] 
17 18 465 [ [ -2, 17 ], [ 1, 146 ], [ 3, 126 ] ] 
16 17 351 [ [ -2, 16 ], [ 1, 136 ], [ 3, 104 ] ] 
18 19 767 [ [ -2, 18 ], [ 1, 174 ], [ 3, 132 ] ] 
18 19 368 [ [ -2, 18 ], [ 1, 168 ], [ 3, 138 ] ] 
17 18 459 [ [ -2, 17 ], [ 1, 146 ], [ 3, 126 ] ] 
16 17 437 [ [ -2, 16 ], [ 1, 144 ], [ 3, 96 ] ] 
16 17 449 [ [ -2, 16 ], [ 1, 136 ], [ 3, 104 ] ] 
18 19 510 [ [ -2, 18 ], [ 1, 170 ], [ 3, 136 ] ] 
18 19 483 [ [ -2, 18 ], [ 1, 158 ], [ 3, 148 ] ] 
18 19 510 [ [ -2, 18 ], [ 1, 170 ], [ 3, 136 ] ] 
17 18 385 [ [ -2, 17 ], [ 1, 160 ], [ 3, 112 ] ] 
18 19 378 [ [ -2, 18 ], [ 1, 174 ], [ 3, 132 ] ] 
18 19 346 [ [ -2, 18 ], [ 1, 180 ], [ 3, 126 ] ] 
18 19 510 [ [ -2, 18 ], [ 1, 164 ], [ 3, 142 ] ] 
18 19 483 [ [ -2, 18 ], [ 1, 176 ], [ 3, 130 ] ] 
16 17 427 [ [ -2, 16 ], [ 1, 120 ], [ 3, 120 ] ] 
17 18 787 [ [ -2, 17 ], [ 1, 132 ], [ 3, 140 ] ] 
16 17 335 [ [ -2, 16 ], [ 1, 146 ], [ 3, 94 ] ] 
16 17 458 [ [ -2, 16 ], [ 1, 148 ], [ 3, 92 ] ] 
16 17 450 [ [ -2, 16 ], [ 1, 134 ], [ 3, 106 ] ] 
15 16 314 [ [ -2, 15 ], [ 1, 112 ], [ 3, 98 ] ] 
16 17 546 [ [ -2, 16 ], [ 1, 122 ], [ 3, 118 ] ] 
17 18 630 [ [ -2, 17 ], [ 1, 138 ], [ 3, 134 ] ] 
17 18 473 [ [ -2, 17 ], [ 1, 132 ], [ 3, 140 ] ] 
17 18 360 [ [ -2, 17 ], [ 1, 138 ], [ 3, 134 ] ] 
17 18 360 [ [ -2, 17 ], [ 1, 122 ], [ 3, 150 ] ] 
17 18 413 [ [ -2, 17 ], [ 1, 124 ], [ 3, 148 ] ] 
17 18 474 [ [ -2, 17 ], [ 1, 130 ], [ 3, 142 ] ] 
15 16 303 [ [ -2, 15 ], [ 1, 102 ], [ 3, 108 ] ] 
16 17 352 [ [ -2, 16 ], [ 1, 118 ], [ 3, 122 ] ] 
16 17 385 [ [ -2, 16 ], [ 1, 122 ], [ 3, 118 ] ] 
16 17 528 [ [ -2, 16 ], [ 1, 120 ], [ 3, 120 ] ] 
17 18 958 [ [ -2, 17 ], [ 1, 132 ], [ 3, 140 ] ] 
16 17 340 [ [ -2, 16 ], [ 1, 130 ], [ 3, 110 ] ] 
15 16 464 [ [ -2, 15 ], [ 1, 114 ], [ 3, 96 ] ] 
17 18 835 [ [ -2, 17 ], [ 1, 122 ], [ 3, 150 ] ] 
17 18 835 [ [ -2, 17 ], [ 1, 130 ], [ 3, 142 ] ] 
15 16 310 [ [ -2, 15 ], [ 1, 106 ], [ 3, 104 ] ] 
17 18 383 [ [ -2, 17 ], [ 1, 140 ], [ 3, 132 ] ] 
15 16 308 [ [ -2, 15 ], [ 1, 118 ], [ 3, 92 ] ] 
15 16 404 [ [ -2, 15 ], [ 1, 114 ], [ 3, 96 ] ] 
15 16 312 [ [ -2, 15 ], [ 1, 122 ], [ 3, 88 ] ] 
15 16 311 [ [ -2, 15 ], [ 1, 112 ], [ 3, 98 ] ] 
15 16 304 [ [ -2, 15 ], [ 1, 110 ], [ 3, 100 ] ] 
15 16 345 [ [ -2, 15 ], [ 1, 90 ], [ 3, 120 ] ] 
17 18 516 [ [ -2, 17 ], [ 1, 142 ], [ 3, 130 ] ] 
17 18 470 [ [ -2, 17 ], [ 1, 148 ], [ 3, 124 ] ] 
15 16 330 [ [ -2, 15 ], [ 1, 110 ], [ 3, 100 ] ] 
15 16 327 [ [ -2, 15 ], [ 1, 116 ], [ 3, 94 ] ] 
16 17 516 [ [ -2, 16 ], [ 1, 124 ], [ 3, 116 ] ] 
15 16 358 [ [ -2, 15 ], [ 1, 110 ], [ 3, 100 ] ] 
16 17 342 [ [ -2, 16 ], [ 1, 134 ], [ 3, 106 ] ] 
17 18 522 [ [ -2, 17 ], [ 1, 146 ], [ 3, 126 ] ] 
15 16 345 [ [ -2, 15 ], [ 1, 126 ], [ 3, 84 ] ] 
17 18 328 [ [ -2, 17 ], [ 1, 126 ], [ 3, 146 ] ] 
16 17 322 [ [ -2, 16 ], [ 1, 108 ], [ 3, 132 ] ] 
17 18 368 [ [ -2, 17 ], [ 1, 134 ], [ 3, 138 ] ] 
15 16 361 [ [ -2, 15 ], [ 1, 100 ], [ 3, 110 ] ] 
17 18 535 [ [ -2, 17 ], [ 1, 150 ], [ 3, 122 ] ] 
16 17 363 [ [ -2, 16 ], [ 1, 108 ], [ 3, 132 ] ] 
16 17 363 [ [ -2, 16 ], [ 1, 106 ], [ 3, 134 ] ] 
15 16 326 [ [ -2, 15 ], [ 1, 96 ], [ 3, 114 ] ] 
15 16 369 [ [ -2, 15 ], [ 1, 100 ], [ 3, 110 ] ] 
15 16 341 [ [ -2, 15 ], [ 1, 104 ], [ 3, 106 ] ] 
15 16 385 [ [ -2, 15 ], [ 1, 112 ], [ 3, 98 ] ] 
17 18 349 [ [ -2, 17 ], [ 1, 152 ], [ 3, 120 ] ] 
18 19 868 [ [ -2, 18 ], [ 1, 170 ], [ 3, 136 ] ] 
17 18 393 [ [ -2, 17 ], [ 1, 150 ], [ 3, 122 ] ] 
15 16 353 [ [ -2, 15 ], [ 1, 104 ], [ 3, 106 ] ] 
16 17 557 [ [ -2, 16 ], [ 1, 130 ], [ 3, 110 ] ] 
17 18 683 [ [ -2, 17 ], [ 1, 146 ], [ 3, 126 ] ] 
16 17 334 [ [ -2, 16 ], [ 1, 126 ], [ 3, 114 ] ] 
17 18 448 [ [ -2, 17 ], [ 1, 146 ], [ 3, 126 ] ] 
17 18 393 [ [ -2, 17 ], [ 1, 146 ], [ 3, 126 ] ] 
17 18 393 [ [ -2, 17 ], [ 1, 150 ], [ 3, 122 ] ] 
18 19 868 [ [ -2, 18 ], [ 1, 172 ], [ 3, 134 ] ] 
16 17 310 [ [ -2, 16 ], [ 1, 138 ], [ 3, 102 ] ] 
17 18 448 [ [ -2, 17 ], [ 1, 150 ], [ 3, 122 ] ] 
15 16 307 [ [ -2, 15 ], [ 1, 118 ], [ 3, 92 ] ] 
16 17 397 [ [ -2, 16 ], [ 1, 110 ], [ 3, 130 ] ] 
15 16 302 [ [ -2, 15 ], [ 1, 104 ], [ 3, 106 ] ] 
16 17 320 [ [ -2, 16 ], [ 1, 144 ], [ 3, 96 ] ] 
15 16 309 [ [ -2, 15 ], [ 1, 134 ], [ 3, 76 ] ] 
15 16 312 [ [ -2, 15 ], [ 1, 114 ], [ 3, 96 ] ] 
15 16 414 [ [ -2, 15 ], [ 1, 124 ], [ 3, 86 ] ] 
15 16 390 [ [ -2, 15 ], [ 1, 100 ], [ 3, 110 ] ] 
16 17 412 [ [ -2, 16 ], [ 1, 128 ], [ 3, 112 ] ] 
17 18 739 [ [ -2, 17 ], [ 1, 142 ], [ 3, 130 ] ] 
15 16 318 [ [ -2, 15 ], [ 1, 112 ], [ 3, 98 ] ] 
15 16 306 [ [ -2, 15 ], [ 1, 118 ], [ 3, 92 ] ] 
15 16 318 [ [ -2, 15 ], [ 1, 106 ], [ 3, 104 ] ] 
16 17 448 [ [ -2, 16 ], [ 1, 124 ], [ 3, 116 ] ] 
16 17 434 [ [ -2, 16 ], [ 1, 136 ], [ 3, 104 ] ] 
15 16 301 [ [ -2, 15 ], [ 1, 112 ], [ 3, 98 ] ] 
15 16 389 [ [ -2, 15 ], [ 1, 104 ], [ 3, 106 ] ] 
16 17 456 [ [ -2, 16 ], [ 1, 128 ], [ 3, 112 ] ] 
16 17 348 [ [ -2, 16 ], [ 1, 118 ], [ 3, 122 ] ] 
16 17 353 [ [ -2, 16 ], [ 1, 120 ], [ 3, 120 ] ] 
16 17 399 [ [ -2, 16 ], [ 1, 134 ], [ 3, 106 ] ] 
16 17 627 [ [ -2, 16 ], [ 1, 130 ], [ 3, 110 ] ] 
16 17 420 [ [ -2, 16 ], [ 1, 120 ], [ 3, 120 ] ] 
15 16 383 [ [ -2, 15 ], [ 1, 102 ], [ 3, 108 ] ] 
15 16 308 [ [ -2, 15 ], [ 1, 100 ], [ 3, 110 ] ] 
15 16 306 [ [ -2, 15 ], [ 1, 106 ], [ 3, 104 ] ] 
15 16 322 [ [ -2, 15 ], [ 1, 100 ], [ 3, 110 ] ] 
15 16 512 [ [ -2, 15 ], [ 1, 94 ], [ 3, 116 ] ] 
16 17 468 [ [ -2, 16 ], [ 1, 116 ], [ 3, 124 ] ] 
17 18 813 [ [ -2, 17 ], [ 1, 134 ], [ 3, 138 ] ] 
15 16 313 [ [ -2, 15 ], [ 1, 108 ], [ 3, 102 ] ] 
15 16 350 [ [ -2, 15 ], [ 1, 106 ], [ 3, 104 ] ] 
16 17 458 [ [ -2, 16 ], [ 1, 124 ], [ 3, 116 ] ] 
16 17 394 [ [ -2, 16 ], [ 1, 110 ], [ 3, 130 ] ] 
14 15 317 [ [ -2, 14 ], [ 1, 86 ], [ 3, 96 ] ] 
15 16 318 [ [ -2, 15 ], [ 1, 114 ], [ 3, 96 ] ] 
16 17 493 [ [ -2, 16 ], [ 1, 132 ], [ 3, 108 ] ] 
15 16 429 [ [ -2, 15 ], [ 1, 100 ], [ 3, 110 ] ] 
15 16 355 [ [ -2, 15 ], [ 1, 100 ], [ 3, 110 ] ] 
16 17 671 [ [ -2, 16 ], [ 1, 120 ], [ 3, 120 ] ] 
15 16 321 [ [ -2, 15 ], [ 1, 118 ], [ 3, 92 ] ] 
16 17 483 [ [ -2, 16 ], [ 1, 140 ], [ 3, 100 ] ] 
17 18 537 [ [ -2, 17 ], [ 1, 148 ], [ 3, 124 ] ] 
15 16 321 [ [ -2, 15 ], [ 1, 122 ], [ 3, 88 ] ] 
15 16 340 [ [ -2, 15 ], [ 1, 118 ], [ 3, 92 ] ] 
16 17 371 [ [ -2, 16 ], [ 1, 134 ], [ 3, 106 ] ] 
17 18 476 [ [ -2, 17 ], [ 1, 132 ], [ 3, 140 ] ] 
17 18 399 [ [ -2, 17 ], [ 1, 134 ], [ 3, 138 ] ] 
16 17 371 [ [ -2, 16 ], [ 1, 124 ], [ 3, 116 ] ] 
17 18 417 [ [ -2, 17 ], [ 1, 122 ], [ 3, 150 ] ] 
16 17 406 [ [ -2, 16 ], [ 1, 110 ], [ 3, 130 ] ] 
17 18 389 [ [ -2, 17 ], [ 1, 130 ], [ 3, 142 ] ] 
18 19 677 [ [ -2, 18 ], [ 1, 148 ], [ 3, 158 ] ] 
18 19 677 [ [ -2, 18 ], [ 1, 146 ], [ 3, 160 ] ] 
16 17 418 [ [ -2, 16 ], [ 1, 130 ], [ 3, 110 ] ] 
16 17 619 [ [ -2, 16 ], [ 1, 128 ], [ 3, 112 ] ] 
16 17 443 [ [ -2, 16 ], [ 1, 142 ], [ 3, 98 ] ] 
15 16 477 [ [ -2, 15 ], [ 1, 132 ], [ 3, 78 ] ] 
17 18 537 [ [ -2, 17 ], [ 1, 130 ], [ 3, 142 ] ] 
15 16 345 [ [ -2, 15 ], [ 1, 102 ], [ 3, 108 ] ] 
16 17 337 [ [ -2, 16 ], [ 1, 120 ], [ 3, 120 ] ] 
15 16 313 [ [ -2, 15 ], [ 1, 116 ], [ 3, 94 ] ] 
15 16 353 [ [ -2, 15 ], [ 1, 124 ], [ 3, 86 ] ] 
16 17 380 [ [ -2, 16 ], [ 1, 140 ], [ 3, 100 ] ] 
16 17 327 [ [ -2, 16 ], [ 1, 126 ], [ 3, 114 ] ] 
15 16 318 [ [ -2, 15 ], [ 1, 110 ], [ 3, 100 ] ] 
16 17 456 [ [ -2, 16 ], [ 1, 122 ], [ 3, 118 ] ] 
16 17 364 [ [ -2, 16 ], [ 1, 126 ], [ 3, 114 ] ] 
15 16 353 [ [ -2, 15 ], [ 1, 124 ], [ 3, 86 ] ] 
16 17 562 [ [ -2, 16 ], [ 1, 142 ], [ 3, 98 ] ] 
17 18 303 [ [ -2, 17 ], [ 1, 168 ], [ 3, 104 ] ] 
16 17 448 [ [ -2, 16 ], [ 1, 152 ], [ 3, 88 ] ] 
17 18 327 [ [ -2, 17 ], [ 1, 160 ], [ 3, 112 ] ] 
17 18 657 [ [ -2, 17 ], [ 1, 166 ], [ 3, 106 ] ] 
17 18 496 [ [ -2, 17 ], [ 1, 170 ], [ 3, 102 ] ] 
17 18 308 [ [ -2, 17 ], [ 1, 158 ], [ 3, 114 ] ] 
17 18 327 [ [ -2, 17 ], [ 1, 164 ], [ 3, 108 ] ] 
17 18 657 [ [ -2, 17 ], [ 1, 158 ], [ 3, 114 ] ] 
16 17 304 [ [ -2, 16 ], [ 1, 140 ], [ 3, 100 ] ] 
16 17 542 [ [ -2, 16 ], [ 1, 134 ], [ 3, 106 ] ] 
16 17 444 [ [ -2, 16 ], [ 1, 126 ], [ 3, 114 ] ] 
15 16 378 [ [ -2, 15 ], [ 1, 102 ], [ 3, 108 ] ] 
15 16 302 [ [ -2, 15 ], [ 1, 98 ], [ 3, 112 ] ] 
16 17 449 [ [ -2, 16 ], [ 1, 112 ], [ 3, 128 ] ] 
15 16 432 [ [ -2, 15 ], [ 1, 112 ], [ 3, 98 ] ] 
15 16 302 [ [ -2, 15 ], [ 1, 106 ], [ 3, 104 ] ] 
15 16 302 [ [ -2, 15 ], [ 1, 110 ], [ 3, 100 ] ] 
15 16 307 [ [ -2, 15 ], [ 1, 114 ], [ 3, 96 ] ] 
15 16 477 [ [ -2, 15 ], [ 1, 110 ], [ 3, 100 ] ] 
16 17 390 [ [ -2, 16 ], [ 1, 128 ], [ 3, 112 ] ] 
16 17 310 [ [ -2, 16 ], [ 1, 132 ], [ 3, 108 ] ] 
15 16 307 [ [ -2, 15 ], [ 1, 118 ], [ 3, 92 ] ] 
15 16 324 [ [ -2, 15 ], [ 1, 104 ], [ 3, 106 ] ] 
16 17 554 [ [ -2, 16 ], [ 1, 124 ], [ 3, 116 ] ] 
15 16 435 [ [ -2, 15 ], [ 1, 90 ], [ 3, 120 ] ] 
16 17 672 [ [ -2, 16 ], [ 1, 106 ], [ 3, 134 ] ] 
15 16 309 [ [ -2, 15 ], [ 1, 98 ], [ 3, 112 ] ] 
16 17 544 [ [ -2, 16 ], [ 1, 122 ], [ 3, 118 ] ] 
16 17 506 [ [ -2, 16 ], [ 1, 114 ], [ 3, 126 ] ] 
15 16 336 [ [ -2, 15 ], [ 1, 104 ], [ 3, 106 ] ] 
16 17 598 [ [ -2, 16 ], [ 1, 118 ], [ 3, 122 ] ] 
16 17 327 [ [ -2, 16 ], [ 1, 126 ], [ 3, 114 ] ] 
16 17 362 [ [ -2, 16 ], [ 1, 136 ], [ 3, 104 ] ] 
16 17 326 [ [ -2, 16 ], [ 1, 138 ], [ 3, 102 ] ] 
17 18 398 [ [ -2, 17 ], [ 1, 152 ], [ 3, 120 ] ] 
15 16 355 [ [ -2, 15 ], [ 1, 106 ], [ 3, 104 ] ] 
15 16 361 [ [ -2, 15 ], [ 1, 106 ], [ 3, 104 ] ] 
15 16 363 [ [ -2, 15 ], [ 1, 108 ], [ 3, 102 ] ] 
16 17 471 [ [ -2, 16 ], [ 1, 122 ], [ 3, 118 ] ] 
15 16 315 [ [ -2, 15 ], [ 1, 108 ], [ 3, 102 ] ] 
16 17 378 [ [ -2, 16 ], [ 1, 120 ], [ 3, 120 ] ] 
16 17 434 [ [ -2, 16 ], [ 1, 126 ], [ 3, 114 ] ] 
16 17 314 [ [ -2, 16 ], [ 1, 116 ], [ 3, 124 ] ] 
16 17 405 [ [ -2, 16 ], [ 1, 110 ], [ 3, 130 ] ] 
17 18 576 [ [ -2, 17 ], [ 1, 130 ], [ 3, 142 ] ] 
17 18 544 [ [ -2, 17 ], [ 1, 124 ], [ 3, 148 ] ] 
17 18 544 [ [ -2, 17 ], [ 1, 124 ], [ 3, 148 ] ] 
17 18 544 [ [ -2, 17 ], [ 1, 124 ], [ 3, 148 ] ] 
16 17 366 [ [ -2, 16 ], [ 1, 110 ], [ 3, 130 ] ] 
16 17 398 [ [ -2, 16 ], [ 1, 116 ], [ 3, 124 ] ] 
16 17 323 [ [ -2, 16 ], [ 1, 116 ], [ 3, 124 ] ] 
17 18 715 [ [ -2, 17 ], [ 1, 128 ], [ 3, 144 ] ] 
16 17 347 [ [ -2, 16 ], [ 1, 114 ], [ 3, 126 ] ] 
17 18 483 [ [ -2, 17 ], [ 1, 128 ], [ 3, 144 ] ] 
16 17 351 [ [ -2, 16 ], [ 1, 120 ], [ 3, 120 ] ] 
15 16 333 [ [ -2, 15 ], [ 1, 104 ], [ 3, 106 ] ] 
15 16 302 [ [ -2, 15 ], [ 1, 116 ], [ 3, 94 ] ] 
15 16 415 [ [ -2, 15 ], [ 1, 112 ], [ 3, 98 ] ] 
15 16 306 [ [ -2, 15 ], [ 1, 106 ], [ 3, 104 ] ] 
15 16 393 [ [ -2, 15 ], [ 1, 106 ], [ 3, 104 ] ] 
16 17 349 [ [ -2, 16 ], [ 1, 118 ], [ 3, 122 ] ] 
17 18 993 [ [ -2, 17 ], [ 1, 140 ], [ 3, 132 ] ] 
15 16 309 [ [ -2, 15 ], [ 1, 104 ], [ 3, 106 ] ] 
16 17 396 [ [ -2, 16 ], [ 1, 140 ], [ 3, 100 ] ] 
16 17 365 [ [ -2, 16 ], [ 1, 142 ], [ 3, 98 ] ] 
17 18 438 [ [ -2, 17 ], [ 1, 164 ], [ 3, 108 ] ] 
17 18 438 [ [ -2, 17 ], [ 1, 164 ], [ 3, 108 ] ] 
16 17 323 [ [ -2, 16 ], [ 1, 130 ], [ 3, 110 ] ] 
17 18 598 [ [ -2, 17 ], [ 1, 134 ], [ 3, 138 ] ] 
16 17 406 [ [ -2, 16 ], [ 1, 118 ], [ 3, 122 ] ] 
15 16 338 [ [ -2, 15 ], [ 1, 96 ], [ 3, 114 ] ] 
16 17 499 [ [ -2, 16 ], [ 1, 114 ], [ 3, 126 ] ] 
17 18 656 [ [ -2, 17 ], [ 1, 134 ], [ 3, 138 ] ] 
16 17 336 [ [ -2, 16 ], [ 1, 116 ], [ 3, 124 ] ] 
15 16 318 [ [ -2, 15 ], [ 1, 118 ], [ 3, 92 ] ] 
16 17 357 [ [ -2, 16 ], [ 1, 138 ], [ 3, 102 ] ] 
16 17 324 [ [ -2, 16 ], [ 1, 116 ], [ 3, 124 ] ] 
15 16 330 [ [ -2, 15 ], [ 1, 94 ], [ 3, 116 ] ] 
15 16 303 [ [ -2, 15 ], [ 1, 108 ], [ 3, 102 ] ] 
15 16 382 [ [ -2, 15 ], [ 1, 100 ], [ 3, 110 ] ] 
15 16 346 [ [ -2, 15 ], [ 1, 108 ], [ 3, 102 ] ] 
15 16 313 [ [ -2, 15 ], [ 1, 118 ], [ 3, 92 ] ] 
14 15 306 [ [ -2, 14 ], [ 1, 80 ], [ 3, 102 ] ] 
16 17 367 [ [ -2, 16 ], [ 1, 128 ], [ 3, 112 ] ] 
15 16 391 [ [ -2, 15 ], [ 1, 104 ], [ 3, 106 ] ] 
16 17 654 [ [ -2, 16 ], [ 1, 122 ], [ 3, 118 ] ] 
15 16 355 [ [ -2, 15 ], [ 1, 114 ], [ 3, 96 ] ] 
15 16 353 [ [ -2, 15 ], [ 1, 116 ], [ 3, 94 ] ] 
16 17 654 [ [ -2, 16 ], [ 1, 132 ], [ 3, 108 ] ] 
15 16 353 [ [ -2, 15 ], [ 1, 124 ], [ 3, 86 ] ] 
15 16 356 [ [ -2, 15 ], [ 1, 92 ], [ 3, 118 ] ] 
15 16 323 [ [ -2, 15 ], [ 1, 98 ], [ 3, 112 ] ] 
16 17 385 [ [ -2, 16 ], [ 1, 110 ], [ 3, 130 ] ] 
17 18 474 [ [ -2, 17 ], [ 1, 144 ], [ 3, 128 ] ] 
15 16 347 [ [ -2, 15 ], [ 1, 108 ], [ 3, 102 ] ] 
15 16 334 [ [ -2, 15 ], [ 1, 98 ], [ 3, 112 ] ] 
15 16 306 [ [ -2, 15 ], [ 1, 102 ], [ 3, 108 ] ] 
16 17 522 [ [ -2, 16 ], [ 1, 118 ], [ 3, 122 ] ] 
15 16 333 [ [ -2, 15 ], [ 1, 108 ], [ 3, 102 ] ] 
15 16 379 [ [ -2, 15 ], [ 1, 110 ], [ 3, 100 ] ] 
15 16 325 [ [ -2, 15 ], [ 1, 122 ], [ 3, 88 ] ] 
15 16 364 [ [ -2, 15 ], [ 1, 130 ], [ 3, 80 ] ] 
15 16 333 [ [ -2, 15 ], [ 1, 112 ], [ 3, 98 ] ] 
15 16 321 [ [ -2, 15 ], [ 1, 114 ], [ 3, 96 ] ] 
16 17 323 [ [ -2, 16 ], [ 1, 126 ], [ 3, 114 ] ] 
15 16 307 [ [ -2, 15 ], [ 1, 118 ], [ 3, 92 ] ] 
15 16 301 [ [ -2, 15 ], [ 1, 116 ], [ 3, 94 ] ] 
15 16 341 [ [ -2, 15 ], [ 1, 102 ], [ 3, 108 ] ] 
15 16 315 [ [ -2, 15 ], [ 1, 116 ], [ 3, 94 ] ] 
16 17 329 [ [ -2, 16 ], [ 1, 136 ], [ 3, 104 ] ] 
15 16 352 [ [ -2, 15 ], [ 1, 112 ], [ 3, 98 ] ] 
15 16 307 [ [ -2, 15 ], [ 1, 98 ], [ 3, 112 ] ] 
15 16 323 [ [ -2, 15 ], [ 1, 112 ], [ 3, 98 ] ] 
16 17 532 [ [ -2, 16 ], [ 1, 124 ], [ 3, 116 ] ] 
14 15 303 [ [ -2, 14 ], [ 1, 100 ], [ 3, 82 ] ] 
14 15 303 [ [ -2, 14 ], [ 1, 100 ], [ 3, 82 ] ] 
16 17 427 [ [ -2, 16 ], [ 1, 120 ], [ 3, 120 ] ] 
16 17 308 [ [ -2, 16 ], [ 1, 108 ], [ 3, 132 ] ] 
17 18 473 [ [ -2, 17 ], [ 1, 138 ], [ 3, 134 ] ] 
15 16 390 [ [ -2, 15 ], [ 1, 114 ], [ 3, 96 ] ] 
15 16 327 [ [ -2, 15 ], [ 1, 118 ], [ 3, 92 ] ] 
16 17 426 [ [ -2, 16 ], [ 1, 118 ], [ 3, 122 ] ] 
16 17 337 [ [ -2, 16 ], [ 1, 132 ], [ 3, 108 ] ] 
17 18 658 [ [ -2, 17 ], [ 1, 148 ], [ 3, 124 ] ] 
18 19 756 [ [ -2, 18 ], [ 1, 162 ], [ 3, 144 ] ] 
16 17 347 [ [ -2, 16 ], [ 1, 124 ], [ 3, 116 ] ] 
17 18 758 [ [ -2, 17 ], [ 1, 138 ], [ 3, 134 ] ] 
17 18 958 [ [ -2, 17 ], [ 1, 154 ], [ 3, 118 ] ] 
18 19 1211 [ [ -2, 18 ], [ 1, 172 ], [ 3, 134 ] ] 
17 18 407 [ [ -2, 17 ], [ 1, 146 ], [ 3, 126 ] ] 
17 18 359 [ [ -2, 17 ], [ 1, 142 ], [ 3, 130 ] ] 
17 18 359 [ [ -2, 17 ], [ 1, 142 ], [ 3, 130 ] ] 
15 16 344 [ [ -2, 15 ], [ 1, 114 ], [ 3, 96 ] ] 
16 17 463 [ [ -2, 16 ], [ 1, 122 ], [ 3, 118 ] ] 
17 18 352 [ [ -2, 17 ], [ 1, 136 ], [ 3, 136 ] ] 
16 17 413 [ [ -2, 16 ], [ 1, 128 ], [ 3, 112 ] ] 
16 17 326 [ [ -2, 16 ], [ 1, 126 ], [ 3, 114 ] ] 
15 16 396 [ [ -2, 15 ], [ 1, 112 ], [ 3, 98 ] ] 
15 16 305 [ [ -2, 15 ], [ 1, 112 ], [ 3, 98 ] ] 
15 16 345 [ [ -2, 15 ], [ 1, 112 ], [ 3, 98 ] ] 
15 16 416 [ [ -2, 15 ], [ 1, 96 ], [ 3, 114 ] ] 
15 16 343 [ [ -2, 15 ], [ 1, 116 ], [ 3, 94 ] ] 
16 17 528 [ [ -2, 16 ], [ 1, 138 ], [ 3, 102 ] ] 
15 16 382 [ [ -2, 15 ], [ 1, 126 ], [ 3, 84 ] ] 
17 18 501 [ [ -2, 17 ], [ 1, 138 ], [ 3, 134 ] ] 
17 18 591 [ [ -2, 17 ], [ 1, 130 ], [ 3, 142 ] ] 
15 16 390 [ [ -2, 15 ], [ 1, 132 ], [ 3, 78 ] ] 
16 17 352 [ [ -2, 16 ], [ 1, 138 ], [ 3, 102 ] ] 
17 18 415 [ [ -2, 17 ], [ 1, 158 ], [ 3, 114 ] ] 
18 19 932 [ [ -2, 18 ], [ 1, 170 ], [ 3, 136 ] ] 
15 16 441 [ [ -2, 15 ], [ 1, 116 ], [ 3, 94 ] ] 
15 16 306 [ [ -2, 15 ], [ 1, 108 ], [ 3, 102 ] ] 
15 16 327 [ [ -2, 15 ], [ 1, 116 ], [ 3, 94 ] ] 
15 16 387 [ [ -2, 15 ], [ 1, 130 ], [ 3, 80 ] ] 
15 16 365 [ [ -2, 15 ], [ 1, 104 ], [ 3, 106 ] ] 
15 16 348 [ [ -2, 15 ], [ 1, 120 ], [ 3, 90 ] ] 
16 17 311 [ [ -2, 16 ], [ 1, 124 ], [ 3, 116 ] ] 
15 16 361 [ [ -2, 15 ], [ 1, 98 ], [ 3, 112 ] ] 
16 17 361 [ [ -2, 16 ], [ 1, 120 ], [ 3, 120 ] ] 
15 16 326 [ [ -2, 15 ], [ 1, 118 ], [ 3, 92 ] ] 
15 16 304 [ [ -2, 15 ], [ 1, 122 ], [ 3, 88 ] ] 
15 16 370 [ [ -2, 15 ], [ 1, 112 ], [ 3, 98 ] ] 
16 17 537 [ [ -2, 16 ], [ 1, 136 ], [ 3, 104 ] ] 
16 17 648 [ [ -2, 16 ], [ 1, 144 ], [ 3, 96 ] ] 
16 17 412 [ [ -2, 16 ], [ 1, 136 ], [ 3, 104 ] ] 
15 16 499 [ [ -2, 15 ], [ 1, 114 ], [ 3, 96 ] ] 
16 17 678 [ [ -2, 16 ], [ 1, 132 ], [ 3, 108 ] ] 
15 16 386 [ [ -2, 15 ], [ 1, 106 ], [ 3, 104 ] ] 
15 16 328 [ [ -2, 15 ], [ 1, 92 ], [ 3, 118 ] ] 
15 16 393 [ [ -2, 15 ], [ 1, 114 ], [ 3, 96 ] ] 
15 16 331 [ [ -2, 15 ], [ 1, 110 ], [ 3, 100 ] ] 
16 17 616 [ [ -2, 16 ], [ 1, 118 ], [ 3, 122 ] ] 
15 16 343 [ [ -2, 15 ], [ 1, 108 ], [ 3, 102 ] ] 
16 17 437 [ [ -2, 16 ], [ 1, 132 ], [ 3, 108 ] ] 
15 16 317 [ [ -2, 15 ], [ 1, 122 ], [ 3, 88 ] ] 
16 17 598 [ [ -2, 16 ], [ 1, 132 ], [ 3, 108 ] ] 
16 17 449 [ [ -2, 16 ], [ 1, 124 ], [ 3, 116 ] ] 
16 17 395 [ [ -2, 16 ], [ 1, 126 ], [ 3, 114 ] ] 
16 17 357 [ [ -2, 16 ], [ 1, 118 ], [ 3, 122 ] ] 
16 17 317 [ [ -2, 16 ], [ 1, 128 ], [ 3, 112 ] ] 
15 16 316 [ [ -2, 15 ], [ 1, 112 ], [ 3, 98 ] ] 
15 16 403 [ [ -2, 15 ], [ 1, 108 ], [ 3, 102 ] ] 
16 17 468 [ [ -2, 16 ], [ 1, 126 ], [ 3, 114 ] ] 
15 16 403 [ [ -2, 15 ], [ 1, 120 ], [ 3, 90 ] ] 
15 16 322 [ [ -2, 15 ], [ 1, 112 ], [ 3, 98 ] ] 
16 17 437 [ [ -2, 16 ], [ 1, 116 ], [ 3, 124 ] ] 
14 15 311 [ [ -2, 14 ], [ 1, 104 ], [ 3, 78 ] ] 
15 16 357 [ [ -2, 15 ], [ 1, 118 ], [ 3, 92 ] ] 
15 16 320 [ [ -2, 15 ], [ 1, 126 ], [ 3, 84 ] ] 
16 17 641 [ [ -2, 16 ], [ 1, 146 ], [ 3, 94 ] ] 
15 16 325 [ [ -2, 15 ], [ 1, 108 ], [ 3, 102 ] ] 
14 15 324 [ [ -2, 14 ], [ 1, 90 ], [ 3, 92 ] ] 
15 16 335 [ [ -2, 15 ], [ 1, 116 ], [ 3, 94 ] ] 
15 16 345 [ [ -2, 15 ], [ 1, 116 ], [ 3, 94 ] ] 
16 17 443 [ [ -2, 16 ], [ 1, 134 ], [ 3, 106 ] ] 
15 16 444 [ [ -2, 15 ], [ 1, 114 ], [ 3, 96 ] ] 
15 16 304 [ [ -2, 15 ], [ 1, 108 ], [ 3, 102 ] ] 
15 16 373 [ [ -2, 15 ], [ 1, 116 ], [ 3, 94 ] ] 
16 17 408 [ [ -2, 16 ], [ 1, 108 ], [ 3, 132 ] ] 
17 18 795 [ [ -2, 17 ], [ 1, 124 ], [ 3, 148 ] ] 
15 16 345 [ [ -2, 15 ], [ 1, 100 ], [ 3, 110 ] ] 
16 17 405 [ [ -2, 16 ], [ 1, 112 ], [ 3, 128 ] ] 
15 16 339 [ [ -2, 15 ], [ 1, 100 ], [ 3, 110 ] ] 
15 16 415 [ [ -2, 15 ], [ 1, 100 ], [ 3, 110 ] ] 
15 16 336 [ [ -2, 15 ], [ 1, 106 ], [ 3, 104 ] ] 
15 16 573 [ [ -2, 15 ], [ 1, 116 ], [ 3, 94 ] ] 
14 15 317 [ [ -2, 14 ], [ 1, 80 ], [ 3, 102 ] ] 
15 16 321 [ [ -2, 15 ], [ 1, 114 ], [ 3, 96 ] ] 
16 17 497 [ [ -2, 16 ], [ 1, 120 ], [ 3, 120 ] ] 
14 15 304 [ [ -2, 14 ], [ 1, 86 ], [ 3, 96 ] ] 
15 16 446 [ [ -2, 15 ], [ 1, 98 ], [ 3, 112 ] ] 
15 16 477 [ [ -2, 15 ], [ 1, 100 ], [ 3, 110 ] ] 
15 16 477 [ [ -2, 15 ], [ 1, 118 ], [ 3, 92 ] ] 
15 16 305 [ [ -2, 15 ], [ 1, 116 ], [ 3, 94 ] ] 
15 16 380 [ [ -2, 15 ], [ 1, 116 ], [ 3, 94 ] ] 
16 17 500 [ [ -2, 16 ], [ 1, 118 ], [ 3, 122 ] ] 
15 16 348 [ [ -2, 15 ], [ 1, 122 ], [ 3, 88 ] ] 
16 17 328 [ [ -2, 16 ], [ 1, 122 ], [ 3, 118 ] ] 
14 15 306 [ [ -2, 14 ], [ 1, 98 ], [ 3, 84 ] ] 
15 16 304 [ [ -2, 15 ], [ 1, 106 ], [ 3, 104 ] ] 
16 17 353 [ [ -2, 16 ], [ 1, 120 ], [ 3, 120 ] ] 
15 16 312 [ [ -2, 15 ], [ 1, 104 ], [ 3, 106 ] ] 
15 16 328 [ [ -2, 15 ], [ 1, 104 ], [ 3, 106 ] ] 
15 16 319 [ [ -2, 15 ], [ 1, 114 ], [ 3, 96 ] ] 
15 16 302 [ [ -2, 15 ], [ 1, 106 ], [ 3, 104 ] ] 
15 16 396 [ [ -2, 15 ], [ 1, 106 ], [ 3, 104 ] ] 
16 17 635 [ [ -2, 16 ], [ 1, 116 ], [ 3, 124 ] ] 
16 17 302 [ [ -2, 16 ], [ 1, 130 ], [ 3, 110 ] ] 
15 16 444 [ [ -2, 15 ], [ 1, 110 ], [ 3, 100 ] ] 
16 17 718 [ [ -2, 16 ], [ 1, 120 ], [ 3, 120 ] ] 
14 15 324 [ [ -2, 14 ], [ 1, 106 ], [ 3, 76 ] ] 
15 16 334 [ [ -2, 15 ], [ 1, 106 ], [ 3, 104 ] ] 
17 18 453 [ [ -2, 17 ], [ 1, 140 ], [ 3, 132 ] ] 
16 17 464 [ [ -2, 16 ], [ 1, 126 ], [ 3, 114 ] ] 
16 17 319 [ [ -2, 16 ], [ 1, 130 ], [ 3, 110 ] ] 
15 16 364 [ [ -2, 15 ], [ 1, 104 ], [ 3, 106 ] ] 
15 16 342 [ [ -2, 15 ], [ 1, 122 ], [ 3, 88 ] ] 
15 16 421 [ [ -2, 15 ], [ 1, 126 ], [ 3, 84 ] ] 
15 16 339 [ [ -2, 15 ], [ 1, 118 ], [ 3, 92 ] ] 
15 16 375 [ [ -2, 15 ], [ 1, 126 ], [ 3, 84 ] ] 
15 16 344 [ [ -2, 15 ], [ 1, 126 ], [ 3, 84 ] ] 
15 16 339 [ [ -2, 15 ], [ 1, 98 ], [ 3, 112 ] ] 
15 16 308 [ [ -2, 15 ], [ 1, 118 ], [ 3, 92 ] ] 
16 17 309 [ [ -2, 16 ], [ 1, 120 ], [ 3, 120 ] ] 
15 16 303 [ [ -2, 15 ], [ 1, 108 ], [ 3, 102 ] ] 
17 18 472 [ [ -2, 17 ], [ 1, 144 ], [ 3, 128 ] ] 
16 17 373 [ [ -2, 16 ], [ 1, 132 ], [ 3, 108 ] ] 
15 16 410 [ [ -2, 15 ], [ 1, 120 ], [ 3, 90 ] ] 
14 15 313 [ [ -2, 14 ], [ 1, 102 ], [ 3, 80 ] ] 
16 17 752 [ [ -2, 16 ], [ 1, 130 ], [ 3, 110 ] ] 
15 16 403 [ [ -2, 15 ], [ 1, 104 ], [ 3, 106 ] ] 
15 16 361 [ [ -2, 15 ], [ 1, 106 ], [ 3, 104 ] ] 
15 16 420 [ [ -2, 15 ], [ 1, 104 ], [ 3, 106 ] ] 
15 16 375 [ [ -2, 15 ], [ 1, 126 ], [ 3, 84 ] ] 
16 17 360 [ [ -2, 16 ], [ 1, 114 ], [ 3, 126 ] ] 
16 17 345 [ [ -2, 16 ], [ 1, 114 ], [ 3, 126 ] ] 
15 16 321 [ [ -2, 15 ], [ 1, 110 ], [ 3, 100 ] ] 
16 17 350 [ [ -2, 16 ], [ 1, 132 ], [ 3, 108 ] ] 
17 18 439 [ [ -2, 17 ], [ 1, 140 ], [ 3, 132 ] ] 
15 16 334 [ [ -2, 15 ], [ 1, 106 ], [ 3, 104 ] ] 
15 16 334 [ [ -2, 15 ], [ 1, 106 ], [ 3, 104 ] ] 
15 16 334 [ [ -2, 15 ], [ 1, 106 ], [ 3, 104 ] ] 
17 18 484 [ [ -2, 17 ], [ 1, 148 ], [ 3, 124 ] ] 
16 17 482 [ [ -2, 16 ], [ 1, 122 ], [ 3, 118 ] ] 
16 17 485 [ [ -2, 16 ], [ 1, 106 ], [ 3, 134 ] ] 
16 17 553 [ [ -2, 16 ], [ 1, 138 ], [ 3, 102 ] ] 
16 17 466 [ [ -2, 16 ], [ 1, 138 ], [ 3, 102 ] ] 
17 18 535 [ [ -2, 17 ], [ 1, 144 ], [ 3, 128 ] ] 
15 16 320 [ [ -2, 15 ], [ 1, 110 ], [ 3, 100 ] ] 
15 16 310 [ [ -2, 15 ], [ 1, 108 ], [ 3, 102 ] ] 
15 16 310 [ [ -2, 15 ], [ 1, 104 ], [ 3, 106 ] ] 
14 15 306 [ [ -2, 14 ], [ 1, 90 ], [ 3, 92 ] ] 
16 17 550 [ [ -2, 16 ], [ 1, 126 ], [ 3, 114 ] ] 
16 17 401 [ [ -2, 16 ], [ 1, 118 ], [ 3, 122 ] ] 
15 16 335 [ [ -2, 15 ], [ 1, 120 ], [ 3, 90 ] ] 
15 16 374 [ [ -2, 15 ], [ 1, 110 ], [ 3, 100 ] ] 
15 16 459 [ [ -2, 15 ], [ 1, 124 ], [ 3, 86 ] ] 
15 16 459 [ [ -2, 15 ], [ 1, 112 ], [ 3, 98 ] ] 
15 16 332 [ [ -2, 15 ], [ 1, 104 ], [ 3, 106 ] ] 
15 16 410 [ [ -2, 15 ], [ 1, 132 ], [ 3, 78 ] ] 
16 17 379 [ [ -2, 16 ], [ 1, 116 ], [ 3, 124 ] ] 
15 16 305 [ [ -2, 15 ], [ 1, 110 ], [ 3, 100 ] ] 
15 16 407 [ [ -2, 15 ], [ 1, 110 ], [ 3, 100 ] ] 
16 17 573 [ [ -2, 16 ], [ 1, 118 ], [ 3, 122 ] ] 
15 16 407 [ [ -2, 15 ], [ 1, 110 ], [ 3, 100 ] ] 
17 18 347 [ [ -2, 17 ], [ 1, 144 ], [ 3, 128 ] ] 
15 16 408 [ [ -2, 15 ], [ 1, 112 ], [ 3, 98 ] ] 
15 16 375 [ [ -2, 15 ], [ 1, 118 ], [ 3, 92 ] ] 
16 17 322 [ [ -2, 16 ], [ 1, 124 ], [ 3, 116 ] ] 
16 17 377 [ [ -2, 16 ], [ 1, 122 ], [ 3, 118 ] ] 
17 18 886 [ [ -2, 17 ], [ 1, 138 ], [ 3, 134 ] ] 
16 17 390 [ [ -2, 16 ], [ 1, 122 ], [ 3, 118 ] ] 
16 17 343 [ [ -2, 16 ], [ 1, 144 ], [ 3, 96 ] ] 
15 16 301 [ [ -2, 15 ], [ 1, 126 ], [ 3, 84 ] ] 
15 16 316 [ [ -2, 15 ], [ 1, 134 ], [ 3, 76 ] ] 
15 16 432 [ [ -2, 15 ], [ 1, 106 ], [ 3, 104 ] ] 
15 16 354 [ [ -2, 15 ], [ 1, 122 ], [ 3, 88 ] ] 
16 17 483 [ [ -2, 16 ], [ 1, 134 ], [ 3, 106 ] ] 
17 18 714 [ [ -2, 17 ], [ 1, 150 ], [ 3, 122 ] ] 
14 15 312 [ [ -2, 14 ], [ 1, 106 ], [ 3, 76 ] ] 
14 15 312 [ [ -2, 14 ], [ 1, 96 ], [ 3, 86 ] ] 
15 16 403 [ [ -2, 15 ], [ 1, 108 ], [ 3, 102 ] ] 
16 17 412 [ [ -2, 16 ], [ 1, 108 ], [ 3, 132 ] ] 
17 18 314 [ [ -2, 17 ], [ 1, 130 ], [ 3, 142 ] ] 
17 18 346 [ [ -2, 17 ], [ 1, 124 ], [ 3, 148 ] ] 
18 19 1307 [ [ -2, 18 ], [ 1, 142 ], [ 3, 164 ] ] 
16 17 534 [ [ -2, 16 ], [ 1, 116 ], [ 3, 124 ] ] 
16 17 314 [ [ -2, 16 ], [ 1, 110 ], [ 3, 130 ] ] 
17 18 351 [ [ -2, 17 ], [ 1, 128 ], [ 3, 144 ] ] 
15 16 314 [ [ -2, 15 ], [ 1, 122 ], [ 3, 88 ] ] 
17 18 426 [ [ -2, 17 ], [ 1, 144 ], [ 3, 128 ] ] 
15 16 414 [ [ -2, 15 ], [ 1, 108 ], [ 3, 102 ] ] 
16 17 373 [ [ -2, 16 ], [ 1, 118 ], [ 3, 122 ] ] 
16 17 310 [ [ -2, 16 ], [ 1, 120 ], [ 3, 120 ] ] 
17 18 510 [ [ -2, 17 ], [ 1, 140 ], [ 3, 132 ] ] 
16 17 338 [ [ -2, 16 ], [ 1, 120 ], [ 3, 120 ] ] 
16 17 502 [ [ -2, 16 ], [ 1, 106 ], [ 3, 134 ] ] 
15 16 313 [ [ -2, 15 ], [ 1, 104 ], [ 3, 106 ] ] 
15 16 365 [ [ -2, 15 ], [ 1, 100 ], [ 3, 110 ] ] 
16 17 339 [ [ -2, 16 ], [ 1, 114 ], [ 3, 126 ] ] 
16 17 331 [ [ -2, 16 ], [ 1, 120 ], [ 3, 120 ] ] 
16 17 319 [ [ -2, 16 ], [ 1, 138 ], [ 3, 102 ] ] 
16 17 373 [ [ -2, 16 ], [ 1, 136 ], [ 3, 104 ] ] 
14 15 311 [ [ -2, 14 ], [ 1, 100 ], [ 3, 82 ] ] 
16 17 316 [ [ -2, 16 ], [ 1, 128 ], [ 3, 112 ] ] 
17 18 453 [ [ -2, 17 ], [ 1, 140 ], [ 3, 132 ] ] 
15 16 364 [ [ -2, 15 ], [ 1, 114 ], [ 3, 96 ] ] 
15 16 351 [ [ -2, 15 ], [ 1, 102 ], [ 3, 108 ] ] 
16 17 330 [ [ -2, 16 ], [ 1, 136 ], [ 3, 104 ] ] 
15 16 370 [ [ -2, 15 ], [ 1, 106 ], [ 3, 104 ] ] 
15 16 378 [ [ -2, 15 ], [ 1, 112 ], [ 3, 98 ] ] 
16 17 443 [ [ -2, 16 ], [ 1, 130 ], [ 3, 110 ] ] 
15 16 378 [ [ -2, 15 ], [ 1, 112 ], [ 3, 98 ] ] 
15 16 338 [ [ -2, 15 ], [ 1, 108 ], [ 3, 102 ] ] 
15 16 326 [ [ -2, 15 ], [ 1, 102 ], [ 3, 108 ] ] 
16 17 358 [ [ -2, 16 ], [ 1, 110 ], [ 3, 130 ] ] 
16 17 358 [ [ -2, 16 ], [ 1, 136 ], [ 3, 104 ] ] 
16 17 364 [ [ -2, 16 ], [ 1, 140 ], [ 3, 100 ] ] 
17 18 811 [ [ -2, 17 ], [ 1, 158 ], [ 3, 114 ] ] 
16 17 560 [ [ -2, 16 ], [ 1, 140 ], [ 3, 100 ] ] 
16 17 321 [ [ -2, 16 ], [ 1, 110 ], [ 3, 130 ] ] 
16 17 315 [ [ -2, 16 ], [ 1, 114 ], [ 3, 126 ] ] 
15 16 303 [ [ -2, 15 ], [ 1, 110 ], [ 3, 100 ] ] 
16 17 301 [ [ -2, 16 ], [ 1, 134 ], [ 3, 106 ] ] 
17 18 302 [ [ -2, 17 ], [ 1, 132 ], [ 3, 140 ] ] 
18 19 623 [ [ -2, 18 ], [ 1, 154 ], [ 3, 152 ] ] 
17 18 483 [ [ -2, 17 ], [ 1, 136 ], [ 3, 136 ] ] 
16 17 355 [ [ -2, 16 ], [ 1, 116 ], [ 3, 124 ] ] 
16 17 355 [ [ -2, 16 ], [ 1, 116 ], [ 3, 124 ] ] 
16 17 413 [ [ -2, 16 ], [ 1, 122 ], [ 3, 118 ] ] 
16 17 355 [ [ -2, 16 ], [ 1, 128 ], [ 3, 112 ] ] 
15 16 357 [ [ -2, 15 ], [ 1, 118 ], [ 3, 92 ] ] 
16 17 364 [ [ -2, 16 ], [ 1, 136 ], [ 3, 104 ] ] 
15 16 316 [ [ -2, 15 ], [ 1, 108 ], [ 3, 102 ] ] 
15 16 379 [ [ -2, 15 ], [ 1, 110 ], [ 3, 100 ] ] 
15 16 348 [ [ -2, 15 ], [ 1, 104 ], [ 3, 106 ] ] 
15 16 383 [ [ -2, 15 ], [ 1, 104 ], [ 3, 106 ] ] 
15 16 357 [ [ -2, 15 ], [ 1, 94 ], [ 3, 116 ] ] 
15 16 310 [ [ -2, 15 ], [ 1, 106 ], [ 3, 104 ] ] 
14 15 306 [ [ -2, 14 ], [ 1, 86 ], [ 3, 96 ] ] 
17 18 310 [ [ -2, 17 ], [ 1, 126 ], [ 3, 146 ] ] 
17 18 520 [ [ -2, 17 ], [ 1, 124 ], [ 3, 148 ] ] 
16 17 425 [ [ -2, 16 ], [ 1, 112 ], [ 3, 128 ] ] 
16 17 576 [ [ -2, 16 ], [ 1, 118 ], [ 3, 122 ] ] 
16 17 584 [ [ -2, 16 ], [ 1, 132 ], [ 3, 108 ] ] 
16 17 329 [ [ -2, 16 ], [ 1, 112 ], [ 3, 128 ] ] 
17 18 380 [ [ -2, 17 ], [ 1, 136 ], [ 3, 136 ] ] 
17 18 481 [ [ -2, 17 ], [ 1, 126 ], [ 3, 146 ] ] 
15 16 343 [ [ -2, 15 ], [ 1, 106 ], [ 3, 104 ] ] 
15 16 353 [ [ -2, 15 ], [ 1, 108 ], [ 3, 102 ] ] 
15 16 381 [ [ -2, 15 ], [ 1, 104 ], [ 3, 106 ] ] 
16 17 344 [ [ -2, 16 ], [ 1, 138 ], [ 3, 102 ] ] 
15 16 446 [ [ -2, 15 ], [ 1, 98 ], [ 3, 112 ] ] 
16 17 522 [ [ -2, 16 ], [ 1, 130 ], [ 3, 110 ] ] 
17 17 522 [ [ -2, 17 ], [ 1, 146 ], [ 3, 126 ] ] 
15 16 468 [ [ -2, 15 ], [ 1, 108 ], [ 3, 102 ] ] 
14 15 374 [ [ -2, 14 ], [ 1, 92 ], [ 3, 90 ] ] 
15 16 393 [ [ -2, 15 ], [ 1, 116 ], [ 3, 94 ] ] 
16 17 362 [ [ -2, 16 ], [ 1, 148 ], [ 3, 92 ] ] 
16 17 537 [ [ -2, 16 ], [ 1, 142 ], [ 3, 98 ] ] 
15 16 382 [ [ -2, 15 ], [ 1, 114 ], [ 3, 96 ] ] 
15 16 334 [ [ -2, 15 ], [ 1, 92 ], [ 3, 118 ] ] 
15 16 310 [ [ -2, 15 ], [ 1, 96 ], [ 3, 114 ] ] 
16 17 385 [ [ -2, 16 ], [ 1, 112 ], [ 3, 128 ] ] 
15 16 310 [ [ -2, 15 ], [ 1, 96 ], [ 3, 114 ] ] 
15 16 375 [ [ -2, 15 ], [ 1, 98 ], [ 3, 112 ] ] 
15 16 388 [ [ -2, 15 ], [ 1, 100 ], [ 3, 110 ] ] 
15 16 388 [ [ -2, 15 ], [ 1, 104 ], [ 3, 106 ] ] 
16 17 384 [ [ -2, 16 ], [ 1, 116 ], [ 3, 124 ] ] 
14 15 301 [ [ -2, 14 ], [ 1, 110 ], [ 3, 72 ] ] 
16 17 528 [ [ -2, 16 ], [ 1, 126 ], [ 3, 114 ] ] 
16 17 538 [ [ -2, 16 ], [ 1, 132 ], [ 3, 108 ] ] 
16 17 459 [ [ -2, 16 ], [ 1, 128 ], [ 3, 112 ] ] 
16 17 395 [ [ -2, 16 ], [ 1, 126 ], [ 3, 114 ] ] 
15 16 409 [ [ -2, 15 ], [ 1, 112 ], [ 3, 98 ] ] 
14 15 306 [ [ -2, 14 ], [ 1, 102 ], [ 3, 80 ] ] 
14 15 306 [ [ -2, 14 ], [ 1, 94 ], [ 3, 88 ] ] 
15 16 401 [ [ -2, 15 ], [ 1, 122 ], [ 3, 88 ] ] 
16 17 334 [ [ -2, 16 ], [ 1, 136 ], [ 3, 104 ] ] 
16 17 484 [ [ -2, 16 ], [ 1, 122 ], [ 3, 118 ] ] 
15 16 314 [ [ -2, 15 ], [ 1, 112 ], [ 3, 98 ] ] 
16 17 452 [ [ -2, 16 ], [ 1, 130 ], [ 3, 110 ] ] 
15 16 338 [ [ -2, 15 ], [ 1, 120 ], [ 3, 90 ] ] 
14 15 374 [ [ -2, 14 ], [ 1, 88 ], [ 3, 94 ] ] 
14 15 311 [ [ -2, 14 ], [ 1, 86 ], [ 3, 96 ] ] 
15 16 538 [ [ -2, 15 ], [ 1, 92 ], [ 3, 118 ] ] 
15 16 486 [ [ -2, 15 ], [ 1, 96 ], [ 3, 114 ] ] 
16 17 512 [ [ -2, 16 ], [ 1, 114 ], [ 3, 126 ] ] 
16 17 320 [ [ -2, 16 ], [ 1, 112 ], [ 3, 128 ] ] 
16 17 322 [ [ -2, 16 ], [ 1, 112 ], [ 3, 128 ] ] 
15 16 321 [ [ -2, 15 ], [ 1, 102 ], [ 3, 108 ] ] 
16 17 332 [ [ -2, 16 ], [ 1, 104 ], [ 3, 136 ] ] 
17 18 637 [ [ -2, 17 ], [ 1, 118 ], [ 3, 154 ] ] 
16 17 489 [ [ -2, 16 ], [ 1, 132 ], [ 3, 108 ] ] 
15 16 321 [ [ -2, 15 ], [ 1, 94 ], [ 3, 116 ] ] 
15 16 381 [ [ -2, 15 ], [ 1, 104 ], [ 3, 106 ] ] 
15 16 375 [ [ -2, 15 ], [ 1, 98 ], [ 3, 112 ] ] 
16 17 460 [ [ -2, 16 ], [ 1, 108 ], [ 3, 132 ] ] 
15 16 357 [ [ -2, 15 ], [ 1, 104 ], [ 3, 106 ] ] 
15 16 440 [ [ -2, 15 ], [ 1, 100 ], [ 3, 110 ] ] 
16 17 509 [ [ -2, 16 ], [ 1, 110 ], [ 3, 130 ] ] 
15 16 378 [ [ -2, 15 ], [ 1, 116 ], [ 3, 94 ] ] 
15 16 321 [ [ -2, 15 ], [ 1, 102 ], [ 3, 108 ] ] 
15 16 468 [ [ -2, 15 ], [ 1, 120 ], [ 3, 90 ] ] 
15 16 308 [ [ -2, 15 ], [ 1, 114 ], [ 3, 96 ] ] 
16 17 445 [ [ -2, 16 ], [ 1, 130 ], [ 3, 110 ] ] 
14 15 306 [ [ -2, 14 ], [ 1, 86 ], [ 3, 96 ] ] 
15 16 336 [ [ -2, 15 ], [ 1, 118 ], [ 3, 92 ] ] 
17 18 468 [ [ -2, 17 ], [ 1, 132 ], [ 3, 140 ] ] 
16 17 337 [ [ -2, 16 ], [ 1, 112 ], [ 3, 128 ] ] 
16 17 376 [ [ -2, 16 ], [ 1, 124 ], [ 3, 116 ] ] 
16 17 439 [ [ -2, 16 ], [ 1, 132 ], [ 3, 108 ] ] 
18 19 323 [ [ -2, 18 ], [ 1, 182 ], [ 3, 124 ] ] 
18 19 435 [ [ -2, 18 ], [ 1, 154 ], [ 3, 152 ] ] 
17 18 307 [ [ -2, 17 ], [ 1, 146 ], [ 3, 126 ] ] 
18 19 435 [ [ -2, 18 ], [ 1, 156 ], [ 3, 150 ] ] 
17 18 398 [ [ -2, 17 ], [ 1, 148 ], [ 3, 124 ] ] 
16 17 345 [ [ -2, 16 ], [ 1, 148 ], [ 3, 92 ] ] 
18 19 348 [ [ -2, 18 ], [ 1, 174 ], [ 3, 132 ] ] 
18 19 348 [ [ -2, 18 ], [ 1, 172 ], [ 3, 134 ] ] 
18 19 360 [ [ -2, 18 ], [ 1, 180 ], [ 3, 126 ] ] 
15 16 376 [ [ -2, 15 ], [ 1, 116 ], [ 3, 94 ] ] 
16 17 307 [ [ -2, 16 ], [ 1, 134 ], [ 3, 106 ] ] 
16 17 312 [ [ -2, 16 ], [ 1, 128 ], [ 3, 112 ] ] 
16 17 318 [ [ -2, 16 ], [ 1, 134 ], [ 3, 106 ] ] 
15 16 373 [ [ -2, 15 ], [ 1, 108 ], [ 3, 102 ] ] 
15 16 309 [ [ -2, 15 ], [ 1, 106 ], [ 3, 104 ] ] 
16 17 429 [ [ -2, 16 ], [ 1, 126 ], [ 3, 114 ] ] 
15 16 361 [ [ -2, 15 ], [ 1, 106 ], [ 3, 104 ] ] 
15 16 394 [ [ -2, 15 ], [ 1, 96 ], [ 3, 114 ] ] 
16 17 351 [ [ -2, 16 ], [ 1, 126 ], [ 3, 114 ] ] 
15 16 308 [ [ -2, 15 ], [ 1, 110 ], [ 3, 100 ] ] 
17 18 352 [ [ -2, 17 ], [ 1, 122 ], [ 3, 150 ] ] 
17 18 356 [ [ -2, 17 ], [ 1, 130 ], [ 3, 142 ] ] 
17 18 453 [ [ -2, 17 ], [ 1, 134 ], [ 3, 138 ] ] 
17 18 352 [ [ -2, 17 ], [ 1, 146 ], [ 3, 126 ] ] 
17 18 352 [ [ -2, 17 ], [ 1, 130 ], [ 3, 142 ] ] 
18 19 667 [ [ -2, 18 ], [ 1, 150 ], [ 3, 156 ] ] 
18 19 667 [ [ -2, 18 ], [ 1, 144 ], [ 3, 162 ] ] 
17 18 352 [ [ -2, 17 ], [ 1, 130 ], [ 3, 142 ] ] 
18 19 667 [ [ -2, 18 ], [ 1, 150 ], [ 3, 156 ] ] 
16 17 374 [ [ -2, 16 ], [ 1, 126 ], [ 3, 114 ] ] 
17 18 762 [ [ -2, 17 ], [ 1, 134 ], [ 3, 138 ] ] 
15 16 323 [ [ -2, 15 ], [ 1, 104 ], [ 3, 106 ] ] 
16 17 534 [ [ -2, 16 ], [ 1, 114 ], [ 3, 126 ] ] 
17 18 972 [ [ -2, 17 ], [ 1, 126 ], [ 3, 146 ] ] 
16 17 445 [ [ -2, 16 ], [ 1, 112 ], [ 3, 128 ] ] 
17 18 762 [ [ -2, 17 ], [ 1, 134 ], [ 3, 138 ] ] 
16 17 407 [ [ -2, 16 ], [ 1, 116 ], [ 3, 124 ] ] 
18 19 451 [ [ -2, 18 ], [ 1, 166 ], [ 3, 140 ] ] 
17 18 548 [ [ -2, 17 ], [ 1, 138 ], [ 3, 134 ] ] 
16 17 407 [ [ -2, 16 ], [ 1, 120 ], [ 3, 120 ] ] 
18 19 538 [ [ -2, 18 ], [ 1, 152 ], [ 3, 154 ] ] 
18 19 302 [ [ -2, 18 ], [ 1, 156 ], [ 3, 150 ] ] 
17 18 318 [ [ -2, 17 ], [ 1, 138 ], [ 3, 134 ] ] 
18 19 427 [ [ -2, 18 ], [ 1, 158 ], [ 3, 148 ] ] 
18 19 427 [ [ -2, 18 ], [ 1, 152 ], [ 3, 154 ] ] 
16 17 335 [ [ -2, 16 ], [ 1, 130 ], [ 3, 110 ] ] 
17 18 305 [ [ -2, 17 ], [ 1, 136 ], [ 3, 136 ] ] 
17 18 404 [ [ -2, 17 ], [ 1, 144 ], [ 3, 128 ] ] 
18 19 950 [ [ -2, 18 ], [ 1, 166 ], [ 3, 140 ] ] 
17 18 404 [ [ -2, 17 ], [ 1, 144 ], [ 3, 128 ] ] 
18 19 950 [ [ -2, 18 ], [ 1, 156 ], [ 3, 150 ] ] 
16 17 338 [ [ -2, 16 ], [ 1, 126 ], [ 3, 114 ] ] 
17 18 578 [ [ -2, 17 ], [ 1, 132 ], [ 3, 140 ] ] 
17 18 713 [ [ -2, 17 ], [ 1, 136 ], [ 3, 136 ] ] 
17 18 504 [ [ -2, 17 ], [ 1, 140 ], [ 3, 132 ] ] 
16 17 320 [ [ -2, 16 ], [ 1, 130 ], [ 3, 110 ] ] 
17 18 465 [ [ -2, 17 ], [ 1, 140 ], [ 3, 132 ] ] 
15 16 323 [ [ -2, 15 ], [ 1, 122 ], [ 3, 88 ] ] 
17 18 372 [ [ -2, 17 ], [ 1, 138 ], [ 3, 134 ] ] 
17 18 373 [ [ -2, 17 ], [ 1, 142 ], [ 3, 130 ] ] 
16 17 393 [ [ -2, 16 ], [ 1, 118 ], [ 3, 122 ] ] 
16 17 553 [ [ -2, 16 ], [ 1, 116 ], [ 3, 124 ] ] 
16 17 430 [ [ -2, 16 ], [ 1, 122 ], [ 3, 118 ] ] 
17 18 869 [ [ -2, 17 ], [ 1, 144 ], [ 3, 128 ] ] 
16 17 310 [ [ -2, 16 ], [ 1, 126 ], [ 3, 114 ] ] 
15 16 320 [ [ -2, 15 ], [ 1, 112 ], [ 3, 98 ] ] 
17 18 473 [ [ -2, 17 ], [ 1, 144 ], [ 3, 128 ] ] 
16 17 342 [ [ -2, 16 ], [ 1, 124 ], [ 3, 116 ] ] 
17 18 702 [ [ -2, 17 ], [ 1, 144 ], [ 3, 128 ] ] 
15 16 305 [ [ -2, 15 ], [ 1, 102 ], [ 3, 108 ] ] 
15 16 409 [ [ -2, 15 ], [ 1, 112 ], [ 3, 98 ] ] 
16 17 758 [ [ -2, 16 ], [ 1, 126 ], [ 3, 114 ] ] 
17 18 1101 [ [ -2, 17 ], [ 1, 146 ], [ 3, 126 ] ] 
16 17 788 [ [ -2, 16 ], [ 1, 122 ], [ 3, 118 ] ] 
15 16 412 [ [ -2, 15 ], [ 1, 104 ], [ 3, 106 ] ] 
17 18 701 [ [ -2, 17 ], [ 1, 134 ], [ 3, 138 ] ] 
17 18 701 [ [ -2, 17 ], [ 1, 130 ], [ 3, 142 ] ] 
16 17 533 [ [ -2, 16 ], [ 1, 116 ], [ 3, 124 ] ] 
17 18 681 [ [ -2, 17 ], [ 1, 130 ], [ 3, 142 ] ] 
17 18 654 [ [ -2, 17 ], [ 1, 132 ], [ 3, 140 ] ] 
18 19 820 [ [ -2, 18 ], [ 1, 146 ], [ 3, 160 ] ] 
16 17 306 [ [ -2, 16 ], [ 1, 120 ], [ 3, 120 ] ] 
16 17 306 [ [ -2, 16 ], [ 1, 120 ], [ 3, 120 ] ] 
15 16 404 [ [ -2, 15 ], [ 1, 114 ], [ 3, 96 ] ] 
15 16 404 [ [ -2, 15 ], [ 1, 114 ], [ 3, 96 ] ] 
15 16 341 [ [ -2, 15 ], [ 1, 102 ], [ 3, 108 ] ] 
16 17 478 [ [ -2, 16 ], [ 1, 116 ], [ 3, 124 ] ] 
15 16 305 [ [ -2, 15 ], [ 1, 104 ], [ 3, 106 ] ] 
15 16 420 [ [ -2, 15 ], [ 1, 100 ], [ 3, 110 ] ] 
16 17 321 [ [ -2, 16 ], [ 1, 110 ], [ 3, 130 ] ] 
16 17 311 [ [ -2, 16 ], [ 1, 112 ], [ 3, 128 ] ] 
15 16 345 [ [ -2, 15 ], [ 1, 108 ], [ 3, 102 ] ] 
15 16 326 [ [ -2, 15 ], [ 1, 104 ], [ 3, 106 ] ] 
15 16 328 [ [ -2, 15 ], [ 1, 112 ], [ 3, 98 ] ] 
17 18 501 [ [ -2, 17 ], [ 1, 136 ], [ 3, 136 ] ] 
16 17 308 [ [ -2, 16 ], [ 1, 118 ], [ 3, 122 ] ] 
15 16 391 [ [ -2, 15 ], [ 1, 92 ], [ 3, 118 ] ] 
15 16 327 [ [ -2, 15 ], [ 1, 92 ], [ 3, 118 ] ] 
16 17 477 [ [ -2, 16 ], [ 1, 102 ], [ 3, 138 ] ] 
17 18 440 [ [ -2, 17 ], [ 1, 136 ], [ 3, 136 ] ] 
18 19 1296 [ [ -2, 18 ], [ 1, 146 ], [ 3, 160 ] ] 
16 17 401 [ [ -2, 16 ], [ 1, 110 ], [ 3, 130 ] ] 
17 18 472 [ [ -2, 17 ], [ 1, 128 ], [ 3, 144 ] ] 
15 16 328 [ [ -2, 15 ], [ 1, 100 ], [ 3, 110 ] ] 
17 18 466 [ [ -2, 17 ], [ 1, 138 ], [ 3, 134 ] ] 
17 18 432 [ [ -2, 17 ], [ 1, 140 ], [ 3, 132 ] ] 
17 18 466 [ [ -2, 17 ], [ 1, 146 ], [ 3, 126 ] ] 
17 18 466 [ [ -2, 17 ], [ 1, 146 ], [ 3, 126 ] ] 
16 17 308 [ [ -2, 16 ], [ 1, 104 ], [ 3, 136 ] ] 
16 17 560 [ [ -2, 16 ], [ 1, 102 ], [ 3, 138 ] ] 
16 17 324 [ [ -2, 16 ], [ 1, 104 ], [ 3, 136 ] ] 
16 17 489 [ [ -2, 16 ], [ 1, 112 ], [ 3, 128 ] ] 
16 17 324 [ [ -2, 16 ], [ 1, 118 ], [ 3, 122 ] ] 
16 17 341 [ [ -2, 16 ], [ 1, 120 ], [ 3, 120 ] ] 
16 17 461 [ [ -2, 16 ], [ 1, 112 ], [ 3, 128 ] ] 
16 17 531 [ [ -2, 16 ], [ 1, 106 ], [ 3, 134 ] ] 
17 18 457 [ [ -2, 17 ], [ 1, 128 ], [ 3, 144 ] ] 
16 17 387 [ [ -2, 16 ], [ 1, 122 ], [ 3, 118 ] ] 
17 18 634 [ [ -2, 17 ], [ 1, 130 ], [ 3, 142 ] ] 
16 17 364 [ [ -2, 16 ], [ 1, 108 ], [ 3, 132 ] ] 
17 18 457 [ [ -2, 17 ], [ 1, 128 ], [ 3, 144 ] ] 
16 17 364 [ [ -2, 16 ], [ 1, 108 ], [ 3, 132 ] ] 
17 18 308 [ [ -2, 17 ], [ 1, 120 ], [ 3, 152 ] ] 
16 17 526 [ [ -2, 16 ], [ 1, 116 ], [ 3, 124 ] ] 
16 17 344 [ [ -2, 16 ], [ 1, 118 ], [ 3, 122 ] ] 
15 16 301 [ [ -2, 15 ], [ 1, 100 ], [ 3, 110 ] ] 
16 17 341 [ [ -2, 16 ], [ 1, 108 ], [ 3, 132 ] ] 
16 17 554 [ [ -2, 16 ], [ 1, 118 ], [ 3, 122 ] ] 
16 17 403 [ [ -2, 16 ], [ 1, 122 ], [ 3, 118 ] ] 
16 17 405 [ [ -2, 16 ], [ 1, 114 ], [ 3, 126 ] ] 
16 17 401 [ [ -2, 16 ], [ 1, 104 ], [ 3, 136 ] ] 
16 17 408 [ [ -2, 16 ], [ 1, 110 ], [ 3, 130 ] ] 
18 19 596 [ [ -2, 18 ], [ 1, 130 ], [ 3, 176 ] ] 
17 18 307 [ [ -2, 17 ], [ 1, 116 ], [ 3, 156 ] ] 
17 18 542 [ [ -2, 17 ], [ 1, 136 ], [ 3, 136 ] ] 
16 17 447 [ [ -2, 16 ], [ 1, 124 ], [ 3, 116 ] ] 
15 16 317 [ [ -2, 15 ], [ 1, 116 ], [ 3, 94 ] ] 
17 18 337 [ [ -2, 17 ], [ 1, 148 ], [ 3, 124 ] ] 
16 17 409 [ [ -2, 16 ], [ 1, 136 ], [ 3, 104 ] ] 
17 18 339 [ [ -2, 17 ], [ 1, 140 ], [ 3, 132 ] ] 
18 19 388 [ [ -2, 18 ], [ 1, 152 ], [ 3, 154 ] ] 
17 18 339 [ [ -2, 17 ], [ 1, 124 ], [ 3, 148 ] ] 
17 18 318 [ [ -2, 17 ], [ 1, 128 ], [ 3, 144 ] ] 
15 16 301 [ [ -2, 15 ], [ 1, 108 ], [ 3, 102 ] ] 
16 17 481 [ [ -2, 16 ], [ 1, 124 ], [ 3, 116 ] ] 
15 16 338 [ [ -2, 15 ], [ 1, 112 ], [ 3, 98 ] ] 
15 16 328 [ [ -2, 15 ], [ 1, 100 ], [ 3, 110 ] ] 
15 16 377 [ [ -2, 15 ], [ 1, 112 ], [ 3, 98 ] ] 
15 16 377 [ [ -2, 15 ], [ 1, 112 ], [ 3, 98 ] ] 
16 17 442 [ [ -2, 16 ], [ 1, 110 ], [ 3, 130 ] ] 
15 16 412 [ [ -2, 15 ], [ 1, 94 ], [ 3, 116 ] ] 
15 16 342 [ [ -2, 15 ], [ 1, 88 ], [ 3, 122 ] ] 
15 16 338 [ [ -2, 15 ], [ 1, 100 ], [ 3, 110 ] ] 
15 16 304 [ [ -2, 15 ], [ 1, 102 ], [ 3, 108 ] ] 
15 16 389 [ [ -2, 15 ], [ 1, 98 ], [ 3, 112 ] ] 
15 16 313 [ [ -2, 15 ], [ 1, 96 ], [ 3, 114 ] ] 
17 18 368 [ [ -2, 17 ], [ 1, 144 ], [ 3, 128 ] ] 
17 18 555 [ [ -2, 17 ], [ 1, 140 ], [ 3, 132 ] ] 
18 19 350 [ [ -2, 18 ], [ 1, 166 ], [ 3, 140 ] ] 
17 18 368 [ [ -2, 17 ], [ 1, 148 ], [ 3, 124 ] ] 
18 19 435 [ [ -2, 18 ], [ 1, 154 ], [ 3, 152 ] ] 
16 17 331 [ [ -2, 16 ], [ 1, 116 ], [ 3, 124 ] ] 
17 18 329 [ [ -2, 17 ], [ 1, 130 ], [ 3, 142 ] ] 
15 16 316 [ [ -2, 15 ], [ 1, 98 ], [ 3, 112 ] ] 
16 17 328 [ [ -2, 16 ], [ 1, 126 ], [ 3, 114 ] ] 
15 16 349 [ [ -2, 15 ], [ 1, 98 ], [ 3, 112 ] ] 
15 16 388 [ [ -2, 15 ], [ 1, 100 ], [ 3, 110 ] ] 
15 16 427 [ [ -2, 15 ], [ 1, 110 ], [ 3, 100 ] ] 
15 16 328 [ [ -2, 15 ], [ 1, 104 ], [ 3, 106 ] ] 
16 17 400 [ [ -2, 16 ], [ 1, 116 ], [ 3, 124 ] ] 
17 18 384 [ [ -2, 17 ], [ 1, 148 ], [ 3, 124 ] ] 
17 18 322 [ [ -2, 17 ], [ 1, 142 ], [ 3, 130 ] ] 
18 19 855 [ [ -2, 18 ], [ 1, 160 ], [ 3, 146 ] ] 
Error, user interrupt in
  x := row[nzheads[j]]; at /usr/local/Cellar/gap/4.15.1/share/gap/lib/matrix.gi:2454 called from 
SemiEchelonMatDestructive( mat 
 ) at /usr/local/Cellar/gap/4.15.1/share/gap/lib/matrix.gi:2407 called from
RankMatDestructive( MutableCopyMatrix( mat ) 
 ) at /usr/local/Cellar/gap/4.15.1/share/gap/lib/matrix.gi:2417 called from
Rank( tGram ) at SplitConsTools.g:174 called from
IsGeom( tGram, th ) at Task20260922Vf.g:29 called from
task( newadj ); at Task20260922Vf.g:37 called from
...  at Task20260922Vf.g:42
you can 'return;'
brk> quit;
gap> 
gap> 
gap> 
gap> Read("NonSingOverLats.g");
Syntax error: ; expected in NonSingOverLats.g:30
  inidet:=DeterminantIntMat(Gram);
  ^^^^^^
Syntax error: expression expected in NonSingOverLats.g:41
  overlats:=:=[iniorec];
            ^^
gap> Read("NonSingOverLats.g");
gap> Read("NonSingOverLats.g");
Syntax warning: Unbound global variable in NonSingOverLats.g:30
  singisotwords:=[];
  ^^^^^^^^^^^^^
Syntax warning: Unbound global variable in NonSingOverLats.g:46
        Add(singisotwords, tw);
            ^^^^^^^^^^^^^
Syntax warning: Unbound global variable in NonSingOverLats.g:66
  oldwdbasisinvs:=[[inidet, iniorec.wdbasisinv]];
  ^^^^^^^^^^^^^^
Syntax warning: Unbound global variable in NonSingOverLats.g:70
    for tdata in oldwdbasisinvs do 
                 ^^^^^^^^^^^^^^
Syntax warning: Unbound global variable in NonSingOverLats.g:92
    twdbasisinv:=torec.wdbasisinv;
    ^^^^^^^^^^^
Syntax warning: Unbound global variable in NonSingOverLats.g:99
        if not IsIntVect(tw*twdbasisinv) then 
                            ^^^^^^^^^^^
Syntax warning: Unbound global variable in NonSingOverLats.g:100
          newwdbasis:=AddVectToBasis(torec.wdbasis, tw);
          ^^^^^^^^^^
Syntax warning: Unbound global variable in NonSingOverLats.g:101
          ttdet:=DeterminantIntMat(newwdbasis);
                                   ^^^^^^^^^^
Syntax warning: Unbound global variable in NonSingOverLats.g:102
          if isneworec(ttdet, newwdbasis) then 
                              ^^^^^^^^^^
Syntax warning: Unbound global variable in NonSingOverLats.g:103
            newwdbasisinv:=InverseMat(newwdbasis);
            ^^^^^^^^^^^^^
Syntax warning: Unbound global variable in NonSingOverLats.g:103
            newwdbasisinv:=InverseMat(newwdbasis);
                                      ^^^^^^^^^^
Syntax warning: Unbound global variable in NonSingOverLats.g:104
            Add(oldwdbasisinvs, [ttdet, newwdbasisinv]);
                ^^^^^^^^^^^^^^
Syntax warning: Unbound global variable in NonSingOverLats.g:104
            Add(oldwdbasisinvs, [ttdet, newwdbasisinv]);
                                        ^^^^^^^^^^^^^
Syntax warning: Unbound global variable in NonSingOverLats.g:105
            singflag:=false;
            ^^^^^^^^
Syntax warning: Unbound global variable in NonSingOverLats.g:106
            for stw in singisotwords do 
                ^^^
Syntax warning: Unbound global variable in NonSingOverLats.g:106
            for stw in singisotwords do 
                       ^^^^^^^^^^^^^
Syntax warning: Unbound global variable in NonSingOverLats.g:107
              if IsIntVect(stw, newwdbasisinv) then 
                                ^^^^^^^^^^^^^
Syntax warning: Unbound global variable in NonSingOverLats.g:108
                singflag:=true;
                ^^^^^^^^
Syntax warning: Unbound global variable in NonSingOverLats.g:112
            if not singflag then 
                   ^^^^^^^^
Syntax warning: Unbound global variable in NonSingOverLats.g:122
                wdbasis:=newwdbasis,
                         ^^^^^^^^^^
Syntax warning: Unbound global variable in NonSingOverLats.g:124
              );
 ^^^^^^^^^^^^^^
gap> Read("NonSingOverLats.g");
Syntax warning: Unbound global variable in NonSingOverLats.g:104
            newwdbasisinv:=InverseMat(newwdbasis);
            ^^^^^^^^^^^^^
Syntax warning: Unbound global variable in NonSingOverLats.g:105
            Add(oldwdbasisinvs, [ttdet, newwdbasisinv]);
                                        ^^^^^^^^^^^^^
Syntax warning: Unbound global variable in NonSingOverLats.g:106
            singflag:=false;
            ^^^^^^^^
Syntax warning: Unbound global variable in NonSingOverLats.g:107
            for stw in singisotwords do 
                ^^^
Syntax warning: Unbound global variable in NonSingOverLats.g:108
              if IsIntVect(stw, newwdbasisinv) then 
                                ^^^^^^^^^^^^^
Syntax warning: Unbound global variable in NonSingOverLats.g:109
                singflag:=true;
                ^^^^^^^^
Syntax warning: Unbound global variable in NonSingOverLats.g:113
            if not singflag then 
                   ^^^^^^^^
Syntax warning: Unbound global variable in NonSingOverLats.g:125
              );
 ^^^^^^^^^^^^^^
gap> Read("NonSingOverLats.g");
gap> Read("NonSingOverLats.g");
gap> Read("NonSingOverLats.g");
gap> 