sessionnumb  20260922212453 
gap> Read("Task20260922Vc.g");
13 14 144 [ [ [ 1, 1, -2, 1, 3, 3, 3, 3, 3, 1, 1, 1, 1 ], 1 ], 
  [ [ 1, 1, 1, 1, 1, 1, 1, 3, 3, -2, 3, 1, 3 ], 1 ], 
  [ [ 1, 1, 3, 3, 3, -2, 1, 1, 3, 1, 3, 1, 3 ], 1 ], 
  [ [ 1, 3, 1, 1, 3, 3, 3, 3, 1, 3, -2, 3, 1 ], 1 ], 
  [ [ 2, 3, 1, 3, 3, 1, 3, 3, 3, 1, 1, 3, 3 ], 1 ], 
  [ [ 3, -2, 1, 3, 3, 1, 1, 1, 1, 1, 3, 1, 1 ], 1 ], 
  [ [ 3, 1, 1, 1, 1, 1, 1, 1, 3, 1, 3, -2, 3 ], 1 ], 
  [ [ 3, 1, 1, 1, 3, 3, 3, 3, 1, 3, 1, 3, -2 ], 1 ], 
  [ [ 3, 1, 3, 3, 1, 1, -2, 3, 1, 1, 3, 1, 3 ], 1 ], 
  [ [ 3, 1, 3, 3, 1, 3, 1, 3, -2, 3, 1, 3, 1 ], 1 ], 
  [ [ 3, 1, 3, 3, 3, 1, 3, -2, 3, 3, 3, 1, 3 ], 1 ], 
  [ [ 3, 3, 1, -2, 1, 3, 3, 3, 3, 1, 1, 1, 1 ], 1 ], 
  [ [ 3, 3, 3, 1, -2, 3, 1, 3, 1, 1, 3, 1, 3 ], 1 ] ] 
13 14 122 [ [ [ 1, 1, -2, 1, 3, 3, 3, 3, 3, 1, 3, 3, 1 ], 1 ], 
  [ [ 1, 1, 1, 1, 1, 1, 1, 3, 3, -2, 3, 3, 1 ], 1 ], 
  [ [ 1, 1, 1, 3, 3, 1, 3, 1, 3, 1, 3, 1, -2 ], 1 ], 
  [ [ 1, 1, 3, 3, 3, -2, 1, 1, 3, 1, 3, 1, 1 ], 1 ], 
  [ [ 2, 3, 1, 3, 3, 1, 3, 3, 3, 1, 3, 3, 1 ], 1 ], 
  [ [ 3, -2, 1, 3, 3, 1, 1, 1, 1, 1, 3, 3, 1 ], 1 ], 
  [ [ 3, 1, 3, 3, 1, 1, -2, 3, 1, 1, 3, 3, 3 ], 1 ], 
  [ [ 3, 1, 3, 3, 1, 3, 1, 3, -2, 3, 3, 3, 3 ], 1 ], 
  [ [ 3, 1, 3, 3, 3, 1, 3, -2, 3, 3, 1, 1, 1 ], 1 ], 
  [ [ 3, 3, 1, -2, 1, 3, 3, 3, 3, 1, 1, 1, 3 ], 1 ], 
  [ [ 3, 3, 3, 1, -2, 3, 1, 3, 1, 1, 1, 3, 3 ], 1 ], 
  [ [ 3, 3, 3, 1, 1, 3, 3, 1, 3, 3, -2, 1, 3 ], 1 ], 
  [ [ 3, 3, 3, 1, 3, 1, 3, 1, 3, 3, 1, -2, 1 ], 1 ] ] 
14 15 150 [ [ [ 1, 1, -2, 1, 3, 3, 3, 3, 3, 1, 3, 1, 3, 1 ], 1 ], 
  [ [ 1, 1, 1, 1, 1, 1, 1, 3, 3, -2, 3, 1, 3, 1 ], 1 ], 
  [ [ 1, 1, 1, 3, 3, 1, 1, 3, 3, 1, 3, 1, 3, -2 ], 1 ], 
  [ [ 1, 1, 3, 3, 3, -2, 1, 1, 3, 1, 3, 1, 3, 1 ], 1 ], 
  [ [ 1, 3, 1, 1, 1, 1, 1, 3, 3, 1, 3, -2, 3, 1 ], 1 ], 
  [ [ 2, 3, 1, 3, 3, 1, 3, 3, 3, 1, 3, 1, 3, 1 ], 1 ], 
  [ [ 3, -2, 1, 3, 3, 1, 1, 1, 1, 1, 3, 3, 3, 1 ], 1 ], 
  [ [ 3, 1, 3, 3, 1, 1, -2, 3, 1, 1, 3, 1, 3, 1 ], 1 ], 
  [ [ 3, 1, 3, 3, 1, 3, 1, 3, -2, 3, 3, 3, 3, 3 ], 1 ], 
  [ [ 3, 1, 3, 3, 3, 1, 3, -2, 3, 3, 1, 3, 1, 3 ], 1 ], 
  [ [ 3, 3, 1, -2, 1, 3, 3, 3, 3, 1, 1, 1, 1, 3 ], 1 ], 
  [ [ 3, 3, 3, 1, -2, 3, 1, 3, 1, 1, 1, 1, 3, 3 ], 1 ], 
  [ [ 3, 3, 3, 1, 1, 3, 3, 1, 3, 3, -2, 3, 1, 3 ], 1 ], 
  [ [ 3, 3, 3, 1, 3, 3, 3, 1, 3, 3, 1, 3, -2, 3 ], 1 ] ] 
13 14 149 [ [ [ 1, 1, -2, 1, 3, 3, 3, 3, 3, 1, 3, 1, 3 ], 1 ], 
  [ [ 1, 1, 1, 1, 1, 1, 1, 3, 3, -2, 3, 1, 1 ], 1 ], 
  [ [ 1, 1, 3, 3, 3, -2, 1, 1, 3, 1, 3, 3, 1 ], 1 ], 
  [ [ 1, 3, 1, 1, 1, 3, 3, 3, 3, 1, 1, -2, 1 ], 1 ], 
  [ [ 1, 3, 3, 3, 1, 1, 1, 1, 3, 1, 1, 1, -2 ], 1 ], 
  [ [ 2, 3, 1, 3, 3, 1, 3, 3, 3, 1, 3, 1, 1 ], 1 ], 
  [ [ 3, -2, 1, 3, 3, 1, 1, 1, 1, 1, 3, 3, 3 ], 1 ], 
  [ [ 3, 1, 3, 3, 1, 1, -2, 3, 1, 1, 3, 3, 1 ], 1 ], 
  [ [ 3, 1, 3, 3, 1, 3, 1, 3, -2, 3, 3, 3, 3 ], 1 ], 
  [ [ 3, 1, 3, 3, 3, 1, 3, -2, 3, 3, 1, 3, 1 ], 1 ], 
  [ [ 3, 3, 1, -2, 1, 3, 3, 3, 3, 1, 1, 1, 3 ], 1 ], 
  [ [ 3, 3, 3, 1, -2, 3, 1, 3, 1, 1, 1, 1, 1 ], 1 ], 
  [ [ 3, 3, 3, 1, 1, 3, 3, 1, 3, 3, -2, 1, 1 ], 1 ] ] 
14 15 139 [ [ [ 1, 1, -2, 1, 3, 3, 3, 3, 3, 1, 3, 1, 1, 3 ], 1 ], 
  [ [ 1, 1, 1, 1, 1, 1, 1, 3, 3, -2, 3, 1, 1, 1 ], 1 ], 
  [ [ 1, 1, 1, 1, 3, 1, 3, 1, 3, 1, 1, 1, -2, 3 ], 1 ], 
  [ [ 1, 1, 3, 3, 3, -2, 1, 1, 3, 1, 3, 3, 1, 3 ], 1 ], 
  [ [ 1, 3, 1, 1, 1, 3, 3, 3, 3, 1, 1, -2, 1, 1 ], 1 ], 
  [ [ 1, 3, 3, 3, 1, 3, 1, 3, 1, 1, 3, 1, 3, -2 ], 1 ], 
  [ [ 2, 3, 1, 3, 3, 1, 3, 3, 3, 1, 3, 1, 1, 1 ], 1 ], 
  [ [ 3, -2, 1, 3, 3, 1, 1, 1, 1, 1, 3, 3, 1, 3 ], 1 ], 
  [ [ 3, 1, 3, 3, 1, 1, -2, 3, 1, 1, 3, 3, 3, 1 ], 1 ], 
  [ [ 3, 1, 3, 3, 1, 3, 1, 3, -2, 3, 3, 3, 3, 1 ], 1 ], 
  [ [ 3, 1, 3, 3, 3, 1, 3, -2, 3, 3, 1, 3, 1, 3 ], 1 ], 
  [ [ 3, 3, 1, -2, 1, 3, 3, 3, 3, 1, 1, 1, 1, 3 ], 1 ], 
  [ [ 3, 3, 3, 1, -2, 3, 1, 3, 1, 1, 1, 1, 3, 1 ], 1 ], 
  [ [ 3, 3, 3, 1, 1, 3, 3, 1, 3, 3, -2, 1, 1, 3 ], 1 ] ] 
15 16 316 [ [ [ 1, 1, -2, 1, 3, 3, 3, 3, 3, 1, 3, 1, 1, 3, 3 ], 1 ], 
  [ [ 1, 1, 1, 1, 1, 1, 1, 3, 3, -2, 3, 1, 1, 1, 3 ], 1 ], 
  [ [ 1, 1, 1, 1, 3, 1, 3, 1, 3, 1, 1, 1, -2, 3, 1 ], 1 ], 
  [ [ 1, 1, 3, 3, 3, -2, 1, 1, 3, 1, 3, 3, 1, 3, 1 ], 1 ], 
  [ [ 1, 3, 1, 1, 1, 3, 3, 3, 3, 1, 1, -2, 1, 1, 3 ], 1 ], 
  [ [ 1, 3, 3, 3, 1, 3, 1, 3, 1, 1, 3, 1, 3, -2, 3 ], 1 ], 
  [ [ 2, 3, 1, 3, 3, 1, 3, 3, 3, 1, 3, 1, 1, 1, 3 ], 1 ], 
  [ [ 3, -2, 1, 3, 3, 1, 1, 1, 1, 1, 3, 3, 1, 3, 1 ], 1 ], 
  [ [ 3, 1, 3, 3, 1, 1, -2, 3, 1, 1, 3, 3, 3, 1, 1 ], 1 ], 
  [ [ 3, 1, 3, 3, 1, 1, 1, 1, 1, 3, 1, 3, 1, 3, -2 ], 1 ], 
  [ [ 3, 1, 3, 3, 1, 3, 1, 3, -2, 3, 3, 3, 3, 1, 1 ], 1 ], 
  [ [ 3, 1, 3, 3, 3, 1, 3, -2, 3, 3, 1, 3, 1, 3, 1 ], 1 ], 
  [ [ 3, 3, 1, -2, 1, 3, 3, 3, 3, 1, 1, 1, 1, 3, 3 ], 1 ], 
  [ [ 3, 3, 3, 1, -2, 3, 1, 3, 1, 1, 1, 1, 3, 1, 1 ], 1 ], 
  [ [ 3, 3, 3, 1, 1, 3, 3, 1, 3, 3, -2, 1, 1, 3, 1 ], 1 ] ] 
13 14 136 [ [ [ 1, 1, -2, 1, 3, 3, 3, 3, 3, 1, 3, 1, 1 ], 1 ], 
  [ [ 1, 1, 1, 1, 1, 1, 1, 3, 3, -2, 3, 1, 3 ], 1 ], 
  [ [ 1, 1, 3, 3, 3, -2, 1, 1, 3, 1, 3, 1, 1 ], 1 ], 
  [ [ 2, 3, 1, 3, 3, 1, 3, 3, 3, 1, 3, 3, 3 ], 1 ], 
  [ [ 3, -2, 1, 3, 3, 1, 1, 1, 1, 1, 3, 1, 1 ], 1 ], 
  [ [ 3, 1, 1, 1, 3, 1, 1, 1, 3, 1, 3, -2, 1 ], 1 ], 
  [ [ 3, 1, 1, 1, 3, 1, 3, 1, 3, 3, 1, 1, -2 ], 1 ], 
  [ [ 3, 1, 3, 3, 1, 1, -2, 3, 1, 1, 3, 1, 3 ], 1 ], 
  [ [ 3, 1, 3, 3, 1, 3, 1, 3, -2, 3, 3, 3, 3 ], 1 ], 
  [ [ 3, 1, 3, 3, 3, 1, 3, -2, 3, 3, 1, 1, 1 ], 1 ], 
  [ [ 3, 3, 1, -2, 1, 3, 3, 3, 3, 1, 1, 1, 1 ], 1 ], 
  [ [ 3, 3, 3, 1, -2, 3, 1, 3, 1, 1, 1, 3, 3 ], 1 ], 
  [ [ 3, 3, 3, 1, 1, 3, 3, 1, 3, 3, -2, 3, 1 ], 1 ] ] 
14 15 197 [ [ [ 1, 1, -2, 1, 3, 3, 3, 3, 3, 1, 3, 1, 1, 3 ], 1 ], 
  [ [ 1, 1, 1, 1, 1, 1, 1, 3, 3, -2, 3, 1, 3, 3 ], 1 ], 
  [ [ 1, 1, 3, 3, 3, -2, 1, 1, 3, 1, 3, 1, 1, 1 ], 1 ], 
  [ [ 2, 3, 1, 3, 3, 1, 3, 3, 3, 1, 3, 3, 3, 3 ], 1 ], 
  [ [ 3, -2, 1, 3, 3, 1, 1, 1, 1, 1, 3, 1, 1, 1 ], 1 ], 
  [ [ 3, 1, 1, 1, 3, 1, 1, 1, 3, 1, 3, -2, 1, 3 ], 1 ], 
  [ [ 3, 1, 1, 1, 3, 1, 3, 1, 3, 3, 1, 1, -2, 1 ], 1 ], 
  [ [ 3, 1, 3, 3, 1, 1, -2, 3, 1, 1, 3, 1, 3, 1 ], 1 ], 
  [ [ 3, 1, 3, 3, 1, 1, 1, 1, 1, 3, 1, 3, 1, -2 ], 1 ], 
  [ [ 3, 1, 3, 3, 1, 3, 1, 3, -2, 3, 3, 3, 3, 1 ], 1 ], 
  [ [ 3, 1, 3, 3, 3, 1, 3, -2, 3, 3, 1, 1, 1, 1 ], 1 ], 
  [ [ 3, 3, 1, -2, 1, 3, 3, 3, 3, 1, 1, 1, 1, 3 ], 1 ], 
  [ [ 3, 3, 3, 1, -2, 3, 1, 3, 1, 1, 1, 3, 3, 1 ], 1 ], 
  [ [ 3, 3, 3, 1, 1, 3, 3, 1, 3, 3, -2, 3, 1, 1 ], 1 ] ] 
15 16 133 [ [ [ 1, 1, -2, 1, 3, 3, 3, 3, 3, 1, 3, 1, 3, 3, 1 ], 1 ], 
  [ [ 1, 1, 1, 1, 1, 1, 1, 3, 3, -2, 3, 1, 3, 3, 1 ], 1 ], 
  [ [ 1, 1, 1, 3, 3, 1, 1, 3, 3, 1, 3, 3, 3, 3, -2 ], 1 ], 
  [ [ 1, 1, 3, 3, 3, -2, 1, 1, 3, 1, 3, 3, 3, 1, 1 ], 1 ], 
  [ [ 2, 3, 1, 3, 3, 1, 3, 3, 3, 1, 3, 3, 3, 3, 1 ], 1 ], 
  [ [ 3, -2, 1, 3, 3, 1, 1, 1, 1, 1, 3, 1, 3, 1, 1 ], 1 ], 
  [ [ 3, 1, 1, 1, 1, 3, 3, 1, 3, 1, 1, -2, 3, 3, 3 ], 1 ], 
  [ [ 3, 1, 3, 3, 1, 1, -2, 3, 1, 1, 3, 3, 1, 1, 1 ], 1 ], 
  [ [ 3, 1, 3, 3, 1, 3, 1, 3, -2, 3, 3, 3, 1, 1, 3 ], 1 ], 
  [ [ 3, 1, 3, 3, 3, 1, 1, 1, 1, 3, 3, 3, 1, -2, 3 ], 1 ], 
  [ [ 3, 1, 3, 3, 3, 1, 3, -2, 3, 3, 1, 1, 3, 1, 3 ], 1 ], 
  [ [ 3, 3, 1, -2, 1, 3, 3, 3, 3, 1, 1, 1, 1, 3, 3 ], 1 ], 
  [ [ 3, 3, 3, 1, -2, 3, 1, 3, 1, 1, 1, 1, 1, 3, 3 ], 1 ], 
  [ [ 3, 3, 3, 1, 1, 3, 1, 3, 1, 3, 1, 3, -2, 1, 3 ], 1 ], 
  [ [ 3, 3, 3, 1, 1, 3, 3, 1, 3, 3, -2, 1, 1, 3, 3 ], 1 ] ] 
13 14 128 [ [ [ 1, 1, -2, 1, 3, 3, 3, 3, 3, 1, 3, 1, 1 ], 1 ], 
  [ [ 1, 1, 1, 1, 1, 1, 1, 3, 3, -2, 3, 1, 1 ], 1 ], 
  [ [ 1, 1, 3, 3, 3, -2, 1, 1, 3, 1, 3, 3, 3 ], 1 ], 
  [ [ 1, 3, 1, 1, 3, 3, 3, 3, 3, 1, 3, 3, -2 ], 1 ], 
  [ [ 2, 3, 1, 3, 3, 1, 3, 3, 3, 1, 3, 3, 1 ], 1 ], 
  [ [ 3, -2, 1, 3, 3, 1, 1, 1, 1, 1, 3, 1, 3 ], 1 ], 
  [ [ 3, 1, 1, 1, 1, 3, 3, 1, 3, 1, 1, -2, 3 ], 1 ], 
  [ [ 3, 1, 3, 3, 1, 1, -2, 3, 1, 1, 3, 3, 3 ], 1 ], 
  [ [ 3, 1, 3, 3, 1, 3, 1, 3, -2, 3, 3, 3, 3 ], 1 ], 
  [ [ 3, 1, 3, 3, 3, 1, 3, -2, 3, 3, 1, 1, 3 ], 1 ], 
  [ [ 3, 3, 1, -2, 1, 3, 3, 3, 3, 1, 1, 1, 1 ], 1 ], 
  [ [ 3, 3, 3, 1, -2, 3, 1, 3, 1, 1, 1, 1, 3 ], 1 ], 
  [ [ 3, 3, 3, 1, 1, 3, 3, 1, 3, 3, -2, 1, 3 ], 1 ] ] 
13 14 139 [ [ [ 1, 1, -2, 1, 3, 3, 3, 3, 3, 1, 3, 1, 3 ], 1 ], 
  [ [ 1, 1, 1, 1, 1, 1, 1, 3, 3, -2, 3, 1, 1 ], 1 ], 
  [ [ 1, 1, 3, 3, 3, -2, 1, 1, 3, 1, 3, 3, 1 ], 1 ], 
  [ [ 1, 3, 3, 1, 1, 1, 1, 3, 3, 1, 1, 3, -2 ], 1 ], 
  [ [ 2, 3, 1, 3, 3, 1, 3, 3, 3, 1, 3, 3, 1 ], 1 ], 
  [ [ 3, -2, 1, 3, 3, 1, 1, 1, 1, 1, 3, 1, 3 ], 1 ], 
  [ [ 3, 1, 1, 1, 1, 3, 3, 1, 3, 1, 1, -2, 3 ], 1 ], 
  [ [ 3, 1, 3, 3, 1, 1, -2, 3, 1, 1, 3, 3, 1 ], 1 ], 
  [ [ 3, 1, 3, 3, 1, 3, 1, 3, -2, 3, 3, 3, 3 ], 1 ], 
  [ [ 3, 1, 3, 3, 3, 1, 3, -2, 3, 3, 1, 1, 3 ], 1 ], 
  [ [ 3, 3, 1, -2, 1, 3, 3, 3, 3, 1, 1, 1, 1 ], 1 ], 
  [ [ 3, 3, 3, 1, -2, 3, 1, 3, 1, 1, 1, 1, 1 ], 1 ], 
  [ [ 3, 3, 3, 1, 1, 3, 3, 1, 3, 3, -2, 1, 1 ], 1 ] ] 
13 14 139 [ [ [ 1, 1, -2, 1, 3, 3, 3, 3, 3, 1, 3, 1, 1 ], 1 ], 
  [ [ 1, 1, 1, 1, 1, 1, 1, 3, 3, -2, 3, 1, 3 ], 1 ], 
  [ [ 1, 1, 3, 3, 3, -2, 1, 1, 3, 1, 3, 3, 3 ], 1 ], 
  [ [ 2, 3, 1, 3, 3, 1, 3, 3, 3, 1, 3, 3, 3 ], 1 ], 
  [ [ 3, -2, 1, 3, 3, 1, 1, 1, 1, 1, 3, 1, 1 ], 1 ], 
  [ [ 3, 1, 1, 1, 1, 3, 3, 1, 3, 1, 1, -2, 1 ], 1 ], 
  [ [ 3, 1, 1, 3, 3, 3, 3, 1, 1, 3, 3, 1, -2 ], 1 ], 
  [ [ 3, 1, 3, 3, 1, 1, -2, 3, 1, 1, 3, 3, 3 ], 1 ], 
  [ [ 3, 1, 3, 3, 1, 3, 1, 3, -2, 3, 3, 3, 1 ], 1 ], 
  [ [ 3, 1, 3, 3, 3, 1, 3, -2, 3, 3, 1, 1, 1 ], 1 ], 
  [ [ 3, 3, 1, -2, 1, 3, 3, 3, 3, 1, 1, 1, 3 ], 1 ], 
  [ [ 3, 3, 3, 1, -2, 3, 1, 3, 1, 1, 1, 1, 3 ], 1 ], 
  [ [ 3, 3, 3, 1, 1, 3, 3, 1, 3, 3, -2, 1, 3 ], 1 ] ] 
14 15 153 [ [ [ 1, 1, -2, 1, 3, 3, 3, 3, 3, 1, 1, 1, 3, 3 ], 1 ], 
  [ [ 1, 1, 1, 1, 1, 1, 1, 3, 3, -2, 1, 1, 3, 3 ], 1 ], 
  [ [ 1, 1, 1, 3, 3, 1, 1, 1, 3, 1, 3, -2, 1, 3 ], 1 ], 
  [ [ 1, 1, 3, 3, 3, -2, 1, 1, 3, 1, 3, 1, 1, 1 ], 1 ], 
  [ [ 1, 3, 1, 1, 1, 3, 3, 3, 3, 1, -2, 3, 3, 3 ], 1 ], 
  [ [ 1, 3, 3, 3, 1, 1, 1, 3, 1, 3, 3, 3, 1, -2 ], 1 ], 
  [ [ 2, 3, 1, 3, 3, 1, 3, 3, 3, 1, 1, 1, 3, 1 ], 1 ], 
  [ [ 3, -2, 1, 3, 3, 1, 1, 1, 1, 1, 3, 1, 1, 3 ], 1 ], 
  [ [ 3, 1, 3, 3, 1, 1, -2, 3, 1, 1, 3, 1, 1, 1 ], 1 ], 
  [ [ 3, 1, 3, 3, 1, 1, 1, 1, 1, 3, 3, 1, -2, 1 ], 1 ], 
  [ [ 3, 1, 3, 3, 1, 3, 1, 3, -2, 3, 3, 3, 1, 1 ], 1 ], 
  [ [ 3, 1, 3, 3, 3, 1, 3, -2, 3, 3, 3, 1, 1, 3 ], 1 ], 
  [ [ 3, 3, 1, -2, 1, 3, 3, 3, 3, 1, 1, 3, 3, 3 ], 1 ], 
  [ [ 3, 3, 3, 1, -2, 3, 1, 3, 1, 1, 1, 3, 1, 1 ], 1 ] ] 
15 16 228 [ [ [ 1, 1, -2, 1, 3, 3, 3, 3, 3, 1, 1, 1, 3, 1, 1 ], 1 ], 
  [ [ 1, 1, 1, 1, 1, 1, 1, 3, 3, -2, 1, 1, 3, 3, 3 ], 1 ], 
  [ [ 1, 1, 1, 3, 3, 1, 1, 1, 3, 1, 3, -2, 3, 3, 3 ], 1 ], 
  [ [ 1, 1, 3, 3, 3, -2, 1, 1, 3, 1, 3, 1, 3, 3, 3 ], 1 ], 
  [ [ 1, 3, 1, 1, 1, 3, 3, 3, 3, 1, -2, 3, 3, 3, 3 ], 1 ], 
  [ [ 2, 3, 1, 3, 3, 1, 3, 3, 3, 1, 1, 1, 3, 3, 3 ], 1 ], 
  [ [ 3, -2, 1, 3, 3, 1, 1, 1, 1, 1, 3, 1, 1, 1, 1 ], 1 ], 
  [ [ 3, 1, 1, 1, 3, 3, 3, 3, 1, 3, 3, 3, 1, -2, 1 ], 1 ], 
  [ [ 3, 1, 1, 3, 3, 3, 1, 3, 1, 3, 3, 3, 1, 1, -2 ], 1 ], 
  [ [ 3, 1, 3, 3, 1, 1, -2, 3, 1, 1, 3, 1, 3, 3, 1 ], 1 ], 
  [ [ 3, 1, 3, 3, 1, 3, 1, 3, -2, 3, 3, 3, 1, 1, 1 ], 1 ], 
  [ [ 3, 1, 3, 3, 3, 1, 3, -2, 3, 3, 3, 1, 1, 3, 3 ], 1 ], 
  [ [ 3, 1, 3, 3, 3, 3, 3, 1, 1, 3, 3, 3, -2, 1, 1 ], 1 ], 
  [ [ 3, 3, 1, -2, 1, 3, 3, 3, 3, 1, 1, 3, 3, 1, 3 ], 1 ], 
  [ [ 3, 3, 3, 1, -2, 3, 1, 3, 1, 1, 1, 3, 3, 3, 3 ], 1 ] ] 
14 15 163 [ [ [ 1, 1, -2, 1, 3, 3, 3, 3, 3, 1, 1, 1, 1, 1 ], 1 ], 
  [ [ 1, 1, 1, 1, 1, 1, 1, 3, 3, -2, 1, 1, 3, 1 ], 1 ], 
  [ [ 1, 1, 3, 3, 3, -2, 1, 1, 3, 1, 3, 3, 3, 1 ], 1 ], 
  [ [ 1, 3, 1, 1, 1, 1, 3, 3, 3, 1, 1, 3, 3, -2 ], 1 ], 
  [ [ 1, 3, 1, 1, 1, 3, 3, 3, 3, 1, -2, 1, 1, 1 ], 1 ], 
  [ [ 1, 3, 1, 3, 3, 3, 3, 1, 3, 3, 1, 1, -2, 3 ], 1 ], 
  [ [ 2, 3, 1, 3, 3, 1, 3, 3, 3, 1, 1, 3, 1, 1 ], 1 ], 
  [ [ 3, -2, 1, 3, 3, 1, 1, 1, 1, 1, 3, 1, 3, 3 ], 1 ], 
  [ [ 3, 1, 1, 1, 3, 3, 3, 1, 3, 1, 1, -2, 1, 3 ], 1 ], 
  [ [ 3, 1, 3, 3, 1, 1, -2, 3, 1, 1, 3, 3, 3, 3 ], 1 ], 
  [ [ 3, 1, 3, 3, 1, 3, 1, 3, -2, 3, 3, 3, 3, 3 ], 1 ], 
  [ [ 3, 1, 3, 3, 3, 1, 3, -2, 3, 3, 3, 1, 1, 3 ], 1 ], 
  [ [ 3, 3, 1, -2, 1, 3, 3, 3, 3, 1, 1, 1, 3, 1 ], 1 ], 
  [ [ 3, 3, 3, 1, -2, 3, 1, 3, 1, 1, 1, 3, 3, 1 ], 1 ] ] 
13 14 125 [ [ [ 1, 1, -2, 1, 3, 3, 3, 3, 3, 1, 1, 1, 3 ], 1 ], 
  [ [ 1, 1, 1, 1, 1, 1, 1, 3, 3, -2, 3, 1, 3 ], 1 ], 
  [ [ 1, 1, 3, 3, 3, -2, 1, 1, 3, 1, 3, 3, 1 ], 1 ], 
  [ [ 1, 3, 1, 1, 1, 3, 3, 3, 3, 1, 3, -2, 3 ], 1 ], 
  [ [ 1, 3, 1, 1, 3, 3, 3, 3, 1, 3, -2, 3, 1 ], 1 ], 
  [ [ 1, 3, 3, 3, 1, 1, 1, 3, 1, 3, 1, 3, -2 ], 1 ], 
  [ [ 2, 3, 1, 3, 3, 1, 3, 3, 3, 1, 1, 1, 1 ], 1 ], 
  [ [ 3, -2, 1, 3, 3, 1, 1, 1, 1, 1, 3, 3, 3 ], 1 ], 
  [ [ 3, 1, 3, 3, 1, 1, -2, 3, 1, 1, 3, 3, 1 ], 1 ], 
  [ [ 3, 1, 3, 3, 1, 3, 1, 3, -2, 3, 1, 3, 1 ], 1 ], 
  [ [ 3, 1, 3, 3, 3, 1, 3, -2, 3, 3, 3, 3, 3 ], 1 ], 
  [ [ 3, 3, 1, -2, 1, 3, 3, 3, 3, 1, 1, 1, 3 ], 1 ], 
  [ [ 3, 3, 3, 1, -2, 3, 1, 3, 1, 1, 3, 1, 1 ], 1 ] ] 
13 14 145 [ [ [ 1, 1, -2, 1, 3, 3, 3, 3, 3, 1, 1, 3, 3 ], 1 ], 
  [ [ 1, 1, 1, 1, 1, 1, 1, 3, 3, -2, 3, 1, 3 ], 1 ], 
  [ [ 1, 1, 3, 3, 3, -2, 1, 1, 3, 1, 3, 1, 3 ], 1 ], 
  [ [ 1, 3, 1, 1, 3, 3, 3, 3, 1, 3, -2, 3, 1 ], 1 ], 
  [ [ 1, 3, 3, 3, 1, 1, 1, 1, 3, 1, 3, -2, 1 ], 1 ], 
  [ [ 1, 3, 3, 3, 1, 3, 3, 1, 1, 3, 1, 1, -2 ], 1 ], 
  [ [ 2, 3, 1, 3, 3, 1, 3, 3, 3, 1, 1, 1, 1 ], 1 ], 
  [ [ 3, -2, 1, 3, 3, 1, 1, 1, 1, 1, 3, 3, 3 ], 1 ], 
  [ [ 3, 1, 3, 3, 1, 1, -2, 3, 1, 1, 3, 1, 3 ], 1 ], 
  [ [ 3, 1, 3, 3, 1, 3, 1, 3, -2, 3, 1, 3, 1 ], 1 ], 
  [ [ 3, 1, 3, 3, 3, 1, 3, -2, 3, 3, 3, 1, 1 ], 1 ], 
  [ [ 3, 3, 1, -2, 1, 3, 3, 3, 3, 1, 1, 3, 3 ], 1 ], 
  [ [ 3, 3, 3, 1, -2, 3, 1, 3, 1, 1, 3, 1, 1 ], 1 ] ] 
13 14 123 [ [ [ 1, 1, -2, 1, 3, 3, 3, 3, 3, 1, 3, 1, 3 ], 1 ], 
  [ [ 1, 1, 1, 1, 1, 1, 1, 3, 3, -2, 1, 1, 3 ], 1 ], 
  [ [ 1, 1, 3, 3, 3, -2, 1, 1, 3, 1, 3, 3, 3 ], 1 ], 
  [ [ 1, 3, 3, 3, 1, 3, 1, 3, 1, 1, -2, 1, 1 ], 1 ], 
  [ [ 1, 3, 3, 3, 1, 3, 3, 3, 1, 3, 1, 3, -2 ], 1 ], 
  [ [ 2, 3, 1, 3, 3, 1, 3, 3, 3, 1, 1, 3, 1 ], 1 ], 
  [ [ 3, -2, 1, 3, 3, 1, 1, 1, 1, 1, 3, 1, 3 ], 1 ], 
  [ [ 3, 1, 1, 1, 1, 3, 1, 3, 1, 1, 1, -2, 3 ], 1 ], 
  [ [ 3, 1, 3, 3, 1, 1, -2, 3, 1, 1, 1, 1, 3 ], 1 ], 
  [ [ 3, 1, 3, 3, 1, 3, 1, 3, -2, 3, 1, 1, 1 ], 1 ], 
  [ [ 3, 1, 3, 3, 3, 1, 3, -2, 3, 3, 3, 3, 3 ], 1 ], 
  [ [ 3, 3, 1, -2, 1, 3, 3, 3, 3, 1, 3, 1, 3 ], 1 ], 
  [ [ 3, 3, 3, 1, -2, 3, 1, 3, 1, 1, 1, 1, 1 ], 1 ] ] 
Error, user interrupt in
  x := row[nzheads[j]]; at /usr/local/Cellar/gap/4.15.1/share/gap/lib/matrix.gi:2454 called from 
SemiEchelonMatDestructive( mat 
 ) at /usr/local/Cellar/gap/4.15.1/share/gap/lib/matrix.gi:2407 called from
RankMatDestructive( MutableCopyMatrix( mat ) 
 ) at /usr/local/Cellar/gap/4.15.1/share/gap/lib/matrix.gi:2417 called from
Rank( bigGram ) at SplitConsTools.g:56 called from
ModLatticeKerRec( tGram ) at SplitConsTools.g:114 called from
WGraphToGramh( newadj, kk + 1 ) at Task20260922Vc.g:24 called from
...  at Task20260922Vc.g:40
you can 'return;'
brk> quit;
gap> 
gap> 
gap> 
gap> 
gap> Read("Task20260922Vc.g");
13 14 144 [ [ -2, 12 ], [ 1, 76 ], [ 2, 1 ], [ 3, 80 ] ] 
13 14 122 [ [ -2, 12 ], [ 1, 70 ], [ 2, 1 ], [ 3, 86 ] ] 
14 15 150 [ [ -2, 13 ], [ 1, 82 ], [ 2, 1 ], [ 3, 100 ] ] 
13 14 149 [ [ -2, 12 ], [ 1, 76 ], [ 2, 1 ], [ 3, 80 ] ] 
14 15 139 [ [ -2, 13 ], [ 1, 90 ], [ 2, 1 ], [ 3, 92 ] ] 
15 16 316 [ [ -2, 14 ], [ 1, 106 ], [ 2, 1 ], [ 3, 104 ] ] 
13 14 136 [ [ -2, 12 ], [ 1, 76 ], [ 2, 1 ], [ 3, 80 ] ] 
14 15 197 [ [ -2, 13 ], [ 1, 92 ], [ 2, 1 ], [ 3, 90 ] ] 
15 16 133 [ [ -2, 14 ], [ 1, 96 ], [ 2, 1 ], [ 3, 114 ] ] 
13 14 128 [ [ -2, 12 ], [ 1, 70 ], [ 2, 1 ], [ 3, 86 ] ] 
13 14 139 [ [ -2, 12 ], [ 1, 76 ], [ 2, 1 ], [ 3, 80 ] ] 
13 14 139 [ [ -2, 12 ], [ 1, 72 ], [ 2, 1 ], [ 3, 84 ] ] 
14 15 153 [ [ -2, 13 ], [ 1, 92 ], [ 2, 1 ], [ 3, 90 ] ] 
15 16 228 [ [ -2, 14 ], [ 1, 94 ], [ 2, 1 ], [ 3, 116 ] ] 
14 15 163 [ [ -2, 13 ], [ 1, 88 ], [ 2, 1 ], [ 3, 94 ] ] 
13 14 125 [ [ -2, 12 ], [ 1, 72 ], [ 2, 1 ], [ 3, 84 ] ] 
13 14 145 [ [ -2, 12 ], [ 1, 74 ], [ 2, 1 ], [ 3, 82 ] ] 
13 14 123 [ [ -2, 12 ], [ 1, 76 ], [ 2, 1 ], [ 3, 80 ] ] 
13 14 123 [ [ -2, 12 ], [ 1, 76 ], [ 2, 1 ], [ 3, 80 ] ] 
13 14 151 [ [ -2, 12 ], [ 1, 68 ], [ 2, 1 ], [ 3, 88 ] ] 
14 15 123 [ [ -2, 13 ], [ 1, 80 ], [ 2, 1 ], [ 3, 102 ] ] 
Error, user interrupt in
  row := mat[i]; at /usr/local/Cellar/gap/4.15.1/share/gap/lib/matrix.gi:2451 called from 
SemiEchelonMatDestructive( mat 
 ) at /usr/local/Cellar/gap/4.15.1/share/gap/lib/matrix.gi:2407 called from
RankMatDestructive( MutableCopyMatrix( mat ) 
 ) at /usr/local/Cellar/gap/4.15.1/share/gap/lib/matrix.gi:2417 called from
Rank( bigGram ) at SplitConsTools.g:56 called from
ModLatticeKerRec( tGram ) at SplitConsTools.g:114 called from
WGraphToGramh( newadj, kk + 1 ) at Task20260922Vc.g:24 called from
...  at Task20260922Vc.g:40
you can 'return;'
brk> quit;
gap> 
gap> 
gap> 
gap> Read("Task20260922Vc.g");
13 14 144 [ [ -2, 12 ], [ 1, 76 ], [ 2, 1 ], [ 3, 80 ] ] 
13 14 122 [ [ -2, 12 ], [ 1, 70 ], [ 2, 1 ], [ 3, 86 ] ] 
14 15 150 [ [ -2, 13 ], [ 1, 82 ], [ 2, 1 ], [ 3, 100 ] ] 
13 14 149 [ [ -2, 12 ], [ 1, 76 ], [ 2, 1 ], [ 3, 80 ] ] 
14 15 139 [ [ -2, 13 ], [ 1, 90 ], [ 2, 1 ], [ 3, 92 ] ] 
15 16 316 [ [ -2, 14 ], [ 1, 106 ], [ 2, 1 ], [ 3, 104 ] ] 
13 14 136 [ [ -2, 12 ], [ 1, 76 ], [ 2, 1 ], [ 3, 80 ] ] 
14 15 197 [ [ -2, 13 ], [ 1, 92 ], [ 2, 1 ], [ 3, 90 ] ] 
15 16 133 [ [ -2, 14 ], [ 1, 96 ], [ 2, 1 ], [ 3, 114 ] ] 
13 14 128 [ [ -2, 12 ], [ 1, 70 ], [ 2, 1 ], [ 3, 86 ] ] 
13 14 139 [ [ -2, 12 ], [ 1, 76 ], [ 2, 1 ], [ 3, 80 ] ] 
13 14 139 [ [ -2, 12 ], [ 1, 72 ], [ 2, 1 ], [ 3, 84 ] ] 
14 15 153 [ [ -2, 13 ], [ 1, 92 ], [ 2, 1 ], [ 3, 90 ] ] 
15 16 228 [ [ -2, 14 ], [ 1, 94 ], [ 2, 1 ], [ 3, 116 ] ] 
14 15 163 [ [ -2, 13 ], [ 1, 88 ], [ 2, 1 ], [ 3, 94 ] ] 
13 14 125 [ [ -2, 12 ], [ 1, 72 ], [ 2, 1 ], [ 3, 84 ] ] 
13 14 145 [ [ -2, 12 ], [ 1, 74 ], [ 2, 1 ], [ 3, 82 ] ] 
13 14 123 [ [ -2, 12 ], [ 1, 76 ], [ 2, 1 ], [ 3, 80 ] ] 
13 14 123 [ [ -2, 12 ], [ 1, 76 ], [ 2, 1 ], [ 3, 80 ] ] 
13 14 151 [ [ -2, 12 ], [ 1, 68 ], [ 2, 1 ], [ 3, 88 ] ] 
14 15 123 [ [ -2, 13 ], [ 1, 80 ], [ 2, 1 ], [ 3, 102 ] ] 
13 14 190 [ [ -2, 12 ], [ 1, 74 ], [ 2, 1 ], [ 3, 82 ] ] 
13 14 169 [ [ -2, 12 ], [ 1, 66 ], [ 2, 1 ], [ 3, 90 ] ] 
14 15 213 [ [ -2, 13 ], [ 1, 80 ], [ 2, 1 ], [ 3, 102 ] ] 
13 14 149 [ [ -2, 12 ], [ 1, 62 ], [ 2, 1 ], [ 3, 94 ] ] 
13 14 131 [ [ -2, 12 ], [ 1, 74 ], [ 2, 1 ], [ 3, 82 ] ] 
13 14 145 [ [ -2, 12 ], [ 1, 66 ], [ 2, 1 ], [ 3, 90 ] ] 
14 15 184 [ [ -2, 13 ], [ 1, 76 ], [ 2, 1 ], [ 3, 106 ] ] 
14 15 195 [ [ -2, 13 ], [ 1, 74 ], [ 2, 1 ], [ 3, 108 ] ] 
14 15 163 [ [ -2, 13 ], [ 1, 82 ], [ 2, 1 ], [ 3, 100 ] ] 
13 14 142 [ [ -2, 12 ], [ 1, 68 ], [ 2, 1 ], [ 3, 88 ] ] 
14 15 179 [ [ -2, 13 ], [ 1, 84 ], [ 2, 1 ], [ 3, 98 ] ] 
13 14 121 [ [ -2, 12 ], [ 1, 70 ], [ 2, 1 ], [ 3, 86 ] ] 
14 15 211 [ [ -2, 13 ], [ 1, 84 ], [ 2, 1 ], [ 3, 98 ] ] 
14 15 152 [ [ -2, 13 ], [ 1, 84 ], [ 2, 1 ], [ 3, 98 ] ] 
14 15 180 [ [ -2, 13 ], [ 1, 78 ], [ 2, 1 ], [ 3, 104 ] ] 
15 16 291 [ [ -2, 14 ], [ 1, 94 ], [ 2, 1 ], [ 3, 116 ] ] 
14 15 217 [ [ -2, 13 ], [ 1, 78 ], [ 2, 1 ], [ 3, 104 ] ] 
13 14 121 [ [ -2, 12 ], [ 1, 74 ], [ 2, 1 ], [ 3, 82 ] ] 
13 14 123 [ [ -2, 12 ], [ 1, 74 ], [ 2, 1 ], [ 3, 82 ] ] 
14 15 233 [ [ -2, 13 ], [ 1, 82 ], [ 2, 1 ], [ 3, 100 ] ] 
14 15 220 [ [ -2, 13 ], [ 1, 88 ], [ 2, 1 ], [ 3, 94 ] ] 
15 16 170 [ [ -2, 14 ], [ 1, 96 ], [ 2, 1 ], [ 3, 114 ] ] 
15 16 186 [ [ -2, 14 ], [ 1, 100 ], [ 2, 1 ], [ 3, 110 ] ] 
14 15 179 [ [ -2, 13 ], [ 1, 78 ], [ 2, 1 ], [ 3, 104 ] ] 
13 14 130 [ [ -2, 12 ], [ 1, 66 ], [ 2, 1 ], [ 3, 90 ] ] 
14 15 211 [ [ -2, 13 ], [ 1, 78 ], [ 2, 1 ], [ 3, 104 ] ] 
14 15 209 [ [ -2, 13 ], [ 1, 80 ], [ 2, 1 ], [ 3, 102 ] ] 
13 14 163 [ [ -2, 12 ], [ 1, 66 ], [ 2, 1 ], [ 3, 90 ] ] 
13 14 128 [ [ -2, 12 ], [ 1, 68 ], [ 2, 1 ], [ 3, 88 ] ] 
14 15 201 [ [ -2, 13 ], [ 1, 76 ], [ 2, 1 ], [ 3, 106 ] ] 
13 14 149 [ [ -2, 12 ], [ 1, 70 ], [ 2, 1 ], [ 3, 86 ] ] 
14 15 200 [ [ -2, 13 ], [ 1, 96 ], [ 2, 1 ], [ 3, 86 ] ] 
14 15 136 [ [ -2, 13 ], [ 1, 82 ], [ 2, 1 ], [ 3, 100 ] ] 
14 15 136 [ [ -2, 13 ], [ 1, 102 ], [ 2, 1 ], [ 3, 80 ] ] 
13 14 131 [ [ -2, 12 ], [ 1, 88 ], [ 2, 1 ], [ 3, 68 ] ] 
13 14 144 [ [ -2, 12 ], [ 1, 82 ], [ 2, 1 ], [ 3, 74 ] ] 
13 14 138 [ [ -2, 12 ], [ 1, 80 ], [ 2, 1 ], [ 3, 76 ] ] 
13 14 129 [ [ -2, 12 ], [ 1, 84 ], [ 2, 1 ], [ 3, 72 ] ] 
13 14 129 [ [ -2, 12 ], [ 1, 76 ], [ 2, 1 ], [ 3, 80 ] ] 
14 15 130 [ [ -2, 13 ], [ 1, 78 ], [ 2, 1 ], [ 3, 104 ] ] 
15 16 258 [ [ -2, 14 ], [ 1, 90 ], [ 2, 1 ], [ 3, 120 ] ] 
14 15 166 [ [ -2, 13 ], [ 1, 90 ], [ 2, 1 ], [ 3, 92 ] ] 
14 15 237 [ [ -2, 13 ], [ 1, 94 ], [ 2, 1 ], [ 3, 88 ] ] 
13 14 144 [ [ -2, 12 ], [ 1, 72 ], [ 2, 1 ], [ 3, 84 ] ] 
13 14 123 [ [ -2, 12 ], [ 1, 66 ], [ 2, 1 ], [ 3, 90 ] ] 
14 15 132 [ [ -2, 13 ], [ 1, 84 ], [ 2, 1 ], [ 3, 98 ] ] 
13 14 187 [ [ -2, 12 ], [ 1, 64 ], [ 2, 1 ], [ 3, 92 ] ] 
13 14 145 [ [ -2, 12 ], [ 1, 70 ], [ 2, 1 ], [ 3, 86 ] ] 
14 15 145 [ [ -2, 13 ], [ 1, 78 ], [ 2, 1 ], [ 3, 104 ] ] 
14 15 167 [ [ -2, 13 ], [ 1, 86 ], [ 2, 1 ], [ 3, 96 ] ] 
13 14 145 [ [ -2, 12 ], [ 1, 64 ], [ 2, 1 ], [ 3, 92 ] ] 
14 15 121 [ [ -2, 13 ], [ 1, 88 ], [ 2, 1 ], [ 3, 94 ] ] 
14 15 170 [ [ -2, 13 ], [ 1, 90 ], [ 2, 1 ], [ 3, 92 ] ] 
14 15 173 [ [ -2, 13 ], [ 1, 88 ], [ 2, 1 ], [ 3, 94 ] ] 
14 15 159 [ [ -2, 13 ], [ 1, 84 ], [ 2, 1 ], [ 3, 98 ] ] 
14 15 164 [ [ -2, 13 ], [ 1, 86 ], [ 2, 1 ], [ 3, 96 ] ] 
14 15 123 [ [ -2, 13 ], [ 1, 90 ], [ 2, 1 ], [ 3, 92 ] ] 
14 15 133 [ [ -2, 13 ], [ 1, 90 ], [ 2, 1 ], [ 3, 92 ] ] 
14 15 176 [ [ -2, 13 ], [ 1, 78 ], [ 2, 1 ], [ 3, 104 ] ] 
14 15 186 [ [ -2, 13 ], [ 1, 94 ], [ 2, 1 ], [ 3, 88 ] ] 
14 15 155 [ [ -2, 13 ], [ 1, 84 ], [ 2, 1 ], [ 3, 98 ] ] 
13 14 126 [ [ -2, 12 ], [ 1, 76 ], [ 2, 1 ], [ 3, 80 ] ] 
14 15 141 [ [ -2, 13 ], [ 1, 80 ], [ 2, 1 ], [ 3, 102 ] ] 
13 14 134 [ [ -2, 12 ], [ 1, 68 ], [ 2, 1 ], [ 3, 88 ] ] 
14 15 182 [ [ -2, 13 ], [ 1, 82 ], [ 2, 1 ], [ 3, 100 ] ] 
13 14 147 [ [ -2, 12 ], [ 1, 64 ], [ 2, 1 ], [ 3, 92 ] ] 
14 15 147 [ [ -2, 13 ], [ 1, 84 ], [ 2, 1 ], [ 3, 98 ] ] 
14 15 137 [ [ -2, 13 ], [ 1, 76 ], [ 2, 1 ], [ 3, 106 ] ] 
14 15 169 [ [ -2, 13 ], [ 1, 84 ], [ 2, 1 ], [ 3, 98 ] ] 
14 15 127 [ [ -2, 13 ], [ 1, 78 ], [ 2, 1 ], [ 3, 104 ] ] 
13 14 123 [ [ -2, 12 ], [ 1, 74 ], [ 2, 1 ], [ 3, 82 ] ] 
14 15 199 [ [ -2, 13 ], [ 1, 88 ], [ 2, 1 ], [ 3, 94 ] ] 
14 15 154 [ [ -2, 13 ], [ 1, 82 ], [ 2, 1 ], [ 3, 100 ] ] 
14 15 229 [ [ -2, 13 ], [ 1, 74 ], [ 2, 1 ], [ 3, 108 ] ] 
13 14 140 [ [ -2, 12 ], [ 1, 70 ], [ 2, 1 ], [ 3, 86 ] ] 
13 14 130 [ [ -2, 12 ], [ 1, 68 ], [ 2, 1 ], [ 3, 88 ] ] 
14 15 181 [ [ -2, 13 ], [ 1, 76 ], [ 2, 1 ], [ 3, 106 ] ] 
14 15 121 [ [ -2, 13 ], [ 1, 88 ], [ 2, 1 ], [ 3, 94 ] ] 
15 16 167 [ [ -2, 14 ], [ 1, 104 ], [ 2, 1 ], [ 3, 106 ] ] 
14 15 158 [ [ -2, 13 ], [ 1, 78 ], [ 2, 1 ], [ 3, 104 ] ] 
14 15 121 [ [ -2, 13 ], [ 1, 74 ], [ 2, 1 ], [ 3, 108 ] ] 
14 15 131 [ [ -2, 13 ], [ 1, 82 ], [ 2, 1 ], [ 3, 100 ] ] 
14 15 171 [ [ -2, 13 ], [ 1, 84 ], [ 2, 1 ], [ 3, 98 ] ] 
13 14 126 [ [ -2, 12 ], [ 1, 70 ], [ 2, 1 ], [ 3, 86 ] ] 
14 15 143 [ [ -2, 13 ], [ 1, 80 ], [ 2, 1 ], [ 3, 102 ] ] 
12 13 128 [ [ -2, 11 ], [ 1, 56 ], [ 2, 1 ], [ 3, 76 ] ] 
14 15 125 [ [ -2, 13 ], [ 1, 78 ], [ 2, 1 ], [ 3, 104 ] ] 
13 14 182 [ [ -2, 12 ], [ 1, 60 ], [ 2, 1 ], [ 3, 96 ] ] 
14 15 192 [ [ -2, 13 ], [ 1, 74 ], [ 2, 1 ], [ 3, 108 ] ] 
14 15 148 [ [ -2, 13 ], [ 1, 86 ], [ 2, 1 ], [ 3, 96 ] ] 
14 15 131 [ [ -2, 13 ], [ 1, 86 ], [ 2, 1 ], [ 3, 96 ] ] 
13 14 123 [ [ -2, 12 ], [ 1, 70 ], [ 2, 1 ], [ 3, 86 ] ] 
14 15 160 [ [ -2, 13 ], [ 1, 84 ], [ 2, 1 ], [ 3, 98 ] ] 
13 14 132 [ [ -2, 12 ], [ 1, 72 ], [ 2, 1 ], [ 3, 84 ] ] 
14 15 185 [ [ -2, 13 ], [ 1, 86 ], [ 2, 1 ], [ 3, 96 ] ] 
14 15 150 [ [ -2, 13 ], [ 1, 86 ], [ 2, 1 ], [ 3, 96 ] ] 
13 14 137 [ [ -2, 12 ], [ 1, 68 ], [ 2, 1 ], [ 3, 88 ] ] 
14 15 154 [ [ -2, 13 ], [ 1, 80 ], [ 2, 1 ], [ 3, 102 ] ] 
15 16 124 [ [ -2, 14 ], [ 1, 108 ], [ 2, 1 ], [ 3, 102 ] ] 
13 14 138 [ [ -2, 12 ], [ 1, 68 ], [ 2, 1 ], [ 3, 88 ] ] 
13 14 157 [ [ -2, 12 ], [ 1, 72 ], [ 2, 1 ], [ 3, 84 ] ] 
14 15 135 [ [ -2, 13 ], [ 1, 82 ], [ 2, 1 ], [ 3, 100 ] ] 
15 16 270 [ [ -2, 14 ], [ 1, 94 ], [ 2, 1 ], [ 3, 116 ] ] 
14 15 218 [ [ -2, 13 ], [ 1, 92 ], [ 2, 1 ], [ 3, 90 ] ] 
15 16 298 [ [ -2, 14 ], [ 1, 108 ], [ 2, 1 ], [ 3, 102 ] ] 
13 14 121 [ [ -2, 12 ], [ 1, 72 ], [ 2, 1 ], [ 3, 84 ] ] 
14 15 203 [ [ -2, 13 ], [ 1, 80 ], [ 2, 1 ], [ 3, 102 ] ] 
14 15 203 [ [ -2, 13 ], [ 1, 80 ], [ 2, 1 ], [ 3, 102 ] ] 
15 16 152 [ [ -2, 14 ], [ 1, 94 ], [ 2, 1 ], [ 3, 116 ] ] 
13 14 131 [ [ -2, 12 ], [ 1, 70 ], [ 2, 1 ], [ 3, 86 ] ] 
13 14 146 [ [ -2, 12 ], [ 1, 68 ], [ 2, 1 ], [ 3, 88 ] ] 
13 14 132 [ [ -2, 12 ], [ 1, 74 ], [ 2, 1 ], [ 3, 82 ] ] 
14 15 211 [ [ -2, 13 ], [ 1, 88 ], [ 2, 1 ], [ 3, 94 ] ] 
13 14 121 [ [ -2, 12 ], [ 1, 76 ], [ 2, 1 ], [ 3, 80 ] ] 
14 15 229 [ [ -2, 13 ], [ 1, 80 ], [ 2, 1 ], [ 3, 102 ] ] 
13 14 141 [ [ -2, 12 ], [ 1, 68 ], [ 2, 1 ], [ 3, 88 ] ] 
14 15 154 [ [ -2, 13 ], [ 1, 84 ], [ 2, 1 ], [ 3, 98 ] ] 
15 16 274 [ [ -2, 14 ], [ 1, 102 ], [ 2, 1 ], [ 3, 108 ] ] 
13 14 175 [ [ -2, 12 ], [ 1, 68 ], [ 2, 1 ], [ 3, 88 ] ] 
13 14 136 [ [ -2, 12 ], [ 1, 68 ], [ 2, 1 ], [ 3, 88 ] ] 
14 15 126 [ [ -2, 13 ], [ 1, 80 ], [ 2, 1 ], [ 3, 102 ] ] 
13 14 127 [ [ -2, 12 ], [ 1, 62 ], [ 2, 1 ], [ 3, 94 ] ] 
14 15 133 [ [ -2, 13 ], [ 1, 84 ], [ 2, 1 ], [ 3, 98 ] ] 
14 15 159 [ [ -2, 13 ], [ 1, 76 ], [ 2, 1 ], [ 3, 106 ] ] 
14 15 121 [ [ -2, 13 ], [ 1, 80 ], [ 2, 1 ], [ 3, 102 ] ] 
15 16 127 [ [ -2, 14 ], [ 1, 90 ], [ 2, 1 ], [ 3, 120 ] ] 
15 16 160 [ [ -2, 14 ], [ 1, 92 ], [ 2, 1 ], [ 3, 118 ] ] 
15 16 122 [ [ -2, 14 ], [ 1, 92 ], [ 2, 1 ], [ 3, 118 ] ] 
14 15 140 [ [ -2, 13 ], [ 1, 86 ], [ 2, 1 ], [ 3, 96 ] ] 
14 15 205 [ [ -2, 13 ], [ 1, 94 ], [ 2, 1 ], [ 3, 88 ] ] 
14 15 175 [ [ -2, 13 ], [ 1, 90 ], [ 2, 1 ], [ 3, 92 ] ] 
14 15 140 [ [ -2, 13 ], [ 1, 88 ], [ 2, 1 ], [ 3, 94 ] ] 
14 15 134 [ [ -2, 13 ], [ 1, 86 ], [ 2, 1 ], [ 3, 96 ] ] 
14 15 214 [ [ -2, 13 ], [ 1, 88 ], [ 2, 1 ], [ 3, 94 ] ] 
14 15 129 [ [ -2, 13 ], [ 1, 76 ], [ 2, 1 ], [ 3, 106 ] ] 
14 15 193 [ [ -2, 13 ], [ 1, 84 ], [ 2, 1 ], [ 3, 98 ] ] 
13 14 127 [ [ -2, 12 ], [ 1, 62 ], [ 2, 1 ], [ 3, 94 ] ] 
13 14 139 [ [ -2, 12 ], [ 1, 72 ], [ 2, 1 ], [ 3, 84 ] ] 
13 14 126 [ [ -2, 12 ], [ 1, 64 ], [ 2, 1 ], [ 3, 92 ] ] 
13 14 185 [ [ -2, 12 ], [ 1, 64 ], [ 2, 1 ], [ 3, 92 ] ] 
14 15 143 [ [ -2, 13 ], [ 1, 90 ], [ 2, 1 ], [ 3, 92 ] ] 
15 16 231 [ [ -2, 14 ], [ 1, 104 ], [ 2, 1 ], [ 3, 106 ] ] 
13 14 157 [ [ -2, 12 ], [ 1, 74 ], [ 2, 1 ], [ 3, 82 ] ] 
13 14 141 [ [ -2, 12 ], [ 1, 74 ], [ 2, 1 ], [ 3, 82 ] ] 
13 14 136 [ [ -2, 12 ], [ 1, 70 ], [ 2, 1 ], [ 3, 86 ] ] 
13 14 185 [ [ -2, 12 ], [ 1, 72 ], [ 2, 1 ], [ 3, 84 ] ] 
13 14 147 [ [ -2, 12 ], [ 1, 76 ], [ 2, 1 ], [ 3, 80 ] ] 
13 14 134 [ [ -2, 12 ], [ 1, 74 ], [ 2, 1 ], [ 3, 82 ] ] 
14 15 188 [ [ -2, 13 ], [ 1, 88 ], [ 2, 1 ], [ 3, 94 ] ] 
13 14 124 [ [ -2, 12 ], [ 1, 74 ], [ 2, 1 ], [ 3, 82 ] ] 
14 15 147 [ [ -2, 13 ], [ 1, 90 ], [ 2, 1 ], [ 3, 92 ] ] 
13 14 139 [ [ -2, 12 ], [ 1, 74 ], [ 2, 1 ], [ 3, 82 ] ] 
13 14 150 [ [ -2, 12 ], [ 1, 64 ], [ 2, 1 ], [ 3, 92 ] ] 
13 14 140 [ [ -2, 12 ], [ 1, 68 ], [ 2, 1 ], [ 3, 88 ] ] 
13 14 144 [ [ -2, 12 ], [ 1, 76 ], [ 2, 1 ], [ 3, 80 ] ] 
13 14 128 [ [ -2, 12 ], [ 1, 72 ], [ 2, 1 ], [ 3, 84 ] ] 
14 15 251 [ [ -2, 13 ], [ 1, 86 ], [ 2, 1 ], [ 3, 96 ] ] 
13 14 125 [ [ -2, 12 ], [ 1, 66 ], [ 2, 1 ], [ 3, 90 ] ] 
13 14 147 [ [ -2, 12 ], [ 1, 76 ], [ 2, 1 ], [ 3, 80 ] ] 
13 14 128 [ [ -2, 12 ], [ 1, 68 ], [ 2, 1 ], [ 3, 88 ] ] 
14 15 221 [ [ -2, 13 ], [ 1, 82 ], [ 2, 1 ], [ 3, 100 ] ] 
13 14 122 [ [ -2, 12 ], [ 1, 64 ], [ 2, 1 ], [ 3, 92 ] ] 
13 14 140 [ [ -2, 12 ], [ 1, 62 ], [ 2, 1 ], [ 3, 94 ] ] 
13 14 137 [ [ -2, 12 ], [ 1, 68 ], [ 2, 1 ], [ 3, 88 ] ] 
14 15 131 [ [ -2, 13 ], [ 1, 84 ], [ 2, 1 ], [ 3, 98 ] ] 
15 16 357 [ [ -2, 14 ], [ 1, 102 ], [ 2, 1 ], [ 3, 108 ] ] 
14 15 121 [ [ -2, 13 ], [ 1, 84 ], [ 2, 1 ], [ 3, 98 ] ] 
14 15 198 [ [ -2, 13 ], [ 1, 76 ], [ 2, 1 ], [ 3, 106 ] ] 
13 14 127 [ [ -2, 12 ], [ 1, 70 ], [ 2, 1 ], [ 3, 86 ] ] 
14 15 160 [ [ -2, 13 ], [ 1, 80 ], [ 2, 1 ], [ 3, 102 ] ] 
15 16 271 [ [ -2, 14 ], [ 1, 94 ], [ 2, 1 ], [ 3, 116 ] ] 
14 15 141 [ [ -2, 13 ], [ 1, 80 ], [ 2, 1 ], [ 3, 102 ] ] 
14 15 182 [ [ -2, 13 ], [ 1, 72 ], [ 2, 1 ], [ 3, 110 ] ] 
14 15 191 [ [ -2, 13 ], [ 1, 72 ], [ 2, 1 ], [ 3, 110 ] ] 
14 15 174 [ [ -2, 13 ], [ 1, 74 ], [ 2, 1 ], [ 3, 108 ] ] 
14 15 129 [ [ -2, 13 ], [ 1, 78 ], [ 2, 1 ], [ 3, 104 ] ] 
14 15 147 [ [ -2, 13 ], [ 1, 78 ], [ 2, 1 ], [ 3, 104 ] ] 
13 14 129 [ [ -2, 12 ], [ 1, 70 ], [ 2, 1 ], [ 3, 86 ] ] 
14 15 152 [ [ -2, 13 ], [ 1, 76 ], [ 2, 1 ], [ 3, 106 ] ] 
14 15 170 [ [ -2, 13 ], [ 1, 74 ], [ 2, 1 ], [ 3, 108 ] ] 
14 15 199 [ [ -2, 13 ], [ 1, 92 ], [ 2, 1 ], [ 3, 90 ] ] 
14 15 165 [ [ -2, 13 ], [ 1, 82 ], [ 2, 1 ], [ 3, 100 ] ] 
14 15 175 [ [ -2, 13 ], [ 1, 88 ], [ 2, 1 ], [ 3, 94 ] ] 
14 15 174 [ [ -2, 13 ], [ 1, 88 ], [ 2, 1 ], [ 3, 94 ] ] 
14 15 166 [ [ -2, 13 ], [ 1, 82 ], [ 2, 1 ], [ 3, 100 ] ] 
14 15 175 [ [ -2, 13 ], [ 1, 84 ], [ 2, 1 ], [ 3, 98 ] ] 
13 14 138 [ [ -2, 12 ], [ 1, 76 ], [ 2, 1 ], [ 3, 80 ] ] 
13 14 166 [ [ -2, 12 ], [ 1, 72 ], [ 2, 1 ], [ 3, 84 ] ] 
13 14 136 [ [ -2, 12 ], [ 1, 76 ], [ 2, 1 ], [ 3, 80 ] ] 
13 14 152 [ [ -2, 12 ], [ 1, 74 ], [ 2, 1 ], [ 3, 82 ] ] 
14 15 187 [ [ -2, 13 ], [ 1, 88 ], [ 2, 1 ], [ 3, 94 ] ] 
13 14 121 [ [ -2, 12 ], [ 1, 76 ], [ 2, 1 ], [ 3, 80 ] ] 
14 15 155 [ [ -2, 13 ], [ 1, 78 ], [ 2, 1 ], [ 3, 104 ] ] 
13 14 129 [ [ -2, 12 ], [ 1, 68 ], [ 2, 1 ], [ 3, 88 ] ] 
14 15 206 [ [ -2, 13 ], [ 1, 84 ], [ 2, 1 ], [ 3, 98 ] ] 
15 16 173 [ [ -2, 14 ], [ 1, 98 ], [ 2, 1 ], [ 3, 112 ] ] 
15 16 186 [ [ -2, 14 ], [ 1, 98 ], [ 2, 1 ], [ 3, 112 ] ] 
16 17 453 [ [ -2, 15 ], [ 1, 110 ], [ 2, 1 ], [ 3, 130 ] ] 
13 14 122 [ [ -2, 12 ], [ 1, 72 ], [ 2, 1 ], [ 3, 84 ] ] 
14 15 203 [ [ -2, 13 ], [ 1, 86 ], [ 2, 1 ], [ 3, 96 ] ] 
14 15 224 [ [ -2, 13 ], [ 1, 80 ], [ 2, 1 ], [ 3, 102 ] ] 
15 16 125 [ [ -2, 14 ], [ 1, 88 ], [ 2, 1 ], [ 3, 122 ] ] 
14 15 177 [ [ -2, 13 ], [ 1, 84 ], [ 2, 1 ], [ 3, 98 ] ] 
14 15 147 [ [ -2, 13 ], [ 1, 90 ], [ 2, 1 ], [ 3, 92 ] ] 
15 16 216 [ [ -2, 14 ], [ 1, 104 ], [ 2, 1 ], [ 3, 106 ] ] 
15 16 343 [ [ -2, 14 ], [ 1, 96 ], [ 2, 1 ], [ 3, 114 ] ] 
13 14 157 [ [ -2, 12 ], [ 1, 70 ], [ 2, 1 ], [ 3, 86 ] ] 
14 15 124 [ [ -2, 13 ], [ 1, 80 ], [ 2, 1 ], [ 3, 102 ] ] 
14 15 141 [ [ -2, 13 ], [ 1, 82 ], [ 2, 1 ], [ 3, 100 ] ] 
14 15 220 [ [ -2, 13 ], [ 1, 88 ], [ 2, 1 ], [ 3, 94 ] ] 
13 14 135 [ [ -2, 12 ], [ 1, 68 ], [ 2, 1 ], [ 3, 88 ] ] 
13 14 125 [ [ -2, 12 ], [ 1, 74 ], [ 2, 1 ], [ 3, 82 ] ] 
14 15 133 [ [ -2, 13 ], [ 1, 88 ], [ 2, 1 ], [ 3, 94 ] ] 
13 14 129 [ [ -2, 12 ], [ 1, 72 ], [ 2, 1 ], [ 3, 84 ] ] 
14 15 233 [ [ -2, 13 ], [ 1, 82 ], [ 2, 1 ], [ 3, 100 ] ] 
13 14 130 [ [ -2, 12 ], [ 1, 60 ], [ 2, 1 ], [ 3, 96 ] ] 
14 15 184 [ [ -2, 13 ], [ 1, 74 ], [ 2, 1 ], [ 3, 108 ] ] 
14 15 177 [ [ -2, 13 ], [ 1, 82 ], [ 2, 1 ], [ 3, 100 ] ] 
15 16 204 [ [ -2, 14 ], [ 1, 102 ], [ 2, 1 ], [ 3, 108 ] ] 
15 16 290 [ [ -2, 14 ], [ 1, 110 ], [ 2, 1 ], [ 3, 100 ] ] 
15 16 264 [ [ -2, 14 ], [ 1, 102 ], [ 2, 1 ], [ 3, 108 ] ] 
15 16 218 [ [ -2, 14 ], [ 1, 96 ], [ 2, 1 ], [ 3, 114 ] ] 
15 16 161 [ [ -2, 14 ], [ 1, 96 ], [ 2, 1 ], [ 3, 114 ] ] 
14 15 124 [ [ -2, 13 ], [ 1, 84 ], [ 2, 1 ], [ 3, 98 ] ] 
14 15 125 [ [ -2, 13 ], [ 1, 70 ], [ 2, 1 ], [ 3, 112 ] ] 
14 15 123 [ [ -2, 13 ], [ 1, 90 ], [ 2, 1 ], [ 3, 92 ] ] 
13 14 162 [ [ -2, 12 ], [ 1, 72 ], [ 2, 1 ], [ 3, 84 ] ] 
13 14 129 [ [ -2, 12 ], [ 1, 70 ], [ 2, 1 ], [ 3, 86 ] ] 
13 14 162 [ [ -2, 12 ], [ 1, 74 ], [ 2, 1 ], [ 3, 82 ] ] 
14 15 174 [ [ -2, 13 ], [ 1, 74 ], [ 2, 1 ], [ 3, 108 ] ] 
14 15 147 [ [ -2, 13 ], [ 1, 76 ], [ 2, 1 ], [ 3, 106 ] ] 
13 14 167 [ [ -2, 12 ], [ 1, 70 ], [ 2, 1 ], [ 3, 86 ] ] 
14 15 225 [ [ -2, 13 ], [ 1, 84 ], [ 2, 1 ], [ 3, 98 ] ] 
Error, user interrupt in
  res[i] := func( C[i] ); at /usr/local/Cellar/gap/4.15.1/share/gap/lib/coll.gi:663 called from 
List( m1, function ( row )
      return PROD_VECTOR_MATRIX( row, m2 );
  end ) at /usr/local/Cellar/gap/4.15.1/share/gap/lib/list.gi:3640 called from
T * M at gapReads/LinearAlgebra.txt:252 called from
TMTTmult( orthoB, sQ ) at gapReads/LatticeTools.txt:41 called from
signaturejob( sdim - 1, newsQ ); at gapReads/LatticeTools.txt:42 called from
signaturejob( sdim - 1, newsQ ); at gapReads/LatticeTools.txt:42 called from
...  at Task20260922Vc.g:40
you can 'return;'
brk> newadj;
[ [ 2, 3, 1, 3, 3, 1, 3, 3, 3, 1, 1, 3, 1, 1, 3 ], 
  [ 3, -2, 1, 3, 3, 1, 1, 1, 1, 3, 1, 1, 1, 1, 3 ], 
  [ 1, 1, -2, 1, 3, 3, 3, 3, 3, 3, 1, 3, 3, 1, 3 ], 
  [ 3, 3, 1, -2, 1, 3, 3, 3, 3, 3, 3, 1, 3, 3, 3 ], 
  [ 3, 3, 3, 1, -2, 3, 1, 3, 1, 1, 3, 3, 3, 3, 1 ], 
  [ 1, 1, 3, 3, 3, -2, 1, 1, 3, 3, 1, 1, 1, 3, 1 ], 
  [ 3, 1, 3, 3, 1, 1, -2, 3, 1, 1, 3, 1, 1, 3, 3 ], 
  [ 3, 1, 3, 3, 3, 1, 3, -2, 3, 3, 1, 1, 3, 3, 3 ], 
  [ 3, 1, 3, 3, 1, 3, 1, 3, -2, 1, 3, 3, 1, 1, 1 ], 
  [ 1, 3, 3, 3, 1, 3, 1, 3, 1, -2, 3, 3, 1, 1, 3 ], 
  [ 1, 1, 1, 3, 3, 1, 3, 1, 3, 3, -2, 3, 3, 1, 1 ], 
  [ 3, 1, 3, 1, 3, 1, 1, 1, 3, 3, 3, -2, 1, 3, 1 ], 
  [ 1, 1, 3, 3, 3, 1, 1, 3, 1, 1, 3, 1, -2, 1, 1 ], 
  [ 1, 1, 1, 3, 3, 3, 3, 3, 1, 1, 1, 3, 1, -2, 1 ], 
  [ 3, 3, 3, 3, 1, 1, 3, 3, 1, 3, 1, 1, 1, 1, -2 ] ]
brk> quit;
gap> 
gap> 
gap> Read("Task20260922Vc.g");
13 14 144 [ [ -2, 13 ], [ 1, 76 ], [ 3, 80 ] ] 
13 14 122 [ [ -2, 13 ], [ 1, 70 ], [ 3, 86 ] ] 
14 15 150 [ [ -2, 14 ], [ 1, 82 ], [ 3, 100 ] ] 
13 14 149 [ [ -2, 13 ], [ 1, 76 ], [ 3, 80 ] ] 
14 15 139 [ [ -2, 14 ], [ 1, 90 ], [ 3, 92 ] ] 
15 16 316 [ [ -2, 15 ], [ 1, 106 ], [ 3, 104 ] ] 
13 14 136 [ [ -2, 13 ], [ 1, 76 ], [ 3, 80 ] ] 
14 15 197 [ [ -2, 14 ], [ 1, 92 ], [ 3, 90 ] ] 
15 16 133 [ [ -2, 15 ], [ 1, 96 ], [ 3, 114 ] ] 
13 14 128 [ [ -2, 13 ], [ 1, 70 ], [ 3, 86 ] ] 
13 14 139 [ [ -2, 13 ], [ 1, 76 ], [ 3, 80 ] ] 
13 14 139 [ [ -2, 13 ], [ 1, 72 ], [ 3, 84 ] ] 
14 15 153 [ [ -2, 14 ], [ 1, 92 ], [ 3, 90 ] ] 
15 16 228 [ [ -2, 15 ], [ 1, 94 ], [ 3, 116 ] ] 
14 15 163 [ [ -2, 14 ], [ 1, 88 ], [ 3, 94 ] ] 
13 14 125 [ [ -2, 13 ], [ 1, 72 ], [ 3, 84 ] ] 
13 14 145 [ [ -2, 13 ], [ 1, 74 ], [ 3, 82 ] ] 
13 14 123 [ [ -2, 13 ], [ 1, 76 ], [ 3, 80 ] ] 
13 14 123 [ [ -2, 13 ], [ 1, 76 ], [ 3, 80 ] ] 
13 14 151 [ [ -2, 13 ], [ 1, 68 ], [ 3, 88 ] ] 
14 15 123 [ [ -2, 14 ], [ 1, 80 ], [ 3, 102 ] ] 
13 14 190 [ [ -2, 13 ], [ 1, 74 ], [ 3, 82 ] ] 
13 14 169 [ [ -2, 13 ], [ 1, 66 ], [ 3, 90 ] ] 
14 15 213 [ [ -2, 14 ], [ 1, 80 ], [ 3, 102 ] ] 
13 14 149 [ [ -2, 13 ], [ 1, 62 ], [ 3, 94 ] ] 
13 14 131 [ [ -2, 13 ], [ 1, 74 ], [ 3, 82 ] ] 
13 14 145 [ [ -2, 13 ], [ 1, 66 ], [ 3, 90 ] ] 
14 15 184 [ [ -2, 14 ], [ 1, 76 ], [ 3, 106 ] ] 
14 15 195 [ [ -2, 14 ], [ 1, 74 ], [ 3, 108 ] ] 
14 15 163 [ [ -2, 14 ], [ 1, 82 ], [ 3, 100 ] ] 
13 14 142 [ [ -2, 13 ], [ 1, 68 ], [ 3, 88 ] ] 
14 15 179 [ [ -2, 14 ], [ 1, 84 ], [ 3, 98 ] ] 
13 14 121 [ [ -2, 13 ], [ 1, 70 ], [ 3, 86 ] ] 
14 15 211 [ [ -2, 14 ], [ 1, 84 ], [ 3, 98 ] ] 
14 15 152 [ [ -2, 14 ], [ 1, 84 ], [ 3, 98 ] ] 
14 15 180 [ [ -2, 14 ], [ 1, 78 ], [ 3, 104 ] ] 
15 16 291 [ [ -2, 15 ], [ 1, 94 ], [ 3, 116 ] ] 
14 15 217 [ [ -2, 14 ], [ 1, 78 ], [ 3, 104 ] ] 
13 14 121 [ [ -2, 13 ], [ 1, 74 ], [ 3, 82 ] ] 
13 14 123 [ [ -2, 13 ], [ 1, 74 ], [ 3, 82 ] ] 
14 15 233 [ [ -2, 14 ], [ 1, 82 ], [ 3, 100 ] ] 
14 15 220 [ [ -2, 14 ], [ 1, 88 ], [ 3, 94 ] ] 
15 16 170 [ [ -2, 15 ], [ 1, 96 ], [ 3, 114 ] ] 
15 16 186 [ [ -2, 15 ], [ 1, 100 ], [ 3, 110 ] ] 
14 15 179 [ [ -2, 14 ], [ 1, 78 ], [ 3, 104 ] ] 
13 14 130 [ [ -2, 13 ], [ 1, 66 ], [ 3, 90 ] ] 
14 15 211 [ [ -2, 14 ], [ 1, 78 ], [ 3, 104 ] ] 
14 15 209 [ [ -2, 14 ], [ 1, 80 ], [ 3, 102 ] ] 
13 14 163 [ [ -2, 13 ], [ 1, 66 ], [ 3, 90 ] ] 
13 14 128 [ [ -2, 13 ], [ 1, 68 ], [ 3, 88 ] ] 
14 15 201 [ [ -2, 14 ], [ 1, 76 ], [ 3, 106 ] ] 
13 14 149 [ [ -2, 13 ], [ 1, 70 ], [ 3, 86 ] ] 
14 15 200 [ [ -2, 14 ], [ 1, 96 ], [ 3, 86 ] ] 
14 15 136 [ [ -2, 14 ], [ 1, 82 ], [ 3, 100 ] ] 
14 15 136 [ [ -2, 14 ], [ 1, 102 ], [ 3, 80 ] ] 
13 14 131 [ [ -2, 13 ], [ 1, 88 ], [ 3, 68 ] ] 
13 14 144 [ [ -2, 13 ], [ 1, 82 ], [ 3, 74 ] ] 
13 14 138 [ [ -2, 13 ], [ 1, 80 ], [ 3, 76 ] ] 
13 14 129 [ [ -2, 13 ], [ 1, 84 ], [ 3, 72 ] ] 
13 14 129 [ [ -2, 13 ], [ 1, 76 ], [ 3, 80 ] ] 
14 15 130 [ [ -2, 14 ], [ 1, 78 ], [ 3, 104 ] ] 
15 16 258 [ [ -2, 15 ], [ 1, 90 ], [ 3, 120 ] ] 
14 15 166 [ [ -2, 14 ], [ 1, 90 ], [ 3, 92 ] ] 
14 15 237 [ [ -2, 14 ], [ 1, 94 ], [ 3, 88 ] ] 
13 14 144 [ [ -2, 13 ], [ 1, 72 ], [ 3, 84 ] ] 
13 14 123 [ [ -2, 13 ], [ 1, 66 ], [ 3, 90 ] ] 
14 15 132 [ [ -2, 14 ], [ 1, 84 ], [ 3, 98 ] ] 
13 14 187 [ [ -2, 13 ], [ 1, 64 ], [ 3, 92 ] ] 
13 14 145 [ [ -2, 13 ], [ 1, 70 ], [ 3, 86 ] ] 
14 15 145 [ [ -2, 14 ], [ 1, 78 ], [ 3, 104 ] ] 
14 15 167 [ [ -2, 14 ], [ 1, 86 ], [ 3, 96 ] ] 
13 14 145 [ [ -2, 13 ], [ 1, 64 ], [ 3, 92 ] ] 
14 15 121 [ [ -2, 14 ], [ 1, 88 ], [ 3, 94 ] ] 
14 15 170 [ [ -2, 14 ], [ 1, 90 ], [ 3, 92 ] ] 
14 15 173 [ [ -2, 14 ], [ 1, 88 ], [ 3, 94 ] ] 
14 15 159 [ [ -2, 14 ], [ 1, 84 ], [ 3, 98 ] ] 
14 15 164 [ [ -2, 14 ], [ 1, 86 ], [ 3, 96 ] ] 
14 15 123 [ [ -2, 14 ], [ 1, 90 ], [ 3, 92 ] ] 
14 15 133 [ [ -2, 14 ], [ 1, 90 ], [ 3, 92 ] ] 
14 15 176 [ [ -2, 14 ], [ 1, 78 ], [ 3, 104 ] ] 
14 15 186 [ [ -2, 14 ], [ 1, 94 ], [ 3, 88 ] ] 
14 15 155 [ [ -2, 14 ], [ 1, 84 ], [ 3, 98 ] ] 
13 14 126 [ [ -2, 13 ], [ 1, 76 ], [ 3, 80 ] ] 
14 15 141 [ [ -2, 14 ], [ 1, 80 ], [ 3, 102 ] ] 
13 14 134 [ [ -2, 13 ], [ 1, 68 ], [ 3, 88 ] ] 
14 15 182 [ [ -2, 14 ], [ 1, 82 ], [ 3, 100 ] ] 
13 14 147 [ [ -2, 13 ], [ 1, 64 ], [ 3, 92 ] ] 
14 15 147 [ [ -2, 14 ], [ 1, 84 ], [ 3, 98 ] ] 
14 15 137 [ [ -2, 14 ], [ 1, 76 ], [ 3, 106 ] ] 
14 15 169 [ [ -2, 14 ], [ 1, 84 ], [ 3, 98 ] ] 
14 15 127 [ [ -2, 14 ], [ 1, 78 ], [ 3, 104 ] ] 
13 14 123 [ [ -2, 13 ], [ 1, 74 ], [ 3, 82 ] ] 
14 15 199 [ [ -2, 14 ], [ 1, 88 ], [ 3, 94 ] ] 
14 15 154 [ [ -2, 14 ], [ 1, 82 ], [ 3, 100 ] ] 
14 15 229 [ [ -2, 14 ], [ 1, 74 ], [ 3, 108 ] ] 
13 14 140 [ [ -2, 13 ], [ 1, 70 ], [ 3, 86 ] ] 
13 14 130 [ [ -2, 13 ], [ 1, 68 ], [ 3, 88 ] ] 
14 15 181 [ [ -2, 14 ], [ 1, 76 ], [ 3, 106 ] ] 
14 15 121 [ [ -2, 14 ], [ 1, 88 ], [ 3, 94 ] ] 
15 16 167 [ [ -2, 15 ], [ 1, 104 ], [ 3, 106 ] ] 
14 15 158 [ [ -2, 14 ], [ 1, 78 ], [ 3, 104 ] ] 
14 15 121 [ [ -2, 14 ], [ 1, 74 ], [ 3, 108 ] ] 
14 15 131 [ [ -2, 14 ], [ 1, 82 ], [ 3, 100 ] ] 
14 15 171 [ [ -2, 14 ], [ 1, 84 ], [ 3, 98 ] ] 
13 14 126 [ [ -2, 13 ], [ 1, 70 ], [ 3, 86 ] ] 
14 15 143 [ [ -2, 14 ], [ 1, 80 ], [ 3, 102 ] ] 
12 13 128 [ [ -2, 12 ], [ 1, 56 ], [ 3, 76 ] ] 
14 15 125 [ [ -2, 14 ], [ 1, 78 ], [ 3, 104 ] ] 
13 14 182 [ [ -2, 13 ], [ 1, 60 ], [ 3, 96 ] ] 
14 15 192 [ [ -2, 14 ], [ 1, 74 ], [ 3, 108 ] ] 
14 15 148 [ [ -2, 14 ], [ 1, 86 ], [ 3, 96 ] ] 
14 15 131 [ [ -2, 14 ], [ 1, 86 ], [ 3, 96 ] ] 
13 14 123 [ [ -2, 13 ], [ 1, 70 ], [ 3, 86 ] ] 
14 15 160 [ [ -2, 14 ], [ 1, 84 ], [ 3, 98 ] ] 
13 14 132 [ [ -2, 13 ], [ 1, 72 ], [ 3, 84 ] ] 
14 15 185 [ [ -2, 14 ], [ 1, 86 ], [ 3, 96 ] ] 
14 15 150 [ [ -2, 14 ], [ 1, 86 ], [ 3, 96 ] ] 
13 14 137 [ [ -2, 13 ], [ 1, 68 ], [ 3, 88 ] ] 
14 15 154 [ [ -2, 14 ], [ 1, 80 ], [ 3, 102 ] ] 
15 16 124 [ [ -2, 15 ], [ 1, 108 ], [ 3, 102 ] ] 
13 14 138 [ [ -2, 13 ], [ 1, 68 ], [ 3, 88 ] ] 
13 14 157 [ [ -2, 13 ], [ 1, 72 ], [ 3, 84 ] ] 
14 15 135 [ [ -2, 14 ], [ 1, 82 ], [ 3, 100 ] ] 
15 16 270 [ [ -2, 15 ], [ 1, 94 ], [ 3, 116 ] ] 
14 15 218 [ [ -2, 14 ], [ 1, 92 ], [ 3, 90 ] ] 
15 16 298 [ [ -2, 15 ], [ 1, 108 ], [ 3, 102 ] ] 
13 14 121 [ [ -2, 13 ], [ 1, 72 ], [ 3, 84 ] ] 
14 15 203 [ [ -2, 14 ], [ 1, 80 ], [ 3, 102 ] ] 
14 15 203 [ [ -2, 14 ], [ 1, 80 ], [ 3, 102 ] ] 
15 16 152 [ [ -2, 15 ], [ 1, 94 ], [ 3, 116 ] ] 
13 14 131 [ [ -2, 13 ], [ 1, 70 ], [ 3, 86 ] ] 
13 14 146 [ [ -2, 13 ], [ 1, 68 ], [ 3, 88 ] ] 
13 14 132 [ [ -2, 13 ], [ 1, 74 ], [ 3, 82 ] ] 
14 15 211 [ [ -2, 14 ], [ 1, 88 ], [ 3, 94 ] ] 
13 14 121 [ [ -2, 13 ], [ 1, 76 ], [ 3, 80 ] ] 
14 15 229 [ [ -2, 14 ], [ 1, 80 ], [ 3, 102 ] ] 
13 14 141 [ [ -2, 13 ], [ 1, 68 ], [ 3, 88 ] ] 
14 15 154 [ [ -2, 14 ], [ 1, 84 ], [ 3, 98 ] ] 
15 16 274 [ [ -2, 15 ], [ 1, 102 ], [ 3, 108 ] ] 
13 14 175 [ [ -2, 13 ], [ 1, 68 ], [ 3, 88 ] ] 
13 14 136 [ [ -2, 13 ], [ 1, 68 ], [ 3, 88 ] ] 
14 15 126 [ [ -2, 14 ], [ 1, 80 ], [ 3, 102 ] ] 
13 14 127 [ [ -2, 13 ], [ 1, 62 ], [ 3, 94 ] ] 
14 15 133 [ [ -2, 14 ], [ 1, 84 ], [ 3, 98 ] ] 
14 15 159 [ [ -2, 14 ], [ 1, 76 ], [ 3, 106 ] ] 
14 15 121 [ [ -2, 14 ], [ 1, 80 ], [ 3, 102 ] ] 
15 16 127 [ [ -2, 15 ], [ 1, 90 ], [ 3, 120 ] ] 
15 16 160 [ [ -2, 15 ], [ 1, 92 ], [ 3, 118 ] ] 
15 16 122 [ [ -2, 15 ], [ 1, 92 ], [ 3, 118 ] ] 
14 15 140 [ [ -2, 14 ], [ 1, 86 ], [ 3, 96 ] ] 
14 15 205 [ [ -2, 14 ], [ 1, 94 ], [ 3, 88 ] ] 
14 15 175 [ [ -2, 14 ], [ 1, 90 ], [ 3, 92 ] ] 
14 15 140 [ [ -2, 14 ], [ 1, 88 ], [ 3, 94 ] ] 
14 15 134 [ [ -2, 14 ], [ 1, 86 ], [ 3, 96 ] ] 
14 15 214 [ [ -2, 14 ], [ 1, 88 ], [ 3, 94 ] ] 
14 15 129 [ [ -2, 14 ], [ 1, 76 ], [ 3, 106 ] ] 
14 15 193 [ [ -2, 14 ], [ 1, 84 ], [ 3, 98 ] ] 
13 14 127 [ [ -2, 13 ], [ 1, 62 ], [ 3, 94 ] ] 
13 14 139 [ [ -2, 13 ], [ 1, 72 ], [ 3, 84 ] ] 
13 14 126 [ [ -2, 13 ], [ 1, 64 ], [ 3, 92 ] ] 
13 14 185 [ [ -2, 13 ], [ 1, 64 ], [ 3, 92 ] ] 
14 15 143 [ [ -2, 14 ], [ 1, 90 ], [ 3, 92 ] ] 
15 16 231 [ [ -2, 15 ], [ 1, 104 ], [ 3, 106 ] ] 
13 14 157 [ [ -2, 13 ], [ 1, 74 ], [ 3, 82 ] ] 
13 14 141 [ [ -2, 13 ], [ 1, 74 ], [ 3, 82 ] ] 
13 14 136 [ [ -2, 13 ], [ 1, 70 ], [ 3, 86 ] ] 
13 14 185 [ [ -2, 13 ], [ 1, 72 ], [ 3, 84 ] ] 
13 14 147 [ [ -2, 13 ], [ 1, 76 ], [ 3, 80 ] ] 
13 14 134 [ [ -2, 13 ], [ 1, 74 ], [ 3, 82 ] ] 
14 15 188 [ [ -2, 14 ], [ 1, 88 ], [ 3, 94 ] ] 
13 14 124 [ [ -2, 13 ], [ 1, 74 ], [ 3, 82 ] ] 
14 15 147 [ [ -2, 14 ], [ 1, 90 ], [ 3, 92 ] ] 
13 14 139 [ [ -2, 13 ], [ 1, 74 ], [ 3, 82 ] ] 
13 14 150 [ [ -2, 13 ], [ 1, 64 ], [ 3, 92 ] ] 
13 14 140 [ [ -2, 13 ], [ 1, 68 ], [ 3, 88 ] ] 
13 14 144 [ [ -2, 13 ], [ 1, 76 ], [ 3, 80 ] ] 
13 14 128 [ [ -2, 13 ], [ 1, 72 ], [ 3, 84 ] ] 
14 15 251 [ [ -2, 14 ], [ 1, 86 ], [ 3, 96 ] ] 
13 14 125 [ [ -2, 13 ], [ 1, 66 ], [ 3, 90 ] ] 
13 14 147 [ [ -2, 13 ], [ 1, 76 ], [ 3, 80 ] ] 
13 14 128 [ [ -2, 13 ], [ 1, 68 ], [ 3, 88 ] ] 
14 15 221 [ [ -2, 14 ], [ 1, 82 ], [ 3, 100 ] ] 
13 14 122 [ [ -2, 13 ], [ 1, 64 ], [ 3, 92 ] ] 
13 14 140 [ [ -2, 13 ], [ 1, 62 ], [ 3, 94 ] ] 
13 14 137 [ [ -2, 13 ], [ 1, 68 ], [ 3, 88 ] ] 
14 15 131 [ [ -2, 14 ], [ 1, 84 ], [ 3, 98 ] ] 
15 16 357 [ [ -2, 15 ], [ 1, 102 ], [ 3, 108 ] ] 
14 15 121 [ [ -2, 14 ], [ 1, 84 ], [ 3, 98 ] ] 
14 15 198 [ [ -2, 14 ], [ 1, 76 ], [ 3, 106 ] ] 
13 14 127 [ [ -2, 13 ], [ 1, 70 ], [ 3, 86 ] ] 
14 15 160 [ [ -2, 14 ], [ 1, 80 ], [ 3, 102 ] ] 
15 16 271 [ [ -2, 15 ], [ 1, 94 ], [ 3, 116 ] ] 
14 15 141 [ [ -2, 14 ], [ 1, 80 ], [ 3, 102 ] ] 
14 15 182 [ [ -2, 14 ], [ 1, 72 ], [ 3, 110 ] ] 
14 15 191 [ [ -2, 14 ], [ 1, 72 ], [ 3, 110 ] ] 
14 15 174 [ [ -2, 14 ], [ 1, 74 ], [ 3, 108 ] ] 
14 15 129 [ [ -2, 14 ], [ 1, 78 ], [ 3, 104 ] ] 
14 15 147 [ [ -2, 14 ], [ 1, 78 ], [ 3, 104 ] ] 
13 14 129 [ [ -2, 13 ], [ 1, 70 ], [ 3, 86 ] ] 
14 15 152 [ [ -2, 14 ], [ 1, 76 ], [ 3, 106 ] ] 
14 15 170 [ [ -2, 14 ], [ 1, 74 ], [ 3, 108 ] ] 
14 15 199 [ [ -2, 14 ], [ 1, 92 ], [ 3, 90 ] ] 
14 15 165 [ [ -2, 14 ], [ 1, 82 ], [ 3, 100 ] ] 
14 15 175 [ [ -2, 14 ], [ 1, 88 ], [ 3, 94 ] ] 
14 15 174 [ [ -2, 14 ], [ 1, 88 ], [ 3, 94 ] ] 
14 15 166 [ [ -2, 14 ], [ 1, 82 ], [ 3, 100 ] ] 
14 15 175 [ [ -2, 14 ], [ 1, 84 ], [ 3, 98 ] ] 
13 14 138 [ [ -2, 13 ], [ 1, 76 ], [ 3, 80 ] ] 
13 14 166 [ [ -2, 13 ], [ 1, 72 ], [ 3, 84 ] ] 
13 14 136 [ [ -2, 13 ], [ 1, 76 ], [ 3, 80 ] ] 
13 14 152 [ [ -2, 13 ], [ 1, 74 ], [ 3, 82 ] ] 
14 15 187 [ [ -2, 14 ], [ 1, 88 ], [ 3, 94 ] ] 
13 14 121 [ [ -2, 13 ], [ 1, 76 ], [ 3, 80 ] ] 
14 15 155 [ [ -2, 14 ], [ 1, 78 ], [ 3, 104 ] ] 
13 14 129 [ [ -2, 13 ], [ 1, 68 ], [ 3, 88 ] ] 
14 15 206 [ [ -2, 14 ], [ 1, 84 ], [ 3, 98 ] ] 
15 16 173 [ [ -2, 15 ], [ 1, 98 ], [ 3, 112 ] ] 
15 16 186 [ [ -2, 15 ], [ 1, 98 ], [ 3, 112 ] ] 
16 17 453 [ [ -2, 16 ], [ 1, 110 ], [ 3, 130 ] ] 
13 14 122 [ [ -2, 13 ], [ 1, 72 ], [ 3, 84 ] ] 
14 15 203 [ [ -2, 14 ], [ 1, 86 ], [ 3, 96 ] ] 
14 15 224 [ [ -2, 14 ], [ 1, 80 ], [ 3, 102 ] ] 
15 16 125 [ [ -2, 15 ], [ 1, 88 ], [ 3, 122 ] ] 
14 15 177 [ [ -2, 14 ], [ 1, 84 ], [ 3, 98 ] ] 
14 15 147 [ [ -2, 14 ], [ 1, 90 ], [ 3, 92 ] ] 
15 16 216 [ [ -2, 15 ], [ 1, 104 ], [ 3, 106 ] ] 
15 16 343 [ [ -2, 15 ], [ 1, 96 ], [ 3, 114 ] ] 
13 14 157 [ [ -2, 13 ], [ 1, 70 ], [ 3, 86 ] ] 
14 15 124 [ [ -2, 14 ], [ 1, 80 ], [ 3, 102 ] ] 
14 15 141 [ [ -2, 14 ], [ 1, 82 ], [ 3, 100 ] ] 
14 15 220 [ [ -2, 14 ], [ 1, 88 ], [ 3, 94 ] ] 
13 14 135 [ [ -2, 13 ], [ 1, 68 ], [ 3, 88 ] ] 
13 14 125 [ [ -2, 13 ], [ 1, 74 ], [ 3, 82 ] ] 
14 15 133 [ [ -2, 14 ], [ 1, 88 ], [ 3, 94 ] ] 
13 14 129 [ [ -2, 13 ], [ 1, 72 ], [ 3, 84 ] ] 
14 15 233 [ [ -2, 14 ], [ 1, 82 ], [ 3, 100 ] ] 
13 14 130 [ [ -2, 13 ], [ 1, 60 ], [ 3, 96 ] ] 
14 15 184 [ [ -2, 14 ], [ 1, 74 ], [ 3, 108 ] ] 
14 15 177 [ [ -2, 14 ], [ 1, 82 ], [ 3, 100 ] ] 
15 16 204 [ [ -2, 15 ], [ 1, 102 ], [ 3, 108 ] ] 
15 16 290 [ [ -2, 15 ], [ 1, 110 ], [ 3, 100 ] ] 
15 16 264 [ [ -2, 15 ], [ 1, 102 ], [ 3, 108 ] ] 
15 16 218 [ [ -2, 15 ], [ 1, 96 ], [ 3, 114 ] ] 
15 16 161 [ [ -2, 15 ], [ 1, 96 ], [ 3, 114 ] ] 
14 15 124 [ [ -2, 14 ], [ 1, 84 ], [ 3, 98 ] ] 
14 15 125 [ [ -2, 14 ], [ 1, 70 ], [ 3, 112 ] ] 
14 15 123 [ [ -2, 14 ], [ 1, 90 ], [ 3, 92 ] ] 
13 14 162 [ [ -2, 13 ], [ 1, 72 ], [ 3, 84 ] ] 
13 14 129 [ [ -2, 13 ], [ 1, 70 ], [ 3, 86 ] ] 
13 14 162 [ [ -2, 13 ], [ 1, 74 ], [ 3, 82 ] ] 
14 15 174 [ [ -2, 14 ], [ 1, 74 ], [ 3, 108 ] ] 
14 15 147 [ [ -2, 14 ], [ 1, 76 ], [ 3, 106 ] ] 
13 14 167 [ [ -2, 13 ], [ 1, 70 ], [ 3, 86 ] ] 
14 15 225 [ [ -2, 14 ], [ 1, 84 ], [ 3, 98 ] ] 
13 14 145 [ [ -2, 13 ], [ 1, 70 ], [ 3, 86 ] ] 
13 14 121 [ [ -2, 13 ], [ 1, 72 ], [ 3, 84 ] ] 
13 14 157 [ [ -2, 13 ], [ 1, 62 ], [ 3, 94 ] ] 
15 16 208 [ [ -2, 15 ], [ 1, 96 ], [ 3, 114 ] ] 
13 14 147 [ [ -2, 13 ], [ 1, 68 ], [ 3, 88 ] ] 
13 14 128 [ [ -2, 13 ], [ 1, 74 ], [ 3, 82 ] ] 
13 14 127 [ [ -2, 13 ], [ 1, 74 ], [ 3, 82 ] ] 
13 14 127 [ [ -2, 13 ], [ 1, 72 ], [ 3, 84 ] ] 
13 14 152 [ [ -2, 13 ], [ 1, 80 ], [ 3, 76 ] ] 
14 15 129 [ [ -2, 14 ], [ 1, 84 ], [ 3, 98 ] ] 
13 14 125 [ [ -2, 13 ], [ 1, 76 ], [ 3, 80 ] ] 
14 15 144 [ [ -2, 14 ], [ 1, 76 ], [ 3, 106 ] ] 
14 15 144 [ [ -2, 14 ], [ 1, 78 ], [ 3, 104 ] ] 
13 14 140 [ [ -2, 13 ], [ 1, 62 ], [ 3, 94 ] ] 
14 15 153 [ [ -2, 14 ], [ 1, 86 ], [ 3, 96 ] ] 
14 15 155 [ [ -2, 14 ], [ 1, 86 ], [ 3, 96 ] ] 
14 15 149 [ [ -2, 14 ], [ 1, 82 ], [ 3, 100 ] ] 
14 15 122 [ [ -2, 14 ], [ 1, 88 ], [ 3, 94 ] ] 
13 14 151 [ [ -2, 13 ], [ 1, 66 ], [ 3, 90 ] ] 
14 15 170 [ [ -2, 14 ], [ 1, 74 ], [ 3, 108 ] ] 
14 15 213 [ [ -2, 14 ], [ 1, 90 ], [ 3, 92 ] ] 
14 15 156 [ [ -2, 14 ], [ 1, 92 ], [ 3, 90 ] ] 
13 14 129 [ [ -2, 13 ], [ 1, 60 ], [ 3, 96 ] ] 
14 15 170 [ [ -2, 14 ], [ 1, 74 ], [ 3, 108 ] ] 
13 14 169 [ [ -2, 13 ], [ 1, 62 ], [ 3, 94 ] ] 
14 15 222 [ [ -2, 14 ], [ 1, 72 ], [ 3, 110 ] ] 
13 14 128 [ [ -2, 13 ], [ 1, 62 ], [ 3, 94 ] ] 
14 15 141 [ [ -2, 14 ], [ 1, 76 ], [ 3, 106 ] ] 
14 15 138 [ [ -2, 14 ], [ 1, 76 ], [ 3, 106 ] ] 
14 15 180 [ [ -2, 14 ], [ 1, 78 ], [ 3, 104 ] ] 
14 15 180 [ [ -2, 14 ], [ 1, 74 ], [ 3, 108 ] ] 
13 14 123 [ [ -2, 13 ], [ 1, 66 ], [ 3, 90 ] ] 
14 15 213 [ [ -2, 14 ], [ 1, 72 ], [ 3, 110 ] ] 
14 15 135 [ [ -2, 14 ], [ 1, 84 ], [ 3, 98 ] ] 
13 14 162 [ [ -2, 13 ], [ 1, 72 ], [ 3, 84 ] ] 
14 15 150 [ [ -2, 14 ], [ 1, 80 ], [ 3, 102 ] ] 
13 14 129 [ [ -2, 13 ], [ 1, 70 ], [ 3, 86 ] ] 
13 14 155 [ [ -2, 13 ], [ 1, 70 ], [ 3, 86 ] ] 
13 14 141 [ [ -2, 13 ], [ 1, 66 ], [ 3, 90 ] ] 
13 14 152 [ [ -2, 13 ], [ 1, 66 ], [ 3, 90 ] ] 
14 15 257 [ [ -2, 14 ], [ 1, 82 ], [ 3, 100 ] ] 
13 14 133 [ [ -2, 13 ], [ 1, 68 ], [ 3, 88 ] ] 
13 14 136 [ [ -2, 13 ], [ 1, 66 ], [ 3, 90 ] ] 
14 15 174 [ [ -2, 14 ], [ 1, 78 ], [ 3, 104 ] ] 
13 14 154 [ [ -2, 13 ], [ 1, 68 ], [ 3, 88 ] ] 
13 14 131 [ [ -2, 13 ], [ 1, 68 ], [ 3, 88 ] ] 
13 14 126 [ [ -2, 13 ], [ 1, 60 ], [ 3, 96 ] ] 
13 14 150 [ [ -2, 13 ], [ 1, 68 ], [ 3, 88 ] ] 
14 15 263 [ [ -2, 14 ], [ 1, 78 ], [ 3, 104 ] ] 
13 14 123 [ [ -2, 13 ], [ 1, 66 ], [ 3, 90 ] ] 
14 15 168 [ [ -2, 14 ], [ 1, 82 ], [ 3, 100 ] ] 
13 14 154 [ [ -2, 13 ], [ 1, 70 ], [ 3, 86 ] ] 
13 14 128 [ [ -2, 13 ], [ 1, 70 ], [ 3, 86 ] ] 
13 14 149 [ [ -2, 13 ], [ 1, 70 ], [ 3, 86 ] ] 
13 14 158 [ [ -2, 13 ], [ 1, 66 ], [ 3, 90 ] ] 
13 14 149 [ [ -2, 13 ], [ 1, 70 ], [ 3, 86 ] ] 
14 15 141 [ [ -2, 14 ], [ 1, 90 ], [ 3, 92 ] ] 
15 16 296 [ [ -2, 15 ], [ 1, 98 ], [ 3, 112 ] ] 
14 15 147 [ [ -2, 14 ], [ 1, 90 ], [ 3, 92 ] ] 
15 16 161 [ [ -2, 15 ], [ 1, 104 ], [ 3, 106 ] ] 
13 14 149 [ [ -2, 13 ], [ 1, 80 ], [ 3, 76 ] ] 
14 15 164 [ [ -2, 14 ], [ 1, 78 ], [ 3, 104 ] ] 
15 16 297 [ [ -2, 15 ], [ 1, 88 ], [ 3, 122 ] ] 
14 15 151 [ [ -2, 14 ], [ 1, 86 ], [ 3, 96 ] ] 
15 16 174 [ [ -2, 15 ], [ 1, 104 ], [ 3, 106 ] ] 
13 14 121 [ [ -2, 13 ], [ 1, 68 ], [ 3, 88 ] ] 
13 14 146 [ [ -2, 13 ], [ 1, 64 ], [ 3, 92 ] ] 
13 14 122 [ [ -2, 13 ], [ 1, 74 ], [ 3, 82 ] ] 
14 15 188 [ [ -2, 14 ], [ 1, 82 ], [ 3, 100 ] ] 
13 14 132 [ [ -2, 13 ], [ 1, 70 ], [ 3, 86 ] ] 
14 15 225 [ [ -2, 14 ], [ 1, 90 ], [ 3, 92 ] ] 
14 15 177 [ [ -2, 14 ], [ 1, 82 ], [ 3, 100 ] ] 
14 15 255 [ [ -2, 14 ], [ 1, 90 ], [ 3, 92 ] ] 
12 13 123 [ [ -2, 12 ], [ 1, 70 ], [ 3, 62 ] ] 
13 14 148 [ [ -2, 13 ], [ 1, 76 ], [ 3, 80 ] ] 
13 14 144 [ [ -2, 13 ], [ 1, 74 ], [ 3, 82 ] ] 
13 14 137 [ [ -2, 13 ], [ 1, 66 ], [ 3, 90 ] ] 
13 14 167 [ [ -2, 13 ], [ 1, 70 ], [ 3, 86 ] ] 
13 14 148 [ [ -2, 13 ], [ 1, 72 ], [ 3, 84 ] ] 
13 14 140 [ [ -2, 13 ], [ 1, 78 ], [ 3, 78 ] ] 
14 15 150 [ [ -2, 14 ], [ 1, 86 ], [ 3, 96 ] ] 
13 14 170 [ [ -2, 13 ], [ 1, 68 ], [ 3, 88 ] ] 
13 14 143 [ [ -2, 13 ], [ 1, 66 ], [ 3, 90 ] ] 
14 15 188 [ [ -2, 14 ], [ 1, 74 ], [ 3, 108 ] ] 
13 14 167 [ [ -2, 13 ], [ 1, 68 ], [ 3, 88 ] ] 
13 14 127 [ [ -2, 13 ], [ 1, 70 ], [ 3, 86 ] ] 
14 15 189 [ [ -2, 14 ], [ 1, 84 ], [ 3, 98 ] ] 
14 15 124 [ [ -2, 14 ], [ 1, 78 ], [ 3, 104 ] ] 
15 16 194 [ [ -2, 15 ], [ 1, 98 ], [ 3, 112 ] ] 
15 16 141 [ [ -2, 15 ], [ 1, 98 ], [ 3, 112 ] ] 
14 15 167 [ [ -2, 14 ], [ 1, 78 ], [ 3, 104 ] ] 
14 15 212 [ [ -2, 14 ], [ 1, 80 ], [ 3, 102 ] ] 
13 14 136 [ [ -2, 13 ], [ 1, 68 ], [ 3, 88 ] ] 
14 15 174 [ [ -2, 14 ], [ 1, 86 ], [ 3, 96 ] ] 
14 15 196 [ [ -2, 14 ], [ 1, 84 ], [ 3, 98 ] ] 
14 15 215 [ [ -2, 14 ], [ 1, 74 ], [ 3, 108 ] ] 
14 15 217 [ [ -2, 14 ], [ 1, 88 ], [ 3, 94 ] ] 
13 14 128 [ [ -2, 13 ], [ 1, 76 ], [ 3, 80 ] ] 
14 15 205 [ [ -2, 14 ], [ 1, 92 ], [ 3, 90 ] ] 
14 15 129 [ [ -2, 14 ], [ 1, 88 ], [ 3, 94 ] ] 
14 15 213 [ [ -2, 14 ], [ 1, 84 ], [ 3, 98 ] ] 
14 15 221 [ [ -2, 14 ], [ 1, 84 ], [ 3, 98 ] ] 
14 15 221 [ [ -2, 14 ], [ 1, 84 ], [ 3, 98 ] ] 
14 15 138 [ [ -2, 14 ], [ 1, 86 ], [ 3, 96 ] ] 
13 14 152 [ [ -2, 13 ], [ 1, 74 ], [ 3, 82 ] ] 
13 14 152 [ [ -2, 13 ], [ 1, 68 ], [ 3, 88 ] ] 
13 14 150 [ [ -2, 13 ], [ 1, 68 ], [ 3, 88 ] ] 
14 15 145 [ [ -2, 14 ], [ 1, 98 ], [ 3, 84 ] ] 
14 15 165 [ [ -2, 14 ], [ 1, 92 ], [ 3, 90 ] ] 
15 16 291 [ [ -2, 15 ], [ 1, 108 ], [ 3, 102 ] ] 
13 14 136 [ [ -2, 13 ], [ 1, 74 ], [ 3, 82 ] ] 
13 14 149 [ [ -2, 13 ], [ 1, 68 ], [ 3, 88 ] ] 
Error, user interrupt in
  <corrupted statement>  called from 
PrintTo( fn, name, ":=", obj, ";\n" ); at gapReads/SavesReads.txt:57 called from
savedataas( specialadjsf, savename ); at Task20260922Vc.g:33 called from
task( newadj ); at Task20260922Vc.g:35 called from
task( newadj ); at Task20260922Vc.g:35 called from
task( newadj ); at Task20260922Vc.g:35 called from
...  at Task20260922Vc.g:40
you can 'return;'
brk> quit;
gap> Read("Task20260922Vc.g");
15 16 316 [ [ -2, 15 ], [ 1, 106 ], [ 3, 104 ] ] 
15 16 228 [ [ -2, 15 ], [ 1, 94 ], [ 3, 116 ] ] 
14 15 213 [ [ -2, 14 ], [ 1, 80 ], [ 3, 102 ] ] 
14 15 211 [ [ -2, 14 ], [ 1, 84 ], [ 3, 98 ] ] 
15 16 291 [ [ -2, 15 ], [ 1, 94 ], [ 3, 116 ] ] 
14 15 217 [ [ -2, 14 ], [ 1, 78 ], [ 3, 104 ] ] 
14 15 233 [ [ -2, 14 ], [ 1, 82 ], [ 3, 100 ] ] 
14 15 220 [ [ -2, 14 ], [ 1, 88 ], [ 3, 94 ] ] 
14 15 211 [ [ -2, 14 ], [ 1, 78 ], [ 3, 104 ] ] 
14 15 209 [ [ -2, 14 ], [ 1, 80 ], [ 3, 102 ] ] 
14 15 201 [ [ -2, 14 ], [ 1, 76 ], [ 3, 106 ] ] 
15 16 258 [ [ -2, 15 ], [ 1, 90 ], [ 3, 120 ] ] 
14 15 237 [ [ -2, 14 ], [ 1, 94 ], [ 3, 88 ] ] 
14 15 229 [ [ -2, 14 ], [ 1, 74 ], [ 3, 108 ] ] 
15 16 270 [ [ -2, 15 ], [ 1, 94 ], [ 3, 116 ] ] 
14 15 218 [ [ -2, 14 ], [ 1, 92 ], [ 3, 90 ] ] 
15 16 298 [ [ -2, 15 ], [ 1, 108 ], [ 3, 102 ] ] 
14 15 203 [ [ -2, 14 ], [ 1, 80 ], [ 3, 102 ] ] 
14 15 203 [ [ -2, 14 ], [ 1, 80 ], [ 3, 102 ] ] 
14 15 211 [ [ -2, 14 ], [ 1, 88 ], [ 3, 94 ] ] 
14 15 229 [ [ -2, 14 ], [ 1, 80 ], [ 3, 102 ] ] 
15 16 274 [ [ -2, 15 ], [ 1, 102 ], [ 3, 108 ] ] 
14 15 205 [ [ -2, 14 ], [ 1, 94 ], [ 3, 88 ] ] 
14 15 214 [ [ -2, 14 ], [ 1, 88 ], [ 3, 94 ] ] 
15 16 231 [ [ -2, 15 ], [ 1, 104 ], [ 3, 106 ] ] 
14 15 251 [ [ -2, 14 ], [ 1, 86 ], [ 3, 96 ] ] 
14 15 221 [ [ -2, 14 ], [ 1, 82 ], [ 3, 100 ] ] 
15 16 357 [ [ -2, 15 ], [ 1, 102 ], [ 3, 108 ] ] 
15 16 271 [ [ -2, 15 ], [ 1, 94 ], [ 3, 116 ] ] 
14 15 206 [ [ -2, 14 ], [ 1, 84 ], [ 3, 98 ] ] 
16 17 453 [ [ -2, 16 ], [ 1, 110 ], [ 3, 130 ] ] 
14 15 203 [ [ -2, 14 ], [ 1, 86 ], [ 3, 96 ] ] 
14 15 224 [ [ -2, 14 ], [ 1, 80 ], [ 3, 102 ] ] 
15 16 216 [ [ -2, 15 ], [ 1, 104 ], [ 3, 106 ] ] 
15 16 343 [ [ -2, 15 ], [ 1, 96 ], [ 3, 114 ] ] 
14 15 220 [ [ -2, 14 ], [ 1, 88 ], [ 3, 94 ] ] 
14 15 233 [ [ -2, 14 ], [ 1, 82 ], [ 3, 100 ] ] 
15 16 204 [ [ -2, 15 ], [ 1, 102 ], [ 3, 108 ] ] 
15 16 290 [ [ -2, 15 ], [ 1, 110 ], [ 3, 100 ] ] 
15 16 264 [ [ -2, 15 ], [ 1, 102 ], [ 3, 108 ] ] 
15 16 218 [ [ -2, 15 ], [ 1, 96 ], [ 3, 114 ] ] 
14 15 225 [ [ -2, 14 ], [ 1, 84 ], [ 3, 98 ] ] 
15 16 208 [ [ -2, 15 ], [ 1, 96 ], [ 3, 114 ] ] 
14 15 213 [ [ -2, 14 ], [ 1, 90 ], [ 3, 92 ] ] 
14 15 222 [ [ -2, 14 ], [ 1, 72 ], [ 3, 110 ] ] 
14 15 213 [ [ -2, 14 ], [ 1, 72 ], [ 3, 110 ] ] 
14 15 257 [ [ -2, 14 ], [ 1, 82 ], [ 3, 100 ] ] 
14 15 263 [ [ -2, 14 ], [ 1, 78 ], [ 3, 104 ] ] 
15 16 296 [ [ -2, 15 ], [ 1, 98 ], [ 3, 112 ] ] 
15 16 297 [ [ -2, 15 ], [ 1, 88 ], [ 3, 122 ] ] 
14 15 225 [ [ -2, 14 ], [ 1, 90 ], [ 3, 92 ] ] 
14 15 255 [ [ -2, 14 ], [ 1, 90 ], [ 3, 92 ] ] 
14 15 212 [ [ -2, 14 ], [ 1, 80 ], [ 3, 102 ] ] 
14 15 215 [ [ -2, 14 ], [ 1, 74 ], [ 3, 108 ] ] 
14 15 217 [ [ -2, 14 ], [ 1, 88 ], [ 3, 94 ] ] 
14 15 205 [ [ -2, 14 ], [ 1, 92 ], [ 3, 90 ] ] 
14 15 213 [ [ -2, 14 ], [ 1, 84 ], [ 3, 98 ] ] 
14 15 221 [ [ -2, 14 ], [ 1, 84 ], [ 3, 98 ] ] 
14 15 221 [ [ -2, 14 ], [ 1, 84 ], [ 3, 98 ] ] 
15 16 291 [ [ -2, 15 ], [ 1, 108 ], [ 3, 102 ] ] 
14 15 213 [ [ -2, 14 ], [ 1, 74 ], [ 3, 108 ] ] 
14 15 246 [ [ -2, 14 ], [ 1, 82 ], [ 3, 100 ] ] 
15 16 284 [ [ -2, 15 ], [ 1, 104 ], [ 3, 106 ] ] 
14 15 210 [ [ -2, 14 ], [ 1, 78 ], [ 3, 104 ] ] 
14 15 240 [ [ -2, 14 ], [ 1, 86 ], [ 3, 96 ] ] 
15 16 276 [ [ -2, 15 ], [ 1, 102 ], [ 3, 108 ] ] 
14 15 211 [ [ -2, 14 ], [ 1, 82 ], [ 3, 100 ] ] 
14 15 269 [ [ -2, 14 ], [ 1, 90 ], [ 3, 92 ] ] 
14 15 268 [ [ -2, 14 ], [ 1, 94 ], [ 3, 88 ] ] 
15 16 309 [ [ -2, 15 ], [ 1, 96 ], [ 3, 114 ] ] 
15 16 274 [ [ -2, 15 ], [ 1, 106 ], [ 3, 104 ] ] 
14 15 261 [ [ -2, 14 ], [ 1, 96 ], [ 3, 86 ] ] 
14 15 227 [ [ -2, 14 ], [ 1, 80 ], [ 3, 102 ] ] 
15 16 319 [ [ -2, 15 ], [ 1, 110 ], [ 3, 100 ] ] 
14 15 224 [ [ -2, 14 ], [ 1, 94 ], [ 3, 88 ] ] 
14 15 210 [ [ -2, 14 ], [ 1, 100 ], [ 3, 82 ] ] 
14 15 212 [ [ -2, 14 ], [ 1, 88 ], [ 3, 94 ] ] 
15 16 369 [ [ -2, 15 ], [ 1, 90 ], [ 3, 120 ] ] 
15 16 210 [ [ -2, 15 ], [ 1, 86 ], [ 3, 124 ] ] 
15 16 343 [ [ -2, 15 ], [ 1, 84 ], [ 3, 126 ] ] 
14 15 205 [ [ -2, 14 ], [ 1, 86 ], [ 3, 96 ] ] 
14 15 225 [ [ -2, 14 ], [ 1, 94 ], [ 3, 88 ] ] 
14 15 279 [ [ -2, 14 ], [ 1, 92 ], [ 3, 90 ] ] 
14 15 279 [ [ -2, 14 ], [ 1, 92 ], [ 3, 90 ] ] 
15 16 284 [ [ -2, 15 ], [ 1, 100 ], [ 3, 110 ] ] 
14 15 212 [ [ -2, 14 ], [ 1, 108 ], [ 3, 74 ] ] 
14 15 226 [ [ -2, 14 ], [ 1, 82 ], [ 3, 100 ] ] 
15 16 265 [ [ -2, 15 ], [ 1, 108 ], [ 3, 102 ] ] 
14 15 232 [ [ -2, 14 ], [ 1, 88 ], [ 3, 94 ] ] 
14 15 226 [ [ -2, 14 ], [ 1, 92 ], [ 3, 90 ] ] 
15 16 353 [ [ -2, 15 ], [ 1, 106 ], [ 3, 104 ] ] 
14 15 201 [ [ -2, 14 ], [ 1, 84 ], [ 3, 98 ] ] 
15 16 215 [ [ -2, 15 ], [ 1, 104 ], [ 3, 106 ] ] 
14 15 231 [ [ -2, 14 ], [ 1, 88 ], [ 3, 94 ] ] 
15 16 249 [ [ -2, 15 ], [ 1, 94 ], [ 3, 116 ] ] 
14 15 230 [ [ -2, 14 ], [ 1, 92 ], [ 3, 90 ] ] 
15 16 256 [ [ -2, 15 ], [ 1, 90 ], [ 3, 120 ] ] 
14 15 244 [ [ -2, 14 ], [ 1, 88 ], [ 3, 94 ] ] 
15 16 212 [ [ -2, 15 ], [ 1, 102 ], [ 3, 108 ] ] 
15 16 262 [ [ -2, 15 ], [ 1, 106 ], [ 3, 104 ] ] 
14 15 253 [ [ -2, 14 ], [ 1, 84 ], [ 3, 98 ] ] 
14 15 239 [ [ -2, 14 ], [ 1, 94 ], [ 3, 88 ] ] 
14 15 205 [ [ -2, 14 ], [ 1, 92 ], [ 3, 90 ] ] 
14 15 226 [ [ -2, 14 ], [ 1, 90 ], [ 3, 92 ] ] 
14 15 216 [ [ -2, 14 ], [ 1, 94 ], [ 3, 88 ] ] 
14 15 234 [ [ -2, 14 ], [ 1, 98 ], [ 3, 84 ] ] 
14 15 260 [ [ -2, 14 ], [ 1, 84 ], [ 3, 98 ] ] 
15 16 229 [ [ -2, 15 ], [ 1, 100 ], [ 3, 110 ] ] 
14 15 249 [ [ -2, 14 ], [ 1, 102 ], [ 3, 80 ] ] 
15 16 343 [ [ -2, 15 ], [ 1, 122 ], [ 3, 88 ] ] 
15 16 237 [ [ -2, 15 ], [ 1, 104 ], [ 3, 106 ] ] 
14 15 207 [ [ -2, 14 ], [ 1, 86 ], [ 3, 96 ] ] 
15 16 296 [ [ -2, 15 ], [ 1, 98 ], [ 3, 112 ] ] 
14 15 201 [ [ -2, 14 ], [ 1, 86 ], [ 3, 96 ] ] 
14 15 219 [ [ -2, 14 ], [ 1, 86 ], [ 3, 96 ] ] 
15 16 205 [ [ -2, 15 ], [ 1, 102 ], [ 3, 108 ] ] 
14 15 264 [ [ -2, 14 ], [ 1, 78 ], [ 3, 104 ] ] 
14 15 290 [ [ -2, 14 ], [ 1, 84 ], [ 3, 98 ] ] 
14 15 228 [ [ -2, 14 ], [ 1, 84 ], [ 3, 98 ] ] 
14 15 213 [ [ -2, 14 ], [ 1, 88 ], [ 3, 94 ] ] 
14 15 231 [ [ -2, 14 ], [ 1, 84 ], [ 3, 98 ] ] 
14 15 253 [ [ -2, 14 ], [ 1, 76 ], [ 3, 106 ] ] 
15 16 287 [ [ -2, 15 ], [ 1, 120 ], [ 3, 90 ] ] 
15 16 249 [ [ -2, 15 ], [ 1, 100 ], [ 3, 110 ] ] 
14 15 218 [ [ -2, 14 ], [ 1, 84 ], [ 3, 98 ] ] 
14 15 205 [ [ -2, 14 ], [ 1, 82 ], [ 3, 100 ] ] 
15 16 310 [ [ -2, 15 ], [ 1, 108 ], [ 3, 102 ] ] 
14 15 231 [ [ -2, 14 ], [ 1, 96 ], [ 3, 86 ] ] 
14 15 226 [ [ -2, 14 ], [ 1, 92 ], [ 3, 90 ] ] 
14 15 206 [ [ -2, 14 ], [ 1, 92 ], [ 3, 90 ] ] 
14 15 223 [ [ -2, 14 ], [ 1, 80 ], [ 3, 102 ] ] 
15 16 219 [ [ -2, 15 ], [ 1, 94 ], [ 3, 116 ] ] 
14 15 201 [ [ -2, 14 ], [ 1, 86 ], [ 3, 96 ] ] 
14 15 289 [ [ -2, 14 ], [ 1, 92 ], [ 3, 90 ] ] 
14 15 279 [ [ -2, 14 ], [ 1, 94 ], [ 3, 88 ] ] 
14 15 226 [ [ -2, 14 ], [ 1, 102 ], [ 3, 80 ] ] 
15 16 224 [ [ -2, 15 ], [ 1, 98 ], [ 3, 112 ] ] 
15 16 271 [ [ -2, 15 ], [ 1, 96 ], [ 3, 114 ] ] 
15 16 202 [ [ -2, 15 ], [ 1, 106 ], [ 3, 104 ] ] 
14 15 229 [ [ -2, 14 ], [ 1, 90 ], [ 3, 92 ] ] 
15 16 258 [ [ -2, 15 ], [ 1, 96 ], [ 3, 114 ] ] 
16 17 376 [ [ -2, 16 ], [ 1, 114 ], [ 3, 126 ] ] 
14 15 219 [ [ -2, 14 ], [ 1, 98 ], [ 3, 84 ] ] 
14 15 278 [ [ -2, 14 ], [ 1, 106 ], [ 3, 76 ] ] 
15 16 268 [ [ -2, 15 ], [ 1, 96 ], [ 3, 114 ] ] 
15 16 307 [ [ -2, 15 ], [ 1, 106 ], [ 3, 104 ] ] 
16 17 316 [ [ -2, 16 ], [ 1, 134 ], [ 3, 106 ] ] 
14 15 263 [ [ -2, 14 ], [ 1, 90 ], [ 3, 92 ] ] 
14 15 238 [ [ -2, 14 ], [ 1, 80 ], [ 3, 102 ] ] 
14 15 220 [ [ -2, 14 ], [ 1, 90 ], [ 3, 92 ] ] 
14 15 232 [ [ -2, 14 ], [ 1, 74 ], [ 3, 108 ] ] 
15 16 217 [ [ -2, 15 ], [ 1, 100 ], [ 3, 110 ] ] 
14 15 243 [ [ -2, 14 ], [ 1, 80 ], [ 3, 102 ] ] 
14 15 206 [ [ -2, 14 ], [ 1, 92 ], [ 3, 90 ] ] 
15 16 213 [ [ -2, 15 ], [ 1, 90 ], [ 3, 120 ] ] 
15 16 203 [ [ -2, 15 ], [ 1, 98 ], [ 3, 112 ] ] 
14 15 290 [ [ -2, 14 ], [ 1, 90 ], [ 3, 92 ] ] 
14 15 204 [ [ -2, 14 ], [ 1, 86 ], [ 3, 96 ] ] 
15 16 220 [ [ -2, 15 ], [ 1, 106 ], [ 3, 104 ] ] 
15 16 272 [ [ -2, 15 ], [ 1, 102 ], [ 3, 108 ] ] 
14 15 226 [ [ -2, 14 ], [ 1, 92 ], [ 3, 90 ] ] 
15 16 374 [ [ -2, 15 ], [ 1, 102 ], [ 3, 108 ] ] 
15 16 278 [ [ -2, 15 ], [ 1, 114 ], [ 3, 96 ] ] 
15 16 265 [ [ -2, 15 ], [ 1, 98 ], [ 3, 112 ] ] 
15 16 360 [ [ -2, 15 ], [ 1, 104 ], [ 3, 106 ] ] 
14 15 231 [ [ -2, 14 ], [ 1, 88 ], [ 3, 94 ] ] 
14 15 202 [ [ -2, 14 ], [ 1, 92 ], [ 3, 90 ] ] 
14 15 231 [ [ -2, 14 ], [ 1, 86 ], [ 3, 96 ] ] 
14 15 238 [ [ -2, 14 ], [ 1, 86 ], [ 3, 96 ] ] 
14 15 286 [ [ -2, 14 ], [ 1, 92 ], [ 3, 90 ] ] 
14 15 228 [ [ -2, 14 ], [ 1, 92 ], [ 3, 90 ] ] 
15 16 218 [ [ -2, 15 ], [ 1, 90 ], [ 3, 120 ] ] 
14 15 221 [ [ -2, 14 ], [ 1, 78 ], [ 3, 104 ] ] 
15 16 208 [ [ -2, 15 ], [ 1, 96 ], [ 3, 114 ] ] 
15 16 201 [ [ -2, 15 ], [ 1, 94 ], [ 3, 116 ] ] 
14 15 228 [ [ -2, 14 ], [ 1, 80 ], [ 3, 102 ] ] 
14 15 258 [ [ -2, 14 ], [ 1, 90 ], [ 3, 92 ] ] 
14 15 204 [ [ -2, 14 ], [ 1, 88 ], [ 3, 94 ] ] 
15 16 307 [ [ -2, 15 ], [ 1, 106 ], [ 3, 104 ] ] 
14 15 217 [ [ -2, 14 ], [ 1, 82 ], [ 3, 100 ] ] 
14 15 219 [ [ -2, 14 ], [ 1, 82 ], [ 3, 100 ] ] 
14 15 206 [ [ -2, 14 ], [ 1, 72 ], [ 3, 110 ] ] 
14 15 209 [ [ -2, 14 ], [ 1, 84 ], [ 3, 98 ] ] 
14 15 293 [ [ -2, 14 ], [ 1, 80 ], [ 3, 102 ] ] 
14 15 233 [ [ -2, 14 ], [ 1, 72 ], [ 3, 110 ] ] 
14 15 262 [ [ -2, 14 ], [ 1, 70 ], [ 3, 112 ] ] 
14 15 222 [ [ -2, 14 ], [ 1, 90 ], [ 3, 92 ] ] 
15 16 258 [ [ -2, 15 ], [ 1, 94 ], [ 3, 116 ] ] 
14 15 250 [ [ -2, 14 ], [ 1, 78 ], [ 3, 104 ] ] 
14 15 270 [ [ -2, 14 ], [ 1, 78 ], [ 3, 104 ] ] 
14 15 212 [ [ -2, 14 ], [ 1, 76 ], [ 3, 106 ] ] 
15 16 277 [ [ -2, 15 ], [ 1, 88 ], [ 3, 122 ] ] 
14 15 204 [ [ -2, 14 ], [ 1, 88 ], [ 3, 94 ] ] 
14 15 267 [ [ -2, 14 ], [ 1, 86 ], [ 3, 96 ] ] 
14 15 202 [ [ -2, 14 ], [ 1, 86 ], [ 3, 96 ] ] 
14 15 225 [ [ -2, 14 ], [ 1, 92 ], [ 3, 90 ] ] 
14 15 206 [ [ -2, 14 ], [ 1, 88 ], [ 3, 94 ] ] 
15 16 234 [ [ -2, 15 ], [ 1, 92 ], [ 3, 118 ] ] 
14 15 211 [ [ -2, 14 ], [ 1, 70 ], [ 3, 112 ] ] 
14 15 233 [ [ -2, 14 ], [ 1, 84 ], [ 3, 98 ] ] 
14 15 205 [ [ -2, 14 ], [ 1, 86 ], [ 3, 96 ] ] 
14 15 257 [ [ -2, 14 ], [ 1, 84 ], [ 3, 98 ] ] 
14 15 220 [ [ -2, 14 ], [ 1, 76 ], [ 3, 106 ] ] 
14 15 220 [ [ -2, 14 ], [ 1, 78 ], [ 3, 104 ] ] 
15 16 244 [ [ -2, 15 ], [ 1, 94 ], [ 3, 116 ] ] 
15 16 256 [ [ -2, 15 ], [ 1, 98 ], [ 3, 112 ] ] 
14 15 232 [ [ -2, 14 ], [ 1, 76 ], [ 3, 106 ] ] 
14 15 205 [ [ -2, 14 ], [ 1, 76 ], [ 3, 106 ] ] 
14 15 276 [ [ -2, 14 ], [ 1, 70 ], [ 3, 112 ] ] 
14 15 231 [ [ -2, 14 ], [ 1, 82 ], [ 3, 100 ] ] 
14 15 213 [ [ -2, 14 ], [ 1, 70 ], [ 3, 112 ] ] 
14 15 204 [ [ -2, 14 ], [ 1, 78 ], [ 3, 104 ] ] 
14 15 203 [ [ -2, 14 ], [ 1, 92 ], [ 3, 90 ] ] 
14 15 208 [ [ -2, 14 ], [ 1, 90 ], [ 3, 92 ] ] 
14 15 224 [ [ -2, 14 ], [ 1, 100 ], [ 3, 82 ] ] 
