sessionnumb  20260920213026 
gap> Read("SplitConsTools.g");
gap> bigGram:=[ [ 2, 2, 2, 2, 2, 2, 2, 2, 2, 2, 2, 2 ], [ 2, -2, 2, 2, 0, 2, 2, 2, 2, 2, 0, 2 ], 
>   [ 2, 2, -2, 0, 2, 2, 2, 2, 2, 4, 2, 4 ], [ 2, 2, 0, -2, 0, 2, 2, 2, 2, 1, 0, 1 ], 
>   [ 2, 0, 2, 0, -2, 0, 2, 2, 2, 1, 2, 3 ], [ 2, 2, 2, 2, 0, -2, 0, 2, 2, 1, 4, 2 ], 
>   [ 2, 2, 2, 2, 2, 0, -2, 0, 2, 0, 2, 0 ], [ 2, 2, 2, 2, 2, 2, 0, -2, 0, 2, 2, 2 ], 
>   [ 2, 2, 2, 2, 2, 2, 2, 0, -2, 4, 0, 0 ], [ 2, 2, 4, 1, 1, 1, 0, 2, 4, -2, 4, 4 ], 
>   [ 2, 0, 2, 0, 2, 4, 2, 2, 0, 2, -2, 1 ], [ 2, 2, 4, 1, 3, 2, 0, 2, 0, 1, 2, -2 ] ];
[ [ 2, 2, 2, 2, 2, 2, 2, 2, 2, 2, 2, 2 ], [ 2, -2, 2, 2, 0, 2, 2, 2, 2, 2, 0, 2 ], 
  [ 2, 2, -2, 0, 2, 2, 2, 2, 2, 4, 2, 4 ], [ 2, 2, 0, -2, 0, 2, 2, 2, 2, 1, 0, 1 ], 
  [ 2, 0, 2, 0, -2, 0, 2, 2, 2, 1, 2, 3 ], [ 2, 2, 2, 2, 0, -2, 0, 2, 2, 1, 4, 2 ], 
  [ 2, 2, 2, 2, 2, 0, -2, 0, 2, 0, 2, 0 ], [ 2, 2, 2, 2, 2, 2, 0, -2, 0, 2, 2, 2 ], 
  [ 2, 2, 2, 2, 2, 2, 2, 0, -2, 4, 0, 0 ], [ 2, 2, 4, 1, 1, 1, 0, 2, 4, -2, 4, 4 ], 
  [ 2, 0, 2, 0, 2, 4, 2, 2, 0, 2, -2, 1 ], [ 2, 2, 4, 1, 3, 2, 0, 2, 0, 1, 2, -2 ] ]
gap> trec:=ModLatticeKerRec(bigGram);
rec( 
  basis := [ [ -6, 2, 1, 1, -4, 3, -2, 0, 3, 4, 1, -2 ], 
      [ 17, -13, -5, -6, 8, 9, -2, 11, -20, -14, 17, -2 ], 
      [ -19, 20, 6, 11, -7, -21, 8, -19, 30, 16, -33, 8 ], 
      [ -7, 6, 2, 3, -4, -4, 1, -5, 9, 6, -8, 1 ], 
      [ -43, 38, 13, 20, -20, -32, 10, -34, 58, 36, -56, 10 ], 
      [ 18, -15, -5, -8, 9, 11, -3, 13, -23, -15, 21, -3 ], 
      [ -33, 30, 10, 16, -15, -26, 8, -27, 46, 28, -45, 8 ], 
      [ 24, -22, -7, -12, 11, 19, -6, 19, -33, -20, 33, -6 ], 
      [ -19, 21, 6, 12, -8, -21, 8, -19, 30, 16, -34, 8 ], 
      [ -5, 7, 2, 4, -1, -9, 4, -7, 10, 4, -13, 4 ], 
      [ 5, -6, -1, -4, 3, 5, -2, 5, -8, -4, 9, -2 ] ], 
  basisKer := [ [ 2, -1, -1, 0, 0, 2, -1, 2, -3, -2, 2, 0 ] ], 
  phi := [ [ 1, 1, 1, 2, 0, 2, 1, 1, 1, -2, 1 ], [ 1, -1, 1, 2, -1, 2, 1, 1, 1, -1, 0 ], 
      [ 1, 1, -1, 0, 1, 2, 1, 1, 1, 0, 1 ], [ 1, 1, 0, -2, 1, 2, 1, 1, 1, -2, 0 ], 
      [ 1, 0, 1, 0, -1, 0, 1, 1, 1, -1, 1 ], [ 1, 1, 1, 2, -1, -2, 0, 1, 1, 0, 2 ], 
      [ 1, 1, 1, 2, 0, 0, -1, 0, 1, -1, 1 ], [ 1, 1, 1, 2, 0, 2, 0, -1, 0, -1, 1 ], 
      [ 1, 1, 1, 2, 0, 2, 1, 0, -1, 0, 0 ], [ 1, 1, 2, 1, 0, 1, 0, 1, 2, -4, 2 ], 
      [ 1, 0, 1, 0, 1, 4, 1, 1, 0, -2, -1 ], [ 1, 1, 2, 1, 1, 2, 0, 1, 0, -2, 1 ] ], 
  redGram := [ [ -36, 10, 58, -2, 34, 0, 30, -24, 58, 38, -14 ], 
      [ -14, -62, 144, 29, 222, -78, 176, -130, 146, 62, -38 ], 
      [ 104, 74, -364, -39, -428, 122, -344, 260, -364, -188, 92 ], 
      [ 11, 16, -52, -8, -70, 22, -55, 41, -52, -25, 13 ], 
      [ 116, 140, -510, -70, -660, 204, -526, 394, -512, -250, 130 ], 
      [ -33, -45, 155, 22, 204, -64, 162, -121, 155, 75, -39 ], 
      [ 100, 82, -368, -42, -444, 129, -356, 268, -368, -188, 92 ], 
      [ -76, -54, 266, 28, 312, -88, 250, -190, 266, 138, -66 ], 
      [ 110, 46, -324, -26, -348, 89, -280, 214, -324, -176, 80 ], 
      [ 56, 20, -160, -12, -168, 42, -136, 104, -160, -88, 40 ], 
      [ -30, 2, 62, 0, 48, -6, 38, -30, 60, 38, -14 ] ] )
gap> TMTTmult(trec.phi, trec.Gram);
Error, Record Element: '<rec>.Gram' must have an assigned value
not in any function at *stdin*:70
type 'quit;' to quit to outer loop
brk> TMTTmult(trec.phi,trec.redGram);
[ [ 2, 2, 2, 2, 2, 2, 2, 2, 2, 2, 2, 2 ], [ 2, -2, 2, 2, 0, 2, 2, 2, 2, 2, 0, 2 ], 
  [ 2, 2, -2, 0, 2, 2, 2, 2, 2, 4, 2, 4 ], [ 2, 2, 0, -2, 0, 2, 2, 2, 2, 1, 0, 1 ], 
  [ 2, 0, 2, 0, -2, 0, 2, 2, 2, 1, 2, 3 ], [ 2, 2, 2, 2, 0, -2, 0, 2, 2, 1, 4, 2 ], 
  [ 2, 2, 2, 2, 2, 0, -2, 0, 2, 0, 2, 0 ], [ 2, 2, 2, 2, 2, 2, 0, -2, 0, 2, 2, 2 ], 
  [ 2, 2, 2, 2, 2, 2, 2, 0, -2, 4, 0, 0 ], [ 2, 2, 4, 1, 1, 1, 4, 2, 4, -2, 4, 0 ], 
  [ 2, 0, 2, 0, 2, 4, 6, 2, 0, 2, -2, -3 ], [ 2, 2, 4, 1, 3, 2, 8, 2, 0, 1, 2, -10 ] ]
brk> NullMat;
function( arg... ) ... end
brk> NullMat(4);
Error, usage: NullMat( <m>, <n> [, <R>] ) at /usr/local/Cellar/gap/4.15.1/share/gap/lib/matrix.gi:3564 called from
<function "NullMat">( <arguments> )
 called from read-eval loop at *errin*:3
you can 'quit;' to quit to outer loop, or
you can 'return;' to continue
brk_2> quit;
brk> quit;
gap> debug0();
Syntax error: then expected in fordebug0.g:39
  if TMTTmult(phi, redGram)<>bigGram) then beep(616996); fi;
                                    ^
gap> debug0();
gap> tModLatticeKerRec(tGram);
Error, Variable: 'tGram' must have a value
not in any function at *stdin*:72
gap> 
gap> 
gap> 
gap> 
gap> 
gap> 
gap> 
gap> Read("Task20260920Vb.g");
counter 10000 
counter 20000 
counter 30000 
counter 40000 
counter 50000 
counter 60000 
61502 geom 
168 [ [ 3, 4, 3, 2, 1, 2, 3, 2 ], [ 0, 2, 2, 2, 3, 2, 2, 2 ] ] [ [ -2, 4 ], [ 4, -2 ] ] 
___ 61502 1 
counter 70000 
78492 geom 
154 [ [ 3, 1, 2, 3, 2, 2, 3, 4 ], [ 3, 3, 2, 2, 2, 2, 2, 3 ] ] [ [ -2, 0 ], [ 0, -2 ] ] 
___ 78492 2 
counter 80000 
counter 90000 
counter 100000 
counter 110000 
counter 120000 
counter 130000 
counter 140000 
counter 150000 
150326 geom 
168 [ [ 3, 1, 2, 3, 1, 1, 2, 1 ], [ 4, 2, 2, 3, 3, 3, 1, 1 ] ] [ [ -2, 1 ], [ 1, -2 ] ] 
___ 150326 3 
156921 geom 
168 [ [ 1, 1, 2, 2, 3, 3, 3, 4 ], [ 1, 1, 1, 0, 1, 2, 1, 1 ] ] [ [ -2, 3 ], [ 3, -2 ] ] 
___ 156921 4 
counter 160000 
164049 geom 
154 [ [ 3, 2, 2, 4, 3, 1, 2, 2 ], [ 2, 2, 1, 1, 2, 3, 4, 4 ] ] [ [ -2, 3 ], [ 3, -2 ] ] 
___ 164049 5 
Error, user interrupt in
  id[i, i] := one; at /usr/local/Cellar/gap/4.15.1/share/gap/lib/matrix.gi:3533 called from 
IdentityMat( nrows, f ) at /usr/local/Cellar/gap/4.15.1/share/gap/lib/matrix.gi:2568 called from
DoSemiEchelonMatTransformationDestructive( DefaultFieldOfMatrix( mat ), mat 
 ) at /usr/local/Cellar/gap/4.15.1/share/gap/lib/matrix.gi:2621 called from
SemiEchelonMatTransformationDestructive( copymat 
 ) at /usr/local/Cellar/gap/4.15.1/share/gap/lib/matrix.gi:2534 called from
SemiEchelonMatTransformation( mat 
 ) at /usr/local/Cellar/gap/4.15.1/share/gap/lib/matrix.gi:2201 called from
NullspaceMat( TransposedMat( [ v * sQ ] ) ) at gapReads/LatticeTools.txt:40 called from
...  at Task20260920Vb.g:56
you can 'return;'
brk> quit;
gap> Read("Task20260920Vb.g");
counter 10000 
counter 20000 
counter 30000 
counter 40000 
counter 50000 
56144 geom 
152 [ [ 1, 1, 0, 1, 2, 1, 2, 3 ], [ 0, 3, 1, 0, 2, 2, 2, 2 ] ] [ [ -2, 1 ], [ 1, -2 ] ] 
___ 56144 1 
counter 60000 
counter 70000 
counter 80000 
counter 90000 
99937 geom 
154 [ [ 3, 1, 2, 3, 3, 2, 1, 3 ], [ 3, 3, 3, 2, 1, 1, 0, 1 ] ] [ [ -2, 2 ], [ 2, -2 ] ] 
___ 99937 2 
counter 100000 
counter 110000 
counter 120000 
counter 130000 
counter 140000 
counter 150000 
counter 160000 
counter 170000 
counter 180000 
186219 geom 
154 [ [ 2, 1, 1, 2, 2, 2, 3, 2 ], [ 2, 1, 2, 3, 3, 2, 1, 2 ] ] [ [ -2, 1 ], [ 1, -2 ] ] 
___ 186219 3 
186586 geom 
124 [ [ 2, 3, 2, 2, 2, 2, 2, 1 ], [ 3, 2, 3, 3, 2, 2, 2, 2 ] ] [ [ -2, 2 ], [ 2, -2 ] ] 
___ 186586 4 
counter 190000 
counter 200000 
counter 210000 
counter 220000 
222366 geom 
152 [ [ 1, 2, 1, 1, 3, 2, 1, 3 ], [ 2, 2, 2, 1, 1, 3, 2, 0 ] ] [ [ -2, 3 ], [ 3, -2 ] ] 
___ 222366 5 
counter 230000 
counter 240000 
counter 250000 
counter 260000 
counter 270000 
counter 280000 
counter 290000 
counter 300000 
counter 310000 
counter 320000 
325995 geom 
152 [ [ 3, 2, 4, 4, 2, 2, 2, 2 ], [ 0, 3, 3, 1, 2, 3, 2, 1 ] ] [ [ -2, 2 ], [ 2, -2 ] ] 
___ 325995 6 
counter 330000 
counter 340000 
347853 geom 
154 [ [ 3, 2, 2, 1, 0, 2, 2, 2 ], [ 2, 3, 2, 2, 2, 1, 2, 3 ] ] [ [ -2, 4 ], [ 4, -2 ] ] 
___ 347853 7 
counter 350000 
counter 360000 
367168 geom 
168 [ [ 4, 3, 2, 3, 2, 1, 2, 3 ], [ 2, 3, 1, 1, 2, 3, 3, 2 ] ] [ [ -2, 1 ], [ 1, -2 ] ] 
___ 367168 8 
counter 370000 
370538 geom 
154 [ [ 3, 2, 2, 2, 0, 1, 3, 2 ], [ 3, 2, 2, 2, 2, 2, 2, 3 ] ] [ [ -2, 3 ], [ 3, -2 ] ] 
___ 370538 9 
counter 380000 
counter 390000 
393844 geom 
168 [ [ 2, 3, 1, 2, 4, 3, 2, 2 ], [ 3, 4, 3, 2, 1, 1, 1, 2 ] ] [ [ -2, 3 ], [ 3, -2 ] ] 
___ 393844 10 
counter 400000 
counter 410000 
counter 420000 
counter 430000 
counter 440000 
counter 450000 
counter 460000 
counter 470000 
counter 480000 
484780 geom 
140 [ [ 3, 1, 2, 4, 4, 3, 2, 2 ], [ 2, 3, 2, 2, 3, 2, 1, 2 ] ] [ [ -2, 3 ], [ 3, -2 ] ] 
___ 484780 11 
488837 geom 
138 [ [ 1, 2, 3, 1, 1, 2, 1, 2 ], [ 1, 3, 3, 2, 2, 1, 1, 2 ] ] [ [ -2, 1 ], [ 1, -2 ] ] 
___ 488837 12 
counter 490000 
counter 500000 
counter 510000 
counter 520000 
counter 530000 
counter 540000 
counter 550000 
counter 560000 
counter 570000 
counter 580000 
counter 590000 
counter 600000 
counter 610000 
610755 geom 
136 [ [ 3, 2, 1, 2, 2, 1, 1, 3 ], [ 2, 0, 2, 2, 0, 0, 2, 4 ] ] [ [ -2, 1 ], [ 1, -2 ] ] 
___ 610755 13 
counter 620000 
counter 630000 
630559 geom 
154 [ [ 1, 2, 1, 2, 3, 1, 2, 3 ], [ 2, 2, 1, 2, 2, 1, 3, 4 ] ] [ [ -2, 1 ], [ 1, -2 ] ] 
___ 630559 14 
635195 geom 
168 [ [ 2, 3, 3, 3, 3, 3, 3, 1 ], [ 2, 1, 1, 1, 2, 4, 4, 3 ] ] [ [ -2, 1 ], [ 1, -2 ] ] 
___ 635195 15 
counter 640000 
counter 650000 
counter 660000 
663657 geom 
168 [ [ 2, 2, 1, 2, 3, 3, 4, 3 ], [ 4, 2, 2, 3, 2, 3, 3, 2 ] ] [ [ -2, 3 ], [ 3, -2 ] ] 
___ 663657 16 
counter 670000 
672360 geom 
152 [ [ 3, 1, 1, 2, 1, 1, 1, 1 ], [ 2, 3, 4, 3, 2, 2, 1, 0 ] ] [ [ -2, 2 ], [ 2, -2 ] ] 
___ 672360 17 
676664 geom 
152 [ [ 3, 2, 3, 4, 3, 2, 3, 3 ], [ 2, 4, 3, 3, 3, 2, 3, 3 ] ] [ [ -2, 1 ], [ 1, -2 ] ] 
___ 676664 18 
counter 680000 
681829 geom 
124 [ [ 2, 3, 3, 3, 3, 2, 2, 2 ], [ 1, 2, 2, 2, 3, 2, 1, 1 ] ] [ [ -2, 1 ], [ 1, -2 ] ] 
___ 681829 19 
counter 690000 
counter 700000 
counter 710000 
717240 geom 
154 [ [ 2, 1, 0, 2, 4, 3, 2, 2 ], [ 0, 1, 2, 2, 3, 2, 2, 3 ] ] [ [ -2, 1 ], [ 1, -2 ] ] 
___ 717240 20 
counter 720000 
724249 geom 
136 [ [ 4, 2, 2, 4, 4, 2, 0, 0 ], [ 2, 1, 2, 2, 2, 1, 0, 2 ] ] [ [ -2, 1 ], [ 1, -2 ] ] 
___ 724249 21 
counter 730000 
counter 740000 
counter 750000 
counter 760000 
counter 770000 
779315 geom 
152 [ [ 1, 2, 1, 0, 1, 3, 4, 3 ], [ 1, 2, 1, 1, 1, 1, 3, 2 ] ] [ [ -2, 1 ], [ 1, -2 ] ] 
___ 779315 22 
counter 780000 
788103 geom 
154 [ [ 2, 3, 2, 2, 3, 3, 3, 2 ], [ 3, 2, 2, 1, 0, 1, 1, 2 ] ] [ [ -2, 3 ], [ 3, -2 ] ] 
___ 788103 23 
counter 790000 
counter 800000 
counter 810000 
counter 820000 
827682 geom 
154 [ [ 0, 2, 1, 0, 2, 3, 3, 3 ], [ 2, 2, 2, 1, 2, 4, 2, 1 ] ] [ [ -2, 1 ], [ 1, -2 ] ] 
___ 827682 24 
827963 geom 
154 [ [ 1, 2, 3, 2, 2, 2, 1, 0 ], [ 4, 3, 2, 3, 2, 2, 2, 1 ] ] [ [ -2, 2 ], [ 2, -2 ] ] 
___ 827963 25 
counter 830000 
counter 840000 
counter 850000 
counter 860000 
counter 870000 
counter 880000 
counter 890000 
counter 900000 
counter 910000 
counter 920000 
counter 930000 
counter 940000 
counter 950000 
950745 geom 
154 [ [ 3, 1, 1, 2, 2, 3, 3, 1 ], [ 1, 1, 2, 2, 2, 1, 1, 3 ] ] [ [ -2, 4 ], [ 4, -2 ] ] 
___ 950745 26 
counter 960000 
counter 970000 
counter 980000 
counter 990000 
counter 1000000 
1005023 geom 
168 [ [ 1, 2, 1, 1, 3, 2, 1, 2 ], [ 4, 1, 0, 2, 2, 2, 2, 2 ] ] [ [ -2, 3 ], [ 3, -2 ] ] 
___ 1005023 27 
counter 1010000 
counter 1020000 
counter 1030000 
counter 1040000 
1041482 geom 
138 [ [ 3, 2, 1, 2, 3, 3, 2, 3 ], [ 1, 3, 3, 2, 3, 3, 2, 2 ] ] [ [ -2, 2 ], [ 2, -2 ] ] 
___ 1041482 28 
counter 1050000 
counter 1060000 
counter 1070000 
counter 1080000 
counter 1090000 
counter 1100000 
counter 1110000 
counter 1120000 
counter 1130000 
counter 1140000 
counter 1150000 
counter 1160000 
1164685 geom 
154 [ [ 3, 3, 3, 2, 1, 3, 3, 2 ], [ 0, 3, 3, 2, 3, 2, 2, 3 ] ] [ [ -2, 2 ], [ 2, -2 ] ] 
___ 1164685 29 
1168425 geom 
138 [ [ 1, 2, 2, 2, 2, 1, 2, 3 ], [ 2, 3, 4, 2, 1, 3, 3, 2 ] ] [ [ -2, 2 ], [ 2, -2 ] ] 
___ 1168425 30 
counter 1170000 
counter 1180000 
counter 1190000 
1193856 geom 
152 [ [ 3, 3, 3, 2, 0, 1, 2, 1 ], [ 1, 2, 3, 3, 3, 2, 1, 0 ] ] [ [ -2, 2 ], [ 2, -2 ] ] 
___ 1193856 31 
counter 1200000 
counter 1210000 
counter 1220000 
counter 1230000 
1234505 geom 
154 [ [ 1, 3, 2, 1, 3, 3, 2, 3 ], [ 2, 3, 4, 3, 2, 3, 3, 1 ] ] [ [ -2, 2 ], [ 2, -2 ] ] 
___ 1234505 32 
counter 1240000 
counter 1250000 
counter 1260000 
1267839 geom 
168 [ [ 3, 1, 3, 4, 2, 2, 3, 2 ], [ 1, 4, 3, 2, 3, 2, 1, 1 ] ] [ [ -2, 2 ], [ 2, -2 ] ] 
___ 1267839 33 
counter 1270000 
counter 1280000 
counter 1290000 
counter 1300000 
counter 1310000 
counter 1320000 
counter 1330000 
counter 1340000 
counter 1350000 
counter 1360000 
counter 1370000 
counter 1380000 
counter 1390000 
1390937 geom 
168 [ [ 1, 2, 2, 1, 0, 0, 2, 3 ], [ 3, 3, 2, 2, 2, 3, 3, 1 ] ] [ [ -2, 2 ], [ 2, -2 ] ] 
___ 1390937 34 
counter 1400000 
counter 1410000 
counter 1420000 
counter 1430000 
counter 1440000 
counter 1450000 
counter 1460000 
counter 1470000 
counter 1480000 
counter 1490000 
counter 1500000 
counter 1510000 
counter 1520000 
1529510 geom 
154 [ [ 2, 3, 3, 2, 1, 0, 0, 2 ], [ 2, 1, 1, 2, 2, 1, 2, 2 ] ] [ [ -2, 3 ], [ 3, -2 ] ] 
___ 1529510 35 
counter 1530000 
1538863 geom 
168 [ [ 4, 2, 2, 2, 1, 3, 3, 2 ], [ 0, 1, 2, 1, 1, 1, 2, 3 ] ] [ [ -2, 2 ], [ 2, -2 ] ] 
___ 1538863 36 
counter 1540000 
counter 1550000 
counter 1560000 
counter 1570000 
counter 1580000 
counter 1590000 
counter 1600000 
counter 1610000 
counter 1620000 
1628729 geom 
168 [ [ 4, 2, 1, 3, 3, 3, 3, 2 ], [ 2, 0, 1, 2, 1, 1, 2, 2 ] ] [ [ -2, 1 ], [ 1, -2 ] ] 
___ 1628729 37 
counter 1630000 
counter 1640000 
counter 1650000 
counter 1660000 
1665190 geom 
154 [ [ 2, 2, 1, 2, 2, 0, 1, 3 ], [ 3, 2, 2, 3, 2, 1, 1, 1 ] ] [ [ -2, 0 ], [ 0, -2 ] ] 
___ 1665190 38 
counter 1670000 
counter 1680000 
counter 1690000 
counter 1700000 
counter 1710000 
1719024 geom 
154 [ [ 2, 1, 1, 1, 2, 3, 3, 4 ], [ 3, 3, 3, 2, 1, 3, 4, 3 ] ] [ [ -2, 1 ], [ 1, -2 ] ] 
___ 1719024 39 
counter 1720000 
1720129 geom 
168 [ [ 2, 2, 3, 4, 3, 1, 2, 2 ], [ 1, 3, 4, 2, 2, 2, 1, 2 ] ] [ [ -2, 3 ], [ 3, -2 ] ] 
___ 1720129 40 
counter 1730000 
1735597 geom 
140 [ [ 3, 2, 2, 3, 3, 2, 1, 1 ], [ 2, 1, 2, 3, 3, 2, 2, 3 ] ] [ [ -2, 4 ], [ 4, -2 ] ] 
___ 1735597 41 
counter 1740000 
counter 1750000 
1758352 geom 
154 [ [ 2, 2, 3, 4, 3, 1, 2, 2 ], [ 2, 1, 2, 3, 3, 3, 4, 4 ] ] [ [ -2, 1 ], [ 1, -2 ] ] 
___ 1758352 42 
counter 1760000 
counter 1770000 
counter 1780000 
counter 1790000 
counter 1800000 
1805384 geom 
168 [ [ 3, 2, 2, 3, 3, 3, 2, 0 ], [ 2, 2, 2, 3, 3, 1, 0, 1 ] ] [ [ -2, 3 ], [ 3, -2 ] ] 
___ 1805384 43 
counter 1810000 
counter 1820000 
counter 1830000 
1831734 geom 
140 [ [ 2, 3, 4, 3, 2, 2, 2, 1 ], [ 2, 3, 2, 1, 2, 3, 2, 2 ] ] [ [ -2, 1 ], [ 1, -2 ] ] 
___ 1831734 44 
counter 1840000 
counter 1850000 
counter 1860000 
counter 1870000 
1878183 geom 
154 [ [ 1, 3, 3, 1, 1, 1, 1, 3 ], [ 3, 2, 2, 2, 0, 0, 2, 3 ] ] [ [ -2, 1 ], [ 1, -2 ] ] 
___ 1878183 45 
counter 1880000 
counter 1890000 
counter 1900000 
counter 1910000 
counter 1920000 
counter 1930000 
counter 1940000 
counter 1950000 
1959139 geom 
154 [ [ 1, 3, 1, 1, 3, 3, 3, 2 ], [ 1, 3, 3, 2, 3, 3, 1, 0 ] ] [ [ -2, 2 ], [ 2, -2 ] ] 
___ 1959139 46 
counter 1960000 
counter 1970000 
counter 1980000 
counter 1990000 
1995832 geom 
154 [ [ 2, 3, 3, 3, 3, 2, 1, 1 ], [ 2, 2, 1, 3, 4, 2, 2, 2 ] ] [ [ -2, 3 ], [ 3, -2 ] ] 
___ 1995832 47 
counter 2000000 
counter 2010000 
counter 2020000 
counter 2030000 
counter 2040000 
counter 2050000 
2057900 geom 
152 [ [ 4, 3, 3, 3, 2, 2, 2, 3 ], [ 1, 2, 3, 1, 1, 3, 3, 3 ] ] [ [ -2, 2 ], [ 2, -2 ] ] 
___ 2057900 48 
counter 2060000 
counter 2070000 
counter 2080000 
counter 2090000 
2099544 geom 
152 [ [ 2, 0, 2, 2, 1, 2, 2, 1 ], [ 1, 2, 1, 1, 2, 1, 1, 3 ] ] [ [ -2, 3 ], [ 3, -2 ] ] 
___ 2099544 49 
counter 2100000 
counter 2110000 
counter 2120000 
counter 2130000 
2131579 geom 
136 [ [ 2, 2, 2, 2, 4, 4, 0, 0 ], [ 3, 0, 1, 2, 2, 2, 1, 2 ] ] [ [ -2, 1 ], [ 1, -2 ] ] 
___ 2131579 50 
counter 2140000 
counter 2150000 
counter 2160000 
counter 2170000 
2177759 geom 
168 [ [ 2, 2, 1, 2, 3, 3, 2, 0 ], [ 1, 2, 3, 3, 3, 2, 1, 0 ] ] [ [ -2, 2 ], [ 2, -2 ] ] 
___ 2177759 51 
counter 2180000 
2188022 geom 
154 [ [ 3, 2, 3, 3, 3, 4, 3, 3 ], [ 1, 3, 3, 1, 2, 3, 1, 1 ] ] [ [ -2, 2 ], [ 2, -2 ] ] 
___ 2188022 52 
counter 2190000 
counter 2200000 
2206765 geom 
154 [ [ 1, 1, 2, 2, 2, 1, 2, 4 ], [ 1, 2, 2, 2, 2, 2, 3, 3 ] ] [ [ -2, 2 ], [ 2, -2 ] ] 
___ 2206765 53 
counter 2210000 
2212327 geom 
168 [ [ 1, 3, 2, 0, 1, 3, 3, 3 ], [ 0, 2, 2, 1, 2, 1, 1, 2 ] ] [ [ -2, 1 ], [ 1, -2 ] ] 
___ 2212327 54 
counter 2220000 
counter 2230000 
counter 2240000 
counter 2250000 
counter 2260000 
2266281 geom 
136 [ [ 3, 3, 3, 3, 3, 3, 1, 0 ], [ 2, 2, 2, 2, 0, 0, 4, 4 ] ] [ [ -2, 4 ], [ 4, -2 ] ] 
___ 2266281 55 
2268857 geom 
154 [ [ 2, 2, 4, 3, 2, 3, 2, 1 ], [ 1, 0, 1, 1, 2, 3, 2, 1 ] ] [ [ -2, 1 ], [ 1, -2 ] ] 
___ 2268857 56 
counter 2270000 
counter 2280000 
counter 2290000 
counter 2300000 
counter 2310000 
counter 2320000 
counter 2330000 
counter 2340000 
counter 2350000 
counter 2360000 
counter 2370000 
2374531 geom 
168 [ [ 2, 3, 2, 3, 3, 2, 3, 2 ], [ 2, 3, 2, 2, 2, 2, 2, 2 ] ] [ [ -2, 0 ], [ 0, -2 ] ] 
___ 2374531 57 
counter 2380000 
counter 2390000 
counter 2400000 
counter 2410000 
counter 2420000 
counter 2430000 
2439646 geom 
140 [ [ 3, 3, 2, 2, 2, 2, 2, 3 ], [ 1, 1, 0, 1, 3, 2, 1, 2 ] ] [ [ -2, 1 ], [ 1, -2 ] ] 
___ 2439646 58 
counter 2440000 
counter 2450000 
counter 2460000 
counter 2470000 
2478371 geom 
154 [ [ 3, 1, 1, 3, 3, 3, 4, 3 ], [ 3, 0, 0, 2, 2, 2, 3, 3 ] ] [ [ -2, 0 ], [ 0, -2 ] ] 
___ 2478371 59 
counter 2480000 
counter 2490000 
2491690 geom 
138 [ [ 3, 3, 2, 1, 1, 3, 3, 2 ], [ 3, 2, 1, 2, 2, 2, 2, 1 ] ] [ [ -2, 2 ], [ 2, -2 ] ] 
___ 2491690 60 
counter 2500000 
2504706 geom 
138 [ [ 2, 2, 2, 3, 2, 0, 2, 3 ], [ 3, 2, 2, 2, 1, 1, 2, 3 ] ] [ [ -2, 1 ], [ 1, -2 ] ] 
___ 2504706 61 
counter 2510000 
counter 2520000 
counter 2530000 
counter 2540000 
counter 2550000 
counter 2560000 
counter 2570000 
counter 2580000 
2582745 geom 
154 [ [ 2, 2, 3, 2, 1, 3, 3, 1 ], [ 2, 1, 2, 1, 0, 1, 1, 1 ] ] [ [ -2, 1 ], [ 1, -2 ] ] 
___ 2582745 62 
counter 2590000 
counter 2600000 
counter 2610000 
2619972 geom 
154 [ [ 2, 1, 3, 3, 3, 3, 2, 3 ], [ 3, 3, 3, 3, 2, 1, 2, 4 ] ] [ [ -2, 2 ], [ 2, -2 ] ] 
___ 2619972 63 
counter 2620000 
counter 2630000 
counter 2640000 
2643786 geom 
152 [ [ 0, 2, 3, 2, 3, 3, 2, 2 ], [ 2, 3, 3, 3, 3, 2, 3, 4 ] ] [ [ -2, 2 ], [ 2, -2 ] ] 
___ 2643786 64 
counter 2650000 
2657736 geom 
168 [ [ 2, 1, 2, 3, 3, 2, 1, 0 ], [ 3, 2, 0, 1, 2, 2, 2, 3 ] ] [ [ -2, 4 ], [ 4, -2 ] ] 
___ 2657736 65 
counter 2660000 
counter 2670000 
2670748 geom 
138 [ [ 3, 3, 2, 3, 3, 2, 1, 1 ], [ 3, 3, 2, 2, 2, 3, 3, 2 ] ] [ [ -2, 1 ], [ 1, -2 ] ] 
___ 2670748 66 
2672151 geom 
168 [ [ 2, 2, 2, 3, 4, 2, 1, 3 ], [ 1, 3, 2, 1, 3, 3, 1, 2 ] ] [ [ -2, 2 ], [ 2, -2 ] ] 
___ 2672151 67 
counter 2680000 
counter 2690000 
counter 2700000 
counter 2710000 
counter 2720000 
counter 2730000 
2739065 geom 
168 [ [ 3, 2, 3, 3, 1, 2, 3, 2 ], [ 1, 2, 3, 2, 3, 3, 1, 1 ] ] [ [ -2, 4 ], [ 4, -2 ] ] 
___ 2739065 68 
counter 2740000 
counter 2750000 
counter 2760000 
2767239 geom 
140 [ [ 2, 1, 3, 2, 1, 2, 2, 3 ], [ 2, 2, 3, 2, 1, 2, 2, 2 ] ] [ [ -2, 0 ], [ 0, -2 ] ] 
___ 2767239 69 
counter 2770000 
counter 2780000 
counter 2790000 
2790234 geom 
154 [ [ 3, 2, 2, 4, 4, 3, 3, 2 ], [ 2, 1, 0, 1, 3, 4, 3, 2 ] ] [ [ -2, 2 ], [ 2, -2 ] ] 
___ 2790234 70 
counter 2800000 
counter 2810000 
2814256 geom 
168 [ [ 1, 0, 0, 1, 2, 1, 1, 2 ], [ 2, 1, 3, 3, 3, 3, 2, 2 ] ] [ [ -2, 1 ], [ 1, -2 ] ] 
___ 2814256 71 
counter 2820000 
counter 2830000 
counter 2840000 
counter 2850000 
counter 2860000 
counter 2870000 
counter 2880000 
counter 2890000 
counter 2900000 
counter 2910000 
counter 2920000 
2929528 geom 
136 [ [ 0, 4, 4, 2, 4, 4, 2, 2 ], [ 2, 3, 2, 2, 3, 2, 2, 4 ] ] [ [ -2, 1 ], [ 1, -2 ] ] 
___ 2929528 72 
counter 2930000 
counter 2940000 
2948163 geom 
140 [ [ 3, 2, 2, 2, 1, 2, 3, 3 ], [ 1, 2, 1, 0, 2, 4, 3, 2 ] ] [ [ -2, 3 ], [ 3, -2 ] ] 
___ 2948163 73 
counter 2950000 
2955073 geom 
154 [ [ 2, 1, 1, 1, 1, 1, 1, 2 ], [ 1, 2, 1, 2, 3, 2, 3, 3 ] ] [ [ -2, 4 ], [ 4, -2 ] ] 
___ 2955073 74 
counter 2960000 
counter 2970000 
counter 2980000 
2980785 geom 
138 [ [ 2, 2, 2, 2, 2, 2, 1, 1 ], [ 2, 2, 2, 2, 1, 0, 2, 4 ] ] [ [ -2, 3 ], [ 3, -2 ] ] 
___ 2980785 75 
counter 2990000 
counter 3000000 
3009141 geom 
154 [ [ 1, 2, 2, 2, 2, 0, 0, 1 ], [ 1, 2, 3, 2, 2, 1, 0, 1 ] ] [ [ -2, 0 ], [ 0, -2 ] ] 
___ 3009141 76 
counter 3010000 
3015977 geom 
136 [ [ 2, 3, 2, 1, 2, 3, 2, 3 ], [ 0, 2, 2, 2, 4, 2, 0, 0 ] ] [ [ -2, 3 ], [ 3, -2 ] ] 
___ 3015977 77 
counter 3020000 
counter 3030000 
counter 3040000 
counter 3050000 
counter 3060000 
3068218 geom 
168 [ [ 1, 4, 2, 1, 3, 3, 2, 2 ], [ 3, 3, 4, 4, 3, 3, 3, 2 ] ] [ [ -2, 1 ], [ 1, -2 ] ] 
___ 3068218 78 
counter 3070000 
counter 3080000 
counter 3090000 
counter 3100000 
3100170 geom 
138 [ [ 2, 3, 2, 2, 2, 2, 2, 1 ], [ 1, 3, 1, 1, 2, 1, 2, 2 ] ] [ [ -2, 2 ], [ 2, -2 ] ] 
___ 3100170 79 
counter 3110000 
counter 3120000 
3121983 geom 
140 [ [ 2, 3, 2, 2, 2, 2, 2, 1 ], [ 2, 0, 1, 3, 3, 2, 2, 2 ] ] [ [ -2, 3 ], [ 3, -2 ] ] 
___ 3121983 80 
counter 3130000 
counter 3140000 
3148843 geom 
168 [ [ 1, 3, 3, 1, 0, 1, 2, 1 ], [ 2, 2, 3, 3, 3, 3, 3, 4 ] ] [ [ -2, 2 ], [ 2, -2 ] ] 
___ 3148843 81 
counter 3150000 
counter 3160000 
3163863 geom 
140 [ [ 1, 2, 3, 2, 2, 3, 3, 2 ], [ 3, 1, 0, 2, 3, 2, 1, 1 ] ] [ [ -2, 2 ], [ 2, -2 ] ] 
___ 3163863 82 
counter 3170000 
counter 3180000 
counter 3190000 
counter 3200000 
counter 3210000 
counter 3220000 
counter 3230000 
counter 3240000 
counter 3250000 
counter 3260000 
counter 3270000 
3274440 geom 
140 [ [ 1, 1, 2, 2, 3, 3, 2, 2 ], [ 3, 2, 3, 3, 2, 3, 3, 3 ] ] [ [ -2, 1 ], [ 1, -2 ] ] 
___ 3274440 83 
counter 3280000 
3288582 geom 
168 [ [ 3, 2, 3, 2, 0, 2, 3, 2 ], [ 4, 1, 2, 3, 1, 1, 2, 2 ] ] [ [ -2, 2 ], [ 2, -2 ] ] 
___ 3288582 84 
counter 3290000 
counter 3300000 
counter 3310000 
3311025 geom 
152 [ [ 2, 2, 1, 2, 2, 1, 2, 1 ], [ 3, 4, 3, 2, 2, 3, 2, 1 ] ] [ [ -2, 2 ], [ 2, -2 ] ] 
___ 3311025 85 
3312058 geom 
154 [ [ 3, 1, 2, 4, 4, 3, 2, 2 ], [ 1, 2, 3, 2, 1, 0, 1, 3 ] ] [ [ -2, 2 ], [ 2, -2 ] ] 
___ 3312058 86 
counter 3320000 
counter 3330000 
counter 3340000 
counter 3350000 
counter 3360000 
counter 3370000 
counter 3380000 
3386492 geom 
154 [ [ 1, 4, 3, 1, 1, 1, 2, 3 ], [ 2, 1, 2, 2, 3, 3, 1, 2 ] ] [ [ -2, 2 ], [ 2, -2 ] ] 
___ 3386492 87 
counter 3390000 
3395368 geom 
154 [ [ 1, 1, 2, 1, 1, 2, 1, 1 ], [ 2, 3, 1, 2, 3, 2, 2, 2 ] ] [ [ -2, 3 ], [ 3, -2 ] ] 
___ 3395368 88 
counter 3400000 
counter 3410000 
counter 3420000 
counter 3430000 
3433009 geom 
152 [ [ 2, 4, 4, 2, 1, 1, 1, 2 ], [ 3, 3, 2, 2, 1, 0, 1, 2 ] ] [ [ -2, 1 ], [ 1, -2 ] ] 
___ 3433009 89 
counter 3440000 
counter 3450000 
counter 3460000 
counter 3470000 
counter 3480000 
counter 3490000 
counter 3500000 
counter 3510000 
counter 3520000 
counter 3530000 
counter 3540000 
counter 3550000 
3551593 geom 
136 [ [ 2, 2, 0, 0, 0, 2, 4, 2 ], [ 3, 4, 3, 2, 2, 3, 3, 3 ] ] [ [ -2, 2 ], [ 2, -2 ] ] 
___ 3551593 90 
counter 3560000 
counter 3570000 
3575263 geom 
168 [ [ 2, 0, 1, 2, 2, 2, 2, 3 ], [ 2, 1, 3, 4, 3, 2, 2, 1 ] ] [ [ -2, 1 ], [ 1, -2 ] ] 
___ 3575263 91 
counter 3580000 
counter 3590000 
counter 3600000 
counter 3610000 
3611388 geom 
138 [ [ 2, 2, 2, 2, 1, 1, 1, 0 ], [ 2, 3, 2, 1, 1, 2, 2, 1 ] ] [ [ -2, 1 ], [ 1, -2 ] ] 
___ 3611388 92 
counter 3620000 
counter 3630000 
counter 3640000 
counter 3650000 
3653738 geom 
168 [ [ 2, 1, 2, 2, 2, 3, 2, 2 ], [ 2, 1, 1, 2, 3, 4, 3, 1 ] ] [ [ -2, 0 ], [ 0, -2 ] ] 
___ 3653738 93 
counter 3660000 
3665556 geom 
152 [ [ 3, 3, 3, 2, 1, 3, 3, 1 ], [ 2, 3, 2, 2, 3, 4, 4, 2 ] ] [ [ -2, 1 ], [ 1, -2 ] ] 
___ 3665556 94 
counter 3670000 
3675451 geom 
168 [ [ 1, 1, 2, 2, 2, 1, 1, 1 ], [ 1, 3, 3, 1, 1, 2, 2, 3 ] ] [ [ -2, 4 ], [ 4, -2 ] ] 
___ 3675451 95 
counter 3680000 
3680487 geom 
138 [ [ 3, 1, 1, 3, 4, 3, 2, 3 ], [ 2, 2, 2, 2, 2, 1, 0, 1 ] ] [ [ -2, 2 ], [ 2, -2 ] ] 
___ 3680487 96 
counter 3690000 
counter 3700000 
counter 3710000 
counter 3720000 
counter 3730000 
counter 3740000 
counter 3750000 
counter 3760000 
counter 3770000 
3773814 geom 
138 [ [ 3, 3, 3, 2, 1, 2, 2, 2 ], [ 2, 2, 2, 1, 0, 2, 3, 1 ] ] [ [ -2, 1 ], [ 1, -2 ] ] 
___ 3773814 97 
counter 3780000 
counter 3790000 
counter 3800000 
3804511 geom 
152 [ [ 1, 2, 2, 1, 2, 2, 2, 4 ], [ 2, 1, 3, 3, 2, 2, 3, 4 ] ] [ [ -2, 1 ], [ 1, -2 ] ] 
___ 3804511 98 
counter 3810000 
counter 3820000 
counter 3830000 
3839245 geom 
154 [ [ 2, 0, 0, 1, 2, 2, 1, 2 ], [ 1, 1, 2, 2, 3, 3, 2, 2 ] ] [ [ -2, 3 ], [ 3, -2 ] ] 
___ 3839245 99 
counter 3840000 
counter 3850000 
counter 3860000 
3865569 geom 
168 [ [ 2, 3, 1, 2, 3, 2, 3, 3 ], [ 3, 2, 1, 1, 0, 0, 1, 2 ] ] [ [ -2, 3 ], [ 3, -2 ] ] 
___ 3865569 100 
counter 3870000 
counter 3880000 
counter 3890000 
counter 3900000 
counter 3910000 
counter 3920000 
counter 3930000 
counter 3940000 
3940960 geom 
136 [ [ 4, 2, 2, 4, 4, 2, 0, 0 ], [ 4, 2, 1, 3, 3, 3, 3, 2 ] ] [ [ -2, 1 ], [ 1, -2 ] ] 
___ 3940960 101 
counter 3950000 
counter 3960000 
counter 3970000 
counter 3980000 
counter 3990000 
counter 4000000 
counter 4010000 
counter 4020000 
4023595 geom 
154 [ [ 1, 2, 2, 1, 2, 3, 2, 1 ], [ 0, 1, 2, 2, 3, 3, 3, 2 ] ] [ [ -2, 0 ], [ 0, -2 ] ] 
___ 4023595 102 
4028300 geom 
154 [ [ 2, 1, 2, 3, 3, 1, 0, 1 ], [ 3, 2, 4, 4, 2, 2, 2, 1 ] ] [ [ -2, 1 ], [ 1, -2 ] ] 
___ 4028300 103 
counter 4030000 
4035390 geom 
154 [ [ 1, 2, 3, 2, 2, 3, 4, 3 ], [ 3, 2, 3, 3, 2, 3, 2, 1 ] ] [ [ -2, 2 ], [ 2, -2 ] ] 
___ 4035390 104 
counter 4040000 
4040567 geom 
138 [ [ 3, 3, 2, 1, 1, 3, 3, 2 ], [ 1, 2, 2, 1, 2, 3, 2, 1 ] ] [ [ -2, 2 ], [ 2, -2 ] ] 
___ 4040567 105 
counter 4050000 
counter 4060000 
counter 4070000 
counter 4080000 
counter 4090000 
counter 4100000 
counter 4110000 
counter 4120000 
counter 4130000 
counter 4140000 
counter 4150000 
4157407 geom 
154 [ [ 4, 2, 2, 3, 2, 2, 1, 0 ], [ 2, 1, 1, 1, 1, 3, 4, 3 ] ] [ [ -2, 3 ], [ 3, -2 ] ] 
___ 4157407 106 
counter 4160000 
4166788 geom 
138 [ [ 1, 2, 2, 0, 0, 1, 1, 2 ], [ 2, 2, 3, 2, 2, 3, 2, 2 ] ] [ [ -2, 2 ], [ 2, -2 ] ] 
___ 4166788 107 
counter 4170000 
4178020 geom 
152 [ [ 2, 2, 2, 1, 0, 2, 3, 2 ], [ 2, 3, 2, 2, 3, 4, 4, 2 ] ] [ [ -2, 2 ], [ 2, -2 ] ] 
___ 4178020 108 
counter 4180000 
4182134 geom 
138 [ [ 2, 1, 2, 3, 3, 2, 1, 2 ], [ 2, 1, 1, 2, 2, 2, 2, 1 ] ] [ [ -2, 1 ], [ 1, -2 ] ] 
___ 4182134 109 
4188172 geom 
154 [ [ 2, 2, 3, 2, 2, 3, 3, 3 ], [ 1, 0, 1, 1, 1, 1, 1, 2 ] ] [ [ -2, 3 ], [ 3, -2 ] ] 
___ 4188172 110 
counter 4190000 
counter 4200000 
counter 4210000 
counter 4220000 
counter 4230000 
counter 4240000 
counter 4250000 
4252503 geom 
168 [ [ 3, 2, 3, 2, 0, 2, 3, 2 ], [ 4, 3, 2, 3, 2, 1, 1, 1 ] ] [ [ -2, 1 ], [ 1, -2 ] ] 
___ 4252503 111 
4257321 geom 
168 [ [ 2, 3, 2, 3, 4, 2, 2, 3 ], [ 1, 1, 2, 2, 3, 2, 0, 1 ] ] [ [ -2, 1 ], [ 1, -2 ] ] 
___ 4257321 112 
counter 4260000 
counter 4270000 
counter 4280000 
counter 4290000 
4293967 geom 
168 [ [ 2, 3, 4, 3, 3, 3, 1, 1 ], [ 2, 2, 2, 2, 3, 4, 4, 3 ] ] [ [ -2, 3 ], [ 3, -2 ] ] 
___ 4293967 113 
counter 4300000 
counter 4310000 
counter 4320000 
counter 4330000 
counter 4340000 
counter 4350000 
counter 4360000 
counter 4370000 
counter 4380000 
counter 4390000 
counter 4400000 
counter 4410000 
4412085 geom 
138 [ [ 2, 1, 1, 3, 3, 1, 2, 2 ], [ 2, 2, 3, 3, 3, 3, 3, 3 ] ] [ [ -2, 2 ], [ 2, -2 ] ] 
___ 4412085 114 
counter 4420000 
counter 4430000 
counter 4440000 
counter 4450000 
4459836 geom 
152 [ [ 2, 2, 1, 1, 2, 2, 2, 4 ], [ 2, 2, 1, 2, 3, 2, 3, 4 ] ] [ [ -2, 1 ], [ 1, -2 ] ] 
___ 4459836 115 
counter 4460000 
counter 4470000 
counter 4480000 
counter 4490000 
4498695 geom 
140 [ [ 2, 3, 2, 1, 1, 2, 2, 2 ], [ 2, 1, 2, 3, 4, 3, 1, 1 ] ] [ [ -2, 4 ], [ 4, -2 ] ] 
___ 4498695 116 
counter 4500000 
counter 4510000 
counter 4520000 
counter 4530000 
counter 4540000 
4545652 geom 
154 [ [ 2, 2, 3, 3, 3, 3, 2, 2 ], [ 2, 2, 2, 2, 2, 1, 2, 4 ] ] [ [ -2, 1 ], [ 1, -2 ] ] 
___ 4545652 117 
counter 4550000 
4552191 geom 
168 [ [ 3, 2, 1, 2, 2, 2, 1, 0 ], [ 3, 3, 2, 2, 1, 0, 1, 2 ] ] [ [ -2, 1 ], [ 1, -2 ] ] 
___ 4552191 118 
counter 4560000 
counter 4570000 
4578479 geom 
152 [ [ 2, 3, 1, 1, 1, 1, 2, 2 ], [ 0, 2, 1, 1, 2, 1, 2, 2 ] ] [ [ -2, 1 ], [ 1, -2 ] ] 
___ 4578479 119 
counter 4580000 
counter 4590000 
counter 4600000 
counter 4610000 
counter 4620000 
counter 4630000 
counter 4640000 
4648362 geom 
168 [ [ 3, 2, 1, 3, 3, 2, 2, 1 ], [ 2, 2, 0, 1, 2, 1, 1, 2 ] ] [ [ -2, 0 ], [ 0, -2 ] ] 
___ 4648362 120 
counter 4650000 
4656512 geom 
124 [ [ 1, 2, 2, 2, 3, 2, 1, 1 ], [ 2, 3, 1, 1, 2, 2, 2, 2 ] ] [ [ -2, 2 ], [ 2, -2 ] ] 
___ 4656512 121 
counter 4660000 
4663211 geom 
168 [ [ 2, 1, 1, 2, 1, 1, 3, 2 ], [ 3, 4, 2, 2, 2, 2, 2, 1 ] ] [ [ -2, 1 ], [ 1, -2 ] ] 
___ 4663211 122 
counter 4670000 
counter 4680000 
counter 4690000 
counter 4700000 
counter 4710000 
counter 4720000 
counter 4730000 
counter 4740000 
counter 4750000 
4750513 geom 
140 [ [ 3, 1, 2, 3, 2, 2, 2, 2 ], [ 1, 2, 1, 1, 2, 2, 2, 2 ] ] [ [ -2, 0 ], [ 0, -2 ] ] 
___ 4750513 123 
counter 4760000 
counter 4770000 
counter 4780000 
counter 4790000 
counter 4800000 
4809182 geom 
154 [ [ 2, 3, 2, 3, 4, 2, 1, 2 ], [ 1, 1, 1, 1, 1, 0, 1, 2 ] ] [ [ -2, 2 ], [ 2, -2 ] ] 
___ 4809182 124 
counter 4810000 
counter 4820000 
counter 4830000 
4832285 geom 
152 [ [ 1, 1, 1, 1, 3, 4, 3, 3 ], [ 2, 2, 3, 3, 2, 1, 0, 0 ] ] [ [ -2, 3 ], [ 3, -2 ] ] 
___ 4832285 125 
counter 4840000 
counter 4850000 
counter 4860000 
counter 4870000 
counter 4880000 
counter 4890000 
4894034 geom 
154 [ [ 1, 2, 3, 2, 2, 1, 0, 2 ], [ 1, 1, 0, 1, 3, 2, 1, 2 ] ] [ [ -2, 1 ], [ 1, -2 ] ] 
___ 4894034 126 
counter 4900000 
counter 4910000 
counter 4920000 
counter 4930000 
counter 4940000 
4947013 geom 
154 [ [ 2, 1, 2, 2, 1, 2, 3, 1 ], [ 2, 2, 2, 1, 2, 4, 3, 2 ] ] [ [ -2, 2 ], [ 2, -2 ] ] 
___ 4947013 127 
counter 4950000 
4957504 geom 
154 [ [ 3, 3, 3, 3, 3, 4, 3, 2 ], [ 3, 3, 2, 2, 3, 3, 2, 3 ] ] [ [ -2, 2 ], [ 2, -2 ] ] 
___ 4957504 128 
counter 4960000 
4966091 geom 
140 [ [ 2, 1, 2, 1, 0, 1, 1, 2 ], [ 2, 2, 2, 1, 1, 2, 1, 1 ] ] [ [ -2, 0 ], [ 0, -2 ] ] 
___ 4966091 129 
counter 4970000 
counter 4980000 
counter 4990000 
4994161 geom 
168 [ [ 2, 3, 2, 1, 2, 3, 3, 4 ], [ 1, 3, 2, 2, 3, 2, 3, 4 ] ] [ [ -2, 2 ], [ 2, -2 ] ] 
___ 4994161 130 
counter 5000000 
counter 5010000 
counter 5020000 
counter 5030000 
counter 5040000 
counter 5050000 
counter 5060000 
counter 5070000 
counter 5080000 
counter 5090000 
counter 5100000 
5100896 geom 
152 [ [ 2, 1, 2, 1, 0, 2, 2, 1 ], [ 3, 2, 2, 3, 2, 2, 3, 3 ] ] [ [ -2, 2 ], [ 2, -2 ] ] 
___ 5100896 131 
counter 5110000 
5111407 geom 
154 [ [ 1, 2, 3, 2, 2, 2, 1, 1 ], [ 2, 1, 1, 1, 1, 2, 1, 0 ] ] [ [ -2, 0 ], [ 0, -2 ] ] 
___ 5111407 132 
counter 5120000 
counter 5130000 
counter 5140000 
counter 5150000 
counter 5160000 
5167702 geom 
168 [ [ 2, 1, 1, 2, 4, 4, 2, 2 ], [ 1, 2, 1, 2, 3, 2, 3, 2 ] ] [ [ -2, 1 ], [ 1, -2 ] ] 
___ 5167702 133 
counter 5170000 
counter 5180000 
counter 5190000 
counter 5200000 
counter 5210000 
5219536 geom 
154 [ [ 1, 4, 3, 2, 2, 2, 3, 2 ], [ 1, 4, 3, 2, 2, 1, 1, 1 ] ] [ [ -2, 1 ], [ 1, -2 ] ] 
___ 5219536 134 
counter 5220000 
counter 5230000 
counter 5240000 
counter 5250000 
counter 5260000 
5261103 geom 
152 [ [ 1, 3, 1, 1, 3, 3, 3, 2 ], [ 2, 3, 2, 2, 2, 1, 2, 4 ] ] [ [ -2, 2 ], [ 2, -2 ] ] 
___ 5261103 135 
counter 5270000 
5273987 geom 
120 [ [ 4, 4, 4, 4, 2, 0, 0, 2 ], [ 2, 4, 4, 2, 0, 0, 2, 2 ] ] [ [ -2, 0 ], [ 0, -2 ] ] 
counter 5280000 
counter 5290000 
5291957 geom 
154 [ [ 1, 2, 2, 0, 0, 2, 3, 3 ], [ 3, 2, 3, 4, 3, 2, 3, 3 ] ] [ [ -2, 3 ], [ 3, -2 ] ] 
___ 5291957 136 
counter 5300000 
5300073 geom 
136 [ [ 2, 0, 2, 2, 0, 0, 2, 4 ], [ 1, 2, 3, 3, 3, 1, 1, 3 ] ] [ [ -2, 1 ], [ 1, -2 ] ] 
___ 5300073 137 
5306820 geom 
154 [ [ 2, 2, 3, 2, 0, 0, 1, 2 ], [ 2, 1, 0, 1, 2, 2, 3, 4 ] ] [ [ -2, 3 ], [ 3, -2 ] ] 
___ 5306820 138 
5306828 geom 
154 [ [ 1, 3, 3, 1, 1, 2, 2, 2 ], [ 2, 4, 2, 1, 1, 1, 1, 1 ] ] [ [ -2, 3 ], [ 3, -2 ] ] 
___ 5306828 139 
counter 5310000 
counter 5320000 
counter 5330000 
counter 5340000 
5346009 geom 
154 [ [ 1, 2, 3, 3, 2, 1, 3, 3 ], [ 2, 1, 0, 1, 2, 1, 1, 3 ] ] [ [ -2, 3 ], [ 3, -2 ] ] 
___ 5346009 140 
counter 5350000 
5355640 geom 
154 [ [ 4, 1, 1, 3, 3, 2, 1, 2 ], [ 2, 1, 1, 3, 4, 3, 2, 1 ] ] [ [ -2, 1 ], [ 1, -2 ] ] 
___ 5355640 141 
counter 5360000 
counter 5370000 
counter 5380000 
counter 5390000 
counter 5400000 
counter 5410000 
5419886 geom 
152 [ [ 1, 1, 1, 2, 3, 2, 1, 1 ], [ 1, 1, 2, 2, 2, 3, 3, 1 ] ] [ [ -2, 1 ], [ 1, -2 ] ] 
___ 5419886 142 
counter 5420000 
5428135 geom 
168 [ [ 3, 1, 1, 2, 3, 4, 3, 3 ], [ 3, 1, 1, 2, 2, 3, 4, 3 ] ] [ [ -2, 2 ], [ 2, -2 ] ] 
___ 5428135 143 
counter 5430000 
counter 5440000 
counter 5450000 
counter 5460000 
5460162 geom 
154 [ [ 1, 3, 2, 1, 1, 0, 1, 2 ], [ 3, 2, 3, 4, 2, 1, 2, 2 ] ] [ [ -2, 2 ], [ 2, -2 ] ] 
___ 5460162 144 
5465650 geom 
154 [ [ 0, 2, 2, 1, 1, 0, 1, 2 ], [ 2, 4, 4, 3, 3, 3, 2, 1 ] ] [ [ -2, 2 ], [ 2, -2 ] ] 
___ 5465650 145 
counter 5470000 
5472178 geom 
140 [ [ 3, 2, 3, 3, 2, 3, 4, 4 ], [ 1, 3, 2, 1, 2, 3, 3, 2 ] ] [ [ -2, 3 ], [ 3, -2 ] ] 
___ 5472178 146 
counter 5480000 
counter 5490000 
counter 5500000 
5503535 geom 
154 [ [ 4, 1, 0, 2, 2, 2, 2, 2 ], [ 2, 2, 3, 3, 1, 0, 2, 3 ] ] [ [ -2, 2 ], [ 2, -2 ] ] 
___ 5503535 147 
counter 5510000 
counter 5520000 
counter 5530000 
counter 5540000 
counter 5550000 
5554320 geom 
168 [ [ 3, 3, 3, 3, 2, 1, 1, 1 ], [ 3, 3, 3, 3, 3, 2, 0, 1 ] ] [ [ -2, 2 ], [ 2, -2 ] ] 
___ 5554320 148 
counter 5560000 
counter 5570000 
counter 5580000 
counter 5590000 
counter 5600000 
counter 5610000 
counter 5620000 
counter 5630000 
counter 5640000 
counter 5650000 
5653510 geom 
168 [ [ 1, 2, 2, 1, 0, 0, 1, 1 ], [ 1, 1, 2, 2, 2, 1, 0, 0 ] ] [ [ -2, 2 ], [ 2, -2 ] ] 
___ 5653510 149 
counter 5660000 
counter 5670000 
counter 5680000 
counter 5690000 
counter 5700000 
counter 5710000 
counter 5720000 
counter 5730000 
counter 5740000 
counter 5750000 
counter 5760000 
5760342 geom 
152 [ [ 2, 3, 1, 1, 1, 1, 2, 1 ], [ 3, 3, 1, 1, 1, 1, 2, 3 ] ] [ [ -2, 1 ], [ 1, -2 ] ] 
___ 5760342 150 
counter 5770000 
counter 5780000 
counter 5790000 
counter 5800000 
counter 5810000 
counter 5820000 
counter 5830000 
5837851 geom 
154 [ [ 1, 1, 1, 1, 2, 1, 0, 1 ], [ 3, 2, 2, 2, 1, 1, 2, 4 ] ] [ [ -2, 3 ], [ 3, -2 ] ] 
___ 5837851 151 
counter 5840000 
counter 5850000 
counter 5860000 
counter 5870000 
counter 5880000 
counter 5890000 
counter 5900000 
5901055 geom 
152 [ [ 1, 2, 2, 2, 2, 1, 1, 0 ], [ 3, 1, 1, 3, 3, 2, 3, 3 ] ] [ [ -2, 2 ], [ 2, -2 ] ] 
___ 5901055 152 
counter 5910000 
counter 5920000 
counter 5930000 
counter 5940000 
counter 5950000 
5952289 geom 
168 [ [ 1, 2, 2, 2, 4, 4, 3, 3 ], [ 2, 2, 2, 1, 0, 0, 1, 2 ] ] [ [ -2, 4 ], [ 4, -2 ] ] 
___ 5952289 153 
counter 5960000 
counter 5970000 
counter 5980000 
counter 5990000 
counter 6000000 
6009038 geom 
168 [ [ 2, 3, 3, 2, 3, 4, 3, 3 ], [ 2, 0, 0, 1, 1, 2, 3, 2 ] ] [ [ -2, 2 ], [ 2, -2 ] ] 
___ 6009038 154 
counter 6010000 
6013287 geom 
168 [ [ 2, 2, 1, 2, 2, 2, 3, 1 ], [ 2, 0, 2, 2, 1, 1, 1, 2 ] ] [ [ -2, 4 ], [ 4, -2 ] ] 
___ 6013287 155 
6015218 geom 
138 [ [ 2, 1, 1, 1, 1, 2, 2, 1 ], [ 1, 3, 4, 3, 3, 2, 1, 1 ] ] [ [ -2, 2 ], [ 2, -2 ] ] 
___ 6015218 156 
counter 6020000 
counter 6030000 
counter 6040000 
counter 6050000 
counter 6060000 
counter 6070000 
counter 6080000 
counter 6090000 
6090156 geom 
154 [ [ 1, 3, 3, 2, 2, 2, 3, 3 ], [ 2, 1, 0, 1, 2, 2, 2, 1 ] ] [ [ -2, 4 ], [ 4, -2 ] ] 
___ 6090156 157 
6093457 geom 
140 [ [ 3, 2, 2, 3, 3, 2, 2, 3 ], [ 2, 1, 0, 0, 1, 2, 2, 3 ] ] [ [ -2, 1 ], [ 1, -2 ] ] 
___ 6093457 158 
6098345 geom 
168 [ [ 2, 3, 3, 1, 0, 2, 2, 1 ], [ 2, 2, 2, 1, 1, 2, 1, 2 ] ] [ [ -2, 2 ], [ 2, -2 ] ] 
___ 6098345 159 
counter 6100000 
counter 6110000 
counter 6120000 
6128173 geom 
138 [ [ 2, 2, 1, 1, 2, 2, 1, 2 ], [ 2, 2, 2, 3, 2, 0, 1, 2 ] ] [ [ -2, 2 ], [ 2, -2 ] ] 
___ 6128173 160 
counter 6130000 
counter 6140000 
counter 6150000 
counter 6160000 
counter 6170000 
counter 6180000 
6182469 geom 
154 [ [ 2, 1, 2, 2, 1, 1, 1, 0 ], [ 0, 3, 3, 1, 1, 1, 2, 2 ] ] [ [ -2, 1 ], [ 1, -2 ] ] 
___ 6182469 161 
counter 6190000 
counter 6200000 
counter 6210000 
counter 6220000 
counter 6230000 
counter 6240000 
counter 6250000 
counter 6260000 
counter 6270000 
counter 6280000 
counter 6290000 
counter 6300000 
6308879 geom 
152 [ [ 3, 3, 2, 2, 1, 0, 0, 1 ], [ 1, 2, 2, 1, 2, 3, 1, 0 ] ] [ [ -2, 2 ], [ 2, -2 ] ] 
___ 6308879 162 
counter 6310000 
counter 6320000 
counter 6330000 
counter 6340000 
counter 6350000 
counter 6360000 
6366036 geom 
152 [ [ 3, 2, 1, 3, 3, 2, 3, 2 ], [ 2, 3, 2, 0, 0, 2, 2, 2 ] ] [ [ -2, 3 ], [ 3, -2 ] ] 
___ 6366036 163 
counter 6370000 
6377025 geom 
152 [ [ 1, 2, 1, 1, 2, 1, 0, 0 ], [ 3, 2, 2, 1, 0, 2, 2, 1 ] ] [ [ -2, 2 ], [ 2, -2 ] ] 
___ 6377025 164 
counter 6380000 
6380956 geom 
168 [ [ 2, 4, 4, 2, 2, 3, 2, 2 ], [ 2, 2, 2, 3, 2, 1, 3, 2 ] ] [ [ -2, 2 ], [ 2, -2 ] ] 
___ 6380956 165 
counter 6390000 
counter 6400000 
counter 6410000 
6412260 geom 
168 [ [ 2, 2, 2, 2, 3, 4, 3, 1 ], [ 3, 1, 1, 2, 1, 1, 1, 1 ] ] [ [ -2, 2 ], [ 2, -2 ] ] 
___ 6412260 166 
counter 6420000 
counter 6430000 
counter 6440000 
counter 6450000 
counter 6460000 
counter 6470000 
counter 6480000 
counter 6490000 
counter 6500000 
6501840 geom 
154 [ [ 1, 3, 2, 2, 3, 3, 4, 3 ], [ 1, 3, 2, 1, 1, 1, 2, 2 ] ] [ [ -2, 0 ], [ 0, -2 ] ] 
___ 6501840 167 
counter 6510000 
counter 6520000 
counter 6530000 
counter 6540000 
counter 6550000 
counter 6560000 
counter 6570000 
counter 6580000 
counter 6590000 
6595373 geom 
154 [ [ 2, 2, 2, 1, 1, 2, 2, 2 ], [ 1, 1, 2, 1, 0, 0, 1, 2 ] ] [ [ -2, 3 ], [ 3, -2 ] ] 
___ 6595373 168 
counter 6600000 
counter 6610000 
counter 6620000 
counter 6630000 
counter 6640000 
counter 6650000 
counter 6660000 
counter 6670000 
counter 6680000 
counter 6690000 
counter 6700000 
counter 6710000 
6713489 geom 
154 [ [ 2, 3, 2, 1, 1, 1, 2, 4 ], [ 1, 2, 1, 2, 3, 1, 2, 3 ] ] [ [ -2, 2 ], [ 2, -2 ] ] 
___ 6713489 169 
counter 6720000 
counter 6730000 
counter 6740000 
counter 6750000 
counter 6760000 
counter 6770000 
6774836 geom 
154 [ [ 2, 1, 2, 3, 4, 3, 2, 3 ], [ 2, 1, 0, 1, 3, 4, 3, 2 ] ] [ [ -2, 2 ], [ 2, -2 ] ] 
___ 6774836 170 
counter 6780000 
counter 6790000 
counter 6800000 
counter 6810000 
counter 6820000 
counter 6830000 
counter 6840000 
counter 6850000 
counter 6860000 
counter 6870000 
counter 6880000 
counter 6890000 
6899472 geom 
168 [ [ 2, 3, 2, 2, 4, 4, 2, 2 ], [ 1, 1, 3, 2, 2, 3, 2, 1 ] ] [ [ -2, 1 ], [ 1, -2 ] ] 
___ 6899472 171 
counter 6900000 
counter 6910000 
counter 6920000 
counter 6930000 
counter 6940000 
counter 6950000 
counter 6960000 
counter 6970000 
counter 6980000 
6983760 geom 
152 [ [ 2, 1, 3, 3, 1, 1, 2, 2 ], [ 2, 4, 3, 1, 1, 2, 2, 2 ] ] [ [ -2, 3 ], [ 3, -2 ] ] 
___ 6983760 172 
counter 6990000 
6997227 geom 
138 [ [ 2, 3, 2, 2, 2, 2, 2, 1 ], [ 2, 3, 4, 3, 3, 4, 3, 2 ] ] [ [ -2, 2 ], [ 2, -2 ] ] 
___ 6997227 173 
counter 7000000 
counter 7010000 
counter 7020000 
7025672 geom 
154 [ [ 3, 2, 3, 3, 1, 1, 1, 1 ], [ 3, 2, 3, 3, 1, 0, 0, 1 ] ] [ [ -2, 0 ], [ 0, -2 ] ] 
___ 7025672 174 
counter 7030000 
counter 7040000 
counter 7050000 
counter 7060000 
counter 7070000 
counter 7080000 
counter 7090000 
counter 7100000 
counter 7110000 
counter 7120000 
7123408 geom 
168 [ [ 3, 0, 2, 3, 2, 3, 3, 2 ], [ 1, 0, 1, 1, 2, 3, 2, 2 ] ] [ [ -2, 2 ], [ 2, -2 ] ] 
___ 7123408 175 
counter 7130000 
counter 7140000 
counter 7150000 
counter 7160000 
counter 7170000 
counter 7180000 
7189825 geom 
138 [ [ 2, 1, 2, 3, 3, 2, 2, 3 ], [ 3, 1, 2, 3, 3, 3, 1, 1 ] ] [ [ -2, 2 ], [ 2, -2 ] ] 
___ 7189825 176 
counter 7190000 
7198903 geom 
154 [ [ 2, 1, 0, 1, 3, 3, 2, 2 ], [ 3, 1, 2, 2, 0, 1, 3, 3 ] ] [ [ -2, 2 ], [ 2, -2 ] ] 
___ 7198903 177 
counter 7200000 
counter 7210000 
counter 7220000 
7224264 geom 
168 [ [ 3, 2, 3, 3, 1, 0, 1, 2 ], [ 3, 0, 0, 2, 2, 2, 2, 1 ] ] [ [ -2, 3 ], [ 3, -2 ] ] 
___ 7224264 178 
counter 7230000 
7231862 geom 
168 [ [ 2, 2, 2, 1, 0, 1, 1, 0 ], [ 0, 3, 3, 2, 3, 2, 1, 1 ] ] [ [ -2, 3 ], [ 3, -2 ] ] 
___ 7231862 179 
counter 7240000 
counter 7250000 
counter 7260000 
counter 7270000 
counter 7280000 
counter 7290000 
counter 7300000 
counter 7310000 
7318190 geom 
138 [ [ 2, 2, 3, 2, 1, 2, 2, 2 ], [ 2, 2, 1, 2, 4, 4, 2, 1 ] ] [ [ -2, 2 ], [ 2, -2 ] ] 
___ 7318190 180 
counter 7320000 
7329932 geom 
138 [ [ 1, 1, 1, 1, 1, 1, 2, 2 ], [ 1, 2, 2, 1, 2, 2, 2, 3 ] ] [ [ -2, 2 ], [ 2, -2 ] ] 
___ 7329932 181 
counter 7330000 
counter 7340000 
counter 7350000 
counter 7360000 
7361882 geom 
152 [ [ 2, 4, 4, 3, 3, 3, 2, 1 ], [ 0, 2, 3, 1, 1, 1, 1, 2 ] ] [ [ -2, 2 ], [ 2, -2 ] ] 
___ 7361882 182 
7367583 geom 
168 [ [ 3, 3, 2, 1, 1, 2, 1, 2 ], [ 4, 1, 1, 3, 2, 2, 2, 1 ] ] [ [ -2, 3 ], [ 3, -2 ] ] 
___ 7367583 183 
7368402 geom 
136 [ [ 2, 2, 1, 2, 3, 3, 2, 1 ], [ 4, 2, 2, 2, 0, 2, 2, 0 ] ] [ [ -2, 1 ], [ 1, -2 ] ] 
___ 7368402 184 
counter 7370000 
counter 7380000 
counter 7390000 
7390954 geom 
168 [ [ 3, 1, 1, 3, 3, 3, 3, 1 ], [ 2, 3, 3, 2, 3, 3, 1, 2 ] ] [ [ -2, 2 ], [ 2, -2 ] ] 
___ 7390954 185 
counter 7400000 
counter 7410000 
7414910 geom 
152 [ [ 2, 1, 2, 3, 2, 1, 3, 3 ], [ 3, 2, 2, 1, 0, 2, 3, 3 ] ] [ [ -2, 2 ], [ 2, -2 ] ] 
___ 7414910 186 
counter 7420000 
counter 7430000 
counter 7440000 
counter 7450000 
counter 7460000 
counter 7470000 
7475391 geom 
168 [ [ 3, 2, 3, 3, 1, 1, 3, 3 ], [ 3, 3, 1, 1, 1, 2, 3, 3 ] ] [ [ -2, 3 ], [ 3, -2 ] ] 
___ 7475391 187 
counter 7480000 
counter 7490000 
7496813 geom 
168 [ [ 2, 2, 2, 1, 1, 3, 2, 0 ], [ 2, 1, 1, 3, 4, 3, 2, 1 ] ] [ [ -2, 3 ], [ 3, -2 ] ] 
___ 7496813 188 
counter 7500000 
7503950 geom 
154 [ [ 3, 1, 2, 3, 3, 4, 4, 3 ], [ 0, 2, 3, 2, 3, 2, 1, 2 ] ] [ [ -2, 2 ], [ 2, -2 ] ] 
___ 7503950 189 
counter 7510000 
counter 7520000 
counter 7530000 
counter 7540000 
7546971 geom 
154 [ [ 2, 1, 3, 3, 3, 4, 3, 2 ], [ 3, 1, 2, 4, 3, 2, 3, 2 ] ] [ [ -2, 2 ], [ 2, -2 ] ] 
___ 7546971 190 
counter 7550000 
counter 7560000 
counter 7570000 
counter 7580000 
