sessionnumb  20260907212227 
gap> Read("Task20260906Hb.g");
Error, Variable: 'tGram' must have an assigned value in
  tbasisrec := BasisRec( tGram, 30 ); at Task20260906Hb.g:22 called from 
<function "unknown">( <arguments> )
 called from read-eval loop at Task20260906Hb.g:49
type 'quit;' to quit to outer loop
brk> quit;
gap> Read("Task20260906Hb.g");
Error, Variable: 'FindIsomBasisRecs' must have an assigned value in
  fflag := FindIsomBasisRecs( tbasisrec, ttbasisrec ); at Task20260906Hb.g:35 called from 
<function "unknown">( <arguments> )
 called from read-eval loop at Task20260906Hb.g:49
type 'quit;' to quit to outer loop
brk> quit;
gap> Read("Task20260906Hb.g");
Error, user interrupt in
  depth1 := NestingDepthM( left )
 ; at /usr/local/Cellar/gap/4.15.1/share/gap/lib/list.gi:3574 called from 
psol * tvdual at NewOGLat.g:233 called from
simpleextend( psol ); at NewOGLat.g:247 called from
simpleextend( psol ); at NewOGLat.g:247 called from
simpleextend( psol ); at NewOGLat.g:247 called from
simpleextend( psol ); at NewOGLat.g:247 called from
...  at Task20260906Hb.g:49
you can 'return;'
brk> quit;
gap> uuu;
1
gap> thesize;
905969664
gap> Read("Task20260906Hb.g");
____ 905969664 1572864 [ 1, 1, 1, 1, 2, 2, 2, 2, 3, 3, 3, 3, 3, 3, 3, 3 ] 
Error, Variable: 'uu' must have an assigned value in
  Printn( "______", uu, ttOGrec.size, ttbasisrec.basisnrms ); at Task20260906Hb.g:40 called from 
<function "unknown">( <arguments> )
 called from read-eval loop at Task20260906Hb.g:51
type 'quit;' to quit to outer loop
brk> quit;
gap> Read("Task20260906Hb.g");
____ 753404372582400 2038431744 [ 1, 1, 1, 1, 1, 1, 1, 1, 1, 1, 1, 1, 2, 2, 2, 2 ] 
______ 1 753404372582400 [ 1, 1, 1, 1, 1, 1, 1, 1, 1, 1, 1, 1, 2, 2, 2, 2 ] 
______ 2 753404372582400 [ 1, 1, 1, 1, 1, 1, 1, 1, 1, 1, 1, 1, 2, 2, 2, 2 ] 
______ 3 753404372582400 [ 1, 1, 1, 1, 1, 1, 1, 1, 1, 1, 1, 1, 2, 2, 2, 2 ] 
______ 4 753404372582400 [ 1, 1, 1, 1, 1, 1, 1, 1, 1, 1, 1, 1, 2, 2, 2, 2 ] 
______ 5 753404372582400 [ 1, 1, 1, 1, 1, 1, 1, 1, 1, 1, 1, 1, 2, 2, 2, 2 ] 
Error, Variable: 'thesize4' must have an assigned value in
  Printn( ttt, thesize4, thesize, tbasisrec.basisnrms ); at Task20260906Hb.g:49 called from 
<function "unknown">( <arguments> )
 called from read-eval loop at Task20260906Hb.g:51
type 'quit;' to quit to outer loop
brk> quit;
gap> Read("Task20260906Hb.g");
____ 5136847994880 2038431744 [ 1, 1, 1, 1, 1, 1, 1, 1, 2, 2, 2, 2, 2, 2, 2, 2 ] 
______ 1 5136847994880 [ 1, 1, 1, 1, 1, 1, 1, 1, 2, 2, 2, 2, 2, 2, 2, 2 ] 
______ 2 5136847994880 [ 1, 1, 1, 1, 1, 1, 1, 1, 2, 2, 2, 2, 2, 2, 2, 2 ] 
______ 3 5136847994880 [ 1, 1, 1, 1, 1, 1, 1, 1, 2, 2, 2, 2, 2, 2, 2, 2 ] 
______ 4 5136847994880 [ 1, 1, 1, 1, 1, 1, 1, 1, 2, 2, 2, 2, 2, 2, 2, 2 ] 
______ 5 5136847994880 [ 1, 1, 1, 1, 1, 1, 1, 1, 2, 2, 2, 2, 2, 2, 2, 2 ] 
1 96 5136847994880 [ 1, 1, 1, 1, 1, 1, 1, 1, 2, 2, 2, 2, 2, 2, 2, 2 ] 
_____________ 
____ 106542032486400 402653184 [ 1, 1, 1, 1, 1, 1, 1, 1, 2, 2, 2, 2, 2, 2, 2, 2 ] 
______ 1 106542032486400 [ 1, 1, 1, 1, 1, 1, 1, 1, 2, 2, 2, 2, 2, 2, 2, 2 ] 
______ 2 106542032486400 [ 1, 1, 1, 1, 1, 1, 1, 1, 2, 2, 2, 2, 2, 2, 2, 2 ] 
______ 3 106542032486400 [ 1, 1, 1, 1, 1, 1, 1, 1, 2, 2, 2, 2, 2, 2, 2, 2 ] 
______ 4 106542032486400 [ 1, 1, 1, 1, 1, 1, 1, 1, 2, 2, 2, 2, 2, 2, 2, 2 ] 
______ 5 106542032486400 [ 1, 1, 1, 1, 1, 1, 1, 1, 2, 2, 2, 2, 2, 2, 2, 2 ] 
2 64 106542032486400 [ 1, 1, 1, 1, 1, 1, 1, 1, 2, 2, 2, 2, 2, 2, 2, 2 ] 
_____________ 
____ 48922361856 2038431744 [ 1, 1, 1, 1, 2, 2, 2, 2, 2, 2, 2, 2, 2, 2, 2, 2 ] 
______ 1 48922361856 [ 1, 1, 1, 1, 2, 2, 2, 2, 2, 2, 2, 2, 2, 2, 2, 2 ] 
______ 2 48922361856 [ 1, 1, 1, 1, 2, 2, 2, 2, 2, 2, 2, 2, 2, 2, 2, 2 ] 
______ 3 48922361856 [ 1, 1, 1, 1, 2, 2, 2, 2, 2, 2, 2, 2, 2, 2, 2, 2 ] 
______ 4 48922361856 [ 1, 1, 1, 1, 2, 2, 2, 2, 2, 2, 2, 2, 2, 2, 2, 2 ] 
______ 5 48922361856 [ 1, 1, 1, 1, 2, 2, 2, 2, 2, 2, 2, 2, 2, 2, 2, 2 ] 
3 96 48922361856 [ 1, 1, 1, 1, 2, 2, 2, 2, 2, 2, 2, 2, 2, 2, 2, 2 ] 
_____________ 
____ 753404372582400 2038431744 [ 1, 1, 1, 1, 1, 1, 1, 1, 1, 1, 1, 1, 2, 2, 2, 2 ] 
______ 1 753404372582400 [ 1, 1, 1, 1, 1, 1, 1, 1, 1, 1, 1, 1, 2, 2, 2, 2 ] 
______ 2 753404372582400 [ 1, 1, 1, 1, 1, 1, 1, 1, 1, 1, 1, 1, 2, 2, 2, 2 ] 
______ 3 753404372582400 [ 1, 1, 1, 1, 1, 1, 1, 1, 1, 1, 1, 1, 2, 2, 2, 2 ] 
______ 4 753404372582400 [ 1, 1, 1, 1, 1, 1, 1, 1, 1, 1, 1, 1, 2, 2, 2, 2 ] 
______ 5 753404372582400 [ 1, 1, 1, 1, 1, 1, 1, 1, 1, 1, 1, 1, 2, 2, 2, 2 ] 
4 96 753404372582400 [ 1, 1, 1, 1, 1, 1, 1, 1, 1, 1, 1, 1, 2, 2, 2, 2 ] 
_____________ 
____ 48922361856 2038431744 [ 1, 1, 1, 1, 2, 2, 2, 2, 2, 2, 2, 2, 2, 2, 2, 2 ] 
______ 1 48922361856 [ 1, 1, 1, 1, 2, 2, 2, 2, 2, 2, 2, 2, 2, 2, 2, 2 ] 
______ 2 48922361856 [ 1, 1, 1, 1, 2, 2, 2, 2, 2, 2, 2, 2, 2, 2, 2, 2 ] 
______ 3 48922361856 [ 1, 1, 1, 1, 2, 2, 2, 2, 2, 2, 2, 2, 2, 2, 2, 2 ] 
______ 4 48922361856 [ 1, 1, 1, 1, 2, 2, 2, 2, 2, 2, 2, 2, 2, 2, 2, 2 ] 
______ 5 48922361856 [ 1, 1, 1, 1, 2, 2, 2, 2, 2, 2, 2, 2, 2, 2, 2, 2 ] 
5 96 48922361856 [ 1, 1, 1, 1, 2, 2, 2, 2, 2, 2, 2, 2, 2, 2, 2, 2 ] 
_____________ 
____ 1371195958099968000 521838526464 [ 1, 1, 1, 1, 1, 1, 1, 1, 1, 1, 1, 1, 1, 1, 1, 1 ] 
______ 1 1371195958099968000 [ 1, 1, 1, 1, 1, 1, 1, 1, 1, 1, 1, 1, 1, 1, 1, 1 ] 
______ 2 1371195958099968000 [ 1, 1, 1, 1, 1, 1, 1, 1, 1, 1, 1, 1, 1, 1, 1, 1 ] 
______ 3 1371195958099968000 [ 1, 1, 1, 1, 1, 1, 1, 1, 1, 1, 1, 1, 1, 1, 1, 1 ] 
______ 4 1371195958099968000 [ 1, 1, 1, 1, 1, 1, 1, 1, 1, 1, 1, 1, 1, 1, 1, 1 ] 
______ 5 1371195958099968000 [ 1, 1, 1, 1, 1, 1, 1, 1, 1, 1, 1, 1, 1, 1, 1, 1 ] 
6 384 1371195958099968000 [ 1, 1, 1, 1, 1, 1, 1, 1, 1, 1, 1, 1, 1, 1, 1, 1 ] 
_____________ 
____ 1371195958099968000 521838526464 [ 1, 1, 1, 1, 1, 1, 1, 1, 1, 1, 1, 1, 1, 1, 1, 1 ] 
______ 1 1371195958099968000 [ 1, 1, 1, 1, 1, 1, 1, 1, 1, 1, 1, 1, 1, 1, 1, 1 ] 
______ 2 1371195958099968000 [ 1, 1, 1, 1, 1, 1, 1, 1, 1, 1, 1, 1, 1, 1, 1, 1 ] 
______ 3 1371195958099968000 [ 1, 1, 1, 1, 1, 1, 1, 1, 1, 1, 1, 1, 1, 1, 1, 1 ] 
______ 4 1371195958099968000 [ 1, 1, 1, 1, 1, 1, 1, 1, 1, 1, 1, 1, 1, 1, 1, 1 ] 
______ 5 1371195958099968000 [ 1, 1, 1, 1, 1, 1, 1, 1, 1, 1, 1, 1, 1, 1, 1, 1 ] 
7 384 1371195958099968000 [ 1, 1, 1, 1, 1, 1, 1, 1, 1, 1, 1, 1, 1, 1, 1, 1 ] 
_____________ 
Error, user interrupt in
  return n mod 2 = 1; at /usr/local/Cellar/gap/4.15.1/share/gap/lib/integer.gi:924 called from 
IsOddInt( depth1 ) at /usr/local/Cellar/gap/4.15.1/share/gap/lib/list.gi:3580 called from
psol * tvdual at NewOGLat.g:233 called from
simpleextend( psol ); at NewOGLat.g:247 called from
simpleextend( psol ); at NewOGLat.g:247 called from
simpleextend( psol ); at NewOGLat.g:247 called from
...  at Task20260906Hb.g:51
you can 'return;'
brk> TimeToString(10000000);
"10000.000 sec."
brk> quit;
gap> Read("Task20260906Hb.g");
Error, Variable: 'time' is read only in
  Runtime(  ) at Task20260906Hb.g:31 called from 
<function "unknown">( <arguments> )
 called from read-eval loop at Task20260906Hb.g:60
type 'quit;' to quit to outer loop
brk> quit;
gap> Read("Task20260906Hb.g");
____ 753404372582400 2038431744 [ 1, 1, 1, 1, 1, 1, 1, 1, 1, 1, 1, 1, 2, 2, 2, 2 
 ] 0.161 sec. 
______ 1 753404372582400 [ 1, 1, 1, 1, 1, 1, 1, 1, 1, 1, 1, 1, 2, 2, 2, 2 ] 
______ 2 753404372582400 [ 1, 1, 1, 1, 1, 1, 1, 1, 1, 1, 1, 1, 2, 2, 2, 2 ] 
______ 3 753404372582400 [ 1, 1, 1, 1, 1, 1, 1, 1, 1, 1, 1, 1, 2, 2, 2, 2 ] 
______ 4 753404372582400 [ 1, 1, 1, 1, 1, 1, 1, 1, 1, 1, 1, 1, 2, 2, 2, 2 ] 
______ 5 753404372582400 [ 1, 1, 1, 1, 1, 1, 1, 1, 1, 1, 1, 1, 2, 2, 2, 2 ] 
1 96 753404372582400 [ 1, 1, 1, 1, 1, 1, 1, 1, 1, 1, 1, 1, 2, 2, 2, 2 ] 
_____________ 
____ 63417876480 25165824 [ 1, 1, 1, 1, 1, 1, 1, 1, 2, 2, 2, 2, 3, 3, 3, 3 ] 0.397 sec. 
______ 1 63417876480 [ 1, 1, 1, 1, 1, 1, 1, 1, 2, 2, 2, 2, 3, 3, 3, 3 ] 
______ 2 63417876480 [ 1, 1, 1, 1, 1, 1, 1, 1, 2, 2, 2, 2, 3, 3, 3, 3 ] 
______ 3 63417876480 [ 1, 1, 1, 1, 1, 1, 1, 1, 2, 2, 2, 2, 3, 3, 3, 3 ] 
______ 4 63417876480 [ 1, 1, 1, 1, 1, 1, 1, 1, 2, 2, 2, 2, 3, 3, 3, 3 ] 
______ 5 63417876480 [ 1, 1, 1, 1, 1, 1, 1, 1, 2, 2, 2, 2, 3, 3, 3, 3 ] 
2 32 63417876480 [ 1, 1, 1, 1, 1, 1, 1, 1, 2, 2, 2, 2, 3, 3, 3, 3 ] 
_____________ 
____ 106542032486400 402653184 [ 1, 1, 1, 1, 1, 1, 1, 1, 2, 2, 2, 2, 2, 2, 2, 2 
 ] 0.125 sec. 
______ 1 106542032486400 [ 1, 1, 1, 1, 1, 1, 1, 1, 2, 2, 2, 2, 2, 2, 2, 2 ] 
______ 2 106542032486400 [ 1, 1, 1, 1, 1, 1, 1, 1, 2, 2, 2, 2, 2, 2, 2, 2 ] 
______ 3 106542032486400 [ 1, 1, 1, 1, 1, 1, 1, 1, 2, 2, 2, 2, 2, 2, 2, 2 ] 
______ 4 106542032486400 [ 1, 1, 1, 1, 1, 1, 1, 1, 2, 2, 2, 2, 2, 2, 2, 2 ] 
______ 5 106542032486400 [ 1, 1, 1, 1, 1, 1, 1, 1, 2, 2, 2, 2, 2, 2, 2, 2 ] 
3 64 106542032486400 [ 1, 1, 1, 1, 1, 1, 1, 1, 2, 2, 2, 2, 2, 2, 2, 2 ] 
_____________ 
____ 106542032486400 402653184 [ 1, 1, 1, 1, 1, 1, 1, 1, 2, 2, 2, 2, 2, 2, 2, 2 
 ] 0.103 sec. 
______ 1 106542032486400 [ 1, 1, 1, 1, 1, 1, 1, 1, 2, 2, 2, 2, 2, 2, 2, 2 ] 
______ 2 106542032486400 [ 1, 1, 1, 1, 1, 1, 1, 1, 2, 2, 2, 2, 2, 2, 2, 2 ] 
______ 3 106542032486400 [ 1, 1, 1, 1, 1, 1, 1, 1, 2, 2, 2, 2, 2, 2, 2, 2 ] 
______ 4 106542032486400 [ 1, 1, 1, 1, 1, 1, 1, 1, 2, 2, 2, 2, 2, 2, 2, 2 ] 
______ 5 106542032486400 [ 1, 1, 1, 1, 1, 1, 1, 1, 2, 2, 2, 2, 2, 2, 2, 2 ] 
4 64 106542032486400 [ 1, 1, 1, 1, 1, 1, 1, 1, 2, 2, 2, 2, 2, 2, 2, 2 ] 
_____________ 
____ 5136847994880 2038431744 [ 1, 1, 1, 1, 1, 1, 1, 1, 2, 2, 2, 2, 2, 2, 2, 2 
 ] 0.110 sec. 
______ 1 5136847994880 [ 1, 1, 1, 1, 1, 1, 1, 1, 2, 2, 2, 2, 2, 2, 2, 2 ] 
______ 2 5136847994880 [ 1, 1, 1, 1, 1, 1, 1, 1, 2, 2, 2, 2, 2, 2, 2, 2 ] 
______ 3 5136847994880 [ 1, 1, 1, 1, 1, 1, 1, 1, 2, 2, 2, 2, 2, 2, 2, 2 ] 
______ 4 5136847994880 [ 1, 1, 1, 1, 1, 1, 1, 1, 2, 2, 2, 2, 2, 2, 2, 2 ] 
______ 5 5136847994880 [ 1, 1, 1, 1, 1, 1, 1, 1, 2, 2, 2, 2, 2, 2, 2, 2 ] 
5 96 5136847994880 [ 1, 1, 1, 1, 1, 1, 1, 1, 2, 2, 2, 2, 2, 2, 2, 2 ] 
_____________ 
____ 753404372582400 2038431744 [ 1, 1, 1, 1, 2, 2, 2, 2, 2, 2, 2, 2, 2, 2, 2, 2 
 ] 0.059 sec. 
______ 1 753404372582400 [ 1, 1, 1, 1, 2, 2, 2, 2, 2, 2, 2, 2, 2, 2, 2, 2 ] 
______ 2 753404372582400 [ 1, 1, 1, 1, 2, 2, 2, 2, 2, 2, 2, 2, 2, 2, 2, 2 ] 
______ 3 753404372582400 [ 1, 1, 1, 1, 2, 2, 2, 2, 2, 2, 2, 2, 2, 2, 2, 2 ] 
______ 4 753404372582400 [ 1, 1, 1, 1, 2, 2, 2, 2, 2, 2, 2, 2, 2, 2, 2, 2 ] 
______ 5 753404372582400 [ 1, 1, 1, 1, 2, 2, 2, 2, 2, 2, 2, 2, 2, 2, 2, 2 ] 
6 96 753404372582400 [ 1, 1, 1, 1, 2, 2, 2, 2, 2, 2, 2, 2, 2, 2, 2, 2 ] 
_____________ 
____ 753404372582400 2038431744 [ 1, 1, 1, 1, 1, 1, 1, 1, 1, 1, 1, 1, 2, 2, 2, 2 
 ] 0.173 sec. 
______ 1 753404372582400 [ 1, 1, 1, 1, 1, 1, 1, 1, 1, 1, 1, 1, 2, 2, 2, 2 ] 
______ 2 753404372582400 [ 1, 1, 1, 1, 1, 1, 1, 1, 1, 1, 1, 1, 2, 2, 2, 2 ] 
______ 3 753404372582400 [ 1, 1, 1, 1, 1, 1, 1, 1, 1, 1, 1, 1, 2, 2, 2, 2 ] 
______ 4 753404372582400 [ 1, 1, 1, 1, 1, 1, 1, 1, 1, 1, 1, 1, 2, 2, 2, 2 ] 
______ 5 753404372582400 [ 1, 1, 1, 1, 1, 1, 1, 1, 1, 1, 1, 1, 2, 2, 2, 2 ] 
7 96 753404372582400 [ 1, 1, 1, 1, 1, 1, 1, 1, 1, 1, 1, 1, 2, 2, 2, 2 ] 
_____________ 
____ 48922361856 2038431744 [ 1, 1, 1, 1, 2, 2, 2, 2, 2, 2, 2, 2, 2, 2, 2, 2 
 ] 0.077 sec. 
______ 1 48922361856 [ 1, 1, 1, 1, 2, 2, 2, 2, 2, 2, 2, 2, 2, 2, 2, 2 ] 
______ 2 48922361856 [ 1, 1, 1, 1, 2, 2, 2, 2, 2, 2, 2, 2, 2, 2, 2, 2 ] 
______ 3 48922361856 [ 1, 1, 1, 1, 2, 2, 2, 2, 2, 2, 2, 2, 2, 2, 2, 2 ] 
______ 4 48922361856 [ 1, 1, 1, 1, 2, 2, 2, 2, 2, 2, 2, 2, 2, 2, 2, 2 ] 
______ 5 48922361856 [ 1, 1, 1, 1, 2, 2, 2, 2, 2, 2, 2, 2, 2, 2, 2, 2 ] 
8 96 48922361856 [ 1, 1, 1, 1, 2, 2, 2, 2, 2, 2, 2, 2, 2, 2, 2, 2 ] 
_____________ 
____ 127401984 127401984 [ 2, 2, 2, 2, 2, 2, 2, 2, 2, 2, 2, 2, 3, 3, 3, 3 ] 0.044 sec. 
______ 1 127401984 [ 2, 2, 2, 2, 2, 2, 2, 2, 2, 2, 2, 2, 3, 3, 3, 3 ] 
______ 2 127401984 [ 2, 2, 2, 2, 2, 2, 2, 2, 2, 2, 2, 2, 3, 3, 3, 3 ] 
______ 3 127401984 [ 2, 2, 2, 2, 2, 2, 2, 2, 2, 2, 2, 2, 3, 3, 3, 3 ] 
______ 4 127401984 [ 2, 2, 2, 2, 2, 2, 2, 2, 2, 2, 2, 2, 3, 3, 3, 3 ] 
______ 5 127401984 [ 2, 2, 2, 2, 2, 2, 2, 2, 2, 2, 2, 2, 3, 3, 3, 3 ] 
9 48 127401984 [ 2, 2, 2, 2, 2, 2, 2, 2, 2, 2, 2, 2, 3, 3, 3, 3 ] 
_____________ 
____ 1371195958099968000 521838526464 [ 1, 1, 1, 1, 1, 1, 1, 1, 1, 1, 1, 1, 1, 1, 1, 1 
 ] 0.061 sec. 
______ 1 1371195958099968000 [ 1, 1, 1, 1, 1, 1, 1, 1, 1, 1, 1, 1, 1, 1, 1, 1 ] 
______ 2 1371195958099968000 [ 1, 1, 1, 1, 1, 1, 1, 1, 1, 1, 1, 1, 1, 1, 1, 1 ] 
______ 3 1371195958099968000 [ 1, 1, 1, 1, 1, 1, 1, 1, 1, 1, 1, 1, 1, 1, 1, 1 ] 
______ 4 1371195958099968000 [ 1, 1, 1, 1, 1, 1, 1, 1, 1, 1, 1, 1, 1, 1, 1, 1 ] 
______ 5 1371195958099968000 [ 1, 1, 1, 1, 1, 1, 1, 1, 1, 1, 1, 1, 1, 1, 1, 1 ] 
10 384 1371195958099968000 [ 1, 1, 1, 1, 1, 1, 1, 1, 1, 1, 1, 1, 1, 1, 1, 1 ] 
_____________ 
____ 73383542784 127401984 [ 1, 1, 1, 1, 2, 2, 2, 2, 2, 2, 2, 2, 3, 3, 3, 3 ] 0.122 sec. 
______ 1 73383542784 [ 1, 1, 1, 1, 2, 2, 2, 2, 2, 2, 2, 2, 3, 3, 3, 3 ] 
______ 2 73383542784 [ 1, 1, 1, 1, 2, 2, 2, 2, 2, 2, 2, 2, 3, 3, 3, 3 ] 
______ 3 73383542784 [ 1, 1, 1, 1, 2, 2, 2, 2, 2, 2, 2, 2, 3, 3, 3, 3 ] 
______ 4 73383542784 [ 1, 1, 1, 1, 2, 2, 2, 2, 2, 2, 2, 2, 3, 3, 3, 3 ] 
______ 5 73383542784 [ 1, 1, 1, 1, 2, 2, 2, 2, 2, 2, 2, 2, 3, 3, 3, 3 ] 
11 48 73383542784 [ 1, 1, 1, 1, 2, 2, 2, 2, 2, 2, 2, 2, 3, 3, 3, 3 ] 
_____________ 
____ 2359296 98304 [ 1, 1, 1, 1, 4, 4, 4, 4, 4, 4, 4, 4, 4, 4, 4, 4 ] 0.394 sec. 
______ 1 2359296 [ 1, 1, 1, 1, 4, 4, 4, 4, 4, 4, 4, 4, 4, 4, 4, 4 ] 
______ 2 2359296 [ 1, 1, 1, 1, 4, 4, 4, 4, 4, 4, 4, 4, 4, 4, 4, 4 ] 
______ 3 2359296 [ 1, 1, 1, 1, 4, 4, 4, 4, 4, 4, 4, 4, 4, 4, 4, 4 ] 
______ 4 2359296 [ 1, 1, 1, 1, 4, 4, 4, 4, 4, 4, 4, 4, 4, 4, 4, 4 ] 
______ 5 2359296 [ 1, 1, 1, 1, 4, 4, 4, 4, 4, 4, 4, 4, 4, 4, 4, 4 ] 
12 8 2359296 [ 1, 1, 1, 1, 4, 4, 4, 4, 4, 4, 4, 4, 4, 4, 4, 4 ] 
_____________ 
____ 1371195958099968000 521838526464 [ 1, 1, 1, 1, 1, 1, 1, 1, 1, 1, 1, 1, 1, 1, 1, 1 
 ] 0.065 sec. 
______ 1 1371195958099968000 [ 1, 1, 1, 1, 1, 1, 1, 1, 1, 1, 1, 1, 1, 1, 1, 1 ] 
______ 2 1371195958099968000 [ 1, 1, 1, 1, 1, 1, 1, 1, 1, 1, 1, 1, 1, 1, 1, 1 ] 
______ 3 1371195958099968000 [ 1, 1, 1, 1, 1, 1, 1, 1, 1, 1, 1, 1, 1, 1, 1, 1 ] 
______ 4 1371195958099968000 [ 1, 1, 1, 1, 1, 1, 1, 1, 1, 1, 1, 1, 1, 1, 1, 1 ] 
______ 5 1371195958099968000 [ 1, 1, 1, 1, 1, 1, 1, 1, 1, 1, 1, 1, 1, 1, 1, 1 ] 
13 384 1371195958099968000 [ 1, 1, 1, 1, 1, 1, 1, 1, 1, 1, 1, 1, 1, 1, 1, 1 ] 
_____________ 
____ 106542032486400 402653184 [ 1, 1, 1, 1, 1, 1, 1, 1, 2, 2, 2, 2, 2, 2, 2, 2 
 ] 0.120 sec. 
______ 1 106542032486400 [ 1, 1, 1, 1, 1, 1, 1, 1, 2, 2, 2, 2, 2, 2, 2, 2 ] 
______ 2 106542032486400 [ 1, 1, 1, 1, 1, 1, 1, 1, 2, 2, 2, 2, 2, 2, 2, 2 ] 
______ 3 106542032486400 [ 1, 1, 1, 1, 1, 1, 1, 1, 2, 2, 2, 2, 2, 2, 2, 2 ] 
______ 4 106542032486400 [ 1, 1, 1, 1, 1, 1, 1, 1, 2, 2, 2, 2, 2, 2, 2, 2 ] 
______ 5 106542032486400 [ 1, 1, 1, 1, 1, 1, 1, 1, 2, 2, 2, 2, 2, 2, 2, 2 ] 
14 64 106542032486400 [ 1, 1, 1, 1, 1, 1, 1, 1, 2, 2, 2, 2, 2, 2, 2, 2 ] 
_____________ 
