sessionnumb  20261001175747 
gap> Read("Task20261001Pa.g");
17 18 [ 0, 379 ] [ [ -2, 17 ], [ 1, 138 ], [ 3, 134 ] ] 444 
17 18 [ 0, 410 ] [ [ -2, 17 ], [ 1, 140 ], [ 3, 132 ] ] 445 
17 18 [ 0, 410 ] [ [ -2, 17 ], [ 1, 132 ], [ 3, 140 ] ] 446 
17 18 [ 0, 242 ] [ [ -2, 17 ], [ 1, 134 ], [ 3, 138 ] ] 512 
17 18 [ 0, 783 ] [ [ -2, 17 ], [ 1, 140 ], [ 3, 132 ] ] 758 
17 18 [ 0, 513 ] [ [ -2, 17 ], [ 1, 144 ], [ 3, 128 ] ] 785 
17 18 [ 0, 452 ] [ [ -2, 17 ], [ 1, 136 ], [ 3, 136 ] ] 787 
17 18 [ 0, 292 ] [ [ -2, 17 ], [ 1, 138 ], [ 3, 134 ] ] 877 
17 18 [ 0, 135 ] [ [ -2, 17 ], [ 1, 132 ], [ 3, 140 ] ] 1559 
17 18 [ 0, 546 ] [ [ -2, 17 ], [ 1, 118 ], [ 3, 154 ] ] 1576 
17 18 [ 0, 386 ] [ [ -2, 17 ], [ 1, 140 ], [ 3, 132 ] ] 1695 
17 18 [ 0, 143 ] [ [ -2, 17 ], [ 1, 134 ], [ 3, 138 ] ] 1702 
17 18 [ 0, 304 ] [ [ -2, 17 ], [ 1, 138 ], [ 3, 134 ] ] 1704 
17 18 [ 0, 760 ] [ [ -2, 17 ], [ 1, 114 ], [ 3, 158 ] ] 1828 
17 18 [ 0, 390 ] [ [ -2, 17 ], [ 1, 134 ], [ 3, 138 ] ] 2092 
17 18 [ 0, 314 ] [ [ -2, 17 ], [ 1, 134 ], [ 3, 138 ] ] 2164 
17 18 [ 0, 708 ] [ [ -2, 17 ], [ 1, 124 ], [ 3, 148 ] ] 2486 
17 18 [ 0, 578 ] [ [ -2, 17 ], [ 1, 126 ], [ 3, 146 ] ] 2755 
17 18 [ 0, 459 ] [ [ -2, 17 ], [ 1, 126 ], [ 3, 146 ] ] 2889 
17 18 [ 0, 693 ] [ [ -2, 17 ], [ 1, 128 ], [ 3, 144 ] ] 3151 
17 18 [ 0, 743 ] [ [ -2, 17 ], [ 1, 122 ], [ 3, 150 ] ] 4818 
17 18 [ 0, 1101 ] [ [ -2, 17 ], [ 1, 122 ], [ 3, 150 ] ] 4819 
17 18 [ 0, 217 ] [ [ -2, 17 ], [ 1, 132 ], [ 3, 140 ] ] 5211 
17 18 [ 0, 375 ] [ [ -2, 17 ], [ 1, 120 ], [ 3, 152 ] ] 5415 
17 18 [ 0, 318 ] [ [ -2, 17 ], [ 1, 128 ], [ 3, 144 ] ] 5607 
17 18 [ 0, 319 ] [ [ -2, 17 ], [ 1, 128 ], [ 3, 144 ] ] 6052 
17 18 [ 0, 138 ] [ [ -2, 17 ], [ 1, 122 ], [ 3, 150 ] ] 6073 
17 18 [ 0, 529 ] [ [ -2, 17 ], [ 1, 120 ], [ 3, 152 ] ] 6194 
17 18 [ 0, 392 ] [ [ -2, 17 ], [ 1, 120 ], [ 3, 152 ] ] 6444 
17 18 [ 0, 204 ] [ [ -2, 17 ], [ 1, 134 ], [ 3, 138 ] ] 6507 
17 18 [ 0, 682 ] [ [ -2, 17 ], [ 1, 132 ], [ 3, 140 ] ] 6526 
17 18 [ 0, 310 ] [ [ -2, 17 ], [ 1, 138 ], [ 3, 134 ] ] 6629 
17 18 [ 0, 939 ] [ [ -2, 17 ], [ 1, 130 ], [ 3, 142 ] ] 7369 
17 18 [ 0, 1090 ] [ [ -2, 17 ], [ 1, 132 ], [ 3, 140 ] ] 7371 
17 18 [ 0, 387 ] [ [ -2, 17 ], [ 1, 130 ], [ 3, 142 ] ] 7833 
17 18 [ 0, 816 ] [ [ -2, 17 ], [ 1, 130 ], [ 3, 142 ] ] 8488 
17 18 [ 0, 748 ] [ [ -2, 17 ], [ 1, 118 ], [ 3, 154 ] ] 8515 
17 18 [ 0, 443 ] [ [ -2, 17 ], [ 1, 124 ], [ 3, 148 ] ] 8771 
17 18 [ 0, 405 ] [ [ -2, 17 ], [ 1, 124 ], [ 3, 148 ] ] 9142 
17 18 [ 0, 463 ] [ [ -2, 17 ], [ 1, 122 ], [ 3, 150 ] ] 9145 
17 18 [ 0, 176 ] [ [ -2, 17 ], [ 1, 126 ], [ 3, 146 ] ] 9267 
17 18 [ 0, 921 ] [ [ -2, 17 ], [ 1, 132 ], [ 3, 140 ] ] 9269 
17 18 [ 0, 515 ] [ [ -2, 17 ], [ 1, 128 ], [ 3, 144 ] ] 10230 
17 18 [ 0, 224 ] [ [ -2, 17 ], [ 1, 116 ], [ 3, 156 ] ] 10595 
17 18 [ 0, 1180 ] [ [ -2, 17 ], [ 1, 122 ], [ 3, 150 ] ] 10935 
17 18 [ 0, 532 ] [ [ -2, 17 ], [ 1, 130 ], [ 3, 142 ] ] 11274 
17 18 [ 0, 483 ] [ [ -2, 17 ], [ 1, 132 ], [ 3, 140 ] ] 11375 
17 18 [ 0, 892 ] [ [ -2, 17 ], [ 1, 118 ], [ 3, 154 ] ] 11429 
17 18 [ 0, 767 ] [ [ -2, 17 ], [ 1, 142 ], [ 3, 130 ] ] 11674 
17 18 [ 0, 1067 ] [ [ -2, 17 ], [ 1, 132 ], [ 3, 140 ] ] 11738 
17 18 [ 0, 401 ] [ [ -2, 17 ], [ 1, 128 ], [ 3, 144 ] ] 12042 
17 18 [ 0, 1067 ] [ [ -2, 17 ], [ 1, 120 ], [ 3, 152 ] ] 12813 
17 18 [ 0, 579 ] [ [ -2, 17 ], [ 1, 124 ], [ 3, 148 ] ] 13540 
17 18 [ 0, 279 ] [ [ -2, 17 ], [ 1, 130 ], [ 3, 142 ] ] 13709 
17 18 [ 0, 306 ] [ [ -2, 17 ], [ 1, 116 ], [ 3, 156 ] ] 13821 
17 18 [ 0, 652 ] [ [ -2, 17 ], [ 1, 124 ], [ 3, 148 ] ] 13885 
17 18 [ 0, 378 ] [ [ -2, 17 ], [ 1, 124 ], [ 3, 148 ] ] 14004 
17 18 [ 0, 391 ] [ [ -2, 17 ], [ 1, 118 ], [ 3, 154 ] ] 14042 
17 18 [ 0, 616 ] [ [ -2, 17 ], [ 1, 122 ], [ 3, 150 ] ] 14134 
17 18 [ 0, 292 ] [ [ -2, 17 ], [ 1, 124 ], [ 3, 148 ] ] 15723 
17 18 [ 0, 652 ] [ [ -2, 17 ], [ 1, 146 ], [ 3, 126 ] ] 16258 
17 18 [ 0, 626 ] [ [ -2, 17 ], [ 1, 126 ], [ 3, 146 ] ] 18334 
17 18 [ 0, 405 ] [ [ -2, 17 ], [ 1, 126 ], [ 3, 146 ] ] 18523 
17 18 [ 0, 613 ] [ [ -2, 17 ], [ 1, 132 ], [ 3, 140 ] ] 18546 
17 18 [ 0, 581 ] [ [ -2, 17 ], [ 1, 130 ], [ 3, 142 ] ] 18593 
17 18 [ 0, 255 ] [ [ -2, 17 ], [ 1, 130 ], [ 3, 142 ] ] 18668 
17 18 [ 0, 825 ] [ [ -2, 17 ], [ 1, 140 ], [ 3, 132 ] ] 19007 
17 18 [ 0, 305 ] [ [ -2, 17 ], [ 1, 116 ], [ 3, 156 ] ] 19013 
17 18 [ 0, 302 ] [ [ -2, 17 ], [ 1, 120 ], [ 3, 152 ] ] 19142 
17 18 [ 0, 804 ] [ [ -2, 17 ], [ 1, 120 ], [ 3, 152 ] ] 19184 
17 18 [ 0, 718 ] [ [ -2, 17 ], [ 1, 140 ], [ 3, 132 ] ] 19460 
17 18 [ 0, 234 ] [ [ -2, 17 ], [ 1, 124 ], [ 3, 148 ] ] 19513 
17 18 [ 0, 1106 ] [ [ -2, 17 ], [ 1, 134 ], [ 3, 138 ] ] 19535 
17 18 [ 0, 339 ] [ [ -2, 17 ], [ 1, 130 ], [ 3, 142 ] ] 19712 
17 18 [ 0, 1049 ] [ [ -2, 17 ], [ 1, 128 ], [ 3, 144 ] ] 19803 
17 18 [ 0, 616 ] [ [ -2, 17 ], [ 1, 126 ], [ 3, 146 ] ] 20735 
17 18 [ 0, 728 ] [ [ -2, 17 ], [ 1, 130 ], [ 3, 142 ] ] 24540 
17 18 [ 0, 448 ] [ [ -2, 17 ], [ 1, 134 ], [ 3, 138 ] ] 24670 
17 18 [ 0, 1130 ] [ [ -2, 17 ], [ 1, 136 ], [ 3, 136 ] ] 25400 
17 18 [ 0, 312 ] [ [ -2, 17 ], [ 1, 130 ], [ 3, 142 ] ] 25878 
17 18 [ 0, 423 ] [ [ -2, 17 ], [ 1, 138 ], [ 3, 134 ] ] 26745 
17 18 [ 0, 736 ] [ [ -2, 17 ], [ 1, 134 ], [ 3, 138 ] ] 26975 
17 18 [ 0, 372 ] [ [ -2, 17 ], [ 1, 138 ], [ 3, 134 ] ] 26979 
17 18 [ 0, 433 ] [ [ -2, 17 ], [ 1, 146 ], [ 3, 126 ] ] 27067 
17 18 [ 0, 211 ] [ [ -2, 17 ], [ 1, 130 ], [ 3, 142 ] ] 27184 
17 18 [ 0, 752 ] [ [ -2, 17 ], [ 1, 134 ], [ 3, 138 ] ] 27316 
17 18 [ 0, 615 ] [ [ -2, 17 ], [ 1, 132 ], [ 3, 140 ] ] 27451 
17 18 [ 0, 615 ] [ [ -2, 17 ], [ 1, 144 ], [ 3, 128 ] ] 27452 
17 18 [ 0, 624 ] [ [ -2, 17 ], [ 1, 142 ], [ 3, 130 ] ] 27507 
17 18 [ 0, 316 ] [ [ -2, 17 ], [ 1, 134 ], [ 3, 138 ] ] 27768 
17 18 [ 0, 718 ] [ [ -2, 17 ], [ 1, 134 ], [ 3, 138 ] ] 28147 
17 18 [ 0, 249 ] [ [ -2, 17 ], [ 1, 140 ], [ 3, 132 ] ] 28172 
17 18 [ 0, 389 ] [ [ -2, 17 ], [ 1, 136 ], [ 3, 136 ] ] 28174 
17 18 [ 0, 700 ] [ [ -2, 17 ], [ 1, 128 ], [ 3, 144 ] ] 28371 
17 18 [ 0, 572 ] [ [ -2, 17 ], [ 1, 122 ], [ 3, 150 ] ] 29063 
17 18 [ 0, 813 ] [ [ -2, 17 ], [ 1, 132 ], [ 3, 140 ] ] 29092 
17 18 [ 0, 529 ] [ [ -2, 17 ], [ 1, 124 ], [ 3, 148 ] ] 29843 
17 18 [ 0, 714 ] [ [ -2, 17 ], [ 1, 134 ], [ 3, 138 ] ] 30289 
17 18 [ 0, 427 ] [ [ -2, 17 ], [ 1, 132 ], [ 3, 140 ] ] 30546 
17 18 [ 0, 556 ] [ [ -2, 17 ], [ 1, 140 ], [ 3, 132 ] ] 31149 
17 18 [ 0, 550 ] [ [ -2, 17 ], [ 1, 128 ], [ 3, 144 ] ] 31178 
Error, user interrupt in
  MultVector( row, inv ); at /usr/local/Cellar/gap/4.15.1/share/gap/lib/matrix.gi:2468 called from 
SemiEchelonMatDestructive( mat ) at /usr/local/Cellar/gap/4.15.1/share/gap/lib/matrix.gi:2407 called from
RankMatDestructive( MutableCopyMatrix( mat ) ) at /usr/local/Cellar/gap/4.15.1/share/gap/lib/matrix.gi:2417 called from
Rank( tGram ) at SplitConsTools.g:174 called from
IsGeom( tGram, th ) at Task20261001Pa.g:31 called from
task( newadj ); at Task20261001Pa.g:39 called from
...  at Task20261001Pa.g:44
you can 'return;'
brk> quit;
gap> quit;
