sessionnumb  20261001175756 
gap> Read("Task20261001Pa.g");
17 18 [ 0, 751 ] [ [ -2, 17 ], [ 1, 124 ], [ 3, 148 ] ] 696 
17 18 [ 0, 314 ] [ [ -2, 17 ], [ 1, 124 ], [ 3, 148 ] ] 1872 
17 18 [ 0, 258 ] [ [ -2, 17 ], [ 1, 120 ], [ 3, 152 ] ] 1873 
17 18 [ 0, 314 ] [ [ -2, 17 ], [ 1, 124 ], [ 3, 148 ] ] 1874 
17 18 [ 0, 438 ] [ [ -2, 17 ], [ 1, 130 ], [ 3, 142 ] ] 1911 
17 18 [ 0, 573 ] [ [ -2, 17 ], [ 1, 134 ], [ 3, 138 ] ] 2075 
17 18 [ 0, 650 ] [ [ -2, 17 ], [ 1, 142 ], [ 3, 130 ] ] 2487 
17 18 [ 0, 119 ] [ [ -2, 17 ], [ 1, 122 ], [ 3, 150 ] ] 2702 
17 18 [ 0, 141 ] [ [ -2, 17 ], [ 1, 128 ], [ 3, 144 ] ] 2751 
17 18 [ 0, 187 ] [ [ -2, 17 ], [ 1, 128 ], [ 3, 144 ] ] 2752 
17 18 [ 0, 440 ] [ [ -2, 17 ], [ 1, 126 ], [ 3, 146 ] ] 3748 
17 18 [ 0, 304 ] [ [ -2, 17 ], [ 1, 116 ], [ 3, 156 ] ] 4422 
17 18 [ 0, 280 ] [ [ -2, 17 ], [ 1, 130 ], [ 3, 142 ] ] 4856 
17 18 [ 0, 290 ] [ [ -2, 17 ], [ 1, 126 ], [ 3, 146 ] ] 5552 
17 18 [ 0, 306 ] [ [ -2, 17 ], [ 1, 126 ], [ 3, 146 ] ] 5951 
17 18 [ 0, 308 ] [ [ -2, 17 ], [ 1, 132 ], [ 3, 140 ] ] 5953 
17 18 [ 0, 729 ] [ [ -2, 17 ], [ 1, 120 ], [ 3, 152 ] ] 5981 
17 18 [ 0, 689 ] [ [ -2, 17 ], [ 1, 122 ], [ 3, 150 ] ] 6111 
17 18 [ 0, 345 ] [ [ -2, 17 ], [ 1, 134 ], [ 3, 138 ] ] 8572 
17 18 [ 0, 324 ] [ [ -2, 17 ], [ 1, 134 ], [ 3, 138 ] ] 8635 
17 18 [ 0, 397 ] [ [ -2, 17 ], [ 1, 128 ], [ 3, 144 ] ] 9067 
17 18 [ 0, 584 ] [ [ -2, 17 ], [ 1, 122 ], [ 3, 150 ] ] 9069 
17 18 [ 0, 353 ] [ [ -2, 17 ], [ 1, 158 ], [ 3, 114 ] ] 9179 
17 18 [ 0, 516 ] [ [ -2, 17 ], [ 1, 124 ], [ 3, 148 ] ] 10283 
17 18 [ 0, 257 ] [ [ -2, 17 ], [ 1, 118 ], [ 3, 154 ] ] 10296 
17 18 [ 0, 773 ] [ [ -2, 17 ], [ 1, 136 ], [ 3, 136 ] ] 11655 
17 18 [ 0, 1192 ] [ [ -2, 17 ], [ 1, 134 ], [ 3, 138 ] ] 12481 
17 18 [ 0, 544 ] [ [ -2, 17 ], [ 1, 130 ], [ 3, 142 ] ] 13313 
17 18 [ 0, 304 ] [ [ -2, 17 ], [ 1, 128 ], [ 3, 144 ] ] 14126 
17 18 [ 0, 259 ] [ [ -2, 17 ], [ 1, 136 ], [ 3, 136 ] ] 14714 
17 18 [ 0, 313 ] [ [ -2, 17 ], [ 1, 134 ], [ 3, 138 ] ] 14816 
17 18 [ 0, 286 ] [ [ -2, 17 ], [ 1, 130 ], [ 3, 142 ] ] 15323 
17 18 [ 0, 644 ] [ [ -2, 17 ], [ 1, 124 ], [ 3, 148 ] ] 15522 
17 18 [ 0, 276 ] [ [ -2, 17 ], [ 1, 122 ], [ 3, 150 ] ] 15550 
17 18 [ 0, 270 ] [ [ -2, 17 ], [ 1, 126 ], [ 3, 146 ] ] 15580 
17 18 [ 0, 724 ] [ [ -2, 17 ], [ 1, 136 ], [ 3, 136 ] ] 15690 
17 18 [ 0, 156 ] [ [ -2, 17 ], [ 1, 130 ], [ 3, 142 ] ] 16127 
17 18 [ 0, 145 ] [ [ -2, 17 ], [ 1, 128 ], [ 3, 144 ] ] 16490 
17 18 [ 0, 290 ] [ [ -2, 17 ], [ 1, 116 ], [ 3, 156 ] ] 16854 
17 18 [ 0, 755 ] [ [ -2, 17 ], [ 1, 132 ], [ 3, 140 ] ] 17071 
17 18 [ 0, 776 ] [ [ -2, 17 ], [ 1, 120 ], [ 3, 152 ] ] 17598 
17 18 [ 0, 283 ] [ [ -2, 17 ], [ 1, 130 ], [ 3, 142 ] ] 17621 
17 18 [ 0, 519 ] [ [ -2, 17 ], [ 1, 138 ], [ 3, 134 ] ] 17658 
17 18 [ 0, 218 ] [ [ -2, 17 ], [ 1, 124 ], [ 3, 148 ] ] 18233 
17 18 [ 0, 304 ] [ [ -2, 17 ], [ 1, 126 ], [ 3, 146 ] ] 19240 
17 18 [ 0, 524 ] [ [ -2, 17 ], [ 1, 120 ], [ 3, 152 ] ] 19270 
17 18 [ 0, 575 ] [ [ -2, 17 ], [ 1, 116 ], [ 3, 156 ] ] 19440 
17 18 [ 0, 406 ] [ [ -2, 17 ], [ 1, 132 ], [ 3, 140 ] ] 19560 
17 18 [ 0, 580 ] [ [ -2, 17 ], [ 1, 126 ], [ 3, 146 ] ] 20116 
17 18 [ 0, 754 ] [ [ -2, 17 ], [ 1, 132 ], [ 3, 140 ] ] 21365 
17 18 [ 0, 192 ] [ [ -2, 17 ], [ 1, 128 ], [ 3, 144 ] ] 22416 
17 18 [ 0, 438 ] [ [ -2, 17 ], [ 1, 110 ], [ 3, 162 ] ] 22451 
17 18 [ 0, 294 ] [ [ -2, 17 ], [ 1, 120 ], [ 3, 152 ] ] 22761 
17 18 [ 0, 660 ] [ [ -2, 17 ], [ 1, 130 ], [ 3, 142 ] ] 23569 
17 18 [ 0, 660 ] [ [ -2, 17 ], [ 1, 126 ], [ 3, 146 ] ] 23634 
17 18 [ 0, 314 ] [ [ -2, 17 ], [ 1, 130 ], [ 3, 142 ] ] 23779 
17 18 [ 0, 222 ] [ [ -2, 17 ], [ 1, 130 ], [ 3, 142 ] ] 25183 
17 18 [ 0, 248 ] [ [ -2, 17 ], [ 1, 132 ], [ 3, 140 ] ] 25545 
17 18 [ 0, 511 ] [ [ -2, 17 ], [ 1, 140 ], [ 3, 132 ] ] 27876 
17 18 [ 0, 308 ] [ [ -2, 17 ], [ 1, 134 ], [ 3, 138 ] ] 28269 
17 18 [ 0, 560 ] [ [ -2, 17 ], [ 1, 124 ], [ 3, 148 ] ] 28448 
17 18 [ 0, 548 ] [ [ -2, 17 ], [ 1, 128 ], [ 3, 144 ] ] 29917 
17 18 [ 0, 124 ] [ [ -2, 17 ], [ 1, 130 ], [ 3, 142 ] ] 29922 
18 19 [ 0, 200 ] [ [ -2, 18 ], [ 1, 142 ], [ 3, 164 ] ] 29923 
17 18 [ 0, 369 ] [ [ -2, 17 ], [ 1, 122 ], [ 3, 150 ] ] 30751 
17 18 [ 0, 434 ] [ [ -2, 17 ], [ 1, 128 ], [ 3, 144 ] ] 31160 
17 18 [ 0, 522 ] [ [ -2, 17 ], [ 1, 130 ], [ 3, 142 ] ] 31165 
17 18 [ 0, 268 ] [ [ -2, 17 ], [ 1, 130 ], [ 3, 142 ] ] 31508 
17 18 [ 0, 671 ] [ [ -2, 17 ], [ 1, 130 ], [ 3, 142 ] ] 31541 
17 18 [ 0, 509 ] [ [ -2, 17 ], [ 1, 140 ], [ 3, 132 ] ] 31574 
17 18 [ 0, 922 ] [ [ -2, 17 ], [ 1, 128 ], [ 3, 144 ] ] 31622 
17 18 [ 0, 157 ] [ [ -2, 17 ], [ 1, 118 ], [ 3, 154 ] ] 31716 
17 18 [ 0, 578 ] [ [ -2, 17 ], [ 1, 140 ], [ 3, 132 ] ] 31895 
17 18 [ 0, 219 ] [ [ -2, 17 ], [ 1, 122 ], [ 3, 150 ] ] 32029 
17 18 [ 0, 326 ] [ [ -2, 17 ], [ 1, 118 ], [ 3, 154 ] ] 32098 
17 18 [ 0, 258 ] [ [ -2, 17 ], [ 1, 124 ], [ 3, 148 ] ] 32301 
Error, user interrupt in
  v := arg[1]; at /usr/local/Cellar/gap/4.15.1/share/gap/lib/vecmat.gi:1228 called from 
ConvertToVectorRepNC( vc, f ); at /usr/local/Cellar/gap/4.15.1/share/gap/lib/matrix.gi:2531 called from
SemiEchelonMatTransformation( mat ) at /usr/local/Cellar/gap/4.15.1/share/gap/lib/matrix.gi:2201 called from
NullspaceMat( TransposedMat( [ v * sQ ] ) ) at gapReads/LatticeTools.txt:40 called from
signaturejob( sdim - 1, newsQ ); at gapReads/LatticeTools.txt:42 called from
signaturejob( dim, Q ); at gapReads/LatticeTools.txt:48 called from
...  at Task20261001Pa.g:44
you can 'return;'
brk> quit;
gap> quit;
