sessionnumb  20260905144242 
gap> Read("Task20260905Ub.g");
Syntax error: ; expected in Task20260905Ub.g:9
refls:=[];
^^^^^
gap> Read("Task20260905Ub.g");
Syntax error: ; expected in Task20260905Ub.g:15
alpha0[1]:=1; alpha0[2]:=-1; alpha0[3]:=-1; alpha0[4]:=-1;
^^^^^^
gap> Read("Task20260905Ub.g");
wrong global beep 919191 
Error,  at gapReads/gaptools.txt:139 called from
<function "beep">( <arguments> )
 called from read-eval loop at Task20260905Ub.g:17
you can 'quit;' to quit to outer loop, or
you can 'return;' to continue
brk> alpha0dual*alpha0<;
Syntax error: expression expected in *errin*:1
alpha0dual*alpha0<;
                  ^
brk> alpha0dual*alpha0;
-4
brk> quit;
gap> Read("Task20260905Ub.g");
Syntax warning: Unbound global variable in Task20260905Ub.g:29
  tR:=List(idmat11, tv->tv+(talphadual*tv)*talpha);
                            ^^^^^^^^^^
Syntax warning: Unbound global variable in Task20260905Ub.g:29
  tR:=List(idmat11, tv->tv+(talphadual*tv)*talpha);
                                           ^^^^^^
Syntax error: ; expected in Task20260905Ub.g:46
talpha[1]=3;
^^^^^^
gap> Read("Task20260905Ub.g");
Syntax error: ; expected in Task20260905Ub.g:49
talpha[1]=3;
^^^^^^
gap> Read("Task20260905Ub.g");
Syntax error: found an expression when a statement was expected in Task20260905Ub.g:50
for kk in [2..11] do talpha[kk]=-1;od;
                               ^
gap> Read("Task20260905Ub.g");
wrong global beep 223391 
Error,  at gapReads/gaptools.txt:139 called from
<function "beep">( <arguments> )
 called from read-eval loop at Task20260905Ub.g:52
you can 'quit;' to quit to outer loop, or
you can 'return;' to continue
brk> quit;
gap> Read("Task20260905Ub.g");
wrong global beep 223391 
Error,  at gapReads/gaptools.txt:139 called from
<function "beep">( <arguments> )
 called from read-eval loop at Task20260905Ub.g:52
you can 'quit;' to quit to outer loop, or
you can 'return;' to continue
brk> quit;
gap> Read("Task20260905Ub.g");
wrong global beep 22223391 
Error,  at gapReads/gaptools.txt:139 called from
<function "beep">( <arguments> )
 called from read-eval loop at Task20260905Ub.g:52
you can 'quit;' to quit to outer loop, or
you can 'return;' to continue
brk> talphadual*talpha;
-10
brk> quit;
gap> talphadual*talpha;
-10
gap> Read("Task20260905Ub.g");
gap> CokerTorsion(sroots);
[  ]
gap> Rank(sroots);
11
gap> refls;
[ [ [ 2, -1, -1, -1, 0, 0, 0, 0, 0, 0, 0 ], [ 1, 0, -1, -1, 0, 0, 0, 0, 0, 0, 0 ], [ 1, -1, 0, -1, 0, 0, 0, 0, 0, 0, 0 ], 
      [ 1, -1, -1, 0, 0, 0, 0, 0, 0, 0, 0 ], [ 0, 0, 0, 0, 1, 0, 0, 0, 0, 0, 0 ], [ 0, 0, 0, 0, 0, 1, 0, 0, 0, 0, 0 ], 
      [ 0, 0, 0, 0, 0, 0, 1, 0, 0, 0, 0 ], [ 0, 0, 0, 0, 0, 0, 0, 1, 0, 0, 0 ], [ 0, 0, 0, 0, 0, 0, 0, 0, 1, 0, 0 ], 
      [ 0, 0, 0, 0, 0, 0, 0, 0, 0, 1, 0 ], [ 0, 0, 0, 0, 0, 0, 0, 0, 0, 0, 1 ] ], 
  [ [ 1, 0, 0, 0, 0, 0, 0, 0, 0, 0, 0 ], [ 0, 0, 1, 0, 0, 0, 0, 0, 0, 0, 0 ], [ 0, 1, 0, 0, 0, 0, 0, 0, 0, 0, 0 ], 
      [ 0, 0, 0, 1, 0, 0, 0, 0, 0, 0, 0 ], [ 0, 0, 0, 0, 1, 0, 0, 0, 0, 0, 0 ], [ 0, 0, 0, 0, 0, 1, 0, 0, 0, 0, 0 ], 
      [ 0, 0, 0, 0, 0, 0, 1, 0, 0, 0, 0 ], [ 0, 0, 0, 0, 0, 0, 0, 1, 0, 0, 0 ], [ 0, 0, 0, 0, 0, 0, 0, 0, 1, 0, 0 ], 
      [ 0, 0, 0, 0, 0, 0, 0, 0, 0, 1, 0 ], [ 0, 0, 0, 0, 0, 0, 0, 0, 0, 0, 1 ] ], 
  [ [ 1, 0, 0, 0, 0, 0, 0, 0, 0, 0, 0 ], [ 0, 1, 0, 0, 0, 0, 0, 0, 0, 0, 0 ], [ 0, 0, 0, 1, 0, 0, 0, 0, 0, 0, 0 ], 
      [ 0, 0, 1, 0, 0, 0, 0, 0, 0, 0, 0 ], [ 0, 0, 0, 0, 1, 0, 0, 0, 0, 0, 0 ], [ 0, 0, 0, 0, 0, 1, 0, 0, 0, 0, 0 ], 
      [ 0, 0, 0, 0, 0, 0, 1, 0, 0, 0, 0 ], [ 0, 0, 0, 0, 0, 0, 0, 1, 0, 0, 0 ], [ 0, 0, 0, 0, 0, 0, 0, 0, 1, 0, 0 ], 
      [ 0, 0, 0, 0, 0, 0, 0, 0, 0, 1, 0 ], [ 0, 0, 0, 0, 0, 0, 0, 0, 0, 0, 1 ] ], 
  [ [ 1, 0, 0, 0, 0, 0, 0, 0, 0, 0, 0 ], [ 0, 1, 0, 0, 0, 0, 0, 0, 0, 0, 0 ], [ 0, 0, 1, 0, 0, 0, 0, 0, 0, 0, 0 ], 
      [ 0, 0, 0, 0, 1, 0, 0, 0, 0, 0, 0 ], [ 0, 0, 0, 1, 0, 0, 0, 0, 0, 0, 0 ], [ 0, 0, 0, 0, 0, 1, 0, 0, 0, 0, 0 ], 
      [ 0, 0, 0, 0, 0, 0, 1, 0, 0, 0, 0 ], [ 0, 0, 0, 0, 0, 0, 0, 1, 0, 0, 0 ], [ 0, 0, 0, 0, 0, 0, 0, 0, 1, 0, 0 ], 
      [ 0, 0, 0, 0, 0, 0, 0, 0, 0, 1, 0 ], [ 0, 0, 0, 0, 0, 0, 0, 0, 0, 0, 1 ] ], 
  [ [ 1, 0, 0, 0, 0, 0, 0, 0, 0, 0, 0 ], [ 0, 1, 0, 0, 0, 0, 0, 0, 0, 0, 0 ], [ 0, 0, 1, 0, 0, 0, 0, 0, 0, 0, 0 ], 
      [ 0, 0, 0, 1, 0, 0, 0, 0, 0, 0, 0 ], [ 0, 0, 0, 0, 0, 1, 0, 0, 0, 0, 0 ], [ 0, 0, 0, 0, 1, 0, 0, 0, 0, 0, 0 ], 
      [ 0, 0, 0, 0, 0, 0, 1, 0, 0, 0, 0 ], [ 0, 0, 0, 0, 0, 0, 0, 1, 0, 0, 0 ], [ 0, 0, 0, 0, 0, 0, 0, 0, 1, 0, 0 ], 
      [ 0, 0, 0, 0, 0, 0, 0, 0, 0, 1, 0 ], [ 0, 0, 0, 0, 0, 0, 0, 0, 0, 0, 1 ] ], 
  [ [ 1, 0, 0, 0, 0, 0, 0, 0, 0, 0, 0 ], [ 0, 1, 0, 0, 0, 0, 0, 0, 0, 0, 0 ], [ 0, 0, 1, 0, 0, 0, 0, 0, 0, 0, 0 ], 
      [ 0, 0, 0, 1, 0, 0, 0, 0, 0, 0, 0 ], [ 0, 0, 0, 0, 1, 0, 0, 0, 0, 0, 0 ], [ 0, 0, 0, 0, 0, 0, 1, 0, 0, 0, 0 ], 
      [ 0, 0, 0, 0, 0, 1, 0, 0, 0, 0, 0 ], [ 0, 0, 0, 0, 0, 0, 0, 1, 0, 0, 0 ], [ 0, 0, 0, 0, 0, 0, 0, 0, 1, 0, 0 ], 
      [ 0, 0, 0, 0, 0, 0, 0, 0, 0, 1, 0 ], [ 0, 0, 0, 0, 0, 0, 0, 0, 0, 0, 1 ] ], 
  [ [ 1, 0, 0, 0, 0, 0, 0, 0, 0, 0, 0 ], [ 0, 1, 0, 0, 0, 0, 0, 0, 0, 0, 0 ], [ 0, 0, 1, 0, 0, 0, 0, 0, 0, 0, 0 ], 
      [ 0, 0, 0, 1, 0, 0, 0, 0, 0, 0, 0 ], [ 0, 0, 0, 0, 1, 0, 0, 0, 0, 0, 0 ], [ 0, 0, 0, 0, 0, 1, 0, 0, 0, 0, 0 ], 
      [ 0, 0, 0, 0, 0, 0, 0, 1, 0, 0, 0 ], [ 0, 0, 0, 0, 0, 0, 1, 0, 0, 0, 0 ], [ 0, 0, 0, 0, 0, 0, 0, 0, 1, 0, 0 ], 
      [ 0, 0, 0, 0, 0, 0, 0, 0, 0, 1, 0 ], [ 0, 0, 0, 0, 0, 0, 0, 0, 0, 0, 1 ] ], 
  [ [ 1, 0, 0, 0, 0, 0, 0, 0, 0, 0, 0 ], [ 0, 1, 0, 0, 0, 0, 0, 0, 0, 0, 0 ], [ 0, 0, 1, 0, 0, 0, 0, 0, 0, 0, 0 ], 
      [ 0, 0, 0, 1, 0, 0, 0, 0, 0, 0, 0 ], [ 0, 0, 0, 0, 1, 0, 0, 0, 0, 0, 0 ], [ 0, 0, 0, 0, 0, 1, 0, 0, 0, 0, 0 ], 
      [ 0, 0, 0, 0, 0, 0, 1, 0, 0, 0, 0 ], [ 0, 0, 0, 0, 0, 0, 0, 0, 1, 0, 0 ], [ 0, 0, 0, 0, 0, 0, 0, 1, 0, 0, 0 ], 
      [ 0, 0, 0, 0, 0, 0, 0, 0, 0, 1, 0 ], [ 0, 0, 0, 0, 0, 0, 0, 0, 0, 0, 1 ] ], 
  [ [ 1, 0, 0, 0, 0, 0, 0, 0, 0, 0, 0 ], [ 0, 1, 0, 0, 0, 0, 0, 0, 0, 0, 0 ], [ 0, 0, 1, 0, 0, 0, 0, 0, 0, 0, 0 ], 
      [ 0, 0, 0, 1, 0, 0, 0, 0, 0, 0, 0 ], [ 0, 0, 0, 0, 1, 0, 0, 0, 0, 0, 0 ], [ 0, 0, 0, 0, 0, 1, 0, 0, 0, 0, 0 ], 
      [ 0, 0, 0, 0, 0, 0, 1, 0, 0, 0, 0 ], [ 0, 0, 0, 0, 0, 0, 0, 1, 0, 0, 0 ], [ 0, 0, 0, 0, 0, 0, 0, 0, 0, 1, 0 ], 
      [ 0, 0, 0, 0, 0, 0, 0, 0, 1, 0, 0 ], [ 0, 0, 0, 0, 0, 0, 0, 0, 0, 0, 1 ] ], 
  [ [ 1, 0, 0, 0, 0, 0, 0, 0, 0, 0, 0 ], [ 0, 1, 0, 0, 0, 0, 0, 0, 0, 0, 0 ], [ 0, 0, 1, 0, 0, 0, 0, 0, 0, 0, 0 ], 
      [ 0, 0, 0, 1, 0, 0, 0, 0, 0, 0, 0 ], [ 0, 0, 0, 0, 1, 0, 0, 0, 0, 0, 0 ], [ 0, 0, 0, 0, 0, 1, 0, 0, 0, 0, 0 ], 
      [ 0, 0, 0, 0, 0, 0, 1, 0, 0, 0, 0 ], [ 0, 0, 0, 0, 0, 0, 0, 1, 0, 0, 0 ], [ 0, 0, 0, 0, 0, 0, 0, 0, 1, 0, 0 ], 
      [ 0, 0, 0, 0, 0, 0, 0, 0, 0, 0, 1 ], [ 0, 0, 0, 0, 0, 0, 0, 0, 0, 1, 0 ] ], 
  [ [ 1, 0, 0, 0, 0, 0, 0, 0, 0, 0, 0 ], [ 0, 1, 0, 0, 0, 0, 0, 0, 0, 0, 0 ], [ 0, 0, 1, 0, 0, 0, 0, 0, 0, 0, 0 ], 
      [ 0, 0, 0, 1, 0, 0, 0, 0, 0, 0, 0 ], [ 0, 0, 0, 0, 1, 0, 0, 0, 0, 0, 0 ], [ 0, 0, 0, 0, 0, 1, 0, 0, 0, 0, 0 ], 
      [ 0, 0, 0, 0, 0, 0, 1, 0, 0, 0, 0 ], [ 0, 0, 0, 0, 0, 0, 0, 1, 0, 0, 0 ], [ 0, 0, 0, 0, 0, 0, 0, 0, 1, 0, 0 ], 
      [ 0, 0, 0, 0, 0, 0, 0, 0, 0, 1, 0 ], [ 0, 0, 0, 0, 0, 0, 0, 0, 0, 0, -1 ] ], 
  [ [ 19, -6, -6, -6, -6, -6, -6, -6, -6, -6, -6 ], [ 6, -1, -2, -2, -2, -2, -2, -2, -2, -2, -2 ], 
      [ 6, -2, -1, -2, -2, -2, -2, -2, -2, -2, -2 ], [ 6, -2, -2, -1, -2, -2, -2, -2, -2, -2, -2 ], 
      [ 6, -2, -2, -2, -1, -2, -2, -2, -2, -2, -2 ], [ 6, -2, -2, -2, -2, -1, -2, -2, -2, -2, -2 ], 
      [ 6, -2, -2, -2, -2, -2, -1, -2, -2, -2, -2 ], [ 6, -2, -2, -2, -2, -2, -2, -1, -2, -2, -2 ], 
      [ 6, -2, -2, -2, -2, -2, -2, -2, -1, -2, -2 ], [ 6, -2, -2, -2, -2, -2, -2, -2, -2, -1, -2 ], 
      [ 6, -2, -2, -2, -2, -2, -2, -2, -2, -2, -1 ] ] ]
gap> Read("Task20260905Ub.g");
Error, Variable: 'tqg' must have a value
not in any function at Task20260905Ub.g:70
gap> Read("Task20260905Ub.g");
46998591897600 
gap> # 46998591897600;
gap> 46998591897600-46998591897600;
0
gap> 