sessionnumb  20260905132102 
gap>  Read("Task20260904Hb.g");
gap>  Read("Task20260905Ua.g");
[ [ 1, 9 ], [ 2, 78 ], [ 3, 476 ], [ 4, 2487 ] ] 
gap> discR;
rec( discf := [ [ 1/2, 1/2, 0, 0, 0, 0, 0, 0, 0, 0, 0 ], [ 1/2, 1, 0, 0, 0, 0, 0, 0, 0, 0, 0 ], [ 0, 0, 3/2, 0, 0, 0, 0, 0, 0, 0, 0 ], 
      [ 0, 0, 0, 3/2, 0, 0, 0, 0, 0, 0, 0 ], [ 0, 0, 0, 0, 3/2, 0, 0, 0, 0, 0, 0 ], [ 0, 0, 0, 0, 0, 3/2, 0, 0, 0, 0, 0 ], 
      [ 0, 0, 0, 0, 0, 0, 3/2, 0, 0, 0, 0 ], [ 0, 0, 0, 0, 0, 0, 0, 3/2, 0, 0, 0 ], [ 0, 0, 0, 0, 0, 0, 0, 0, 3/2, 0, 0 ], 
      [ 0, 0, 0, 0, 0, 0, 0, 0, 0, 3/2, 0 ], [ 0, 0, 0, 0, 0, 0, 0, 0, 0, 0, 3/2 ] ], discg := [ 2, 2, 2, 2, 2, 2, 2, 2, 2, 2, 2 ], 
  proj := [ [ 0, 2, 0, 0, 0, 0, 0, 0, 0, 0, 0 ], [ 0, 0, 0, 0, 0, 0, 0, 0, 0, 0, 0 ], [ 0, 0, 0, 0, 0, 0, 0, 0, 0, 0, 0 ], 
      [ 0, -2, 0, 0, 0, 0, 0, 0, 0, 0, 0 ], [ 0, 2, 0, 0, 0, 0, 0, 0, 0, 0, 0 ], [ 2, 0, 0, 0, 0, 0, 0, 0, 0, 0, 0 ], 
      [ 0, 0, 2, 0, 0, 0, 0, 0, 0, 0, 0 ], [ 0, 0, 0, 2, 0, 0, 0, 0, 0, 0, 0 ], [ 0, 0, 0, 0, 2, 0, 0, 0, 0, 0, 0 ], 
      [ 0, 0, 0, 0, 0, 2, 0, 0, 0, 0, 0 ], [ 0, 0, 0, 0, 0, 0, 2, 0, 0, 0, 0 ], [ 0, 0, 0, 0, 0, 0, 0, 2, 0, 0, 0 ], 
      [ 0, 0, 0, 0, 0, 0, 0, 0, 2, 0, 0 ], [ 0, 0, 0, 0, 0, 0, 0, 0, 0, 2, 0 ], [ 0, 0, 0, 0, 0, 0, 0, 0, 0, 0, 2 ] ], 
  proj_dual := [ [ 1, 0, 0, 0, 0, 0, 0, 0, 0, 0, 0 ], [ 1, 1, 0, 0, 0, 0, 0, 0, 0, 0, 0 ], [ 0, 0, 0, 0, 0, 0, 0, 0, 0, 0, 0 ], 
      [ 0, 1, 0, 0, 0, 0, 0, 0, 0, 0, 0 ], [ 0, 0, 0, 0, 0, 0, 0, 0, 0, 0, 0 ], [ 0, 1, 0, 0, 0, 0, 0, 0, 0, 0, 0 ], 
      [ 0, 0, 1, 0, 0, 0, 0, 0, 0, 0, 0 ], [ 0, 0, 0, 1, 0, 0, 0, 0, 0, 0, 0 ], [ 0, 0, 0, 0, 1, 0, 0, 0, 0, 0, 0 ], 
      [ 0, 0, 0, 0, 0, 1, 0, 0, 0, 0, 0 ], [ 0, 0, 0, 0, 0, 0, 1, 0, 0, 0, 0 ], [ 0, 0, 0, 0, 0, 0, 0, 1, 0, 0, 0 ], 
      [ 0, 0, 0, 0, 0, 0, 0, 0, 1, 0, 0 ], [ 0, 0, 0, 0, 0, 0, 0, 0, 0, 1, 0 ], [ 0, 0, 0, 0, 0, 0, 0, 0, 0, 0, 1 ] ], 
  reps := [ [ 3/2, 1, 2, 3/2, 1, 1/2, 0, 0, 0, 0, 0, 0, 0, 0, 0 ], [ 1/2, 1/2, 1, 1, 1, 1, 0, 0, 0, 0, 0, 0, 0, 0, 0 ], 
      [ 0, 0, 0, 0, 0, 0, 1/2, 0, 0, 0, 0, 0, 0, 0, 0 ], [ 0, 0, 0, 0, 0, 0, 0, 1/2, 0, 0, 0, 0, 0, 0, 0 ], 
      [ 0, 0, 0, 0, 0, 0, 0, 0, 1/2, 0, 0, 0, 0, 0, 0 ], [ 0, 0, 0, 0, 0, 0, 0, 0, 0, 1/2, 0, 0, 0, 0, 0 ], 
      [ 0, 0, 0, 0, 0, 0, 0, 0, 0, 0, 1/2, 0, 0, 0, 0 ], [ 0, 0, 0, 0, 0, 0, 0, 0, 0, 0, 0, 1/2, 0, 0, 0 ], 
      [ 0, 0, 0, 0, 0, 0, 0, 0, 0, 0, 0, 0, 1/2, 0, 0 ], [ 0, 0, 0, 0, 0, 0, 0, 0, 0, 0, 0, 0, 0, 1/2, 0 ], 
      [ 0, 0, 0, 0, 0, 0, 0, 0, 0, 0, 0, 0, 0, 0, 1/2 ] ], reps_dual := [ [ -1, 0, 0, 0, 0, 0, 0, 0, 0, 0, 0, 0, 0, 0, 0 ], 
      [ 0, 0, 0, 0, 0, -1, 0, 0, 0, 0, 0, 0, 0, 0, 0 ], [ 0, 0, 0, 0, 0, 0, -1, 0, 0, 0, 0, 0, 0, 0, 0 ], 
      [ 0, 0, 0, 0, 0, 0, 0, -1, 0, 0, 0, 0, 0, 0, 0 ], [ 0, 0, 0, 0, 0, 0, 0, 0, -1, 0, 0, 0, 0, 0, 0 ], 
      [ 0, 0, 0, 0, 0, 0, 0, 0, 0, -1, 0, 0, 0, 0, 0 ], [ 0, 0, 0, 0, 0, 0, 0, 0, 0, 0, -1, 0, 0, 0, 0 ], 
      [ 0, 0, 0, 0, 0, 0, 0, 0, 0, 0, 0, -1, 0, 0, 0 ], [ 0, 0, 0, 0, 0, 0, 0, 0, 0, 0, 0, 0, -1, 0, 0 ], 
      [ 0, 0, 0, 0, 0, 0, 0, 0, 0, 0, 0, 0, 0, -1, 0 ], [ 0, 0, 0, 0, 0, 0, 0, 0, 0, 0, 0, 0, 0, 0, -1 ] ] )
gap> debug3();
Error, Variable: 'NewOGLa' must have a value
not in any function at fordebug3.g:5
gap> debug3();
gap> 
gap> 
gap> 
gap> 
gap> 
gap> 
gap> Read("Task20260908Ua.g");
8561413324800 
1712282664960 
new 743178240 
new 2090188800 
new 298598400 
____not new 
____not new 
____not new 
new 1698693120 
Error, user interrupt in
  t := TNUM_OBJ( m[1] ); at /usr/local/Cellar/gap/4.15.1/share/gap/lib/list.gi:37 called from 
NestingDepthM( left ) at /usr/local/Cellar/gap/4.15.1/share/gap/lib/list.gi:3574 called from
psol * tvdual at NewOGLat.g:247 called from
simpleextend( psol ); at NewOGLat.g:261 called from
simpleextend( psol ); at NewOGLat.g:261 called from
simpleextend( psol ); at NewOGLat.g:261 called from
...  at Task20260908Ua.g:62
you can 'return;'
brk> counter;
16
brk> savedataas(ogrecs, "ogrecsC");
brk> quit;
gap> tempsavename:="ogrecAA";
"ogrecAA"
gap> Read("Task20260908Ua.g");
8561413324800 
1712282664960 
______ 1 
______ 2 
______ 3 
new 31708938240 
new 99532800 
____not new 
______ 1 
______ 2 
new 1698693120 
____not new 
______ 1 
______ 2 
______ 3 
______ 4 
new 743178240 
new 707788800 
____not new 
____not new 
______ 1 
______ 2 
______ 3 
______ 4 
______ 5 
______ 6 
______ 7 
______ 8 
______ 9 
______ 10 
______ 11 
______ 12 
______ 13 
______ 14 
______ 15 
______ 16 
______ 17 
______ 18 
______ 19 
______ 20 
______ 21 
______ 22 
______ 23 
______ 24 
______ 25 
______ 26 
______ 27 
______ 28 
______ 29 
______ 30 
______ 31 
______ 32 
______ 33 
______ 34 
______ 35 
Error, user interrupt in
  return prod; at /usr/local/Cellar/gap/4.15.1/share/gap/lib/list.gi:3603 called from 
psol * tvdual at NewOGLat.g:247 called from
simpleextend( psol ); at NewOGLat.g:261 called from
simpleextend( psol ); at NewOGLat.g:261 called from
simpleextend( psol ); at NewOGLat.g:261 called from
simpleextend( psol ); at NewOGLat.g:261 called from
...  at Task20260908Ua.g:62
you can 'return;'
brk> basisrec.nopss;
[ 15, 594 ]
brk> basisrec.basisnrms;
[ 2, 2, 2, 2, 2, 2, 2, 2, 2, 2, 2, 2, 2, 4, 4 ]
brk> thelevel;
1
brk> trueseeds;
[  ]
brk> basisrec.Gram;
[ [ 2, 0, 0, 0, 0, 0, 0, 0, 0, 0, 0, 0, 0, 0, 0 ], [ 0, 8, 8, 8, 0, 8, 0, 4, 4, 7, 4, 6, -2, 11, -2 ], 
  [ 0, 8, 10, 8, 0, 8, 0, 4, 4, 8, 4, 6, -2, 12, -2 ], [ 0, 8, 8, 10, 0, 8, 0, 4, 4, 8, 4, 6, -2, 12, -2 ], 
  [ 0, 0, 0, 0, 2, 0, 0, 0, 0, 0, 0, 0, 0, 0, 0 ], [ 0, 8, 8, 8, 0, 10, 0, 4, 4, 8, 4, 6, -2, 12, -2 ], 
  [ 0, 0, 0, 0, 0, 0, 2, 0, 0, 0, 0, 0, 0, 0, 0 ], [ 0, 4, 4, 4, 0, 4, 0, 4, 2, 3, 2, 3, -1, 6, -1 ], 
  [ 0, 4, 4, 4, 0, 4, 0, 2, 4, 3, 2, 3, -1, 6, -1 ], [ 0, 7, 8, 8, 0, 8, 0, 3, 3, 10, 3, 6, -2, 12, -2 ], 
  [ 0, 4, 4, 4, 0, 4, 0, 2, 2, 3, 4, 3, -1, 6, -1 ], [ 0, 6, 6, 6, 0, 6, 0, 3, 3, 6, 3, 6, -2, 9, -2 ], 
  [ 0, -2, -2, -2, 0, -2, 0, -1, -1, -2, -1, -2, 2, -3, 0 ], [ 0, 11, 12, 12, 0, 12, 0, 6, 6, 12, 6, 9, -3, 18, -3 ], 
  [ 0, -2, -2, -2, 0, -2, 0, -1, -1, -2, -1, -2, 0, -3, 2 ] ]
brk> quit;
gap> 
gap> 
gap> 
gap>  Read("Task20260908Ua.g");
______ 1 
8561413324800 
1712282664960 
new 743178240 
____repeat 1 
____repeat 2 
____repeat 3 
____repeat 4 
____repeat 5 
Error, user interrupt in
  return n mod 2 = 0; at /usr/local/Cellar/gap/4.15.1/share/gap/lib/integer.gi:917 called from 
IsEvenInt( depth1 ) at /usr/local/Cellar/gap/4.15.1/share/gap/lib/list.gi:3596 called from
psol * tvdual at NewOGLat.g:247 called from
simpleextend( psol ); at NewOGLat.g:261 called from
simpleextend( psol ); at NewOGLat.g:261 called from
simpleextend( psol ); at NewOGLat.g:261 called from
...  at Task20260908Ua.g:84
you can 'return;'
brk> quit;
gap> 
gap> 
gap> 
gap>  Read("Task20260908Ua.g");
8561413324800 
1712282664960 
new 5096079360 
new 99532800 
____not new 
____repeat 1 
____repeat 2 
____repeat 3 
____repeat 4 
____repeat 5 
____repeat 6 
____repeat 7 
____repeat 8 
____repeat 9 
____repeat 10 
____repeat 11 
____repeat 12 
____repeat 13 
____repeat 14 
____repeat 15 
____repeat 16 
____repeat 17 
____repeat 18 
____repeat 19 
____repeat 20 
____repeat 21 
____repeat 22 
____repeat 23 
____repeat 24 
____repeat 25 
____repeat 26 
____repeat 27 
____repeat 28 
____repeat 29 
____repeat 30 
____repeat 31 
____repeat 32 
____repeat 33 
____repeat 34 
____repeat 35 
____repeat 36 
____repeat 37 
____repeat 38 
____repeat 39 
____repeat 40 
____repeat 41 
____repeat 42 
____repeat 43 
____repeat 44 
____repeat 45 
____repeat 46 
____repeat 47 
____repeat 48 
____repeat 49 
____repeat 50 
____repeat 51 
____repeat 52 
____repeat 53 
____repeat 54 
____repeat 55 
____repeat 56 
____repeat 57 
____repeat 58 
____repeat 59 
____repeat 60 
____repeat 61 
____repeat 62 
____repeat 63 
____repeat 64 
____repeat 65 
____repeat 66 
____repeat 67 
____repeat 68 
____repeat 69 
____repeat 70 
____repeat 71 
____repeat 72 
____repeat 73 
____repeat 74 
____repeat 75 
____repeat 76 
____repeat 77 
____repeat 78 
____repeat 79 
____repeat 80 
____repeat 81 
____repeat 82 
____repeat 83 
____repeat 84 
____repeat 85 
____repeat 86 
____repeat 87 
____repeat 88 
____repeat 89 
____repeat 90 
____repeat 91 
____repeat 92 
____repeat 93 
____repeat 94 
____repeat 95 
____repeat 96 
____repeat 97 
____repeat 98 
____repeat 99 
____repeat 100 
____repeat 101 
____repeat 102 
____repeat 103 
____repeat 104 
____repeat 105 
____repeat 106 
____repeat 107 
____repeat 108 
____repeat 109 
____repeat 110 
____repeat 111 
____repeat 112 
____repeat 113 
____repeat 114 
____repeat 115 
____repeat 116 
____repeat 117 
____repeat 118 
____repeat 119 
____repeat 120 
____repeat 121 
____repeat 122 
____repeat 123 
____repeat 124 
____repeat 125 
____repeat 126 
____repeat 127 
____repeat 128 
____repeat 129 
____repeat 130 
____repeat 131 
____repeat 132 
____repeat 133 
____repeat 134 
____repeat 135 
____repeat 136 
____repeat 137 
____repeat 138 
____repeat 139 
____repeat 140 
____repeat 141 
____repeat 142 
____repeat 143 
____repeat 144 
____repeat 145 
____repeat 146 
____repeat 147 
____repeat 148 
____repeat 149 
____repeat 150 
____repeat 151 
____repeat 152 
____repeat 153 
____repeat 154 
____repeat 155 
____repeat 156 
____repeat 157 
____repeat 158 
____repeat 159 
____repeat 160 
____repeat 161 
____repeat 162 
____repeat 163 
____repeat 164 
____repeat 165 
____repeat 166 
____repeat 167 
____repeat 168 
____repeat 169 
____repeat 170 
____repeat 171 
____repeat 172 
____repeat 173 
____repeat 174 
____repeat 175 
____repeat 176 
____repeat 177 
____repeat 178 
____repeat 179 
____repeat 180 
____repeat 181 
____repeat 182 
____repeat 183 
____repeat 184 
____repeat 185 
____repeat 186 
____repeat 187 
____repeat 188 
____repeat 189 
____repeat 190 
____repeat 191 
____repeat 192 
____repeat 193 
____repeat 194 
____repeat 195 
____repeat 196 
____repeat 197 
____repeat 198 
____repeat 199 
____repeat 200 
____repeat 201 
____repeat 202 
____repeat 203 
____repeat 204 
____repeat 205 
____repeat 206 
____repeat 207 
____repeat 208 
____repeat 209 
____repeat 210 
____repeat 211 
____repeat 212 
____repeat 213 
____repeat 214 
____repeat 215 
____repeat 216 
____repeat 217 
____repeat 218 
____repeat 219 
____repeat 220 
____repeat 221 
____repeat 222 
____repeat 223 
____repeat 224 
____repeat 225 
____repeat 226 
____repeat 227 
____repeat 228 
____repeat 229 
____repeat 230 
____repeat 231 
____repeat 232 
____repeat 233 
____repeat 234 
____repeat 235 
____repeat 236 
____repeat 237 
____repeat 238 
____repeat 239 
____repeat 240 
____repeat 241 
____repeat 242 
____repeat 243 
____repeat 244 
____repeat 245 
____repeat 246 
____repeat 247 
____repeat 248 
____repeat 249 
____repeat 250 
____repeat 251 
____repeat 252 
Error, user interrupt in
  return prod; at /usr/local/Cellar/gap/4.15.1/share/gap/lib/list.gi:3603 called from 
psol * tvdual at NewOGLat.g:247 called from
simpleextend( psol ); at NewOGLat.g:261 called from
simpleextend( psol ); at NewOGLat.g:261 called from
simpleextend( psol ); at NewOGLat.g:261 called from
simpleextend( psol ); at NewOGLat.g:261 called from
...  at Task20260908Ua.g:86
you can 'return;'
brk> quit;
gap> 
gap> 
gap> 
gap> 
gap> 
gap> 
gap> 
gap> Read("Task20260909Ub.g");
____ 73383542784 127401984 [ 1, 1, 1, 1, 2, 2, 2, 2, 2, 2, 2, 2, 2, 2, 2, 2 ] 0.045 sec. 
______ 1 73383542784 [ 1, 1, 1, 1, 2, 2, 2, 2, 2, 2, 2, 2, 2, 2, 2, 2 ] 
______ 2 73383542784 [ 1, 1, 1, 1, 2, 2, 2, 2, 2, 2, 2, 2, 2, 2, 2, 2 ] 
______ 3 73383542784 [ 1, 1, 1, 1, 2, 2, 2, 2, 2, 2, 2, 2, 2, 2, 2, 2 ] 
______ 4 73383542784 [ 1, 1, 1, 1, 2, 2, 2, 2, 2, 2, 2, 2, 2, 2, 2, 2 ] 
______ 5 73383542784 [ 1, 1, 1, 1, 2, 2, 2, 2, 2, 2, 2, 2, 2, 2, 2, 2 ] 
1 48 73383542784 [ 1, 1, 1, 1, 2, 2, 2, 2, 2, 2, 2, 2, 2, 2, 2, 2 ] 
_____________ 
____ 2359296 98304 [ 1, 1, 1, 1, 2, 2, 2, 2, 3, 3, 3, 3, 3, 3, 3, 3 ] 0.071 sec. 
______ 1 2359296 [ 1, 1, 1, 1, 2, 2, 2, 2, 3, 3, 3, 3, 3, 3, 3, 3 ] 
______ 2 2359296 [ 1, 1, 1, 1, 2, 2, 2, 2, 3, 3, 3, 3, 3, 3, 3, 3 ] 
______ 3 2359296 [ 1, 1, 1, 1, 2, 2, 2, 2, 3, 3, 3, 3, 3, 3, 3, 3 ] 
______ 4 2359296 [ 1, 1, 1, 1, 2, 2, 2, 2, 3, 3, 3, 3, 3, 3, 3, 3 ] 
______ 5 2359296 [ 1, 1, 1, 1, 2, 2, 2, 2, 3, 3, 3, 3, 3, 3, 3, 3 ] 
2 8 2359296 [ 1, 1, 1, 1, 2, 2, 2, 2, 3, 3, 3, 3, 3, 3, 3, 3 ] 
_____________ 
Error, user interrupt in
  t := TNUM_OBJ( m[1] ); at /usr/local/Cellar/gap/4.15.1/share/gap/lib/list.gi:37 called from 
NestingDepthM( left ) at /usr/local/Cellar/gap/4.15.1/share/gap/lib/list.gi:3574 called from
psol * tvdual at NewOGLat.g:276 called from
simpleextend( psol ); at NewOGLat.g:290 called from
simpleextend( psol ); at NewOGLat.g:290 called from
simpleextend( psol ); at NewOGLat.g:290 called from
...  at Task20260909Ub.g:60
you can 'return;'
brk> quit;
gap> Read("Task20260909Ub.g");
Syntax error: ; expected in Task20260909Ub.g:14
  tOGrec4:=RepeatNewOGLat(tbasisrec4, 10, 10));
                                             ^
Syntax error: ; expected in Task20260909Ub.g:27
  tOGrec:=RepeatNewOGLat(tbasisrec, 10, 10));
                                           ^
gap> Read("Task20260909Ub.g");
Syntax error: ; expected in Task20260909Ub.g:14
  tOGrec4:=RepeatNewOGLat(tbasisrec4, 10, 10));
                                             ^
Syntax error: ; expected in Task20260909Ub.g:27
  tOGrec:=RepeatNewOGLat(tbasisrec, 10, 10));
                                           ^
gap> Read("Task20260909Ub.g");
Syntax error: ; expected in Task20260909Ub.g:15
  );
  ^
gap> Read("Task20260909Ub.g");
Error, no method found! For debugging hints type ?Recovery from NoMethodFound
Error, no 1st choice method found for `Length' on 1 arguments at /usr/local/Cellar/gap/4.15.1/share/gap/lib/methsel2.g:250 called from
Length( GramL ) at NewOGLat.g:77 called from
BasisRec( GramL, basisrectrial + counter ) at NewOGLat.g:652 called from
RepeatNewOGLat( tbasisrec4, 10, 10 ) at Task20260909Ub.g:14 called from
<function "unknown">( <arguments> )
 called from read-eval loop at Task20260909Ub.g:60
type 'quit;' to quit to outer loop
brk> quit;
gap> Read("Task20260909Ub.g");
Error, user interrupt in
  return prod; at /usr/local/Cellar/gap/4.15.1/share/gap/lib/list.gi:3603 called from 
psol * tvdual at NewOGLat.g:276 called from
simpleextend( psol ); at NewOGLat.g:290 called from
simpleextend( psol ); at NewOGLat.g:290 called from
simpleextend( psol ); at NewOGLat.g:290 called from
simpleextend( psol ); at NewOGLat.g:290 called from
...  at Task20260909Ub.g:59
you can 'return;'
brk> quit;
gap> Read("Task20260909Ub.g");
____ 106542032486400 402653184 [ 1, 1, 1, 1, 1, 1, 1, 1, 2, 2, 2, 2, 2, 2, 2, 2 ] 0.121 sec. 
______ 1 106542032486400 [ 1, 1, 1, 1, 1, 1, 1, 1, 2, 2, 2, 2, 2, 2, 2, 2 ] 
______ 2 106542032486400 [ 1, 1, 1, 1, 1, 1, 1, 1, 2, 2, 2, 2, 2, 2, 2, 2 ] 
______ 3 106542032486400 [ 1, 1, 1, 1, 1, 1, 1, 1, 2, 2, 2, 2, 2, 2, 2, 2 ] 
______ 4 106542032486400 [ 1, 1, 1, 1, 1, 1, 1, 1, 2, 2, 2, 2, 2, 2, 2, 2 ] 
______ 5 106542032486400 [ 1, 1, 1, 1, 1, 1, 1, 1, 2, 2, 2, 2, 2, 2, 2, 2 ] 
1 64 106542032486400 [ 1, 1, 1, 1, 1, 1, 1, 1, 2, 2, 2, 2, 2, 2, 2, 2 ] 
_____________ 
____ 753404372582400 2038431744 [ 1, 1, 1, 1, 1, 1, 1, 1, 1, 1, 1, 1, 2, 2, 2, 2 ] 0.189 sec. 
______ 1 753404372582400 [ 1, 1, 1, 1, 1, 1, 1, 1, 1, 1, 1, 1, 2, 2, 2, 2 ] 
______ 2 753404372582400 [ 1, 1, 1, 1, 1, 1, 1, 1, 1, 1, 1, 1, 2, 2, 2, 2 ] 
______ 3 753404372582400 [ 1, 1, 1, 1, 1, 1, 1, 1, 1, 1, 1, 1, 2, 2, 2, 2 ] 
______ 4 753404372582400 [ 1, 1, 1, 1, 1, 1, 1, 1, 1, 1, 1, 1, 2, 2, 2, 2 ] 
______ 5 753404372582400 [ 1, 1, 1, 1, 1, 1, 1, 1, 1, 1, 1, 1, 2, 2, 2, 2 ] 
2 96 753404372582400 [ 1, 1, 1, 1, 1, 1, 1, 1, 1, 1, 1, 1, 2, 2, 2, 2 ] 
_____________ 
____ 191102976 7962624 [ 1, 1, 1, 1, 2, 2, 2, 2, 2, 2, 2, 2, 3, 3, 3, 3 ] 0.148 sec. 
______ 1 191102976 [ 1, 1, 1, 1, 2, 2, 2, 2, 2, 2, 2, 2, 3, 3, 3, 3 ] 
______ 2 191102976 [ 1, 1, 1, 1, 2, 2, 2, 2, 2, 2, 2, 2, 3, 3, 3, 3 ] 
______ 3 191102976 [ 1, 1, 1, 1, 2, 2, 2, 2, 2, 2, 2, 2, 3, 3, 3, 3 ] 
______ 4 191102976 [ 1, 1, 1, 1, 2, 2, 2, 2, 2, 2, 2, 2, 3, 3, 3, 3 ] 
______ 5 191102976 [ 1, 1, 1, 1, 2, 2, 2, 2, 2, 2, 2, 2, 3, 3, 3, 3 ] 
3 24 191102976 [ 1, 1, 1, 1, 2, 2, 2, 2, 2, 2, 2, 2, 3, 3, 3, 3 ] 
_____________ 
____ 603979776 25165824 [ 1, 1, 1, 1, 4, 4, 4, 4, 4, 4, 4, 4, 4, 4, 4, 4 ] 0.104 sec. 
______ 1 603979776 [ 1, 1, 1, 1, 4, 4, 4, 4, 4, 4, 4, 4, 4, 4, 4, 4 ] 
______ 2 603979776 [ 1, 1, 1, 1, 4, 4, 4, 4, 4, 4, 4, 4, 4, 4, 4, 4 ] 
______ 3 603979776 [ 1, 1, 1, 1, 4, 4, 4, 4, 4, 4, 4, 4, 4, 4, 4, 4 ] 
______ 4 603979776 [ 1, 1, 1, 1, 4, 4, 4, 4, 4, 4, 4, 4, 4, 4, 4, 4 ] 
______ 5 603979776 [ 1, 1, 1, 1, 4, 4, 4, 4, 4, 4, 4, 4, 4, 4, 4, 4 ] 
4 32 603979776 [ 1, 1, 1, 1, 4, 4, 4, 4, 4, 4, 4, 4, 4, 4, 4, 4 ] 
_____________ 
____ 5136847994880 2038431744 [ 1, 1, 1, 1, 1, 1, 1, 1, 2, 2, 2, 2, 2, 2, 2, 2 ] 0.143 sec. 
______ 1 5136847994880 [ 1, 1, 1, 1, 1, 1, 1, 1, 2, 2, 2, 2, 2, 2, 2, 2 ] 
______ 2 5136847994880 [ 1, 1, 1, 1, 1, 1, 1, 1, 2, 2, 2, 2, 2, 2, 2, 2 ] 
______ 3 5136847994880 [ 1, 1, 1, 1, 1, 1, 1, 1, 2, 2, 2, 2, 2, 2, 2, 2 ] 
______ 4 5136847994880 [ 1, 1, 1, 1, 1, 1, 1, 1, 2, 2, 2, 2, 2, 2, 2, 2 ] 
______ 5 5136847994880 [ 1, 1, 1, 1, 1, 1, 1, 1, 2, 2, 2, 2, 2, 2, 2, 2 ] 
5 96 5136847994880 [ 1, 1, 1, 1, 1, 1, 1, 1, 2, 2, 2, 2, 2, 2, 2, 2 ] 
_____________ 
____ 73383542784 127401984 [ 1, 1, 1, 1, 2, 2, 2, 2, 2, 2, 2, 2, 2, 2, 2, 2 ] 0.066 sec. 
______ 1 73383542784 [ 1, 1, 1, 1, 2, 2, 2, 2, 2, 2, 2, 2, 2, 2, 2, 2 ] 
______ 2 73383542784 [ 1, 1, 1, 1, 2, 2, 2, 2, 2, 2, 2, 2, 2, 2, 2, 2 ] 
______ 3 73383542784 [ 1, 1, 1, 1, 2, 2, 2, 2, 2, 2, 2, 2, 2, 2, 2, 2 ] 
______ 4 73383542784 [ 1, 1, 1, 1, 2, 2, 2, 2, 2, 2, 2, 2, 2, 2, 2, 2 ] 
______ 5 73383542784 [ 1, 1, 1, 1, 2, 2, 2, 2, 2, 2, 2, 2, 2, 2, 2, 2 ] 
6 48 73383542784 [ 1, 1, 1, 1, 2, 2, 2, 2, 2, 2, 2, 2, 2, 2, 2, 2 ] 
_____________ 
____ 905969664 1572864 [ 1, 1, 1, 1, 3, 3, 3, 3, 3, 3, 3, 4, 4, 4, 4, 4 ] 0.144 sec. 
______ 1 905969664 [ 1, 1, 1, 1, 3, 3, 3, 3, 3, 3, 3, 4, 4, 4, 4, 4 ] 
______ 2 905969664 [ 1, 1, 1, 1, 3, 3, 3, 3, 3, 3, 3, 3, 4, 4, 4, 4 ] 
______ 3 905969664 [ 1, 1, 1, 1, 3, 3, 3, 3, 3, 3, 3, 3, 4, 4, 4, 4 ] 
______ 4 905969664 [ 1, 1, 1, 1, 3, 3, 3, 3, 3, 3, 3, 3, 4, 4, 4, 4 ] 
______ 5 905969664 [ 1, 1, 1, 1, 3, 3, 3, 3, 3, 3, 3, 3, 4, 4, 4, 4 ] 
7 16 905969664 [ 1, 1, 1, 1, 3, 3, 3, 3, 3, 3, 3, 4, 4, 4, 4, 4 ] 
_____________ 
____ 7962624 7962624 [ 2, 2, 2, 2, 3, 3, 3, 3, 3, 3, 3, 3, 3, 3, 3, 3 ] 0.086 sec. 
______ 1 7962624 [ 2, 2, 2, 2, 3, 3, 3, 3, 3, 3, 3, 3, 3, 3, 3, 3 ] 
______ 2 7962624 [ 2, 2, 2, 2, 3, 3, 3, 3, 3, 3, 3, 3, 3, 3, 3, 3 ] 
______ 3 7962624 [ 2, 2, 2, 2, 3, 3, 3, 3, 3, 3, 3, 3, 3, 3, 3, 3 ] 
______ 4 7962624 [ 2, 2, 2, 2, 3, 3, 3, 3, 3, 3, 3, 3, 3, 3, 3, 3 ] 
______ 5 7962624 [ 2, 2, 2, 2, 3, 3, 3, 3, 3, 3, 3, 3, 3, 3, 3, 3 ] 
8 24 7962624 [ 2, 2, 2, 2, 3, 3, 3, 3, 3, 3, 3, 3, 3, 3, 3, 3 ] 
_____________ 
____ 73383542784 127401984 [ 1, 1, 1, 1, 2, 2, 2, 2, 2, 2, 2, 2, 3, 3, 3, 3 ] 0.149 sec. 
______ 1 73383542784 [ 1, 1, 1, 1, 2, 2, 2, 2, 2, 2, 2, 2, 3, 3, 3, 3 ] 
______ 2 73383542784 [ 1, 1, 1, 1, 2, 2, 2, 2, 2, 2, 2, 2, 3, 3, 3, 3 ] 
______ 3 73383542784 [ 1, 1, 1, 1, 2, 2, 2, 2, 2, 2, 2, 2, 3, 3, 3, 3 ] 
______ 4 73383542784 [ 1, 1, 1, 1, 2, 2, 2, 2, 2, 2, 2, 2, 3, 3, 3, 3 ] 
______ 5 73383542784 [ 1, 1, 1, 1, 2, 2, 2, 2, 2, 2, 2, 2, 3, 3, 3, 3 ] 
9 48 73383542784 [ 1, 1, 1, 1, 2, 2, 2, 2, 2, 2, 2, 2, 3, 3, 3, 3 ] 
_____________ 
____ 905969664 1572864 [ 1, 1, 1, 1, 3, 3, 3, 3, 3, 3, 3, 4, 4, 4, 4, 4 ] 0.127 sec. 
______ 1 905969664 [ 1, 1, 1, 1, 3, 3, 3, 3, 3, 3, 3, 4, 4, 4, 4, 4 ] 
______ 2 905969664 [ 1, 1, 1, 1, 3, 3, 3, 3, 3, 3, 3, 3, 4, 4, 4, 4 ] 
______ 3 905969664 [ 1, 1, 1, 1, 3, 3, 3, 3, 3, 3, 3, 3, 4, 4, 4, 4 ] 
______ 4 905969664 [ 1, 1, 1, 1, 3, 3, 3, 3, 3, 3, 3, 3, 4, 4, 4, 4 ] 
______ 5 905969664 [ 1, 1, 1, 1, 3, 3, 3, 3, 3, 3, 3, 3, 4, 4, 4, 4 ] 
10 16 905969664 [ 1, 1, 1, 1, 3, 3, 3, 3, 3, 3, 3, 4, 4, 4, 4, 4 ] 
_____________ 
____ 73383542784 127401984 [ 1, 1, 1, 1, 2, 2, 2, 2, 2, 2, 2, 2, 3, 3, 3, 3 ] 0.162 sec. 
______ 1 73383542784 [ 1, 1, 1, 1, 2, 2, 2, 2, 2, 2, 2, 2, 3, 3, 3, 3 ] 
______ 2 73383542784 [ 1, 1, 1, 1, 2, 2, 2, 2, 2, 2, 2, 2, 3, 3, 3, 3 ] 
______ 3 73383542784 [ 1, 1, 1, 1, 2, 2, 2, 2, 2, 2, 2, 2, 3, 3, 3, 3 ] 
______ 4 73383542784 [ 1, 1, 1, 1, 2, 2, 2, 2, 2, 2, 2, 2, 3, 3, 3, 3 ] 
______ 5 73383542784 [ 1, 1, 1, 1, 2, 2, 2, 2, 2, 2, 2, 2, 3, 3, 3, 3 ] 
11 48 73383542784 [ 1, 1, 1, 1, 2, 2, 2, 2, 2, 2, 2, 2, 3, 3, 3, 3 ] 
_____________ 
____ 905969664 1572864 [ 1, 1, 1, 1, 2, 2, 2, 2, 3, 3, 3, 3, 3, 3, 3, 3 ] 0.088 sec. 
______ 1 905969664 [ 1, 1, 1, 1, 2, 2, 2, 2, 3, 3, 3, 3, 3, 3, 3, 3 ] 
______ 2 905969664 [ 1, 1, 1, 1, 2, 2, 2, 2, 3, 3, 3, 3, 3, 3, 3, 3 ] 
______ 3 905969664 [ 1, 1, 1, 1, 2, 2, 2, 2, 3, 3, 3, 3, 3, 3, 3, 3 ] 
______ 4 905969664 [ 1, 1, 1, 1, 2, 2, 2, 2, 3, 3, 3, 3, 3, 3, 3, 3 ] 
______ 5 905969664 [ 1, 1, 1, 1, 2, 2, 2, 2, 3, 3, 3, 3, 3, 3, 3, 3 ] 
12 16 905969664 [ 1, 1, 1, 1, 2, 2, 2, 2, 3, 3, 3, 3, 3, 3, 3, 3 ] 
_____________ 
____ 48922361856 2038431744 [ 1, 1, 1, 1, 2, 2, 2, 2, 2, 2, 2, 2, 2, 2, 2, 2 ] 0.151 sec. 
______ 1 48922361856 [ 1, 1, 1, 1, 2, 2, 2, 2, 2, 2, 2, 2, 2, 2, 2, 2 ] 
______ 2 48922361856 [ 1, 1, 1, 1, 2, 2, 2, 2, 2, 2, 2, 2, 2, 2, 2, 2 ] 
______ 3 48922361856 [ 1, 1, 1, 1, 2, 2, 2, 2, 2, 2, 2, 2, 2, 2, 2, 2 ] 
______ 4 48922361856 [ 1, 1, 1, 1, 2, 2, 2, 2, 2, 2, 2, 2, 2, 2, 2, 2 ] 
______ 5 48922361856 [ 1, 1, 1, 1, 2, 2, 2, 2, 2, 2, 2, 2, 2, 2, 2, 2 ] 
13 96 48922361856 [ 1, 1, 1, 1, 2, 2, 2, 2, 2, 2, 2, 2, 2, 2, 2, 2 ] 
_____________ 
____ 191102976 7962624 [ 1, 1, 1, 1, 2, 2, 2, 2, 2, 2, 2, 2, 3, 3, 3, 3 ] 0.141 sec. 
______ 1 191102976 [ 1, 1, 1, 1, 2, 2, 2, 2, 2, 2, 2, 2, 3, 3, 3, 3 ] 
______ 2 191102976 [ 1, 1, 1, 1, 2, 2, 2, 2, 2, 2, 2, 2, 3, 3, 3, 3 ] 
______ 3 191102976 [ 1, 1, 1, 1, 2, 2, 2, 2, 2, 2, 2, 2, 3, 3, 3, 3 ] 
______ 4 191102976 [ 1, 1, 1, 1, 2, 2, 2, 2, 2, 2, 2, 2, 3, 3, 3, 3 ] 
______ 5 191102976 [ 1, 1, 1, 1, 2, 2, 2, 2, 2, 2, 2, 2, 3, 3, 3, 3 ] 
14 24 191102976 [ 1, 1, 1, 1, 2, 2, 2, 2, 2, 2, 2, 2, 3, 3, 3, 3 ] 
_____________ 
____ 905969664 1572864 [ 1, 1, 1, 1, 2, 2, 2, 2, 3, 3, 3, 3, 3, 3, 3, 3 ] 0.107 sec. 
______ 1 905969664 [ 1, 1, 1, 1, 2, 2, 2, 2, 3, 3, 3, 3, 3, 3, 3, 3 ] 
______ 2 905969664 [ 1, 1, 1, 1, 2, 2, 2, 2, 3, 3, 3, 3, 3, 3, 3, 3 ] 
______ 3 905969664 [ 1, 1, 1, 1, 2, 2, 2, 2, 3, 3, 3, 3, 3, 3, 3, 3 ] 
______ 4 905969664 [ 1, 1, 1, 1, 2, 2, 2, 2, 3, 3, 3, 3, 3, 3, 3, 3 ] 
______ 5 905969664 [ 1, 1, 1, 1, 2, 2, 2, 2, 3, 3, 3, 3, 3, 3, 3, 3 ] 
15 16 905969664 [ 1, 1, 1, 1, 2, 2, 2, 2, 3, 3, 3, 3, 3, 3, 3, 3 ] 
_____________ 
____ 1371195958099968000 521838526464 [ 1, 1, 1, 1, 1, 1, 1, 1, 1, 1, 1, 1, 1, 1, 1, 1 ] 0.113 sec. 
______ 1 1371195958099968000 [ 1, 1, 1, 1, 1, 1, 1, 1, 1, 1, 1, 1, 1, 1, 1, 1 ] 
______ 2 1371195958099968000 [ 1, 1, 1, 1, 1, 1, 1, 1, 1, 1, 1, 1, 1, 1, 1, 1 ] 
______ 3 1371195958099968000 [ 1, 1, 1, 1, 1, 1, 1, 1, 1, 1, 1, 1, 1, 1, 1, 1 ] 
______ 4 1371195958099968000 [ 1, 1, 1, 1, 1, 1, 1, 1, 1, 1, 1, 1, 1, 1, 1, 1 ] 
______ 5 1371195958099968000 [ 1, 1, 1, 1, 1, 1, 1, 1, 1, 1, 1, 1, 1, 1, 1, 1 ] 
16 384 1371195958099968000 [ 1, 1, 1, 1, 1, 1, 1, 1, 1, 1, 1, 1, 1, 1, 1, 1 ] 
_____________ 
____ 905969664 1572864 [ 1, 1, 1, 1, 2, 2, 2, 2, 3, 3, 3, 3, 3, 3, 3, 3 ] 0.103 sec. 
______ 1 905969664 [ 1, 1, 1, 1, 2, 2, 2, 2, 3, 3, 3, 3, 3, 3, 3, 3 ] 
______ 2 905969664 [ 1, 1, 1, 1, 2, 2, 2, 2, 3, 3, 3, 3, 3, 3, 3, 3 ] 
______ 3 905969664 [ 1, 1, 1, 1, 2, 2, 2, 2, 3, 3, 3, 3, 3, 3, 3, 3 ] 
______ 4 905969664 [ 1, 1, 1, 1, 2, 2, 2, 2, 3, 3, 3, 3, 3, 3, 3, 3 ] 
______ 5 905969664 [ 1, 1, 1, 1, 2, 2, 2, 2, 3, 3, 3, 3, 3, 3, 3, 3 ] 
17 16 905969664 [ 1, 1, 1, 1, 2, 2, 2, 2, 3, 3, 3, 3, 3, 3, 3, 3 ] 
_____________ 
____ 48922361856 2038431744 [ 1, 1, 1, 1, 2, 2, 2, 2, 2, 2, 2, 2, 2, 2, 2, 2 ] 0.112 sec. 
______ 1 48922361856 [ 1, 1, 1, 1, 2, 2, 2, 2, 2, 2, 2, 2, 2, 2, 2, 2 ] 
______ 2 48922361856 [ 1, 1, 1, 1, 2, 2, 2, 2, 2, 2, 2, 2, 2, 2, 2, 2 ] 
______ 3 48922361856 [ 1, 1, 1, 1, 2, 2, 2, 2, 2, 2, 2, 2, 2, 2, 2, 2 ] 
______ 4 48922361856 [ 1, 1, 1, 1, 2, 2, 2, 2, 2, 2, 2, 2, 2, 2, 2, 2 ] 
______ 5 48922361856 [ 1, 1, 1, 1, 2, 2, 2, 2, 2, 2, 2, 2, 2, 2, 2, 2 ] 
18 96 48922361856 [ 1, 1, 1, 1, 2, 2, 2, 2, 2, 2, 2, 2, 2, 2, 2, 2 ] 
_____________ 
____ 48922361856 2038431744 [ 1, 1, 1, 1, 2, 2, 2, 2, 2, 2, 2, 2, 2, 2, 2, 2 ] 0.097 sec. 
______ 1 48922361856 [ 1, 1, 1, 1, 2, 2, 2, 2, 2, 2, 2, 2, 2, 2, 2, 2 ] 
______ 2 48922361856 [ 1, 1, 1, 1, 2, 2, 2, 2, 2, 2, 2, 2, 2, 2, 2, 2 ] 
______ 3 48922361856 [ 1, 1, 1, 1, 2, 2, 2, 2, 2, 2, 2, 2, 2, 2, 2, 2 ] 
______ 4 48922361856 [ 1, 1, 1, 1, 2, 2, 2, 2, 2, 2, 2, 2, 2, 2, 2, 2 ] 
______ 5 48922361856 [ 1, 1, 1, 1, 2, 2, 2, 2, 2, 2, 2, 2, 2, 2, 2, 2 ] 
19 96 48922361856 [ 1, 1, 1, 1, 2, 2, 2, 2, 2, 2, 2, 2, 2, 2, 2, 2 ] 
_____________ 
____ 1371195958099968000 521838526464 [ 1, 1, 1, 1, 1, 1, 1, 1, 1, 1, 1, 1, 1, 1, 1, 1 ] 0.095 sec. 
______ 1 1371195958099968000 [ 1, 1, 1, 1, 1, 1, 1, 1, 1, 1, 1, 1, 1, 1, 1, 1 ] 
______ 2 1371195958099968000 [ 1, 1, 1, 1, 1, 1, 1, 1, 1, 1, 1, 1, 1, 1, 1, 1 ] 
______ 3 1371195958099968000 [ 1, 1, 1, 1, 1, 1, 1, 1, 1, 1, 1, 1, 1, 1, 1, 1 ] 
______ 4 1371195958099968000 [ 1, 1, 1, 1, 1, 1, 1, 1, 1, 1, 1, 1, 1, 1, 1, 1 ] 
______ 5 1371195958099968000 [ 1, 1, 1, 1, 1, 1, 1, 1, 1, 1, 1, 1, 1, 1, 1, 1 ] 
20 384 1371195958099968000 [ 1, 1, 1, 1, 1, 1, 1, 1, 1, 1, 1, 1, 1, 1, 1, 1 ] 
_____________ 
____ 48922361856 2038431744 [ 1, 1, 1, 1, 2, 2, 2, 2, 2, 2, 2, 2, 2, 2, 2, 2 ] 0.113 sec. 
______ 1 48922361856 [ 1, 1, 1, 1, 2, 2, 2, 2, 2, 2, 2, 2, 2, 2, 2, 2 ] 
______ 2 48922361856 [ 1, 1, 1, 1, 2, 2, 2, 2, 2, 2, 2, 2, 2, 2, 2, 2 ] 
______ 3 48922361856 [ 1, 1, 1, 1, 2, 2, 2, 2, 2, 2, 2, 2, 2, 2, 2, 2 ] 
______ 4 48922361856 [ 1, 1, 1, 1, 2, 2, 2, 2, 2, 2, 2, 2, 2, 2, 2, 2 ] 
______ 5 48922361856 [ 1, 1, 1, 1, 2, 2, 2, 2, 2, 2, 2, 2, 2, 2, 2, 2 ] 
21 96 48922361856 [ 1, 1, 1, 1, 2, 2, 2, 2, 2, 2, 2, 2, 2, 2, 2, 2 ] 
_____________ 
____ 106542032486400 402653184 [ 1, 1, 1, 1, 1, 1, 1, 1, 2, 2, 2, 2, 2, 2, 2, 2 ] 0.115 sec. 
______ 1 106542032486400 [ 1, 1, 1, 1, 1, 1, 1, 1, 2, 2, 2, 2, 2, 2, 2, 2 ] 
______ 2 106542032486400 [ 1, 1, 1, 1, 1, 1, 1, 1, 2, 2, 2, 2, 2, 2, 2, 2 ] 
______ 3 106542032486400 [ 1, 1, 1, 1, 1, 1, 1, 1, 2, 2, 2, 2, 2, 2, 2, 2 ] 
______ 4 106542032486400 [ 1, 1, 1, 1, 1, 1, 1, 1, 2, 2, 2, 2, 2, 2, 2, 2 ] 
______ 5 106542032486400 [ 1, 1, 1, 1, 1, 1, 1, 1, 2, 2, 2, 2, 2, 2, 2, 2 ] 
22 64 106542032486400 [ 1, 1, 1, 1, 1, 1, 1, 1, 2, 2, 2, 2, 2, 2, 2, 2 ] 
_____________ 
____ 1522029035520 25165824 [ 1, 1, 1, 1, 2, 2, 2, 2, 2, 2, 2, 2, 3, 3, 3, 3 ] 0.121 sec. 
______ 1 1522029035520 [ 1, 1, 1, 1, 2, 2, 2, 2, 2, 2, 2, 2, 3, 3, 3, 3 ] 
______ 2 1522029035520 [ 1, 1, 1, 1, 2, 2, 2, 2, 2, 2, 2, 2, 3, 3, 3, 3 ] 
______ 3 1522029035520 [ 1, 1, 1, 1, 2, 2, 2, 2, 2, 2, 2, 2, 3, 3, 3, 3 ] 
______ 4 1522029035520 [ 1, 1, 1, 1, 2, 2, 2, 2, 2, 2, 2, 2, 3, 3, 3, 3 ] 
______ 5 1522029035520 [ 1, 1, 1, 1, 2, 2, 2, 2, 2, 2, 2, 2, 3, 3, 3, 3 ] 
23 32 1522029035520 [ 1, 1, 1, 1, 2, 2, 2, 2, 2, 2, 2, 2, 3, 3, 3, 3 ] 
_____________ 
____ 905969664 1572864 [ 1, 1, 1, 1, 2, 2, 2, 2, 2, 2, 2, 2, 3, 3, 3, 3 ] 0.108 sec. 
______ 1 905969664 [ 1, 1, 1, 1, 2, 2, 2, 2, 2, 2, 2, 2, 3, 3, 3, 3 ] 
______ 2 905969664 [ 1, 1, 1, 1, 2, 2, 2, 2, 2, 2, 2, 2, 3, 3, 3, 3 ] 
______ 3 905969664 [ 1, 1, 1, 1, 2, 2, 2, 2, 2, 2, 2, 2, 3, 3, 3, 3 ] 
______ 4 905969664 [ 1, 1, 1, 1, 2, 2, 2, 2, 2, 2, 2, 2, 3, 3, 3, 3 ] 
______ 5 905969664 [ 1, 1, 1, 1, 2, 2, 2, 2, 2, 2, 2, 2, 3, 3, 3, 3 ] 
24 16 905969664 [ 1, 1, 1, 1, 2, 2, 2, 2, 2, 2, 2, 2, 3, 3, 3, 3 ] 
_____________ 
____ 753404372582400 2038431744 [ 1, 1, 1, 1, 2, 2, 2, 2, 2, 2, 2, 2, 2, 2, 2, 2 ] 0.083 sec. 
______ 1 753404372582400 [ 1, 1, 1, 1, 2, 2, 2, 2, 2, 2, 2, 2, 2, 2, 2, 2 ] 
______ 2 753404372582400 [ 1, 1, 1, 1, 2, 2, 2, 2, 2, 2, 2, 2, 2, 2, 2, 2 ] 
______ 3 753404372582400 [ 1, 1, 1, 1, 2, 2, 2, 2, 2, 2, 2, 2, 2, 2, 2, 2 ] 
______ 4 753404372582400 [ 1, 1, 1, 1, 2, 2, 2, 2, 2, 2, 2, 2, 2, 2, 2, 2 ] 
______ 5 753404372582400 [ 1, 1, 1, 1, 2, 2, 2, 2, 2, 2, 2, 2, 2, 2, 2, 2 ] 
25 96 753404372582400 [ 1, 1, 1, 1, 2, 2, 2, 2, 2, 2, 2, 2, 2, 2, 2, 2 ] 
_____________ 
____ 7962624 7962624 [ 2, 2, 2, 2, 3, 3, 3, 3, 3, 3, 3, 3, 3, 3, 3, 3 ] 0.086 sec. 
______ 1 7962624 [ 2, 2, 2, 2, 3, 3, 3, 3, 3, 3, 3, 3, 3, 3, 3, 3 ] 
______ 2 7962624 [ 2, 2, 2, 2, 3, 3, 3, 3, 3, 3, 3, 3, 3, 3, 3, 3 ] 
______ 3 7962624 [ 2, 2, 2, 2, 3, 3, 3, 3, 3, 3, 3, 3, 3, 3, 3, 3 ] 
______ 4 7962624 [ 2, 2, 2, 2, 3, 3, 3, 3, 3, 3, 3, 3, 3, 3, 3, 3 ] 
______ 5 7962624 [ 2, 2, 2, 2, 3, 3, 3, 3, 3, 3, 3, 3, 3, 3, 3, 3 ] 
26 24 7962624 [ 2, 2, 2, 2, 3, 3, 3, 3, 3, 3, 3, 3, 3, 3, 3, 3 ] 
_____________ 
____ 48922361856 2038431744 [ 1, 1, 1, 1, 4, 4, 4, 4, 4, 4, 4, 4, 4, 4, 4, 4 ] 0.140 sec. 
______ 1 48922361856 [ 1, 1, 1, 1, 4, 4, 4, 4, 4, 4, 4, 4, 4, 4, 4, 4 ] 
______ 2 48922361856 [ 1, 1, 1, 1, 4, 4, 4, 4, 4, 4, 4, 4, 4, 4, 4, 4 ] 
______ 3 48922361856 [ 1, 1, 1, 1, 4, 4, 4, 4, 4, 4, 4, 4, 4, 4, 4, 4 ] 
______ 4 48922361856 [ 1, 1, 1, 1, 4, 4, 4, 4, 4, 4, 4, 4, 4, 4, 4, 4 ] 
______ 5 48922361856 [ 1, 1, 1, 1, 4, 4, 4, 4, 4, 4, 4, 4, 4, 4, 4, 4 ] 
27 96 48922361856 [ 1, 1, 1, 1, 4, 4, 4, 4, 4, 4, 4, 4, 4, 4, 4, 4 ] 
_____________ 
____ 753404372582400 2038431744 [ 1, 1, 1, 1, 1, 1, 1, 1, 1, 1, 1, 1, 2, 2, 2, 2 ] 0.161 sec. 
______ 1 753404372582400 [ 1, 1, 1, 1, 1, 1, 1, 1, 1, 1, 1, 1, 2, 2, 2, 2 ] 
______ 2 753404372582400 [ 1, 1, 1, 1, 1, 1, 1, 1, 1, 1, 1, 1, 2, 2, 2, 2 ] 
______ 3 753404372582400 [ 1, 1, 1, 1, 1, 1, 1, 1, 1, 1, 1, 1, 2, 2, 2, 2 ] 
______ 4 753404372582400 [ 1, 1, 1, 1, 1, 1, 1, 1, 1, 1, 1, 1, 2, 2, 2, 2 ] 
______ 5 753404372582400 [ 1, 1, 1, 1, 1, 1, 1, 1, 1, 1, 1, 1, 2, 2, 2, 2 ] 
28 96 753404372582400 [ 1, 1, 1, 1, 1, 1, 1, 1, 1, 1, 1, 1, 2, 2, 2, 2 ] 
_____________ 
____ 1371195958099968000 521838526464 [ 1, 1, 1, 1, 1, 1, 1, 1, 1, 1, 1, 1, 1, 1, 1, 1 ] 0.133 sec. 
______ 1 1371195958099968000 [ 1, 1, 1, 1, 1, 1, 1, 1, 1, 1, 1, 1, 1, 1, 1, 1 ] 
______ 2 1371195958099968000 [ 1, 1, 1, 1, 1, 1, 1, 1, 1, 1, 1, 1, 1, 1, 1, 1 ] 
______ 3 1371195958099968000 [ 1, 1, 1, 1, 1, 1, 1, 1, 1, 1, 1, 1, 1, 1, 1, 1 ] 
______ 4 1371195958099968000 [ 1, 1, 1, 1, 1, 1, 1, 1, 1, 1, 1, 1, 1, 1, 1, 1 ] 
______ 5 1371195958099968000 [ 1, 1, 1, 1, 1, 1, 1, 1, 1, 1, 1, 1, 1, 1, 1, 1 ] 
29 384 1371195958099968000 [ 1, 1, 1, 1, 1, 1, 1, 1, 1, 1, 1, 1, 1, 1, 1, 1 ] 
_____________ 
____ 48922361856 2038431744 [ 1, 1, 1, 1, 2, 2, 2, 2, 2, 2, 2, 2, 2, 2, 2, 2 ] 0.107 sec. 
______ 1 48922361856 [ 1, 1, 1, 1, 2, 2, 2, 2, 2, 2, 2, 2, 2, 2, 2, 2 ] 
______ 2 48922361856 [ 1, 1, 1, 1, 2, 2, 2, 2, 2, 2, 2, 2, 2, 2, 2, 2 ] 
______ 3 48922361856 [ 1, 1, 1, 1, 2, 2, 2, 2, 2, 2, 2, 2, 2, 2, 2, 2 ] 
______ 4 48922361856 [ 1, 1, 1, 1, 2, 2, 2, 2, 2, 2, 2, 2, 2, 2, 2, 2 ] 
______ 5 48922361856 [ 1, 1, 1, 1, 2, 2, 2, 2, 2, 2, 2, 2, 2, 2, 2, 2 ] 
30 96 48922361856 [ 1, 1, 1, 1, 2, 2, 2, 2, 2, 2, 2, 2, 2, 2, 2, 2 ] 
_____________ 
____ 37748736 1572864 [ 1, 1, 1, 1, 2, 2, 2, 2, 3, 3, 3, 3, 3, 3, 3, 3 ] 0.095 sec. 
______ 1 37748736 [ 1, 1, 1, 1, 2, 2, 2, 2, 3, 3, 3, 3, 3, 3, 3, 3 ] 
______ 2 37748736 [ 1, 1, 1, 1, 2, 2, 2, 2, 3, 3, 3, 3, 3, 3, 3, 3 ] 
______ 3 37748736 [ 1, 1, 1, 1, 2, 2, 2, 2, 3, 3, 3, 3, 3, 3, 3, 3 ] 
______ 4 37748736 [ 1, 1, 1, 1, 2, 2, 2, 2, 3, 3, 3, 3, 3, 3, 3, 3 ] 
______ 5 37748736 [ 1, 1, 1, 1, 2, 2, 2, 2, 3, 3, 3, 3, 3, 3, 3, 3 ] 
31 16 37748736 [ 1, 1, 1, 1, 2, 2, 2, 2, 3, 3, 3, 3, 3, 3, 3, 3 ] 
_____________ 
____ 73383542784 127401984 [ 1, 1, 1, 1, 4, 4, 4, 4, 4, 4, 4, 4, 4, 4, 4, 4 ] 0.104 sec. 
______ 1 73383542784 [ 1, 1, 1, 1, 4, 4, 4, 4, 4, 4, 4, 4, 4, 4, 4, 4 ] 
______ 2 73383542784 [ 1, 1, 1, 1, 4, 4, 4, 4, 4, 4, 4, 4, 4, 4, 4, 4 ] 
______ 3 73383542784 [ 1, 1, 1, 1, 4, 4, 4, 4, 4, 4, 4, 4, 4, 4, 4, 4 ] 
______ 4 73383542784 [ 1, 1, 1, 1, 4, 4, 4, 4, 4, 4, 4, 4, 4, 4, 4, 4 ] 
______ 5 73383542784 [ 1, 1, 1, 1, 4, 4, 4, 4, 4, 4, 4, 4, 4, 4, 4, 4 ] 
32 48 73383542784 [ 1, 1, 1, 1, 4, 4, 4, 4, 4, 4, 4, 4, 4, 4, 4, 4 ] 
_____________ 
____ 1522029035520 25165824 [ 1, 1, 1, 1, 2, 2, 2, 2, 3, 3, 3, 3, 3, 3, 3, 3 ] 0.099 sec. 
______ 1 1522029035520 [ 1, 1, 1, 1, 2, 2, 2, 2, 3, 3, 3, 3, 3, 3, 3, 3 ] 
______ 2 1522029035520 [ 1, 1, 1, 1, 2, 2, 2, 2, 3, 3, 3, 3, 3, 3, 3, 3 ] 
______ 3 1522029035520 [ 1, 1, 1, 1, 2, 2, 2, 2, 3, 3, 3, 3, 3, 3, 3, 3 ] 
______ 4 1522029035520 [ 1, 1, 1, 1, 2, 2, 2, 2, 3, 3, 3, 3, 3, 3, 3, 3 ] 
______ 5 1522029035520 [ 1, 1, 1, 1, 2, 2, 2, 2, 3, 3, 3, 3, 3, 3, 3, 3 ] 
33 32 1522029035520 [ 1, 1, 1, 1, 2, 2, 2, 2, 3, 3, 3, 3, 3, 3, 3, 3 ] 
_____________ 
____ 48922361856 2038431744 [ 1, 1, 1, 1, 2, 2, 2, 2, 2, 2, 2, 2, 2, 2, 2, 2 ] 0.130 sec. 
______ 1 48922361856 [ 1, 1, 1, 1, 2, 2, 2, 2, 2, 2, 2, 2, 2, 2, 2, 2 ] 
______ 2 48922361856 [ 1, 1, 1, 1, 2, 2, 2, 2, 2, 2, 2, 2, 2, 2, 2, 2 ] 
______ 3 48922361856 [ 1, 1, 1, 1, 2, 2, 2, 2, 2, 2, 2, 2, 2, 2, 2, 2 ] 
______ 4 48922361856 [ 1, 1, 1, 1, 2, 2, 2, 2, 2, 2, 2, 2, 2, 2, 2, 2 ] 
______ 5 48922361856 [ 1, 1, 1, 1, 2, 2, 2, 2, 2, 2, 2, 2, 2, 2, 2, 2 ] 
34 96 48922361856 [ 1, 1, 1, 1, 2, 2, 2, 2, 2, 2, 2, 2, 2, 2, 2, 2 ] 
_____________ 
____ 1371195958099968000 521838526464 [ 1, 1, 1, 1, 1, 1, 1, 1, 1, 1, 1, 1, 1, 1, 1, 1 ] 0.096 sec. 
______ 1 1371195958099968000 [ 1, 1, 1, 1, 1, 1, 1, 1, 1, 1, 1, 1, 1, 1, 1, 1 ] 
______ 2 1371195958099968000 [ 1, 1, 1, 1, 1, 1, 1, 1, 1, 1, 1, 1, 1, 1, 1, 1 ] 
______ 3 1371195958099968000 [ 1, 1, 1, 1, 1, 1, 1, 1, 1, 1, 1, 1, 1, 1, 1, 1 ] 
______ 4 1371195958099968000 [ 1, 1, 1, 1, 1, 1, 1, 1, 1, 1, 1, 1, 1, 1, 1, 1 ] 
______ 5 1371195958099968000 [ 1, 1, 1, 1, 1, 1, 1, 1, 1, 1, 1, 1, 1, 1, 1, 1 ] 
35 384 1371195958099968000 [ 1, 1, 1, 1, 1, 1, 1, 1, 1, 1, 1, 1, 1, 1, 1, 1 ] 
_____________ 
___repeat 1 
___repeat 2 
wrong in NewOGLat 7766152 
Error,  at gapReads/gaptools.txt:723 called from
localbeep( "NewOGLat", beepnumb ); at NewOGLat.g:215 called from
beep( 7766152 ); at NewOGLat.g:383 called from
NewOGLat( basisrec, giveupsec + counter ) at NewOGLat.g:653 called from
RepeatNewOGLat( tGram16, 10, 10 ) at Task20260909Ub.g:26 called from
<function "unknown">( <arguments> )
 called from read-eval loop at Task20260909Ub.g:59
you can 'quit;' to quit to outer loop, or
you can 'return;' to continue
brk> GramL;
[ [ 107, 26, 16, 30, 0, 0, 0, 0, 0, 0, 0, 0, 0, 0, 0, 0 ], [ 26, 43, 32, -48, 0, 0, 0, 0, 0, 0, 0, 0, 0, 0, 0, 0 ], 
  [ 16, 32, 24, -38, 0, 0, 0, 0, 0, 0, 0, 0, 0, 0, 0, 0 ], [ 30, -48, -38, 92, 0, 0, 0, 0, 0, 0, 0, 0, 0, 0, 0, 0 ], 
  [ 0, 0, 0, 0, 3, 3, -3, 11, 0, 0, 0, 0, 0, 0, 0, 0 ], [ 0, 0, 0, 0, 3, 103, -15, 17, 0, 0, 0, 0, 0, 0, 0, 0 ], 
  [ 0, 0, 0, 0, -3, -15, 6, -18, 0, 0, 0, 0, 0, 0, 0, 0 ], [ 0, 0, 0, 0, 11, 17, -18, 66, 0, 0, 0, 0, 0, 0, 0, 0 ], 
  [ 0, 0, 0, 0, 0, 0, 0, 0, 519019, -27831, -101442, -56017, 0, 0, 0, 0 ], [ 0, 0, 0, 0, 0, 0, 0, 0, -27831, 1494, 5439, 3005, 0, 0, 0, 0 ], 
  [ 0, 0, 0, 0, 0, 0, 0, 0, -101442, 5439, 19827, 10948, 0, 0, 0, 0 ], [ 0, 0, 0, 0, 0, 0, 0, 0, -56017, 3005, 10948, 6047, 0, 0, 0, 0 ], 
  [ 0, 0, 0, 0, 0, 0, 0, 0, 0, 0, 0, 0, 3, -4, 16, 2 ], [ 0, 0, 0, 0, 0, 0, 0, 0, 0, 0, 0, 0, -4, 16, -60, -6 ], 
  [ 0, 0, 0, 0, 0, 0, 0, 0, 0, 0, 0, 0, 16, -60, 231, 21 ], [ 0, 0, 0, 0, 0, 0, 0, 0, 0, 0, 0, 0, 2, -6, 21, 3 ] ]
brk> quit;
gap> Read("Task20260909Ub.g");
____ 1371195958099968000 521838526464 [ 1, 1, 1, 1, 1, 1, 1, 1, 1, 1, 1, 1, 1, 1, 1, 1 ] 0.099 sec. 
______ 1 1371195958099968000 [ 1, 1, 1, 1, 1, 1, 1, 1, 1, 1, 1, 1, 1, 1, 1, 1 ] 
______ 2 1371195958099968000 [ 1, 1, 1, 1, 1, 1, 1, 1, 1, 1, 1, 1, 1, 1, 1, 1 ] 
______ 3 1371195958099968000 [ 1, 1, 1, 1, 1, 1, 1, 1, 1, 1, 1, 1, 1, 1, 1, 1 ] 
______ 4 1371195958099968000 [ 1, 1, 1, 1, 1, 1, 1, 1, 1, 1, 1, 1, 1, 1, 1, 1 ] 
______ 5 1371195958099968000 [ 1, 1, 1, 1, 1, 1, 1, 1, 1, 1, 1, 1, 1, 1, 1, 1 ] 
1 384 1371195958099968000 [ 1, 1, 1, 1, 1, 1, 1, 1, 1, 1, 1, 1, 1, 1, 1, 1 ] 
_____________ 
____ 73383542784 127401984 [ 1, 1, 1, 1, 2, 2, 2, 2, 2, 2, 2, 2, 2, 2, 2, 2 ] 0.071 sec. 
______ 1 73383542784 [ 1, 1, 1, 1, 2, 2, 2, 2, 2, 2, 2, 2, 2, 2, 2, 2 ] 
______ 2 73383542784 [ 1, 1, 1, 1, 2, 2, 2, 2, 2, 2, 2, 2, 2, 2, 2, 2 ] 
______ 3 73383542784 [ 1, 1, 1, 1, 2, 2, 2, 2, 2, 2, 2, 2, 2, 2, 2, 2 ] 
______ 4 73383542784 [ 1, 1, 1, 1, 2, 2, 2, 2, 2, 2, 2, 2, 2, 2, 2, 2 ] 
______ 5 73383542784 [ 1, 1, 1, 1, 2, 2, 2, 2, 2, 2, 2, 2, 2, 2, 2, 2 ] 
2 48 73383542784 [ 1, 1, 1, 1, 2, 2, 2, 2, 2, 2, 2, 2, 2, 2, 2, 2 ] 
_____________ 
____ 73383542784 127401984 [ 1, 1, 1, 1, 2, 2, 2, 2, 2, 2, 2, 2, 3, 3, 3, 3 ] 0.135 sec. 
______ 1 73383542784 [ 1, 1, 1, 1, 2, 2, 2, 2, 2, 2, 2, 2, 3, 3, 3, 3 ] 
______ 2 73383542784 [ 1, 1, 1, 1, 2, 2, 2, 2, 2, 2, 2, 2, 3, 3, 3, 3 ] 
______ 3 73383542784 [ 1, 1, 1, 1, 2, 2, 2, 2, 2, 2, 2, 2, 3, 3, 3, 3 ] 
______ 4 73383542784 [ 1, 1, 1, 1, 2, 2, 2, 2, 2, 2, 2, 2, 3, 3, 3, 3 ] 
______ 5 73383542784 [ 1, 1, 1, 1, 2, 2, 2, 2, 2, 2, 2, 2, 3, 3, 3, 3 ] 
3 48 73383542784 [ 1, 1, 1, 1, 2, 2, 2, 2, 2, 2, 2, 2, 3, 3, 3, 3 ] 
_____________ 
____ 1371195958099968000 521838526464 [ 1, 1, 1, 1, 1, 1, 1, 1, 1, 1, 1, 1, 1, 1, 1, 1 ] 0.172 sec. 
______ 1 1371195958099968000 [ 1, 1, 1, 1, 1, 1, 1, 1, 1, 1, 1, 1, 1, 1, 1, 1 ] 
______ 2 1371195958099968000 [ 1, 1, 1, 1, 1, 1, 1, 1, 1, 1, 1, 1, 1, 1, 1, 1 ] 
______ 3 1371195958099968000 [ 1, 1, 1, 1, 1, 1, 1, 1, 1, 1, 1, 1, 1, 1, 1, 1 ] 
______ 4 1371195958099968000 [ 1, 1, 1, 1, 1, 1, 1, 1, 1, 1, 1, 1, 1, 1, 1, 1 ] 
______ 5 1371195958099968000 [ 1, 1, 1, 1, 1, 1, 1, 1, 1, 1, 1, 1, 1, 1, 1, 1 ] 
4 384 1371195958099968000 [ 1, 1, 1, 1, 1, 1, 1, 1, 1, 1, 1, 1, 1, 1, 1, 1 ] 
_____________ 
____ 753404372582400 2038431744 [ 1, 1, 1, 1, 1, 1, 1, 1, 1, 1, 1, 1, 2, 2, 2, 2 ] 0.150 sec. 
______ 1 753404372582400 [ 1, 1, 1, 1, 1, 1, 1, 1, 1, 1, 1, 1, 2, 2, 2, 2 ] 
______ 2 753404372582400 [ 1, 1, 1, 1, 1, 1, 1, 1, 1, 1, 1, 1, 2, 2, 2, 2 ] 
______ 3 753404372582400 [ 1, 1, 1, 1, 1, 1, 1, 1, 1, 1, 1, 1, 2, 2, 2, 2 ] 
______ 4 753404372582400 [ 1, 1, 1, 1, 1, 1, 1, 1, 1, 1, 1, 1, 2, 2, 2, 2 ] 
______ 5 753404372582400 [ 1, 1, 1, 1, 1, 1, 1, 1, 1, 1, 1, 1, 2, 2, 2, 2 ] 
5 96 753404372582400 [ 1, 1, 1, 1, 1, 1, 1, 1, 1, 1, 1, 1, 2, 2, 2, 2 ] 
_____________ 
____ 98304 98304 [ 2, 2, 2, 2, 2, 2, 2, 2, 3, 3, 3, 3, 3, 3, 3, 3 ] 0.575 sec. 
______ 1 98304 [ 2, 2, 2, 2, 2, 2, 2, 2, 3, 3, 3, 3, 3, 3, 3, 3 ] 
______ 2 98304 [ 2, 2, 2, 2, 2, 2, 2, 2, 3, 3, 3, 3, 3, 3, 3, 3 ] 
______ 3 98304 [ 2, 2, 2, 2, 2, 2, 2, 2, 3, 3, 3, 3, 3, 3, 3, 3 ] 
______ 4 98304 [ 2, 2, 2, 2, 2, 2, 2, 2, 3, 3, 3, 3, 3, 3, 3, 3 ] 
______ 5 98304 [ 2, 2, 2, 2, 2, 2, 2, 2, 3, 3, 3, 3, 3, 3, 3, 3 ] 
6 8 98304 [ 2, 2, 2, 2, 2, 2, 2, 2, 3, 3, 3, 3, 3, 3, 3, 3 ] 
_____________ 
____ 98304 98304 [ 2, 2, 2, 2, 2, 2, 2, 2, 3, 3, 3, 3, 4, 4, 4, 4 ] 4.992 sec. 
___repeat 1 
___repeat 2 
______ 1 98304 [ 2, 2, 2, 2, 2, 2, 2, 2, 3, 3, 3, 3, 4, 4, 4, 4 ] 
___repeat 1 
___repeat 2 
___repeat 3 
___repeat 4 
___repeat 5 
______ 2 98304 [ 2, 2, 2, 2, 2, 2, 2, 2, 3, 3, 3, 3, 4, 4, 4, 4 ] 
___repeat 1 
___repeat 2 
______ 3 98304 [ 2, 2, 2, 2, 2, 2, 2, 2, 3, 3, 3, 3, 4, 4, 4, 4 ] 
___repeat 1 
___repeat 2 
______ 4 98304 [ 2, 2, 2, 2, 2, 2, 2, 2, 3, 3, 3, 3, 4, 4, 4, 4 ] 
___repeat 1 
___repeat 2 
______ 5 98304 [ 2, 2, 2, 2, 2, 2, 2, 2, 3, 3, 3, 3, 4, 4, 4, 4 ] 
7 8 98304 [ 2, 2, 2, 2, 2, 2, 2, 2, 3, 3, 3, 3, 4, 4, 4, 4 ] 
_____________ 
____ 753404372582400 2038431744 [ 1, 1, 1, 1, 1, 1, 1, 1, 1, 1, 1, 1, 2, 2, 2, 2 ] 0.164 sec. 
______ 1 753404372582400 [ 1, 1, 1, 1, 1, 1, 1, 1, 1, 1, 1, 1, 2, 2, 2, 2 ] 
______ 2 753404372582400 [ 1, 1, 1, 1, 1, 1, 1, 1, 1, 1, 1, 1, 2, 2, 2, 2 ] 
______ 3 753404372582400 [ 1, 1, 1, 1, 1, 1, 1, 1, 1, 1, 1, 1, 2, 2, 2, 2 ] 
______ 4 753404372582400 [ 1, 1, 1, 1, 1, 1, 1, 1, 1, 1, 1, 1, 2, 2, 2, 2 ] 
______ 5 753404372582400 [ 1, 1, 1, 1, 1, 1, 1, 1, 1, 1, 1, 1, 2, 2, 2, 2 ] 
8 96 753404372582400 [ 1, 1, 1, 1, 1, 1, 1, 1, 1, 1, 1, 1, 2, 2, 2, 2 ] 
_____________ 
____ 1371195958099968000 521838526464 [ 1, 1, 1, 1, 1, 1, 1, 1, 1, 1, 1, 1, 1, 1, 1, 1 ] 0.113 sec. 
______ 1 1371195958099968000 [ 1, 1, 1, 1, 1, 1, 1, 1, 1, 1, 1, 1, 1, 1, 1, 1 ] 
______ 2 1371195958099968000 [ 1, 1, 1, 1, 1, 1, 1, 1, 1, 1, 1, 1, 1, 1, 1, 1 ] 
______ 3 1371195958099968000 [ 1, 1, 1, 1, 1, 1, 1, 1, 1, 1, 1, 1, 1, 1, 1, 1 ] 
______ 4 1371195958099968000 [ 1, 1, 1, 1, 1, 1, 1, 1, 1, 1, 1, 1, 1, 1, 1, 1 ] 
______ 5 1371195958099968000 [ 1, 1, 1, 1, 1, 1, 1, 1, 1, 1, 1, 1, 1, 1, 1, 1 ] 
9 384 1371195958099968000 [ 1, 1, 1, 1, 1, 1, 1, 1, 1, 1, 1, 1, 1, 1, 1, 1 ] 
_____________ 
____ 7962624 7962624 [ 2, 2, 2, 2, 2, 2, 2, 2, 3, 3, 3, 3, 3, 3, 3, 3 ] 0.096 sec. 
______ 1 7962624 [ 2, 2, 2, 2, 2, 2, 2, 2, 3, 3, 3, 3, 3, 3, 3, 3 ] 
______ 2 7962624 [ 2, 2, 2, 2, 2, 2, 2, 2, 3, 3, 3, 3, 3, 3, 3, 3 ] 
______ 3 7962624 [ 2, 2, 2, 2, 2, 2, 2, 2, 3, 3, 3, 3, 3, 3, 3, 3 ] 
______ 4 7962624 [ 2, 2, 2, 2, 2, 2, 2, 2, 3, 3, 3, 3, 3, 3, 3, 3 ] 
______ 5 7962624 [ 2, 2, 2, 2, 2, 2, 2, 2, 3, 3, 3, 3, 3, 3, 3, 3 ] 
10 24 7962624 [ 2, 2, 2, 2, 2, 2, 2, 2, 3, 3, 3, 3, 3, 3, 3, 3 ] 
_____________ 
____ 7962624 7962624 [ 2, 2, 2, 2, 3, 3, 3, 3, 3, 3, 3, 3, 3, 3, 3, 3 ] 0.083 sec. 
______ 1 7962624 [ 2, 2, 2, 2, 3, 3, 3, 3, 3, 3, 3, 3, 3, 3, 3, 3 ] 
______ 2 7962624 [ 2, 2, 2, 2, 3, 3, 3, 3, 3, 3, 3, 3, 3, 3, 3, 3 ] 
______ 3 7962624 [ 2, 2, 2, 2, 3, 3, 3, 3, 3, 3, 3, 3, 3, 3, 3, 3 ] 
______ 4 7962624 [ 2, 2, 2, 2, 3, 3, 3, 3, 3, 3, 3, 3, 3, 3, 3, 3 ] 
______ 5 7962624 [ 2, 2, 2, 2, 3, 3, 3, 3, 3, 3, 3, 3, 3, 3, 3, 3 ] 
11 24 7962624 [ 2, 2, 2, 2, 3, 3, 3, 3, 3, 3, 3, 3, 3, 3, 3, 3 ] 
_____________ 
____ 73383542784 127401984 [ 1, 1, 1, 1, 2, 2, 2, 2, 2, 2, 2, 2, 3, 3, 3, 3 ] 0.152 sec. 
______ 1 73383542784 [ 1, 1, 1, 1, 2, 2, 2, 2, 2, 2, 2, 2, 3, 3, 3, 3 ] 
______ 2 73383542784 [ 1, 1, 1, 1, 2, 2, 2, 2, 2, 2, 2, 2, 3, 3, 3, 3 ] 
______ 3 73383542784 [ 1, 1, 1, 1, 2, 2, 2, 2, 2, 2, 2, 2, 3, 3, 3, 3 ] 
______ 4 73383542784 [ 1, 1, 1, 1, 2, 2, 2, 2, 2, 2, 2, 2, 3, 3, 3, 3 ] 
______ 5 73383542784 [ 1, 1, 1, 1, 2, 2, 2, 2, 2, 2, 2, 2, 3, 3, 3, 3 ] 
12 48 73383542784 [ 1, 1, 1, 1, 2, 2, 2, 2, 2, 2, 2, 2, 3, 3, 3, 3 ] 
_____________ 
____ 48922361856 2038431744 [ 1, 1, 1, 1, 2, 2, 2, 2, 2, 2, 2, 2, 2, 2, 2, 2 ] 0.096 sec. 
______ 1 48922361856 [ 1, 1, 1, 1, 2, 2, 2, 2, 2, 2, 2, 2, 2, 2, 2, 2 ] 
______ 2 48922361856 [ 1, 1, 1, 1, 2, 2, 2, 2, 2, 2, 2, 2, 2, 2, 2, 2 ] 
______ 3 48922361856 [ 1, 1, 1, 1, 2, 2, 2, 2, 2, 2, 2, 2, 2, 2, 2, 2 ] 
______ 4 48922361856 [ 1, 1, 1, 1, 2, 2, 2, 2, 2, 2, 2, 2, 2, 2, 2, 2 ] 
______ 5 48922361856 [ 1, 1, 1, 1, 2, 2, 2, 2, 2, 2, 2, 2, 2, 2, 2, 2 ] 
13 96 48922361856 [ 1, 1, 1, 1, 2, 2, 2, 2, 2, 2, 2, 2, 2, 2, 2, 2 ] 
_____________ 
____ 905969664 1572864 [ 1, 1, 1, 1, 3, 3, 3, 3, 3, 3, 3, 3, 4, 4, 4, 4 ] 0.119 sec. 
______ 1 905969664 [ 1, 1, 1, 1, 3, 3, 3, 3, 3, 3, 3, 3, 4, 4, 4, 4 ] 
______ 2 905969664 [ 1, 1, 1, 1, 3, 3, 3, 3, 3, 3, 3, 3, 4, 4, 4, 4 ] 
______ 3 905969664 [ 1, 1, 1, 1, 3, 3, 3, 3, 3, 3, 3, 3, 4, 4, 4, 4 ] 
______ 4 905969664 [ 1, 1, 1, 1, 3, 3, 3, 3, 3, 3, 3, 3, 4, 4, 4, 4 ] 
______ 5 905969664 [ 1, 1, 1, 1, 3, 3, 3, 3, 3, 3, 3, 3, 4, 4, 4, 4 ] 
14 16 905969664 [ 1, 1, 1, 1, 3, 3, 3, 3, 3, 3, 3, 3, 4, 4, 4, 4 ] 
_____________ 
____ 2038431744 2038431744 [ 3, 3, 3, 3, 3, 3, 3, 3, 3, 3, 3, 3, 3, 4, 4, 4 ] 0.498 sec. 
______ 1 2038431744 [ 3, 3, 3, 3, 3, 3, 3, 3, 3, 3, 3, 3, 3, 3, 3, 4 ] 
______ 2 2038431744 [ 3, 3, 3, 3, 3, 3, 3, 3, 3, 3, 3, 3, 3, 3, 4, 4 ] 
______ 3 2038431744 [ 3, 3, 3, 3, 3, 3, 3, 3, 3, 3, 3, 3, 3, 3, 4, 4 ] 
______ 4 2038431744 [ 3, 3, 3, 3, 3, 3, 3, 3, 3, 3, 3, 3, 3, 3, 3, 4 ] 
___repeat 1 
______ 5 2038431744 [ 3, 3, 3, 3, 3, 3, 3, 3, 3, 3, 3, 3, 3, 3, 3, 3 ] 
15 96 2038431744 [ 3, 3, 3, 3, 3, 3, 3, 3, 3, 3, 3, 3, 3, 4, 4, 4 ] 
_____________ 
____ 191102976 7962624 [ 1, 1, 1, 1, 2, 2, 2, 2, 2, 2, 2, 2, 3, 3, 3, 3 ] 0.151 sec. 
______ 1 191102976 [ 1, 1, 1, 1, 2, 2, 2, 2, 2, 2, 2, 2, 3, 3, 3, 3 ] 
______ 2 191102976 [ 1, 1, 1, 1, 2, 2, 2, 2, 2, 2, 2, 2, 3, 3, 3, 3 ] 
______ 3 191102976 [ 1, 1, 1, 1, 2, 2, 2, 2, 2, 2, 2, 2, 3, 3, 3, 3 ] 
______ 4 191102976 [ 1, 1, 1, 1, 2, 2, 2, 2, 2, 2, 2, 2, 3, 3, 3, 3 ] 
______ 5 191102976 [ 1, 1, 1, 1, 2, 2, 2, 2, 2, 2, 2, 2, 3, 3, 3, 3 ] 
16 24 191102976 [ 1, 1, 1, 1, 2, 2, 2, 2, 2, 2, 2, 2, 3, 3, 3, 3 ] 
_____________ 
____ 753404372582400 2038431744 [ 1, 1, 1, 1, 2, 2, 2, 2, 2, 2, 2, 2, 2, 2, 2, 2 ] 0.101 sec. 
______ 1 753404372582400 [ 1, 1, 1, 1, 2, 2, 2, 2, 2, 2, 2, 2, 2, 2, 2, 2 ] 
______ 2 753404372582400 [ 1, 1, 1, 1, 2, 2, 2, 2, 2, 2, 2, 2, 2, 2, 2, 2 ] 
______ 3 753404372582400 [ 1, 1, 1, 1, 2, 2, 2, 2, 2, 2, 2, 2, 2, 2, 2, 2 ] 
______ 4 753404372582400 [ 1, 1, 1, 1, 2, 2, 2, 2, 2, 2, 2, 2, 2, 2, 2, 2 ] 
______ 5 753404372582400 [ 1, 1, 1, 1, 2, 2, 2, 2, 2, 2, 2, 2, 2, 2, 2, 2 ] 
17 96 753404372582400 [ 1, 1, 1, 1, 2, 2, 2, 2, 2, 2, 2, 2, 2, 2, 2, 2 ] 
_____________ 
____ 1371195958099968000 521838526464 [ 1, 1, 1, 1, 1, 1, 1, 1, 1, 1, 1, 1, 1, 1, 1, 1 ] 0.094 sec. 
______ 1 1371195958099968000 [ 1, 1, 1, 1, 1, 1, 1, 1, 1, 1, 1, 1, 1, 1, 1, 1 ] 
______ 2 1371195958099968000 [ 1, 1, 1, 1, 1, 1, 1, 1, 1, 1, 1, 1, 1, 1, 1, 1 ] 
______ 3 1371195958099968000 [ 1, 1, 1, 1, 1, 1, 1, 1, 1, 1, 1, 1, 1, 1, 1, 1 ] 
______ 4 1371195958099968000 [ 1, 1, 1, 1, 1, 1, 1, 1, 1, 1, 1, 1, 1, 1, 1, 1 ] 
______ 5 1371195958099968000 [ 1, 1, 1, 1, 1, 1, 1, 1, 1, 1, 1, 1, 1, 1, 1, 1 ] 
18 384 1371195958099968000 [ 1, 1, 1, 1, 1, 1, 1, 1, 1, 1, 1, 1, 1, 1, 1, 1 ] 
_____________ 
____ 5136847994880 2038431744 [ 1, 1, 1, 1, 1, 1, 1, 1, 2, 2, 2, 2, 2, 2, 2, 2 ] 0.106 sec. 
______ 1 5136847994880 [ 1, 1, 1, 1, 1, 1, 1, 1, 2, 2, 2, 2, 2, 2, 2, 2 ] 
______ 2 5136847994880 [ 1, 1, 1, 1, 1, 1, 1, 1, 2, 2, 2, 2, 2, 2, 2, 2 ] 
______ 3 5136847994880 [ 1, 1, 1, 1, 1, 1, 1, 1, 2, 2, 2, 2, 2, 2, 2, 2 ] 
______ 4 5136847994880 [ 1, 1, 1, 1, 1, 1, 1, 1, 2, 2, 2, 2, 2, 2, 2, 2 ] 
______ 5 5136847994880 [ 1, 1, 1, 1, 1, 1, 1, 1, 2, 2, 2, 2, 2, 2, 2, 2 ] 
19 96 5136847994880 [ 1, 1, 1, 1, 1, 1, 1, 1, 2, 2, 2, 2, 2, 2, 2, 2 ] 
_____________ 
____ 73383542784 127401984 [ 1, 1, 1, 1, 2, 2, 2, 2, 2, 2, 2, 2, 2, 2, 2, 2 ] 0.072 sec. 
______ 1 73383542784 [ 1, 1, 1, 1, 2, 2, 2, 2, 2, 2, 2, 2, 2, 2, 2, 2 ] 
______ 2 73383542784 [ 1, 1, 1, 1, 2, 2, 2, 2, 2, 2, 2, 2, 2, 2, 2, 2 ] 
______ 3 73383542784 [ 1, 1, 1, 1, 2, 2, 2, 2, 2, 2, 2, 2, 2, 2, 2, 2 ] 
______ 4 73383542784 [ 1, 1, 1, 1, 2, 2, 2, 2, 2, 2, 2, 2, 2, 2, 2, 2 ] 
______ 5 73383542784 [ 1, 1, 1, 1, 2, 2, 2, 2, 2, 2, 2, 2, 2, 2, 2, 2 ] 
20 48 73383542784 [ 1, 1, 1, 1, 2, 2, 2, 2, 2, 2, 2, 2, 2, 2, 2, 2 ] 
_____________ 
____ 2359296 98304 [ 1, 1, 1, 1, 3, 3, 3, 3, 3, 3, 3, 4, 4, 4, 4, 4 ] 0.111 sec. 
______ 1 2359296 [ 1, 1, 1, 1, 3, 3, 3, 3, 3, 3, 3, 3, 4, 4, 4, 4 ] 
______ 2 2359296 [ 1, 1, 1, 1, 3, 3, 3, 3, 3, 3, 3, 3, 4, 4, 4, 4 ] 
______ 3 2359296 [ 1, 1, 1, 1, 3, 3, 3, 3, 3, 3, 3, 4, 4, 4, 4, 4 ] 
______ 4 2359296 [ 1, 1, 1, 1, 3, 3, 3, 3, 3, 3, 3, 4, 4, 4, 4, 4 ] 
______ 5 2359296 [ 1, 1, 1, 1, 3, 3, 3, 3, 3, 3, 3, 3, 4, 4, 4, 4 ] 
21 8 2359296 [ 1, 1, 1, 1, 3, 3, 3, 3, 3, 3, 3, 4, 4, 4, 4, 4 ] 
_____________ 
____ 48922361856 2038431744 [ 1, 1, 1, 1, 2, 2, 2, 2, 2, 2, 2, 2, 2, 2, 2, 2 ] 0.095 sec. 
______ 1 48922361856 [ 1, 1, 1, 1, 2, 2, 2, 2, 2, 2, 2, 2, 2, 2, 2, 2 ] 
______ 2 48922361856 [ 1, 1, 1, 1, 2, 2, 2, 2, 2, 2, 2, 2, 2, 2, 2, 2 ] 
______ 3 48922361856 [ 1, 1, 1, 1, 2, 2, 2, 2, 2, 2, 2, 2, 2, 2, 2, 2 ] 
______ 4 48922361856 [ 1, 1, 1, 1, 2, 2, 2, 2, 2, 2, 2, 2, 2, 2, 2, 2 ] 
______ 5 48922361856 [ 1, 1, 1, 1, 2, 2, 2, 2, 2, 2, 2, 2, 2, 2, 2, 2 ] 
22 96 48922361856 [ 1, 1, 1, 1, 2, 2, 2, 2, 2, 2, 2, 2, 2, 2, 2, 2 ] 
_____________ 
____ 37748736 1572864 [ 1, 1, 1, 1, 2, 2, 2, 2, 3, 3, 3, 3, 3, 3, 3, 3 ] 0.122 sec. 
______ 1 37748736 [ 1, 1, 1, 1, 2, 2, 2, 2, 3, 3, 3, 3, 3, 3, 3, 3 ] 
______ 2 37748736 [ 1, 1, 1, 1, 2, 2, 2, 2, 3, 3, 3, 3, 3, 3, 3, 3 ] 
______ 3 37748736 [ 1, 1, 1, 1, 2, 2, 2, 2, 3, 3, 3, 3, 3, 3, 3, 3 ] 
______ 4 37748736 [ 1, 1, 1, 1, 2, 2, 2, 2, 3, 3, 3, 3, 3, 3, 3, 3 ] 
______ 5 37748736 [ 1, 1, 1, 1, 2, 2, 2, 2, 3, 3, 3, 3, 3, 3, 3, 3 ] 
23 16 37748736 [ 1, 1, 1, 1, 2, 2, 2, 2, 3, 3, 3, 3, 3, 3, 3, 3 ] 
_____________ 
____ 7962624 7962624 [ 2, 2, 2, 2, 2, 2, 2, 2, 3, 3, 3, 3, 3, 3, 3, 3 ] 0.074 sec. 
______ 1 7962624 [ 2, 2, 2, 2, 2, 2, 2, 2, 3, 3, 3, 3, 3, 3, 3, 3 ] 
______ 2 7962624 [ 2, 2, 2, 2, 2, 2, 2, 2, 3, 3, 3, 3, 3, 3, 3, 3 ] 
______ 3 7962624 [ 2, 2, 2, 2, 2, 2, 2, 2, 3, 3, 3, 3, 3, 3, 3, 3 ] 
______ 4 7962624 [ 2, 2, 2, 2, 2, 2, 2, 2, 3, 3, 3, 3, 3, 3, 3, 3 ] 
______ 5 7962624 [ 2, 2, 2, 2, 2, 2, 2, 2, 3, 3, 3, 3, 3, 3, 3, 3 ] 
24 24 7962624 [ 2, 2, 2, 2, 2, 2, 2, 2, 3, 3, 3, 3, 3, 3, 3, 3 ] 
_____________ 
____ 905969664 1572864 [ 1, 1, 1, 1, 2, 2, 2, 2, 3, 3, 3, 3, 3, 3, 3, 3 ] 0.097 sec. 
______ 1 905969664 [ 1, 1, 1, 1, 2, 2, 2, 2, 3, 3, 3, 3, 3, 3, 3, 3 ] 
______ 2 905969664 [ 1, 1, 1, 1, 2, 2, 2, 2, 3, 3, 3, 3, 3, 3, 3, 3 ] 
______ 3 905969664 [ 1, 1, 1, 1, 2, 2, 2, 2, 3, 3, 3, 3, 3, 3, 3, 3 ] 
______ 4 905969664 [ 1, 1, 1, 1, 2, 2, 2, 2, 3, 3, 3, 3, 3, 3, 3, 3 ] 
______ 5 905969664 [ 1, 1, 1, 1, 2, 2, 2, 2, 3, 3, 3, 3, 3, 3, 3, 3 ] 
25 16 905969664 [ 1, 1, 1, 1, 2, 2, 2, 2, 3, 3, 3, 3, 3, 3, 3, 3 ] 
_____________ 
____ 2359296 98304 [ 1, 1, 1, 1, 3, 3, 3, 3, 4, 4, 4, 4, 4, 4, 4, 4 ] 0.126 sec. 
______ 1 2359296 [ 1, 1, 1, 1, 3, 3, 3, 3, 4, 4, 4, 4, 4, 4, 4, 4 ] 
______ 2 2359296 [ 1, 1, 1, 1, 3, 3, 3, 3, 4, 4, 4, 4, 4, 4, 4, 4 ] 
______ 3 2359296 [ 1, 1, 1, 1, 3, 3, 3, 3, 4, 4, 4, 4, 4, 4, 4, 4 ] 
______ 4 2359296 [ 1, 1, 1, 1, 3, 3, 3, 3, 4, 4, 4, 4, 4, 4, 4, 4 ] 
______ 5 2359296 [ 1, 1, 1, 1, 3, 3, 3, 3, 4, 4, 4, 4, 4, 4, 4, 4 ] 
26 8 2359296 [ 1, 1, 1, 1, 3, 3, 3, 3, 4, 4, 4, 4, 4, 4, 4, 4 ] 
_____________ 
____ 753404372582400 2038431744 [ 1, 1, 1, 1, 2, 2, 2, 2, 2, 2, 2, 2, 2, 2, 2, 2 ] 0.096 sec. 
______ 1 753404372582400 [ 1, 1, 1, 1, 2, 2, 2, 2, 2, 2, 2, 2, 2, 2, 2, 2 ] 
______ 2 753404372582400 [ 1, 1, 1, 1, 2, 2, 2, 2, 2, 2, 2, 2, 2, 2, 2, 2 ] 
______ 3 753404372582400 [ 1, 1, 1, 1, 2, 2, 2, 2, 2, 2, 2, 2, 2, 2, 2, 2 ] 
______ 4 753404372582400 [ 1, 1, 1, 1, 2, 2, 2, 2, 2, 2, 2, 2, 2, 2, 2, 2 ] 
______ 5 753404372582400 [ 1, 1, 1, 1, 2, 2, 2, 2, 2, 2, 2, 2, 2, 2, 2, 2 ] 
27 96 753404372582400 [ 1, 1, 1, 1, 2, 2, 2, 2, 2, 2, 2, 2, 2, 2, 2, 2 ] 
_____________ 
____ 753404372582400 2038431744 [ 1, 1, 1, 1, 1, 1, 1, 1, 1, 1, 1, 1, 2, 2, 2, 2 ] 0.175 sec. 
______ 1 753404372582400 [ 1, 1, 1, 1, 1, 1, 1, 1, 1, 1, 1, 1, 2, 2, 2, 2 ] 
______ 2 753404372582400 [ 1, 1, 1, 1, 1, 1, 1, 1, 1, 1, 1, 1, 2, 2, 2, 2 ] 
______ 3 753404372582400 [ 1, 1, 1, 1, 1, 1, 1, 1, 1, 1, 1, 1, 2, 2, 2, 2 ] 
______ 4 753404372582400 [ 1, 1, 1, 1, 1, 1, 1, 1, 1, 1, 1, 1, 2, 2, 2, 2 ] 
______ 5 753404372582400 [ 1, 1, 1, 1, 1, 1, 1, 1, 1, 1, 1, 1, 2, 2, 2, 2 ] 
28 96 753404372582400 [ 1, 1, 1, 1, 1, 1, 1, 1, 1, 1, 1, 1, 2, 2, 2, 2 ] 
_____________ 
____ 5136847994880 2038431744 [ 1, 1, 1, 1, 1, 1, 1, 1, 2, 2, 2, 2, 2, 2, 2, 2 ] 0.104 sec. 
______ 1 5136847994880 [ 1, 1, 1, 1, 1, 1, 1, 1, 2, 2, 2, 2, 2, 2, 2, 2 ] 
______ 2 5136847994880 [ 1, 1, 1, 1, 1, 1, 1, 1, 2, 2, 2, 2, 2, 2, 2, 2 ] 
______ 3 5136847994880 [ 1, 1, 1, 1, 1, 1, 1, 1, 2, 2, 2, 2, 2, 2, 2, 2 ] 
______ 4 5136847994880 [ 1, 1, 1, 1, 1, 1, 1, 1, 2, 2, 2, 2, 2, 2, 2, 2 ] 
______ 5 5136847994880 [ 1, 1, 1, 1, 1, 1, 1, 1, 2, 2, 2, 2, 2, 2, 2, 2 ] 
29 96 5136847994880 [ 1, 1, 1, 1, 1, 1, 1, 1, 2, 2, 2, 2, 2, 2, 2, 2 ] 
_____________ 
____ 48922361856 2038431744 [ 1, 1, 1, 1, 2, 2, 2, 2, 2, 2, 2, 2, 2, 2, 2, 2 ] 0.170 sec. 
______ 1 48922361856 [ 1, 1, 1, 1, 2, 2, 2, 2, 2, 2, 2, 2, 2, 2, 2, 2 ] 
______ 2 48922361856 [ 1, 1, 1, 1, 2, 2, 2, 2, 2, 2, 2, 2, 2, 2, 2, 2 ] 
______ 3 48922361856 [ 1, 1, 1, 1, 2, 2, 2, 2, 2, 2, 2, 2, 2, 2, 2, 2 ] 
______ 4 48922361856 [ 1, 1, 1, 1, 2, 2, 2, 2, 2, 2, 2, 2, 2, 2, 2, 2 ] 
______ 5 48922361856 [ 1, 1, 1, 1, 2, 2, 2, 2, 2, 2, 2, 2, 2, 2, 2, 2 ] 
30 96 48922361856 [ 1, 1, 1, 1, 2, 2, 2, 2, 2, 2, 2, 2, 2, 2, 2, 2 ] 
_____________ 
____ 2359296 98304 [ 1, 1, 1, 1, 2, 2, 2, 2, 3, 3, 3, 3, 3, 3, 3, 3 ] 0.110 sec. 
______ 1 2359296 [ 1, 1, 1, 1, 2, 2, 2, 2, 3, 3, 3, 3, 3, 3, 3, 3 ] 
______ 2 2359296 [ 1, 1, 1, 1, 2, 2, 2, 2, 3, 3, 3, 3, 3, 3, 3, 3 ] 
______ 3 2359296 [ 1, 1, 1, 1, 2, 2, 2, 2, 3, 3, 3, 3, 3, 3, 3, 3 ] 
______ 4 2359296 [ 1, 1, 1, 1, 2, 2, 2, 2, 3, 3, 3, 3, 3, 3, 3, 3 ] 
______ 5 2359296 [ 1, 1, 1, 1, 2, 2, 2, 2, 3, 3, 3, 3, 3, 3, 3, 3 ] 
31 8 2359296 [ 1, 1, 1, 1, 2, 2, 2, 2, 3, 3, 3, 3, 3, 3, 3, 3 ] 
_____________ 
____ 106542032486400 402653184 [ 1, 1, 1, 1, 1, 1, 1, 1, 2, 2, 2, 2, 2, 2, 2, 2 ] 0.104 sec. 
______ 1 106542032486400 [ 1, 1, 1, 1, 1, 1, 1, 1, 2, 2, 2, 2, 2, 2, 2, 2 ] 
______ 2 106542032486400 [ 1, 1, 1, 1, 1, 1, 1, 1, 2, 2, 2, 2, 2, 2, 2, 2 ] 
______ 3 106542032486400 [ 1, 1, 1, 1, 1, 1, 1, 1, 2, 2, 2, 2, 2, 2, 2, 2 ] 
______ 4 106542032486400 [ 1, 1, 1, 1, 1, 1, 1, 1, 2, 2, 2, 2, 2, 2, 2, 2 ] 
______ 5 106542032486400 [ 1, 1, 1, 1, 1, 1, 1, 1, 2, 2, 2, 2, 2, 2, 2, 2 ] 
32 64 106542032486400 [ 1, 1, 1, 1, 1, 1, 1, 1, 2, 2, 2, 2, 2, 2, 2, 2 ] 
_____________ 
____ 5136847994880 2038431744 [ 1, 1, 1, 1, 1, 1, 1, 1, 2, 2, 2, 2, 2, 2, 2, 2 ] 0.133 sec. 
______ 1 5136847994880 [ 1, 1, 1, 1, 1, 1, 1, 1, 2, 2, 2, 2, 2, 2, 2, 2 ] 
______ 2 5136847994880 [ 1, 1, 1, 1, 1, 1, 1, 1, 2, 2, 2, 2, 2, 2, 2, 2 ] 
______ 3 5136847994880 [ 1, 1, 1, 1, 1, 1, 1, 1, 2, 2, 2, 2, 2, 2, 2, 2 ] 
______ 4 5136847994880 [ 1, 1, 1, 1, 1, 1, 1, 1, 2, 2, 2, 2, 2, 2, 2, 2 ] 
______ 5 5136847994880 [ 1, 1, 1, 1, 1, 1, 1, 1, 2, 2, 2, 2, 2, 2, 2, 2 ] 
33 96 5136847994880 [ 1, 1, 1, 1, 1, 1, 1, 1, 2, 2, 2, 2, 2, 2, 2, 2 ] 
_____________ 
____ 2359296 98304 [ 1, 1, 1, 1, 2, 2, 2, 2, 3, 3, 3, 3, 3, 3, 3, 3 ] 0.097 sec. 
______ 1 2359296 [ 1, 1, 1, 1, 2, 2, 2, 2, 3, 3, 3, 3, 3, 3, 3, 3 ] 
______ 2 2359296 [ 1, 1, 1, 1, 2, 2, 2, 2, 3, 3, 3, 3, 3, 3, 3, 3 ] 
______ 3 2359296 [ 1, 1, 1, 1, 2, 2, 2, 2, 3, 3, 3, 3, 3, 3, 3, 3 ] 
______ 4 2359296 [ 1, 1, 1, 1, 2, 2, 2, 2, 3, 3, 3, 3, 3, 3, 3, 3 ] 
______ 5 2359296 [ 1, 1, 1, 1, 2, 2, 2, 2, 3, 3, 3, 3, 3, 3, 3, 3 ] 
34 8 2359296 [ 1, 1, 1, 1, 2, 2, 2, 2, 3, 3, 3, 3, 3, 3, 3, 3 ] 
_____________ 
____ 48922361856 2038431744 [ 2, 2, 2, 2, 2, 2, 2, 2, 2, 2, 2, 2, 2, 2, 2, 2 ] 0.077 sec. 
______ 1 48922361856 [ 2, 2, 2, 2, 2, 2, 2, 2, 2, 2, 2, 2, 2, 2, 2, 2 ] 
______ 2 48922361856 [ 2, 2, 2, 2, 2, 2, 2, 2, 2, 2, 2, 2, 2, 2, 2, 2 ] 
______ 3 48922361856 [ 2, 2, 2, 2, 2, 2, 2, 2, 2, 2, 2, 2, 2, 2, 2, 2 ] 
______ 4 48922361856 [ 2, 2, 2, 2, 2, 2, 2, 2, 2, 2, 2, 2, 2, 2, 2, 2 ] 
______ 5 48922361856 [ 2, 2, 2, 2, 2, 2, 2, 2, 2, 2, 2, 2, 2, 2, 2, 2 ] 
35 96 48922361856 [ 2, 2, 2, 2, 2, 2, 2, 2, 2, 2, 2, 2, 2, 2, 2, 2 ] 
_____________ 
____ 42268920643584 42268920643584 [ 2, 2, 2, 2, 2, 2, 2, 2, 2, 2, 2, 2, 2, 2, 2, 2 ] 0.133 sec. 
______ 1 42268920643584 [ 2, 2, 2, 2, 2, 2, 2, 2, 2, 2, 2, 2, 2, 2, 2, 2 ] 
______ 2 42268920643584 [ 2, 2, 2, 2, 2, 2, 2, 2, 2, 2, 2, 2, 2, 2, 2, 2 ] 
______ 3 42268920643584 [ 2, 2, 2, 2, 2, 2, 2, 2, 2, 2, 2, 2, 2, 2, 2, 2 ] 
______ 4 42268920643584 [ 2, 2, 2, 2, 2, 2, 2, 2, 2, 2, 2, 2, 2, 2, 2, 2 ] 
______ 5 42268920643584 [ 2, 2, 2, 2, 2, 2, 2, 2, 2, 2, 2, 2, 2, 2, 2, 2 ] 
36 1152 42268920643584 [ 2, 2, 2, 2, 2, 2, 2, 2, 2, 2, 2, 2, 2, 2, 2, 2 ] 
_____________ 
____ 73383542784 127401984 [ 1, 1, 1, 1, 2, 2, 2, 2, 2, 2, 2, 2, 3, 3, 3, 3 ] 0.152 sec. 
______ 1 73383542784 [ 1, 1, 1, 1, 2, 2, 2, 2, 2, 2, 2, 2, 3, 3, 3, 3 ] 
______ 2 73383542784 [ 1, 1, 1, 1, 2, 2, 2, 2, 2, 2, 2, 2, 3, 3, 3, 3 ] 
______ 3 73383542784 [ 1, 1, 1, 1, 2, 2, 2, 2, 2, 2, 2, 2, 3, 3, 3, 3 ] 
______ 4 73383542784 [ 1, 1, 1, 1, 2, 2, 2, 2, 2, 2, 2, 2, 3, 3, 3, 3 ] 
______ 5 73383542784 [ 1, 1, 1, 1, 2, 2, 2, 2, 2, 2, 2, 2, 3, 3, 3, 3 ] 
37 48 73383542784 [ 1, 1, 1, 1, 2, 2, 2, 2, 2, 2, 2, 2, 3, 3, 3, 3 ] 
_____________ 
____ 905969664 1572864 [ 1, 1, 1, 1, 2, 2, 2, 2, 3, 3, 3, 3, 3, 3, 3, 3 ] 0.092 sec. 
______ 1 905969664 [ 1, 1, 1, 1, 2, 2, 2, 2, 3, 3, 3, 3, 3, 3, 3, 3 ] 
______ 2 905969664 [ 1, 1, 1, 1, 2, 2, 2, 2, 3, 3, 3, 3, 3, 3, 3, 3 ] 
______ 3 905969664 [ 1, 1, 1, 1, 2, 2, 2, 2, 3, 3, 3, 3, 3, 3, 3, 3 ] 
______ 4 905969664 [ 1, 1, 1, 1, 2, 2, 2, 2, 3, 3, 3, 3, 3, 3, 3, 3 ] 
______ 5 905969664 [ 1, 1, 1, 1, 2, 2, 2, 2, 3, 3, 3, 3, 3, 3, 3, 3 ] 
38 16 905969664 [ 1, 1, 1, 1, 2, 2, 2, 2, 3, 3, 3, 3, 3, 3, 3, 3 ] 
_____________ 
____ 1371195958099968000 521838526464 [ 1, 1, 1, 1, 1, 1, 1, 1, 1, 1, 1, 1, 1, 1, 1, 1 ] 0.089 sec. 
______ 1 1371195958099968000 [ 1, 1, 1, 1, 1, 1, 1, 1, 1, 1, 1, 1, 1, 1, 1, 1 ] 
______ 2 1371195958099968000 [ 1, 1, 1, 1, 1, 1, 1, 1, 1, 1, 1, 1, 1, 1, 1, 1 ] 
______ 3 1371195958099968000 [ 1, 1, 1, 1, 1, 1, 1, 1, 1, 1, 1, 1, 1, 1, 1, 1 ] 
______ 4 1371195958099968000 [ 1, 1, 1, 1, 1, 1, 1, 1, 1, 1, 1, 1, 1, 1, 1, 1 ] 
______ 5 1371195958099968000 [ 1, 1, 1, 1, 1, 1, 1, 1, 1, 1, 1, 1, 1, 1, 1, 1 ] 
39 384 1371195958099968000 [ 1, 1, 1, 1, 1, 1, 1, 1, 1, 1, 1, 1, 1, 1, 1, 1 ] 
_____________ 
____ 905969664 1572864 [ 1, 1, 1, 1, 2, 2, 2, 2, 2, 2, 2, 2, 3, 3, 3, 3 ] 0.111 sec. 
______ 1 905969664 [ 1, 1, 1, 1, 2, 2, 2, 2, 2, 2, 2, 2, 3, 3, 3, 3 ] 
______ 2 905969664 [ 1, 1, 1, 1, 2, 2, 2, 2, 2, 2, 2, 2, 3, 3, 3, 3 ] 
______ 3 905969664 [ 1, 1, 1, 1, 2, 2, 2, 2, 2, 2, 2, 2, 3, 3, 3, 3 ] 
______ 4 905969664 [ 1, 1, 1, 1, 2, 2, 2, 2, 2, 2, 2, 2, 3, 3, 3, 3 ] 
______ 5 905969664 [ 1, 1, 1, 1, 2, 2, 2, 2, 2, 2, 2, 2, 3, 3, 3, 3 ] 
40 16 905969664 [ 1, 1, 1, 1, 2, 2, 2, 2, 2, 2, 2, 2, 3, 3, 3, 3 ] 
_____________ 
____ 5136847994880 2038431744 [ 1, 1, 1, 1, 1, 1, 1, 1, 2, 2, 2, 2, 2, 2, 2, 2 ] 0.114 sec. 
______ 1 5136847994880 [ 1, 1, 1, 1, 1, 1, 1, 1, 2, 2, 2, 2, 2, 2, 2, 2 ] 
______ 2 5136847994880 [ 1, 1, 1, 1, 1, 1, 1, 1, 2, 2, 2, 2, 2, 2, 2, 2 ] 
______ 3 5136847994880 [ 1, 1, 1, 1, 1, 1, 1, 1, 2, 2, 2, 2, 2, 2, 2, 2 ] 
______ 4 5136847994880 [ 1, 1, 1, 1, 1, 1, 1, 1, 2, 2, 2, 2, 2, 2, 2, 2 ] 
______ 5 5136847994880 [ 1, 1, 1, 1, 1, 1, 1, 1, 2, 2, 2, 2, 2, 2, 2, 2 ] 
41 96 5136847994880 [ 1, 1, 1, 1, 1, 1, 1, 1, 2, 2, 2, 2, 2, 2, 2, 2 ] 
_____________ 
____ 48922361856 2038431744 [ 1, 1, 1, 1, 2, 2, 2, 2, 2, 2, 2, 2, 2, 2, 2, 2 ] 0.104 sec. 
______ 1 48922361856 [ 1, 1, 1, 1, 2, 2, 2, 2, 2, 2, 2, 2, 2, 2, 2, 2 ] 
______ 2 48922361856 [ 1, 1, 1, 1, 2, 2, 2, 2, 2, 2, 2, 2, 2, 2, 2, 2 ] 
______ 3 48922361856 [ 1, 1, 1, 1, 2, 2, 2, 2, 2, 2, 2, 2, 2, 2, 2, 2 ] 
______ 4 48922361856 [ 1, 1, 1, 1, 2, 2, 2, 2, 2, 2, 2, 2, 2, 2, 2, 2 ] 
______ 5 48922361856 [ 1, 1, 1, 1, 2, 2, 2, 2, 2, 2, 2, 2, 2, 2, 2, 2 ] 
42 96 48922361856 [ 1, 1, 1, 1, 2, 2, 2, 2, 2, 2, 2, 2, 2, 2, 2, 2 ] 
_____________ 
____ 191102976 7962624 [ 1, 1, 1, 1, 2, 2, 2, 2, 2, 2, 2, 2, 3, 3, 3, 3 ] 0.133 sec. 
______ 1 191102976 [ 1, 1, 1, 1, 2, 2, 2, 2, 2, 2, 2, 2, 3, 3, 3, 3 ] 
______ 2 191102976 [ 1, 1, 1, 1, 2, 2, 2, 2, 2, 2, 2, 2, 3, 3, 3, 3 ] 
______ 3 191102976 [ 1, 1, 1, 1, 2, 2, 2, 2, 2, 2, 2, 2, 3, 3, 3, 3 ] 
______ 4 191102976 [ 1, 1, 1, 1, 2, 2, 2, 2, 2, 2, 2, 2, 3, 3, 3, 3 ] 
______ 5 191102976 [ 1, 1, 1, 1, 2, 2, 2, 2, 2, 2, 2, 2, 3, 3, 3, 3 ] 
43 24 191102976 [ 1, 1, 1, 1, 2, 2, 2, 2, 2, 2, 2, 2, 3, 3, 3, 3 ] 
_____________ 
____ 753404372582400 2038431744 [ 1, 1, 1, 1, 1, 1, 1, 1, 1, 1, 1, 1, 2, 2, 2, 2 ] 0.207 sec. 
______ 1 753404372582400 [ 1, 1, 1, 1, 1, 1, 1, 1, 1, 1, 1, 1, 2, 2, 2, 2 ] 
______ 2 753404372582400 [ 1, 1, 1, 1, 1, 1, 1, 1, 1, 1, 1, 1, 2, 2, 2, 2 ] 
______ 3 753404372582400 [ 1, 1, 1, 1, 1, 1, 1, 1, 1, 1, 1, 1, 2, 2, 2, 2 ] 
______ 4 753404372582400 [ 1, 1, 1, 1, 1, 1, 1, 1, 1, 1, 1, 1, 2, 2, 2, 2 ] 
______ 5 753404372582400 [ 1, 1, 1, 1, 1, 1, 1, 1, 1, 1, 1, 1, 2, 2, 2, 2 ] 
44 96 753404372582400 [ 1, 1, 1, 1, 1, 1, 1, 1, 1, 1, 1, 1, 2, 2, 2, 2 ] 
_____________ 
____ 905969664 1572864 [ 1, 1, 1, 1, 3, 3, 3, 3, 3, 3, 3, 3, 4, 4, 4, 4 ] 0.131 sec. 
______ 1 905969664 [ 1, 1, 1, 1, 3, 3, 3, 3, 3, 3, 3, 3, 4, 4, 4, 4 ] 
______ 2 905969664 [ 1, 1, 1, 1, 3, 3, 3, 3, 3, 3, 3, 3, 4, 4, 4, 4 ] 
______ 3 905969664 [ 1, 1, 1, 1, 3, 3, 3, 3, 3, 3, 3, 3, 4, 4, 4, 4 ] 
______ 4 905969664 [ 1, 1, 1, 1, 3, 3, 3, 3, 3, 3, 3, 3, 4, 4, 4, 4 ] 
______ 5 905969664 [ 1, 1, 1, 1, 3, 3, 3, 3, 3, 3, 3, 3, 4, 4, 4, 4 ] 
45 16 905969664 [ 1, 1, 1, 1, 3, 3, 3, 3, 3, 3, 3, 3, 4, 4, 4, 4 ] 
_____________ 
____ 905969664 1572864 [ 1, 1, 1, 1, 2, 2, 2, 2, 3, 3, 3, 3, 3, 3, 3, 3 ] 0.094 sec. 
______ 1 905969664 [ 1, 1, 1, 1, 2, 2, 2, 2, 3, 3, 3, 3, 3, 3, 3, 3 ] 
______ 2 905969664 [ 1, 1, 1, 1, 2, 2, 2, 2, 3, 3, 3, 3, 3, 3, 3, 3 ] 
______ 3 905969664 [ 1, 1, 1, 1, 2, 2, 2, 2, 3, 3, 3, 3, 3, 3, 3, 3 ] 
______ 4 905969664 [ 1, 1, 1, 1, 2, 2, 2, 2, 3, 3, 3, 3, 3, 3, 3, 3 ] 
______ 5 905969664 [ 1, 1, 1, 1, 2, 2, 2, 2, 3, 3, 3, 3, 3, 3, 3, 3 ] 
46 16 905969664 [ 1, 1, 1, 1, 2, 2, 2, 2, 3, 3, 3, 3, 3, 3, 3, 3 ] 
_____________ 
____ 48922361856 2038431744 [ 1, 1, 1, 1, 2, 2, 2, 2, 2, 2, 2, 2, 2, 2, 2, 2 ] 0.176 sec. 
______ 1 48922361856 [ 1, 1, 1, 1, 2, 2, 2, 2, 2, 2, 2, 2, 2, 2, 2, 2 ] 
______ 2 48922361856 [ 1, 1, 1, 1, 2, 2, 2, 2, 2, 2, 2, 2, 2, 2, 2, 2 ] 
______ 3 48922361856 [ 1, 1, 1, 1, 2, 2, 2, 2, 2, 2, 2, 2, 2, 2, 2, 2 ] 
______ 4 48922361856 [ 1, 1, 1, 1, 2, 2, 2, 2, 2, 2, 2, 2, 2, 2, 2, 2 ] 
______ 5 48922361856 [ 1, 1, 1, 1, 2, 2, 2, 2, 2, 2, 2, 2, 2, 2, 2, 2 ] 
47 96 48922361856 [ 1, 1, 1, 1, 2, 2, 2, 2, 2, 2, 2, 2, 2, 2, 2, 2 ] 
_____________ 
____ 1371195958099968000 521838526464 [ 1, 1, 1, 1, 1, 1, 1, 1, 1, 1, 1, 1, 1, 1, 1, 1 ] 0.098 sec. 
______ 1 1371195958099968000 [ 1, 1, 1, 1, 1, 1, 1, 1, 1, 1, 1, 1, 1, 1, 1, 1 ] 
______ 2 1371195958099968000 [ 1, 1, 1, 1, 1, 1, 1, 1, 1, 1, 1, 1, 1, 1, 1, 1 ] 
______ 3 1371195958099968000 [ 1, 1, 1, 1, 1, 1, 1, 1, 1, 1, 1, 1, 1, 1, 1, 1 ] 
______ 4 1371195958099968000 [ 1, 1, 1, 1, 1, 1, 1, 1, 1, 1, 1, 1, 1, 1, 1, 1 ] 
______ 5 1371195958099968000 [ 1, 1, 1, 1, 1, 1, 1, 1, 1, 1, 1, 1, 1, 1, 1, 1 ] 
48 384 1371195958099968000 [ 1, 1, 1, 1, 1, 1, 1, 1, 1, 1, 1, 1, 1, 1, 1, 1 ] 
_____________ 
____ 753404372582400 2038431744 [ 1, 1, 1, 1, 1, 1, 1, 1, 1, 1, 1, 1, 2, 2, 2, 2 ] 0.178 sec. 
______ 1 753404372582400 [ 1, 1, 1, 1, 1, 1, 1, 1, 1, 1, 1, 1, 2, 2, 2, 2 ] 
______ 2 753404372582400 [ 1, 1, 1, 1, 1, 1, 1, 1, 1, 1, 1, 1, 2, 2, 2, 2 ] 
______ 3 753404372582400 [ 1, 1, 1, 1, 1, 1, 1, 1, 1, 1, 1, 1, 2, 2, 2, 2 ] 
______ 4 753404372582400 [ 1, 1, 1, 1, 1, 1, 1, 1, 1, 1, 1, 1, 2, 2, 2, 2 ] 
______ 5 753404372582400 [ 1, 1, 1, 1, 1, 1, 1, 1, 1, 1, 1, 1, 2, 2, 2, 2 ] 
49 96 753404372582400 [ 1, 1, 1, 1, 1, 1, 1, 1, 1, 1, 1, 1, 2, 2, 2, 2 ] 
_____________ 
____ 905969664 1572864 [ 1, 1, 1, 1, 3, 3, 3, 3, 3, 3, 3, 3, 3, 3, 3, 3 ] 0.146 sec. 
______ 1 905969664 [ 1, 1, 1, 1, 3, 3, 3, 3, 3, 3, 3, 3, 3, 3, 3, 3 ] 
______ 2 905969664 [ 1, 1, 1, 1, 3, 3, 3, 3, 3, 3, 3, 3, 3, 3, 3, 3 ] 
______ 3 905969664 [ 1, 1, 1, 1, 3, 3, 3, 3, 3, 3, 3, 3, 3, 3, 3, 3 ] 
______ 4 905969664 [ 1, 1, 1, 1, 3, 3, 3, 3, 3, 3, 3, 3, 3, 3, 3, 3 ] 
______ 5 905969664 [ 1, 1, 1, 1, 3, 3, 3, 3, 3, 3, 3, 3, 3, 3, 3, 3 ] 
50 16 905969664 [ 1, 1, 1, 1, 3, 3, 3, 3, 3, 3, 3, 3, 3, 3, 3, 3 ] 
_____________ 
____ 753404372582400 2038431744 [ 1, 1, 1, 1, 2, 2, 2, 2, 2, 2, 2, 2, 2, 2, 2, 2 ] 0.085 sec. 
______ 1 753404372582400 [ 1, 1, 1, 1, 2, 2, 2, 2, 2, 2, 2, 2, 2, 2, 2, 2 ] 
______ 2 753404372582400 [ 1, 1, 1, 1, 2, 2, 2, 2, 2, 2, 2, 2, 2, 2, 2, 2 ] 
______ 3 753404372582400 [ 1, 1, 1, 1, 2, 2, 2, 2, 2, 2, 2, 2, 2, 2, 2, 2 ] 
______ 4 753404372582400 [ 1, 1, 1, 1, 2, 2, 2, 2, 2, 2, 2, 2, 2, 2, 2, 2 ] 
______ 5 753404372582400 [ 1, 1, 1, 1, 2, 2, 2, 2, 2, 2, 2, 2, 2, 2, 2, 2 ] 
51 96 753404372582400 [ 1, 1, 1, 1, 2, 2, 2, 2, 2, 2, 2, 2, 2, 2, 2, 2 ] 
_____________ 
____ 1522029035520 25165824 [ 1, 1, 1, 1, 2, 2, 2, 2, 2, 2, 2, 2, 3, 3, 3, 3 ] 0.138 sec. 
______ 1 1522029035520 [ 1, 1, 1, 1, 2, 2, 2, 2, 2, 2, 2, 2, 3, 3, 3, 3 ] 
______ 2 1522029035520 [ 1, 1, 1, 1, 2, 2, 2, 2, 2, 2, 2, 2, 3, 3, 3, 3 ] 
______ 3 1522029035520 [ 1, 1, 1, 1, 2, 2, 2, 2, 2, 2, 2, 2, 3, 3, 3, 3 ] 
______ 4 1522029035520 [ 1, 1, 1, 1, 2, 2, 2, 2, 2, 2, 2, 2, 3, 3, 3, 3 ] 
______ 5 1522029035520 [ 1, 1, 1, 1, 2, 2, 2, 2, 2, 2, 2, 2, 3, 3, 3, 3 ] 
52 32 1522029035520 [ 1, 1, 1, 1, 2, 2, 2, 2, 2, 2, 2, 2, 3, 3, 3, 3 ] 
_____________ 
____ 753404372582400 2038431744 [ 1, 1, 1, 1, 1, 1, 1, 1, 1, 1, 1, 1, 2, 2, 2, 2 ] 0.156 sec. 
______ 1 753404372582400 [ 1, 1, 1, 1, 1, 1, 1, 1, 1, 1, 1, 1, 2, 2, 2, 2 ] 
______ 2 753404372582400 [ 1, 1, 1, 1, 1, 1, 1, 1, 1, 1, 1, 1, 2, 2, 2, 2 ] 
______ 3 753404372582400 [ 1, 1, 1, 1, 1, 1, 1, 1, 1, 1, 1, 1, 2, 2, 2, 2 ] 
______ 4 753404372582400 [ 1, 1, 1, 1, 1, 1, 1, 1, 1, 1, 1, 1, 2, 2, 2, 2 ] 
______ 5 753404372582400 [ 1, 1, 1, 1, 1, 1, 1, 1, 1, 1, 1, 1, 2, 2, 2, 2 ] 
53 96 753404372582400 [ 1, 1, 1, 1, 1, 1, 1, 1, 1, 1, 1, 1, 2, 2, 2, 2 ] 
_____________ 
____ 106542032486400 402653184 [ 1, 1, 1, 1, 1, 1, 1, 1, 2, 2, 2, 2, 2, 2, 2, 2 ] 0.124 sec. 
______ 1 106542032486400 [ 1, 1, 1, 1, 1, 1, 1, 1, 2, 2, 2, 2, 2, 2, 2, 2 ] 
______ 2 106542032486400 [ 1, 1, 1, 1, 1, 1, 1, 1, 2, 2, 2, 2, 2, 2, 2, 2 ] 
______ 3 106542032486400 [ 1, 1, 1, 1, 1, 1, 1, 1, 2, 2, 2, 2, 2, 2, 2, 2 ] 
______ 4 106542032486400 [ 1, 1, 1, 1, 1, 1, 1, 1, 2, 2, 2, 2, 2, 2, 2, 2 ] 
______ 5 106542032486400 [ 1, 1, 1, 1, 1, 1, 1, 1, 2, 2, 2, 2, 2, 2, 2, 2 ] 
54 64 106542032486400 [ 1, 1, 1, 1, 1, 1, 1, 1, 2, 2, 2, 2, 2, 2, 2, 2 ] 
_____________ 
____ 905969664 1572864 [ 1, 1, 1, 1, 2, 2, 2, 2, 3, 3, 3, 3, 3, 3, 3, 3 ] 0.100 sec. 
______ 1 905969664 [ 1, 1, 1, 1, 2, 2, 2, 2, 3, 3, 3, 3, 3, 3, 3, 3 ] 
______ 2 905969664 [ 1, 1, 1, 1, 2, 2, 2, 2, 3, 3, 3, 3, 3, 3, 3, 3 ] 
______ 3 905969664 [ 1, 1, 1, 1, 2, 2, 2, 2, 3, 3, 3, 3, 3, 3, 3, 3 ] 
______ 4 905969664 [ 1, 1, 1, 1, 2, 2, 2, 2, 3, 3, 3, 3, 3, 3, 3, 3 ] 
______ 5 905969664 [ 1, 1, 1, 1, 2, 2, 2, 2, 3, 3, 3, 3, 3, 3, 3, 3 ] 
55 16 905969664 [ 1, 1, 1, 1, 2, 2, 2, 2, 3, 3, 3, 3, 3, 3, 3, 3 ] 
_____________ 
____ 5136847994880 2038431744 [ 1, 1, 1, 1, 1, 1, 1, 1, 2, 2, 2, 2, 2, 2, 2, 2 ] 0.130 sec. 
______ 1 5136847994880 [ 1, 1, 1, 1, 1, 1, 1, 1, 2, 2, 2, 2, 2, 2, 2, 2 ] 
______ 2 5136847994880 [ 1, 1, 1, 1, 1, 1, 1, 1, 2, 2, 2, 2, 2, 2, 2, 2 ] 
______ 3 5136847994880 [ 1, 1, 1, 1, 1, 1, 1, 1, 2, 2, 2, 2, 2, 2, 2, 2 ] 
______ 4 5136847994880 [ 1, 1, 1, 1, 1, 1, 1, 1, 2, 2, 2, 2, 2, 2, 2, 2 ] 
______ 5 5136847994880 [ 1, 1, 1, 1, 1, 1, 1, 1, 2, 2, 2, 2, 2, 2, 2, 2 ] 
56 96 5136847994880 [ 1, 1, 1, 1, 1, 1, 1, 1, 2, 2, 2, 2, 2, 2, 2, 2 ] 
_____________ 
____ 98304 98304 [ 2, 2, 2, 2, 2, 2, 2, 2, 3, 3, 3, 3, 3, 3, 3, 3 ] 3.317 sec. 
______ 1 98304 [ 2, 2, 2, 2, 2, 2, 2, 2, 3, 3, 3, 3, 3, 3, 3, 3 ] 
______ 2 98304 [ 2, 2, 2, 2, 2, 2, 2, 2, 3, 3, 3, 3, 3, 3, 3, 3 ] 
______ 3 98304 [ 2, 2, 2, 2, 2, 2, 2, 2, 3, 3, 3, 3, 3, 3, 3, 3 ] 
______ 4 98304 [ 2, 2, 2, 2, 2, 2, 2, 2, 3, 3, 3, 3, 3, 3, 3, 3 ] 
______ 5 98304 [ 2, 2, 2, 2, 2, 2, 2, 2, 3, 3, 3, 3, 3, 3, 3, 3 ] 
57 8 98304 [ 2, 2, 2, 2, 2, 2, 2, 2, 3, 3, 3, 3, 3, 3, 3, 3 ] 
_____________ 
____ 106542032486400 402653184 [ 1, 1, 1, 1, 1, 1, 1, 1, 2, 2, 2, 2, 2, 2, 2, 2 ] 0.124 sec. 
______ 1 106542032486400 [ 1, 1, 1, 1, 1, 1, 1, 1, 2, 2, 2, 2, 2, 2, 2, 2 ] 
______ 2 106542032486400 [ 1, 1, 1, 1, 1, 1, 1, 1, 2, 2, 2, 2, 2, 2, 2, 2 ] 
______ 3 106542032486400 [ 1, 1, 1, 1, 1, 1, 1, 1, 2, 2, 2, 2, 2, 2, 2, 2 ] 
______ 4 106542032486400 [ 1, 1, 1, 1, 1, 1, 1, 1, 2, 2, 2, 2, 2, 2, 2, 2 ] 
______ 5 106542032486400 [ 1, 1, 1, 1, 1, 1, 1, 1, 2, 2, 2, 2, 2, 2, 2, 2 ] 
58 64 106542032486400 [ 1, 1, 1, 1, 1, 1, 1, 1, 2, 2, 2, 2, 2, 2, 2, 2 ] 
_____________ 
____ 48922361856 2038431744 [ 1, 1, 1, 1, 2, 2, 2, 2, 2, 2, 2, 2, 2, 2, 2, 2 ] 0.096 sec. 
______ 1 48922361856 [ 1, 1, 1, 1, 2, 2, 2, 2, 2, 2, 2, 2, 2, 2, 2, 2 ] 
______ 2 48922361856 [ 1, 1, 1, 1, 2, 2, 2, 2, 2, 2, 2, 2, 2, 2, 2, 2 ] 
______ 3 48922361856 [ 1, 1, 1, 1, 2, 2, 2, 2, 2, 2, 2, 2, 2, 2, 2, 2 ] 
______ 4 48922361856 [ 1, 1, 1, 1, 2, 2, 2, 2, 2, 2, 2, 2, 2, 2, 2, 2 ] 
______ 5 48922361856 [ 1, 1, 1, 1, 2, 2, 2, 2, 2, 2, 2, 2, 2, 2, 2, 2 ] 
59 96 48922361856 [ 1, 1, 1, 1, 2, 2, 2, 2, 2, 2, 2, 2, 2, 2, 2, 2 ] 
_____________ 
____ 48922361856 2038431744 [ 1, 1, 1, 1, 2, 2, 2, 2, 2, 2, 2, 2, 2, 2, 2, 2 ] 0.118 sec. 
______ 1 48922361856 [ 1, 1, 1, 1, 2, 2, 2, 2, 2, 2, 2, 2, 2, 2, 2, 2 ] 
______ 2 48922361856 [ 1, 1, 1, 1, 2, 2, 2, 2, 2, 2, 2, 2, 2, 2, 2, 2 ] 
______ 3 48922361856 [ 1, 1, 1, 1, 2, 2, 2, 2, 2, 2, 2, 2, 2, 2, 2, 2 ] 
______ 4 48922361856 [ 1, 1, 1, 1, 2, 2, 2, 2, 2, 2, 2, 2, 2, 2, 2, 2 ] 
______ 5 48922361856 [ 1, 1, 1, 1, 2, 2, 2, 2, 2, 2, 2, 2, 2, 2, 2, 2 ] 
60 96 48922361856 [ 1, 1, 1, 1, 2, 2, 2, 2, 2, 2, 2, 2, 2, 2, 2, 2 ] 
_____________ 
____ 37748736 1572864 [ 1, 1, 1, 1, 2, 2, 2, 2, 3, 3, 3, 3, 3, 3, 3, 3 ] 0.100 sec. 
______ 1 37748736 [ 1, 1, 1, 1, 2, 2, 2, 2, 3, 3, 3, 3, 3, 3, 3, 3 ] 
______ 2 37748736 [ 1, 1, 1, 1, 2, 2, 2, 2, 3, 3, 3, 3, 3, 3, 3, 3 ] 
______ 3 37748736 [ 1, 1, 1, 1, 2, 2, 2, 2, 3, 3, 3, 3, 3, 3, 3, 3 ] 
______ 4 37748736 [ 1, 1, 1, 1, 2, 2, 2, 2, 3, 3, 3, 3, 3, 3, 3, 3 ] 
______ 5 37748736 [ 1, 1, 1, 1, 2, 2, 2, 2, 3, 3, 3, 3, 3, 3, 3, 3 ] 
61 16 37748736 [ 1, 1, 1, 1, 2, 2, 2, 2, 3, 3, 3, 3, 3, 3, 3, 3 ] 
_____________ 
____ 753404372582400 2038431744 [ 1, 1, 1, 1, 1, 1, 1, 1, 1, 1, 1, 1, 2, 2, 2, 2 ] 0.163 sec. 
______ 1 753404372582400 [ 1, 1, 1, 1, 1, 1, 1, 1, 1, 1, 1, 1, 2, 2, 2, 2 ] 
______ 2 753404372582400 [ 1, 1, 1, 1, 1, 1, 1, 1, 1, 1, 1, 1, 2, 2, 2, 2 ] 
______ 3 753404372582400 [ 1, 1, 1, 1, 1, 1, 1, 1, 1, 1, 1, 1, 2, 2, 2, 2 ] 
______ 4 753404372582400 [ 1, 1, 1, 1, 1, 1, 1, 1, 1, 1, 1, 1, 2, 2, 2, 2 ] 
______ 5 753404372582400 [ 1, 1, 1, 1, 1, 1, 1, 1, 1, 1, 1, 1, 2, 2, 2, 2 ] 
62 96 753404372582400 [ 1, 1, 1, 1, 1, 1, 1, 1, 1, 1, 1, 1, 2, 2, 2, 2 ] 
_____________ 
____ 5136847994880 2038431744 [ 1, 1, 1, 1, 1, 1, 1, 1, 2, 2, 2, 2, 2, 2, 2, 2 ] 0.118 sec. 
______ 1 5136847994880 [ 1, 1, 1, 1, 1, 1, 1, 1, 2, 2, 2, 2, 2, 2, 2, 2 ] 
______ 2 5136847994880 [ 1, 1, 1, 1, 1, 1, 1, 1, 2, 2, 2, 2, 2, 2, 2, 2 ] 
______ 3 5136847994880 [ 1, 1, 1, 1, 1, 1, 1, 1, 2, 2, 2, 2, 2, 2, 2, 2 ] 
______ 4 5136847994880 [ 1, 1, 1, 1, 1, 1, 1, 1, 2, 2, 2, 2, 2, 2, 2, 2 ] 
______ 5 5136847994880 [ 1, 1, 1, 1, 1, 1, 1, 1, 2, 2, 2, 2, 2, 2, 2, 2 ] 
63 96 5136847994880 [ 1, 1, 1, 1, 1, 1, 1, 1, 2, 2, 2, 2, 2, 2, 2, 2 ] 
_____________ 
____ 1371195958099968000 521838526464 [ 1, 1, 1, 1, 1, 1, 1, 1, 1, 1, 1, 1, 1, 1, 1, 1 ] 0.121 sec. 
______ 1 1371195958099968000 [ 1, 1, 1, 1, 1, 1, 1, 1, 1, 1, 1, 1, 1, 1, 1, 1 ] 
______ 2 1371195958099968000 [ 1, 1, 1, 1, 1, 1, 1, 1, 1, 1, 1, 1, 1, 1, 1, 1 ] 
______ 3 1371195958099968000 [ 1, 1, 1, 1, 1, 1, 1, 1, 1, 1, 1, 1, 1, 1, 1, 1 ] 
______ 4 1371195958099968000 [ 1, 1, 1, 1, 1, 1, 1, 1, 1, 1, 1, 1, 1, 1, 1, 1 ] 
______ 5 1371195958099968000 [ 1, 1, 1, 1, 1, 1, 1, 1, 1, 1, 1, 1, 1, 1, 1, 1 ] 
64 384 1371195958099968000 [ 1, 1, 1, 1, 1, 1, 1, 1, 1, 1, 1, 1, 1, 1, 1, 1 ] 
_____________ 
____ 753404372582400 2038431744 [ 1, 1, 1, 1, 1, 1, 1, 1, 1, 1, 1, 1, 2, 2, 2, 2 ] 0.184 sec. 
______ 1 753404372582400 [ 1, 1, 1, 1, 1, 1, 1, 1, 1, 1, 1, 1, 2, 2, 2, 2 ] 
______ 2 753404372582400 [ 1, 1, 1, 1, 1, 1, 1, 1, 1, 1, 1, 1, 2, 2, 2, 2 ] 
______ 3 753404372582400 [ 1, 1, 1, 1, 1, 1, 1, 1, 1, 1, 1, 1, 2, 2, 2, 2 ] 
______ 4 753404372582400 [ 1, 1, 1, 1, 1, 1, 1, 1, 1, 1, 1, 1, 2, 2, 2, 2 ] 
______ 5 753404372582400 [ 1, 1, 1, 1, 1, 1, 1, 1, 1, 1, 1, 1, 2, 2, 2, 2 ] 
65 96 753404372582400 [ 1, 1, 1, 1, 1, 1, 1, 1, 1, 1, 1, 1, 2, 2, 2, 2 ] 
_____________ 
____ 191102976 7962624 [ 1, 1, 1, 1, 2, 2, 2, 2, 2, 2, 2, 2, 3, 3, 3, 3 ] 0.191 sec. 
______ 1 191102976 [ 1, 1, 1, 1, 2, 2, 2, 2, 2, 2, 2, 2, 3, 3, 3, 3 ] 
______ 2 191102976 [ 1, 1, 1, 1, 2, 2, 2, 2, 2, 2, 2, 2, 3, 3, 3, 3 ] 
______ 3 191102976 [ 1, 1, 1, 1, 2, 2, 2, 2, 2, 2, 2, 2, 3, 3, 3, 3 ] 
______ 4 191102976 [ 1, 1, 1, 1, 2, 2, 2, 2, 2, 2, 2, 2, 3, 3, 3, 3 ] 
______ 5 191102976 [ 1, 1, 1, 1, 2, 2, 2, 2, 2, 2, 2, 2, 3, 3, 3, 3 ] 
66 24 191102976 [ 1, 1, 1, 1, 2, 2, 2, 2, 2, 2, 2, 2, 3, 3, 3, 3 ] 
_____________ 
____ 753404372582400 2038431744 [ 1, 1, 1, 1, 1, 1, 1, 1, 1, 1, 1, 1, 2, 2, 2, 2 ] 0.165 sec. 
______ 1 753404372582400 [ 1, 1, 1, 1, 1, 1, 1, 1, 1, 1, 1, 1, 2, 2, 2, 2 ] 
______ 2 753404372582400 [ 1, 1, 1, 1, 1, 1, 1, 1, 1, 1, 1, 1, 2, 2, 2, 2 ] 
______ 3 753404372582400 [ 1, 1, 1, 1, 1, 1, 1, 1, 1, 1, 1, 1, 2, 2, 2, 2 ] 
______ 4 753404372582400 [ 1, 1, 1, 1, 1, 1, 1, 1, 1, 1, 1, 1, 2, 2, 2, 2 ] 
______ 5 753404372582400 [ 1, 1, 1, 1, 1, 1, 1, 1, 1, 1, 1, 1, 2, 2, 2, 2 ] 
67 96 753404372582400 [ 1, 1, 1, 1, 1, 1, 1, 1, 1, 1, 1, 1, 2, 2, 2, 2 ] 
_____________ 
___repeat 1 
___repeat 2 
___repeat 3 
___repeat 4 
___repeat 5 
___repeat 6 
___repeat 7 
___repeat 8 
___repeat 9 
___repeat 10 
___repeat 11 
___repeat 12 
___repeat 13 
___repeat 14 
___repeat 15 
___repeat 16 
___repeat 17 
___repeat 18 
___repeat 19 
___repeat 20 
___repeat 21 
___repeat 22 
___repeat 23 
___repeat 24 
___repeat 25 
___repeat 26 
___repeat 27 
___repeat 28 
___repeat 29 
___repeat 30 
____ 402653184 402653184 [ 2, 2, 2, 2, 2, 2, 2, 2, 3, 3, 3, 3, 3, 3, 3, 3 ] 793.979 sec. 
___repeat 1 
___repeat 2 
___repeat 3 
___repeat 4 
___repeat 5 
___repeat 6 
___repeat 7 
___repeat 8 
___repeat 9 
___repeat 10 
___repeat 11 
___repeat 12 
___repeat 13 
___repeat 14 
___repeat 15 
___repeat 16 
___repeat 17 
___repeat 18 
___repeat 19 
___repeat 20 
___repeat 21 
___repeat 22 
___repeat 23 
___repeat 24 
___repeat 25 
___repeat 26 
___repeat 27 
______ 1 402653184 [ 2, 2, 2, 2, 2, 2, 2, 2, 3, 3, 3, 3, 3, 3, 3, 3 ] 
___repeat 1 
___repeat 2 
___repeat 3 
___repeat 4 
___repeat 5 
___repeat 6 
___repeat 7 
___repeat 8 
___repeat 9 
___repeat 10 
___repeat 11 
___repeat 12 
___repeat 13 
___repeat 14 
___repeat 15 
___repeat 16 
___repeat 17 
___repeat 18 
___repeat 19 
___repeat 20 
___repeat 21 
___repeat 22 
___repeat 23 
___repeat 24 
___repeat 25 
___repeat 26 
___repeat 27 
______ 2 402653184 [ 2, 2, 2, 2, 2, 2, 2, 2, 3, 3, 3, 3, 3, 3, 3, 3 ] 
___repeat 1 
___repeat 2 
___repeat 3 
___repeat 4 
___repeat 5 
___repeat 6 
___repeat 7 
___repeat 8 
___repeat 9 
___repeat 10 
___repeat 11 
___repeat 12 
___repeat 13 
___repeat 14 
___repeat 15 
___repeat 16 
___repeat 17 
___repeat 18 
___repeat 19 
___repeat 20 
___repeat 21 
___repeat 22 
___repeat 23 
___repeat 24 
___repeat 25 
___repeat 26 
___repeat 27 
___repeat 28 
___repeat 29 
___repeat 30 
___repeat 31 
___repeat 32 
___repeat 33 
___repeat 34 
___repeat 35 
___repeat 36 
___repeat 37 
___repeat 38 
___repeat 39 
___repeat 40 
___repeat 41 
___repeat 42 
______ 3 402653184 [ 2, 2, 2, 2, 2, 2, 2, 2, 3, 3, 3, 3, 3, 3, 3, 3 ] 
___repeat 1 
___repeat 2 
___repeat 3 
___repeat 4 
___repeat 5 
___repeat 6 
___repeat 7 
___repeat 8 
___repeat 9 
___repeat 10 
___repeat 11 
___repeat 12 
___repeat 13 
___repeat 14 
___repeat 15 
___repeat 16 
___repeat 17 
___repeat 18 
___repeat 19 
___repeat 20 
___repeat 21 
___repeat 22 
___repeat 23 
___repeat 24 
___repeat 25 
______ 4 402653184 [ 2, 2, 2, 2, 2, 2, 2, 2, 3, 3, 3, 3, 3, 3, 3, 3 ] 
___repeat 1 
___repeat 2 
___repeat 3 
___repeat 4 
___repeat 5 
___repeat 6 
___repeat 7 
___repeat 8 
___repeat 9 
___repeat 10 
___repeat 11 
___repeat 12 
___repeat 13 
___repeat 14 
___repeat 15 
___repeat 16 
___repeat 17 
___repeat 18 
___repeat 19 
___repeat 20 
___repeat 21 
___repeat 22 
___repeat 23 
___repeat 24 
___repeat 25 
___repeat 26 
___repeat 27 
___repeat 28 
___repeat 29 
___repeat 30 
___repeat 31 
___repeat 32 
___repeat 33 
___repeat 34 
___repeat 35 
___repeat 36 
___repeat 37 
___repeat 38 
___repeat 39 
___repeat 40 
___repeat 41 
___repeat 42 
___repeat 43 
___repeat 44 
___repeat 45 
___repeat 46 
___repeat 47 
___repeat 48 
___repeat 49 
___repeat 50 
___repeat 51 
___repeat 52 
___repeat 53 
___repeat 54 
___repeat 55 
___repeat 56 
___repeat 57 
___repeat 58 
___repeat 59 
___repeat 60 
___repeat 61 
___repeat 62 
___repeat 63 
___repeat 64 
___repeat 65 
___repeat 66 
___repeat 67 
___repeat 68 
___repeat 69 
___repeat 70 
___repeat 71 
___repeat 72 
___repeat 73 
___repeat 74 
___repeat 75 
______ 5 402653184 [ 2, 2, 2, 2, 2, 2, 2, 2, 3, 3, 3, 3, 3, 3, 3, 3 ] 
68 64 402653184 [ 2, 2, 2, 2, 2, 2, 2, 2, 3, 3, 3, 3, 3, 3, 3, 3 ] 
_____________ 
____ 1371195958099968000 521838526464 [ 1, 1, 1, 1, 1, 1, 1, 1, 1, 1, 1, 1, 1, 1, 1, 1 ] 0.113 sec. 
______ 1 1371195958099968000 [ 1, 1, 1, 1, 1, 1, 1, 1, 1, 1, 1, 1, 1, 1, 1, 1 ] 
______ 2 1371195958099968000 [ 1, 1, 1, 1, 1, 1, 1, 1, 1, 1, 1, 1, 1, 1, 1, 1 ] 
______ 3 1371195958099968000 [ 1, 1, 1, 1, 1, 1, 1, 1, 1, 1, 1, 1, 1, 1, 1, 1 ] 
______ 4 1371195958099968000 [ 1, 1, 1, 1, 1, 1, 1, 1, 1, 1, 1, 1, 1, 1, 1, 1 ] 
______ 5 1371195958099968000 [ 1, 1, 1, 1, 1, 1, 1, 1, 1, 1, 1, 1, 1, 1, 1, 1 ] 
69 384 1371195958099968000 [ 1, 1, 1, 1, 1, 1, 1, 1, 1, 1, 1, 1, 1, 1, 1, 1 ] 
_____________ 
____ 48922361856 2038431744 [ 1, 1, 1, 1, 2, 2, 2, 2, 2, 2, 2, 2, 2, 2, 2, 2 ] 0.113 sec. 
______ 1 48922361856 [ 1, 1, 1, 1, 2, 2, 2, 2, 2, 2, 2, 2, 2, 2, 2, 2 ] 
______ 2 48922361856 [ 1, 1, 1, 1, 2, 2, 2, 2, 2, 2, 2, 2, 2, 2, 2, 2 ] 
______ 3 48922361856 [ 1, 1, 1, 1, 2, 2, 2, 2, 2, 2, 2, 2, 2, 2, 2, 2 ] 
______ 4 48922361856 [ 1, 1, 1, 1, 2, 2, 2, 2, 2, 2, 2, 2, 2, 2, 2, 2 ] 
______ 5 48922361856 [ 1, 1, 1, 1, 2, 2, 2, 2, 2, 2, 2, 2, 2, 2, 2, 2 ] 
70 96 48922361856 [ 1, 1, 1, 1, 2, 2, 2, 2, 2, 2, 2, 2, 2, 2, 2, 2 ] 
_____________ 
____ 1371195958099968000 521838526464 [ 1, 1, 1, 1, 1, 1, 1, 1, 1, 1, 1, 1, 1, 1, 1, 1 ] 0.083 sec. 
______ 1 1371195958099968000 [ 1, 1, 1, 1, 1, 1, 1, 1, 1, 1, 1, 1, 1, 1, 1, 1 ] 
______ 2 1371195958099968000 [ 1, 1, 1, 1, 1, 1, 1, 1, 1, 1, 1, 1, 1, 1, 1, 1 ] 
______ 3 1371195958099968000 [ 1, 1, 1, 1, 1, 1, 1, 1, 1, 1, 1, 1, 1, 1, 1, 1 ] 
______ 4 1371195958099968000 [ 1, 1, 1, 1, 1, 1, 1, 1, 1, 1, 1, 1, 1, 1, 1, 1 ] 
______ 5 1371195958099968000 [ 1, 1, 1, 1, 1, 1, 1, 1, 1, 1, 1, 1, 1, 1, 1, 1 ] 
71 384 1371195958099968000 [ 1, 1, 1, 1, 1, 1, 1, 1, 1, 1, 1, 1, 1, 1, 1, 1 ] 
_____________ 
____ 1371195958099968000 521838526464 [ 1, 1, 1, 1, 1, 1, 1, 1, 1, 1, 1, 1, 1, 1, 1, 1 ] 0.089 sec. 
______ 1 1371195958099968000 [ 1, 1, 1, 1, 1, 1, 1, 1, 1, 1, 1, 1, 1, 1, 1, 1 ] 
______ 2 1371195958099968000 [ 1, 1, 1, 1, 1, 1, 1, 1, 1, 1, 1, 1, 1, 1, 1, 1 ] 
______ 3 1371195958099968000 [ 1, 1, 1, 1, 1, 1, 1, 1, 1, 1, 1, 1, 1, 1, 1, 1 ] 
______ 4 1371195958099968000 [ 1, 1, 1, 1, 1, 1, 1, 1, 1, 1, 1, 1, 1, 1, 1, 1 ] 
______ 5 1371195958099968000 [ 1, 1, 1, 1, 1, 1, 1, 1, 1, 1, 1, 1, 1, 1, 1, 1 ] 
72 384 1371195958099968000 [ 1, 1, 1, 1, 1, 1, 1, 1, 1, 1, 1, 1, 1, 1, 1, 1 ] 
_____________ 
____ 48922361856 2038431744 [ 1, 1, 1, 1, 2, 2, 2, 2, 2, 2, 2, 2, 2, 2, 2, 2 ] 0.132 sec. 
______ 1 48922361856 [ 1, 1, 1, 1, 2, 2, 2, 2, 2, 2, 2, 2, 2, 2, 2, 2 ] 
______ 2 48922361856 [ 1, 1, 1, 1, 2, 2, 2, 2, 2, 2, 2, 2, 2, 2, 2, 2 ] 
______ 3 48922361856 [ 1, 1, 1, 1, 2, 2, 2, 2, 2, 2, 2, 2, 2, 2, 2, 2 ] 
______ 4 48922361856 [ 1, 1, 1, 1, 2, 2, 2, 2, 2, 2, 2, 2, 2, 2, 2, 2 ] 
______ 5 48922361856 [ 1, 1, 1, 1, 2, 2, 2, 2, 2, 2, 2, 2, 2, 2, 2, 2 ] 
73 96 48922361856 [ 1, 1, 1, 1, 2, 2, 2, 2, 2, 2, 2, 2, 2, 2, 2, 2 ] 
_____________ 
____ 1371195958099968000 521838526464 [ 1, 1, 1, 1, 1, 1, 1, 1, 1, 1, 1, 1, 1, 1, 1, 1 ] 0.113 sec. 
______ 1 1371195958099968000 [ 1, 1, 1, 1, 1, 1, 1, 1, 1, 1, 1, 1, 1, 1, 1, 1 ] 
______ 2 1371195958099968000 [ 1, 1, 1, 1, 1, 1, 1, 1, 1, 1, 1, 1, 1, 1, 1, 1 ] 
______ 3 1371195958099968000 [ 1, 1, 1, 1, 1, 1, 1, 1, 1, 1, 1, 1, 1, 1, 1, 1 ] 
______ 4 1371195958099968000 [ 1, 1, 1, 1, 1, 1, 1, 1, 1, 1, 1, 1, 1, 1, 1, 1 ] 
______ 5 1371195958099968000 [ 1, 1, 1, 1, 1, 1, 1, 1, 1, 1, 1, 1, 1, 1, 1, 1 ] 
74 384 1371195958099968000 [ 1, 1, 1, 1, 1, 1, 1, 1, 1, 1, 1, 1, 1, 1, 1, 1 ] 
_____________ 
____ 753404372582400 2038431744 [ 1, 1, 1, 1, 1, 1, 1, 1, 1, 1, 1, 1, 2, 2, 2, 2 ] 0.179 sec. 
______ 1 753404372582400 [ 1, 1, 1, 1, 1, 1, 1, 1, 1, 1, 1, 1, 2, 2, 2, 2 ] 
______ 2 753404372582400 [ 1, 1, 1, 1, 1, 1, 1, 1, 1, 1, 1, 1, 2, 2, 2, 2 ] 
______ 3 753404372582400 [ 1, 1, 1, 1, 1, 1, 1, 1, 1, 1, 1, 1, 2, 2, 2, 2 ] 
______ 4 753404372582400 [ 1, 1, 1, 1, 1, 1, 1, 1, 1, 1, 1, 1, 2, 2, 2, 2 ] 
______ 5 753404372582400 [ 1, 1, 1, 1, 1, 1, 1, 1, 1, 1, 1, 1, 2, 2, 2, 2 ] 
75 96 753404372582400 [ 1, 1, 1, 1, 1, 1, 1, 1, 1, 1, 1, 1, 2, 2, 2, 2 ] 
_____________ 
___repeat 1 
___repeat 2 
___repeat 3 
___repeat 4 
___repeat 5 
___repeat 6 
___repeat 7 
___repeat 8 
___repeat 9 
___repeat 10 
___repeat 11 
___repeat 12 
___repeat 13 
___repeat 14 
___repeat 15 
___repeat 16 
___repeat 17 
___repeat 18 
___repeat 19 
___repeat 20 
___repeat 21 
___repeat 22 
___repeat 23 
___repeat 24 
___repeat 25 
___repeat 26 
___repeat 27 
___repeat 28 
___repeat 29 
___repeat 30 
___repeat 31 
___repeat 32 
___repeat 33 
___repeat 34 
___repeat 35 
___repeat 36 
___repeat 37 
___repeat 38 
___repeat 39 
___repeat 40 
___repeat 41 
___repeat 42 
___repeat 43 
___repeat 44 
___repeat 45 
___repeat 46 
___repeat 47 
___repeat 48 
___repeat 49 
___repeat 50 
___repeat 51 
___repeat 52 
___repeat 53 
___repeat 54 
___repeat 55 
___repeat 56 
___repeat 57 
___repeat 58 
___repeat 59 
___repeat 60 
___repeat 61 
___repeat 62 
___repeat 63 
___repeat 64 
___repeat 65 
___repeat 66 
___repeat 67 
___repeat 68 
___repeat 69 
___repeat 70 
___repeat 71 
___repeat 72 
___repeat 73 
___repeat 74 
___repeat 75 
___repeat 76 
___repeat 77 
___repeat 78 
___repeat 79 
___repeat 80 
___repeat 81 
___repeat 82 
___repeat 83 
___repeat 84 
___repeat 85 
___repeat 86 
___repeat 87 
___repeat 88 
___repeat 89 
___repeat 90 
___repeat 91 
___repeat 92 
___repeat 93 
___repeat 94 
___repeat 95 
___repeat 96 
___repeat 97 
___repeat 98 
___repeat 99 
___repeat 100 
___repeat 101 
___repeat 102 
