sessionnumb  20261001181211 
17 18 [ 0, 807 ] [ [ -2, 17 ], [ 1, 134 ], [ 3, 138 ] ] 634 
17 18 [ 0, 381 ] [ [ -2, 17 ], [ 1, 122 ], [ 3, 150 ] ] 3042 
17 18 [ 0, 556 ] [ [ -2, 17 ], [ 1, 144 ], [ 3, 128 ] ] 3645 
17 18 [ 0, 536 ] [ [ -2, 17 ], [ 1, 144 ], [ 3, 128 ] ] 5595 
17 18 [ 0, 952 ] [ [ -2, 17 ], [ 1, 130 ], [ 3, 142 ] ] 5627 
17 18 [ 0, 937 ] [ [ -2, 17 ], [ 1, 138 ], [ 3, 134 ] ] 5920 
17 18 [ 0, 524 ] [ [ -2, 17 ], [ 1, 130 ], [ 3, 142 ] ] 6675 
17 18 [ 0, 268 ] [ [ -2, 17 ], [ 1, 136 ], [ 3, 136 ] ] 7114 
17 18 [ 0, 239 ] [ [ -2, 17 ], [ 1, 142 ], [ 3, 130 ] ] 7182 
17 18 [ 0, 337 ] [ [ -2, 17 ], [ 1, 124 ], [ 3, 148 ] ] 7419 
17 18 [ 0, 193 ] [ [ -2, 17 ], [ 1, 136 ], [ 3, 136 ] ] 7669 
17 18 [ 0, 237 ] [ [ -2, 17 ], [ 1, 128 ], [ 3, 144 ] ] 7811 
17 18 [ 0, 281 ] [ [ -2, 17 ], [ 1, 144 ], [ 3, 128 ] ] 7887 
17 18 [ 0, 212 ] [ [ -2, 17 ], [ 1, 124 ], [ 3, 148 ] ] 7937 
17 18 [ 0, 212 ] [ [ -2, 17 ], [ 1, 124 ], [ 3, 148 ] ] 7939 
17 18 [ 0, 452 ] [ [ -2, 17 ], [ 1, 156 ], [ 3, 116 ] ] 8082 
17 18 [ 0, 244 ] [ [ -2, 17 ], [ 1, 150 ], [ 3, 122 ] ] 8083 
17 18 [ 0, 452 ] [ [ -2, 17 ], [ 1, 156 ], [ 3, 116 ] ] 8084 
17 18 [ 0, 578 ] [ [ -2, 17 ], [ 1, 140 ], [ 3, 132 ] ] 8317 
17 18 [ 0, 452 ] [ [ -2, 17 ], [ 1, 130 ], [ 3, 142 ] ] 8560 
17 18 [ 0, 167 ] [ [ -2, 17 ], [ 1, 124 ], [ 3, 148 ] ] 8566 
17 18 [ 0, 261 ] [ [ -2, 17 ], [ 1, 144 ], [ 3, 128 ] ] 8798 
17 18 [ 0, 541 ] [ [ -2, 17 ], [ 1, 142 ], [ 3, 130 ] ] 8823 
17 18 [ 0, 158 ] [ [ -2, 17 ], [ 1, 152 ], [ 3, 120 ] ] 8884 
17 18 [ 0, 608 ] [ [ -2, 17 ], [ 1, 142 ], [ 3, 130 ] ] 8948 
17 18 [ 0, 459 ] [ [ -2, 17 ], [ 1, 140 ], [ 3, 132 ] ] 8959 
17 18 [ 0, 232 ] [ [ -2, 17 ], [ 1, 136 ], [ 3, 136 ] ] 9793 
17 18 [ 0, 280 ] [ [ -2, 17 ], [ 1, 128 ], [ 3, 144 ] ] 9989 
17 18 [ 0, 132 ] [ [ -2, 17 ], [ 1, 126 ], [ 3, 146 ] ] 10035 
17 18 [ 0, 193 ] [ [ -2, 17 ], [ 1, 132 ], [ 3, 140 ] ] 10049 
17 18 [ 0, 164 ] [ [ -2, 17 ], [ 1, 132 ], [ 3, 140 ] ] 10050 
18 19 [ 0, 267 ] [ [ -2, 18 ], [ 1, 156 ], [ 3, 150 ] ] 10051 
17 18 [ 0, 266 ] [ [ -2, 17 ], [ 1, 144 ], [ 3, 128 ] ] 10053 
17 18 [ 0, 181 ] [ [ -2, 17 ], [ 1, 132 ], [ 3, 140 ] ] 10099 
17 18 [ 0, 356 ] [ [ -2, 17 ], [ 1, 128 ], [ 3, 144 ] ] 10149 
17 18 [ 0, 405 ] [ [ -2, 17 ], [ 1, 134 ], [ 3, 138 ] ] 10208 
17 18 [ 0, 165 ] [ [ -2, 17 ], [ 1, 140 ], [ 3, 132 ] ] 10231 
17 18 [ 0, 308 ] [ [ -2, 17 ], [ 1, 138 ], [ 3, 134 ] ] 10232 
17 18 [ 0, 250 ] [ [ -2, 17 ], [ 1, 134 ], [ 3, 138 ] ] 10361 
17 18 [ 0, 486 ] [ [ -2, 17 ], [ 1, 128 ], [ 3, 144 ] ] 10461 
17 18 [ 0, 248 ] [ [ -2, 17 ], [ 1, 140 ], [ 3, 132 ] ] 10707 
17 18 [ 0, 416 ] [ [ -2, 17 ], [ 1, 140 ], [ 3, 132 ] ] 10923 
17 18 [ 0, 374 ] [ [ -2, 17 ], [ 1, 144 ], [ 3, 128 ] ] 11042 
17 18 [ 0, 134 ] [ [ -2, 17 ], [ 1, 128 ], [ 3, 144 ] ] 11098 
17 18 [ 0, 480 ] [ [ -2, 17 ], [ 1, 142 ], [ 3, 130 ] ] 11434 
17 18 [ 0, 681 ] [ [ -2, 17 ], [ 1, 130 ], [ 3, 142 ] ] 11898 
17 18 [ 0, 784 ] [ [ -2, 17 ], [ 1, 128 ], [ 3, 144 ] ] 12200 
17 18 [ 0, 405 ] [ [ -2, 17 ], [ 1, 136 ], [ 3, 136 ] ] 12363 
17 18 [ 0, 415 ] [ [ -2, 17 ], [ 1, 124 ], [ 3, 148 ] ] 12369 
17 18 [ 0, 639 ] [ [ -2, 17 ], [ 1, 122 ], [ 3, 150 ] ] 12423 
17 18 [ 0, 326 ] [ [ -2, 17 ], [ 1, 126 ], [ 3, 146 ] ] 12478 
17 18 [ 0, 463 ] [ [ -2, 17 ], [ 1, 134 ], [ 3, 138 ] ] 12640 
17 18 [ 0, 414 ] [ [ -2, 17 ], [ 1, 126 ], [ 3, 146 ] ] 12860 
17 18 [ 0, 129 ] [ [ -2, 17 ], [ 1, 140 ], [ 3, 132 ] ] 12893 
17 18 [ 0, 440 ] [ [ -2, 17 ], [ 1, 132 ], [ 3, 140 ] ] 12903 
17 18 [ 0, 566 ] [ [ -2, 17 ], [ 1, 134 ], [ 3, 138 ] ] 13068 
18 19 [ 0, 883 ] [ [ -2, 18 ], [ 1, 148 ], [ 3, 158 ] ] 13069 
17 18 [ 0, 701 ] [ [ -2, 17 ], [ 1, 134 ], [ 3, 138 ] ] 13096 
17 18 [ 0, 115 ] [ [ -2, 17 ], [ 1, 128 ], [ 3, 144 ] ] 13356 
17 18 [ 0, 727 ] [ [ -2, 17 ], [ 1, 128 ], [ 3, 144 ] ] 13379 
17 18 [ 0, 172 ] [ [ -2, 17 ], [ 1, 122 ], [ 3, 150 ] ] 13428 
17 18 [ 0, 722 ] [ [ -2, 17 ], [ 1, 146 ], [ 3, 126 ] ] 13652 
17 18 [ 0, 416 ] [ [ -2, 17 ], [ 1, 126 ], [ 3, 146 ] ] 13757 
17 18 [ 0, 301 ] [ [ -2, 17 ], [ 1, 118 ], [ 3, 154 ] ] 13916 
17 18 [ 0, 503 ] [ [ -2, 17 ], [ 1, 128 ], [ 3, 144 ] ] 13980 
17 18 [ 0, 455 ] [ [ -2, 17 ], [ 1, 130 ], [ 3, 142 ] ] 14124 
17 18 [ 0, 412 ] [ [ -2, 17 ], [ 1, 134 ], [ 3, 138 ] ] 14275 
17 18 [ 0, 219 ] [ [ -2, 17 ], [ 1, 134 ], [ 3, 138 ] ] 14418 
17 18 [ 0, 655 ] [ [ -2, 17 ], [ 1, 130 ], [ 3, 142 ] ] 14905 
17 18 [ 0, 249 ] [ [ -2, 17 ], [ 1, 136 ], [ 3, 136 ] ] 15126 
17 18 [ 0, 774 ] [ [ -2, 17 ], [ 1, 120 ], [ 3, 152 ] ] 15182 
17 18 [ 0, 346 ] [ [ -2, 17 ], [ 1, 128 ], [ 3, 144 ] ] 15288 
17 18 [ 0, 300 ] [ [ -2, 17 ], [ 1, 140 ], [ 3, 132 ] ] 15471 
17 18 [ 0, 540 ] [ [ -2, 17 ], [ 1, 140 ], [ 3, 132 ] ] 15485 
17 18 [ 0, 431 ] [ [ -2, 17 ], [ 1, 140 ], [ 3, 132 ] ] 15492 
17 18 [ 0, 260 ] [ [ -2, 17 ], [ 1, 140 ], [ 3, 132 ] ] 15495 
17 18 [ 0, 733 ] [ [ -2, 17 ], [ 1, 130 ], [ 3, 142 ] ] 15559 
17 18 [ 0, 456 ] [ [ -2, 17 ], [ 1, 130 ], [ 3, 142 ] ] 15564 
17 18 [ 0, 148 ] [ [ -2, 17 ], [ 1, 132 ], [ 3, 140 ] ] 15760 
17 18 [ 0, 440 ] [ [ -2, 17 ], [ 1, 118 ], [ 3, 154 ] ] 15797 
17 18 [ 0, 481 ] [ [ -2, 17 ], [ 1, 132 ], [ 3, 140 ] ] 16040 
17 18 [ 0, 377 ] [ [ -2, 17 ], [ 1, 142 ], [ 3, 130 ] ] 16104 
17 18 [ 0, 376 ] [ [ -2, 17 ], [ 1, 132 ], [ 3, 140 ] ] 16126 
17 18 [ 0, 1090 ] [ [ -2, 17 ], [ 1, 132 ], [ 3, 140 ] ] 16234 
17 18 [ 0, 308 ] [ [ -2, 17 ], [ 1, 138 ], [ 3, 134 ] ] 16516 
17 18 [ 0, 397 ] [ [ -2, 17 ], [ 1, 128 ], [ 3, 144 ] ] 16700 
17 18 [ 0, 256 ] [ [ -2, 17 ], [ 1, 120 ], [ 3, 152 ] ] 16750 
17 18 [ 0, 223 ] [ [ -2, 17 ], [ 1, 124 ], [ 3, 148 ] ] 16757 
17 18 [ 0, 265 ] [ [ -2, 17 ], [ 1, 148 ], [ 3, 124 ] ] 16893 
17 18 [ 0, 219 ] [ [ -2, 17 ], [ 1, 140 ], [ 3, 132 ] ] 16908 
17 18 [ 0, 233 ] [ [ -2, 17 ], [ 1, 130 ], [ 3, 142 ] ] 16932 
17 18 [ 0, 255 ] [ [ -2, 17 ], [ 1, 122 ], [ 3, 150 ] ] 16945 
17 18 [ 0, 1127 ] [ [ -2, 17 ], [ 1, 140 ], [ 3, 132 ] ] 17095 
17 18 [ 0, 481 ] [ [ -2, 17 ], [ 1, 136 ], [ 3, 136 ] ] 17100 
17 18 [ 0, 328 ] [ [ -2, 17 ], [ 1, 132 ], [ 3, 140 ] ] 17293 
17 18 [ 0, 179 ] [ [ -2, 17 ], [ 1, 128 ], [ 3, 144 ] ] 17296 
17 18 [ 0, 522 ] [ [ -2, 17 ], [ 1, 142 ], [ 3, 130 ] ] 17415 
17 18 [ 0, 217 ] [ [ -2, 17 ], [ 1, 124 ], [ 3, 148 ] ] 17430 
17 18 [ 0, 202 ] [ [ -2, 17 ], [ 1, 130 ], [ 3, 142 ] ] 17501 
17 18 [ 0, 159 ] [ [ -2, 17 ], [ 1, 132 ], [ 3, 140 ] ] 17621 
17 18 [ 0, 345 ] [ [ -2, 17 ], [ 1, 126 ], [ 3, 146 ] ] 17648 
17 18 [ 0, 389 ] [ [ -2, 17 ], [ 1, 134 ], [ 3, 138 ] ] 17829 
18 19 [ 0, 835 ] [ [ -2, 18 ], [ 1, 150 ], [ 3, 156 ] ] 17830 
17 18 [ 0, 241 ] [ [ -2, 17 ], [ 1, 128 ], [ 3, 144 ] ] 17831 
17 18 [ 0, 159 ] [ [ -2, 17 ], [ 1, 126 ], [ 3, 146 ] ] 18153 
17 18 [ 0, 261 ] [ [ -2, 17 ], [ 1, 120 ], [ 3, 152 ] ] 18316 
17 18 [ 0, 370 ] [ [ -2, 17 ], [ 1, 144 ], [ 3, 128 ] ] 18345 
17 18 [ 0, 686 ] [ [ -2, 17 ], [ 1, 124 ], [ 3, 148 ] ] 18408 
17 18 [ 0, 402 ] [ [ -2, 17 ], [ 1, 134 ], [ 3, 138 ] ] 18556 
17 18 [ 0, 389 ] [ [ -2, 17 ], [ 1, 138 ], [ 3, 134 ] ] 18700 
17 18 [ 0, 354 ] [ [ -2, 17 ], [ 1, 126 ], [ 3, 146 ] ] 18714 
17 18 [ 0, 453 ] [ [ -2, 17 ], [ 1, 134 ], [ 3, 138 ] ] 19069 
17 18 [ 0, 410 ] [ [ -2, 17 ], [ 1, 128 ], [ 3, 144 ] ] 19114 
17 18 [ 0, 489 ] [ [ -2, 17 ], [ 1, 138 ], [ 3, 134 ] ] 19345 
17 18 [ 0, 777 ] [ [ -2, 17 ], [ 1, 130 ], [ 3, 142 ] ] 19688 
17 18 [ 0, 256 ] [ [ -2, 17 ], [ 1, 128 ], [ 3, 144 ] ] 19786 
17 18 [ 0, 530 ] [ [ -2, 17 ], [ 1, 148 ], [ 3, 124 ] ] 19884 
17 18 [ 0, 530 ] [ [ -2, 17 ], [ 1, 136 ], [ 3, 136 ] ] 19885 
17 18 [ 0, 530 ] [ [ -2, 17 ], [ 1, 148 ], [ 3, 124 ] ] 19886 
17 18 [ 0, 258 ] [ [ -2, 17 ], [ 1, 140 ], [ 3, 132 ] ] 19928 
17 18 [ 0, 386 ] [ [ -2, 17 ], [ 1, 132 ], [ 3, 140 ] ] 20591 
17 18 [ 0, 615 ] [ [ -2, 17 ], [ 1, 136 ], [ 3, 136 ] ] 20918 
17 18 [ 0, 484 ] [ [ -2, 17 ], [ 1, 138 ], [ 3, 134 ] ] 21295 
17 18 [ 0, 268 ] [ [ -2, 17 ], [ 1, 130 ], [ 3, 142 ] ] 21813 
17 18 [ 0, 518 ] [ [ -2, 17 ], [ 1, 134 ], [ 3, 138 ] ] 21840 
17 18 [ 0, 712 ] [ [ -2, 17 ], [ 1, 124 ], [ 3, 148 ] ] 22019 
17 18 [ 0, 194 ] [ [ -2, 17 ], [ 1, 120 ], [ 3, 152 ] ] 22057 
17 18 [ 0, 297 ] [ [ -2, 17 ], [ 1, 124 ], [ 3, 148 ] ] 22114 
17 18 [ 0, 507 ] [ [ -2, 17 ], [ 1, 118 ], [ 3, 154 ] ] 22586 
17 18 [ 0, 515 ] [ [ -2, 17 ], [ 1, 152 ], [ 3, 120 ] ] 23021 
17 18 [ 0, 415 ] [ [ -2, 17 ], [ 1, 142 ], [ 3, 130 ] ] 23047 
17 18 [ 0, 667 ] [ [ -2, 17 ], [ 1, 150 ], [ 3, 122 ] ] 23440 
17 18 [ 0, 400 ] [ [ -2, 17 ], [ 1, 134 ], [ 3, 138 ] ] 23948 
17 18 [ 0, 562 ] [ [ -2, 17 ], [ 1, 132 ], [ 3, 140 ] ] 24068 
17 18 [ 0, 562 ] [ [ -2, 17 ], [ 1, 132 ], [ 3, 140 ] ] 24069 
17 18 [ 0, 328 ] [ [ -2, 17 ], [ 1, 126 ], [ 3, 146 ] ] 24293 
17 18 [ 0, 338 ] [ [ -2, 17 ], [ 1, 120 ], [ 3, 152 ] ] 24346 
17 18 [ 0, 925 ] [ [ -2, 17 ], [ 1, 126 ], [ 3, 146 ] ] 24507 
17 18 [ 0, 478 ] [ [ -2, 17 ], [ 1, 128 ], [ 3, 144 ] ] 24916 
17 18 [ 0, 374 ] [ [ -2, 17 ], [ 1, 150 ], [ 3, 122 ] ] 25155 
17 18 [ 0, 656 ] [ [ -2, 17 ], [ 1, 126 ], [ 3, 146 ] ] 25533 
17 18 [ 0, 312 ] [ [ -2, 17 ], [ 1, 144 ], [ 3, 128 ] ] 25693 
17 18 [ 0, 428 ] [ [ -2, 17 ], [ 1, 146 ], [ 3, 126 ] ] 25745 
17 18 [ 0, 250 ] [ [ -2, 17 ], [ 1, 124 ], [ 3, 148 ] ] 25770 
17 18 [ 0, 440 ] [ [ -2, 17 ], [ 1, 154 ], [ 3, 118 ] ] 26046 
17 18 [ 0, 446 ] [ [ -2, 17 ], [ 1, 138 ], [ 3, 134 ] ] 26268 
17 18 [ 0, 338 ] [ [ -2, 17 ], [ 1, 122 ], [ 3, 150 ] ] 26366 
17 18 [ 0, 194 ] [ [ -2, 17 ], [ 1, 132 ], [ 3, 140 ] ] 26434 
17 18 [ 0, 636 ] [ [ -2, 17 ], [ 1, 140 ], [ 3, 132 ] ] 26763 
17 18 [ 0, 500 ] [ [ -2, 17 ], [ 1, 128 ], [ 3, 144 ] ] 26851 
17 18 [ 0, 216 ] [ [ -2, 17 ], [ 1, 124 ], [ 3, 148 ] ] 26912 
17 18 [ 0, 272 ] [ [ -2, 17 ], [ 1, 128 ], [ 3, 144 ] ] 27010 
17 18 [ 0, 454 ] [ [ -2, 17 ], [ 1, 126 ], [ 3, 146 ] ] 27134 
17 18 [ 0, 240 ] [ [ -2, 17 ], [ 1, 122 ], [ 3, 150 ] ] 27160 
17 18 [ 0, 339 ] [ [ -2, 17 ], [ 1, 128 ], [ 3, 144 ] ] 27374 
17 18 [ 0, 130 ] [ [ -2, 17 ], [ 1, 126 ], [ 3, 146 ] ] 27464 
17 18 [ 0, 443 ] [ [ -2, 17 ], [ 1, 130 ], [ 3, 142 ] ] 27497 
17 18 [ 0, 583 ] [ [ -2, 17 ], [ 1, 124 ], [ 3, 148 ] ] 27523 
17 18 [ 0, 149 ] [ [ -2, 17 ], [ 1, 128 ], [ 3, 144 ] ] 27658 
17 18 [ 0, 415 ] [ [ -2, 17 ], [ 1, 126 ], [ 3, 146 ] ] 27683 
17 18 [ 0, 490 ] [ [ -2, 17 ], [ 1, 124 ], [ 3, 148 ] ] 27720 
17 18 [ 0, 336 ] [ [ -2, 17 ], [ 1, 124 ], [ 3, 148 ] ] 27878 
17 18 [ 0, 158 ] [ [ -2, 17 ], [ 1, 122 ], [ 3, 150 ] ] 27921 
17 18 [ 0, 315 ] [ [ -2, 17 ], [ 1, 126 ], [ 3, 146 ] ] 27923 
17 18 [ 0, 526 ] [ [ -2, 17 ], [ 1, 124 ], [ 3, 148 ] ] 28014 
17 18 [ 0, 433 ] [ [ -2, 17 ], [ 1, 138 ], [ 3, 134 ] ] 28243 
17 18 [ 0, 383 ] [ [ -2, 17 ], [ 1, 130 ], [ 3, 142 ] ] 28247 
17 18 [ 0, 303 ] [ [ -2, 17 ], [ 1, 130 ], [ 3, 142 ] ] 28517 
17 18 [ 0, 379 ] [ [ -2, 17 ], [ 1, 132 ], [ 3, 140 ] ] 28619 
17 18 [ 0, 109 ] [ [ -2, 17 ], [ 1, 128 ], [ 3, 144 ] ] 28638 
17 18 [ 0, 145 ] [ [ -2, 17 ], [ 1, 122 ], [ 3, 150 ] ] 28641 
17 18 [ 0, 259 ] [ [ -2, 17 ], [ 1, 128 ], [ 3, 144 ] ] 28657 
17 18 [ 0, 146 ] [ [ -2, 17 ], [ 1, 132 ], [ 3, 140 ] ] 28660 
17 18 [ 0, 283 ] [ [ -2, 17 ], [ 1, 136 ], [ 3, 136 ] ] 28661 
17 18 [ 0, 230 ] [ [ -2, 17 ], [ 1, 136 ], [ 3, 136 ] ] 28717 
17 18 [ 0, 704 ] [ [ -2, 17 ], [ 1, 130 ], [ 3, 142 ] ] 28963 
17 18 [ 0, 409 ] [ [ -2, 17 ], [ 1, 136 ], [ 3, 136 ] ] 28978 
17 18 [ 0, 191 ] [ [ -2, 17 ], [ 1, 150 ], [ 3, 122 ] ] 29161 
17 18 [ 0, 277 ] [ [ -2, 17 ], [ 1, 130 ], [ 3, 142 ] ] 29209 
17 18 [ 0, 127 ] [ [ -2, 17 ], [ 1, 130 ], [ 3, 142 ] ] 29273 
17 18 [ 0, 623 ] [ [ -2, 17 ], [ 1, 146 ], [ 3, 126 ] ] 29345 
17 18 [ 0, 386 ] [ [ -2, 17 ], [ 1, 132 ], [ 3, 140 ] ] 29396 
17 18 [ 0, 294 ] [ [ -2, 17 ], [ 1, 150 ], [ 3, 122 ] ] 29400 
17 18 [ 0, 734 ] [ [ -2, 17 ], [ 1, 134 ], [ 3, 138 ] ] 29778 
17 18 [ 0, 375 ] [ [ -2, 17 ], [ 1, 134 ], [ 3, 138 ] ] 29855 
17 18 [ 0, 360 ] [ [ -2, 17 ], [ 1, 122 ], [ 3, 150 ] ] 30050 
17 18 [ 0, 166 ] [ [ -2, 17 ], [ 1, 134 ], [ 3, 138 ] ] 30052 
17 18 [ 0, 505 ] [ [ -2, 17 ], [ 1, 132 ], [ 3, 140 ] ] 30076 
17 18 [ 0, 393 ] [ [ -2, 17 ], [ 1, 124 ], [ 3, 148 ] ] 30096 
Error, user interrupt in
  AddRowVector( row, vectors[head], x ); at /usr/local/Cellar/gap/4.15.1/share/gap/lib/matrix.gi:2587 called from 
DoSemiEchelonMatTransformationDestructive( DefaultFieldOfMatrix( mat ), mat ) at /usr/local/Cellar/gap/4.15.1/share/gap/lib/matrix.gi:2621 called from
SemiEchelonMatTransformationDestructive( copymat ) at /usr/local/Cellar/gap/4.15.1/share/gap/lib/matrix.gi:2534 called from
SemiEchelonMatTransformation( mat ) at /usr/local/Cellar/gap/4.15.1/share/gap/lib/matrix.gi:2201 called from
NullspaceMat( TransposedMat( [ v * sQ ] ) ) at gapReads/LatticeTools.txt:40 called from
signaturejob( sdim - 1, newsQ ); at gapReads/LatticeTools.txt:42 called from
...  at Task20261001Pa.g:44
you can 'return;'
brk> quit;
gap> quit;
