sessionnumb  20260923124551 
gap> Read("Task20260923Pa.g");
15 16 408 [ [ -2, 15 ], [ 1, 124 ], [ 3, 86 ] ] 
16 17 385 [ [ -2, 16 ], [ 1, 128 ], [ 3, 112 ] ] 
16 17 323 [ [ -2, 16 ], [ 1, 132 ], [ 3, 108 ] ] 
16 17 318 [ [ -2, 16 ], [ 1, 124 ], [ 3, 116 ] ] 
17 18 370 [ [ -2, 17 ], [ 1, 140 ], [ 3, 132 ] ] 
17 18 370 [ [ -2, 17 ], [ 1, 140 ], [ 3, 132 ] ] 
16 17 318 [ [ -2, 16 ], [ 1, 124 ], [ 3, 116 ] ] 
17 18 370 [ [ -2, 17 ], [ 1, 140 ], [ 3, 132 ] ] 
17 18 462 [ [ -2, 17 ], [ 1, 154 ], [ 3, 118 ] ] 
16 17 421 [ [ -2, 16 ], [ 1, 122 ], [ 3, 118 ] ] 
17 18 781 [ [ -2, 17 ], [ 1, 142 ], [ 3, 130 ] ] 
17 18 609 [ [ -2, 17 ], [ 1, 146 ], [ 3, 126 ] ] 
16 17 332 [ [ -2, 16 ], [ 1, 144 ], [ 3, 96 ] ] 
16 17 640 [ [ -2, 16 ], [ 1, 138 ], [ 3, 102 ] ] 
16 17 560 [ [ -2, 16 ], [ 1, 134 ], [ 3, 106 ] ] 
15 16 306 [ [ -2, 15 ], [ 1, 116 ], [ 3, 94 ] ] 
16 17 537 [ [ -2, 16 ], [ 1, 130 ], [ 3, 110 ] ] 
16 17 358 [ [ -2, 16 ], [ 1, 126 ], [ 3, 114 ] ] 
17 18 702 [ [ -2, 17 ], [ 1, 136 ], [ 3, 136 ] ] 
16 17 537 [ [ -2, 16 ], [ 1, 130 ], [ 3, 110 ] ] 
15 16 373 [ [ -2, 15 ], [ 1, 106 ], [ 3, 104 ] ] 
16 17 340 [ [ -2, 16 ], [ 1, 124 ], [ 3, 116 ] ] 
16 17 416 [ [ -2, 16 ], [ 1, 116 ], [ 3, 124 ] ] 
17 18 712 [ [ -2, 17 ], [ 1, 136 ], [ 3, 136 ] ] 
15 16 322 [ [ -2, 15 ], [ 1, 112 ], [ 3, 98 ] ] 
16 17 584 [ [ -2, 16 ], [ 1, 124 ], [ 3, 116 ] ] 
16 17 363 [ [ -2, 16 ], [ 1, 128 ], [ 3, 112 ] ] 
17 18 609 [ [ -2, 17 ], [ 1, 142 ], [ 3, 130 ] ] 
16 17 546 [ [ -2, 16 ], [ 1, 138 ], [ 3, 102 ] ] 
16 17 546 [ [ -2, 16 ], [ 1, 138 ], [ 3, 102 ] ] 
16 17 358 [ [ -2, 16 ], [ 1, 126 ], [ 3, 114 ] ] 
17 18 702 [ [ -2, 17 ], [ 1, 148 ], [ 3, 124 ] ] 
17 18 702 [ [ -2, 17 ], [ 1, 136 ], [ 3, 136 ] ] 
16 17 546 [ [ -2, 16 ], [ 1, 124 ], [ 3, 116 ] ] 
16 17 318 [ [ -2, 16 ], [ 1, 132 ], [ 3, 108 ] ] 
17 18 468 [ [ -2, 17 ], [ 1, 154 ], [ 3, 118 ] ] 
16 17 358 [ [ -2, 16 ], [ 1, 148 ], [ 3, 92 ] ] 
17 18 635 [ [ -2, 17 ], [ 1, 164 ], [ 3, 108 ] ] 
16 17 343 [ [ -2, 16 ], [ 1, 138 ], [ 3, 102 ] ] 
16 17 343 [ [ -2, 16 ], [ 1, 132 ], [ 3, 108 ] ] 
15 16 327 [ [ -2, 15 ], [ 1, 116 ], [ 3, 94 ] ] 
15 16 365 [ [ -2, 15 ], [ 1, 118 ], [ 3, 92 ] ] 
16 17 572 [ [ -2, 16 ], [ 1, 124 ], [ 3, 116 ] ] 
17 18 803 [ [ -2, 17 ], [ 1, 144 ], [ 3, 128 ] ] 
15 16 394 [ [ -2, 15 ], [ 1, 120 ], [ 3, 90 ] ] 
16 17 565 [ [ -2, 16 ], [ 1, 138 ], [ 3, 102 ] ] 
16 17 565 [ [ -2, 16 ], [ 1, 132 ], [ 3, 108 ] ] 
15 16 394 [ [ -2, 15 ], [ 1, 108 ], [ 3, 102 ] ] 
15 16 313 [ [ -2, 15 ], [ 1, 114 ], [ 3, 96 ] ] 
16 17 394 [ [ -2, 16 ], [ 1, 118 ], [ 3, 122 ] ] 
16 17 394 [ [ -2, 16 ], [ 1, 118 ], [ 3, 122 ] ] 
15 16 527 [ [ -2, 15 ], [ 1, 124 ], [ 3, 86 ] ] 
16 17 647 [ [ -2, 16 ], [ 1, 136 ], [ 3, 104 ] ] 
15 16 527 [ [ -2, 15 ], [ 1, 124 ], [ 3, 86 ] ] 
15 16 345 [ [ -2, 15 ], [ 1, 132 ], [ 3, 78 ] ] 
15 16 345 [ [ -2, 15 ], [ 1, 132 ], [ 3, 78 ] ] 
15 16 309 [ [ -2, 15 ], [ 1, 132 ], [ 3, 78 ] ] 
15 16 312 [ [ -2, 15 ], [ 1, 110 ], [ 3, 100 ] ] 
16 17 563 [ [ -2, 16 ], [ 1, 126 ], [ 3, 114 ] ] 
17 18 730 [ [ -2, 17 ], [ 1, 142 ], [ 3, 130 ] ] 
17 18 730 [ [ -2, 17 ], [ 1, 142 ], [ 3, 130 ] ] 
16 17 571 [ [ -2, 16 ], [ 1, 154 ], [ 3, 86 ] ] 
17 17 571 [ [ -2, 17 ], [ 1, 174 ], [ 3, 98 ] ] 
16 17 644 [ [ -2, 16 ], [ 1, 148 ], [ 3, 92 ] ] 
17 18 882 [ [ -2, 17 ], [ 1, 166 ], [ 3, 106 ] ] 
16 17 365 [ [ -2, 16 ], [ 1, 144 ], [ 3, 96 ] ] 
16 17 571 [ [ -2, 16 ], [ 1, 130 ], [ 3, 110 ] ] 
17 18 648 [ [ -2, 17 ], [ 1, 138 ], [ 3, 134 ] ] 
17 18 1180 [ [ -2, 17 ], [ 1, 146 ], [ 3, 126 ] ] 
16 17 310 [ [ -2, 16 ], [ 1, 124 ], [ 3, 116 ] ] 
17 18 648 [ [ -2, 17 ], [ 1, 138 ], [ 3, 134 ] ] 
15 16 377 [ [ -2, 15 ], [ 1, 122 ], [ 3, 88 ] ] 
16 17 571 [ [ -2, 16 ], [ 1, 142 ], [ 3, 98 ] ] 
16 17 571 [ [ -2, 16 ], [ 1, 130 ], [ 3, 110 ] ] 
17 18 1180 [ [ -2, 17 ], [ 1, 146 ], [ 3, 126 ] ] 
17 18 648 [ [ -2, 17 ], [ 1, 138 ], [ 3, 134 ] ] 
16 17 427 [ [ -2, 16 ], [ 1, 128 ], [ 3, 112 ] ] 
16 17 427 [ [ -2, 16 ], [ 1, 134 ], [ 3, 106 ] ] 
16 17 358 [ [ -2, 16 ], [ 1, 140 ], [ 3, 100 ] ] 
15 16 397 [ [ -2, 15 ], [ 1, 124 ], [ 3, 86 ] ] 
16 17 804 [ [ -2, 16 ], [ 1, 128 ], [ 3, 112 ] ] 
15 16 348 [ [ -2, 15 ], [ 1, 138 ], [ 3, 72 ] ] 
15 16 330 [ [ -2, 15 ], [ 1, 120 ], [ 3, 90 ] ] 
15 16 509 [ [ -2, 15 ], [ 1, 120 ], [ 3, 90 ] ] 
15 16 385 [ [ -2, 15 ], [ 1, 114 ], [ 3, 96 ] ] 
15 16 385 [ [ -2, 15 ], [ 1, 106 ], [ 3, 104 ] ] 
15 16 363 [ [ -2, 15 ], [ 1, 102 ], [ 3, 108 ] ] 
16 17 406 [ [ -2, 16 ], [ 1, 134 ], [ 3, 106 ] ] 
16 17 437 [ [ -2, 16 ], [ 1, 146 ], [ 3, 94 ] ] 
16 17 400 [ [ -2, 16 ], [ 1, 132 ], [ 3, 108 ] ] 
16 17 417 [ [ -2, 16 ], [ 1, 138 ], [ 3, 102 ] ] 
17 18 679 [ [ -2, 17 ], [ 1, 146 ], [ 3, 126 ] ] 
17 18 679 [ [ -2, 17 ], [ 1, 162 ], [ 3, 110 ] ] 
16 17 485 [ [ -2, 16 ], [ 1, 122 ], [ 3, 118 ] ] 
16 17 485 [ [ -2, 16 ], [ 1, 128 ], [ 3, 112 ] ] 
17 18 876 [ [ -2, 17 ], [ 1, 140 ], [ 3, 132 ] ] 
16 17 428 [ [ -2, 16 ], [ 1, 126 ], [ 3, 114 ] ] 
17 18 876 [ [ -2, 17 ], [ 1, 136 ], [ 3, 136 ] ] 
15 16 340 [ [ -2, 15 ], [ 1, 128 ], [ 3, 82 ] ] 
16 17 548 [ [ -2, 16 ], [ 1, 138 ], [ 3, 102 ] ] 
16 17 394 [ [ -2, 16 ], [ 1, 130 ], [ 3, 110 ] ] 
16 17 379 [ [ -2, 16 ], [ 1, 124 ], [ 3, 116 ] ] 
16 17 337 [ [ -2, 16 ], [ 1, 140 ], [ 3, 100 ] ] 
16 17 424 [ [ -2, 16 ], [ 1, 132 ], [ 3, 108 ] ] 
16 17 390 [ [ -2, 16 ], [ 1, 134 ], [ 3, 106 ] ] 
16 17 599 [ [ -2, 16 ], [ 1, 138 ], [ 3, 102 ] ] 
16 17 599 [ [ -2, 16 ], [ 1, 138 ], [ 3, 102 ] ] 
17 18 1088 [ [ -2, 17 ], [ 1, 148 ], [ 3, 124 ] ] 
17 18 1088 [ [ -2, 17 ], [ 1, 160 ], [ 3, 112 ] ] 
16 17 356 [ [ -2, 16 ], [ 1, 136 ], [ 3, 104 ] ] 
15 16 307 [ [ -2, 15 ], [ 1, 116 ], [ 3, 94 ] ] 
15 16 322 [ [ -2, 15 ], [ 1, 106 ], [ 3, 104 ] ] 
16 17 461 [ [ -2, 16 ], [ 1, 120 ], [ 3, 120 ] ] 
17 18 352 [ [ -2, 17 ], [ 1, 144 ], [ 3, 128 ] ] 
17 18 352 [ [ -2, 17 ], [ 1, 132 ], [ 3, 140 ] ] 
15 16 435 [ [ -2, 15 ], [ 1, 120 ], [ 3, 90 ] ] 
16 17 411 [ [ -2, 16 ], [ 1, 132 ], [ 3, 108 ] ] 
15 16 403 [ [ -2, 15 ], [ 1, 120 ], [ 3, 90 ] ] 
15 16 365 [ [ -2, 15 ], [ 1, 114 ], [ 3, 96 ] ] 
16 17 411 [ [ -2, 16 ], [ 1, 126 ], [ 3, 114 ] ] 
16 17 411 [ [ -2, 16 ], [ 1, 126 ], [ 3, 114 ] ] 
17 18 728 [ [ -2, 17 ], [ 1, 148 ], [ 3, 124 ] ] 
18 19 740 [ [ -2, 18 ], [ 1, 166 ], [ 3, 140 ] ] 
17 18 334 [ [ -2, 17 ], [ 1, 146 ], [ 3, 126 ] ] 
15 16 382 [ [ -2, 15 ], [ 1, 116 ], [ 3, 94 ] ] 
15 16 371 [ [ -2, 15 ], [ 1, 112 ], [ 3, 98 ] ] 
16 17 665 [ [ -2, 16 ], [ 1, 120 ], [ 3, 120 ] ] 
16 17 565 [ [ -2, 16 ], [ 1, 126 ], [ 3, 114 ] ] 
16 17 365 [ [ -2, 16 ], [ 1, 134 ], [ 3, 106 ] ] 
17 18 714 [ [ -2, 17 ], [ 1, 146 ], [ 3, 126 ] ] 
16 17 445 [ [ -2, 16 ], [ 1, 128 ], [ 3, 112 ] ] 
17 18 603 [ [ -2, 17 ], [ 1, 144 ], [ 3, 128 ] ] 
16 17 445 [ [ -2, 16 ], [ 1, 118 ], [ 3, 122 ] ] 
16 17 335 [ [ -2, 16 ], [ 1, 128 ], [ 3, 112 ] ] 
17 18 696 [ [ -2, 17 ], [ 1, 138 ], [ 3, 134 ] ] 
17 18 779 [ [ -2, 17 ], [ 1, 148 ], [ 3, 124 ] ] 
16 17 347 [ [ -2, 16 ], [ 1, 144 ], [ 3, 96 ] ] 
16 17 520 [ [ -2, 16 ], [ 1, 136 ], [ 3, 104 ] ] 
17 18 806 [ [ -2, 17 ], [ 1, 158 ], [ 3, 114 ] ] 
17 18 806 [ [ -2, 17 ], [ 1, 146 ], [ 3, 126 ] ] 
17 18 437 [ [ -2, 17 ], [ 1, 132 ], [ 3, 140 ] ] 
18 19 740 [ [ -2, 18 ], [ 1, 148 ], [ 3, 158 ] ] 
17 18 449 [ [ -2, 17 ], [ 1, 134 ], [ 3, 138 ] ] 
17 18 449 [ [ -2, 17 ], [ 1, 134 ], [ 3, 138 ] ] 
18 19 740 [ [ -2, 18 ], [ 1, 150 ], [ 3, 156 ] ] 
18 19 740 [ [ -2, 18 ], [ 1, 152 ], [ 3, 154 ] ] 
17 18 449 [ [ -2, 17 ], [ 1, 134 ], [ 3, 138 ] ] 
16 17 399 [ [ -2, 16 ], [ 1, 124 ], [ 3, 116 ] ] 
17 18 575 [ [ -2, 17 ], [ 1, 130 ], [ 3, 142 ] ] 
17 18 630 [ [ -2, 17 ], [ 1, 136 ], [ 3, 136 ] ] 
16 17 403 [ [ -2, 16 ], [ 1, 128 ], [ 3, 112 ] ] 
17 18 768 [ [ -2, 17 ], [ 1, 140 ], [ 3, 132 ] ] 
16 17 365 [ [ -2, 16 ], [ 1, 126 ], [ 3, 114 ] ] 
15 16 360 [ [ -2, 15 ], [ 1, 120 ], [ 3, 90 ] ] 
16 17 307 [ [ -2, 16 ], [ 1, 132 ], [ 3, 108 ] ] 
16 17 325 [ [ -2, 16 ], [ 1, 138 ], [ 3, 102 ] ] 
17 18 382 [ [ -2, 17 ], [ 1, 152 ], [ 3, 120 ] ] 
17 18 643 [ [ -2, 17 ], [ 1, 160 ], [ 3, 112 ] ] 
17 18 382 [ [ -2, 17 ], [ 1, 152 ], [ 3, 120 ] ] 
17 18 643 [ [ -2, 17 ], [ 1, 160 ], [ 3, 112 ] ] 
16 17 377 [ [ -2, 16 ], [ 1, 140 ], [ 3, 100 ] ] 
16 17 516 [ [ -2, 16 ], [ 1, 130 ], [ 3, 110 ] ] 
16 17 419 [ [ -2, 16 ], [ 1, 130 ], [ 3, 110 ] ] 
16 17 323 [ [ -2, 16 ], [ 1, 126 ], [ 3, 114 ] ] 
17 18 952 [ [ -2, 17 ], [ 1, 136 ], [ 3, 136 ] ] 
16 17 343 [ [ -2, 16 ], [ 1, 128 ], [ 3, 112 ] ] 
17 18 1019 [ [ -2, 17 ], [ 1, 146 ], [ 3, 126 ] ] 
17 18 554 [ [ -2, 17 ], [ 1, 160 ], [ 3, 112 ] ] 
17 18 736 [ [ -2, 17 ], [ 1, 158 ], [ 3, 114 ] ] 
17 18 507 [ [ -2, 17 ], [ 1, 160 ], [ 3, 112 ] ] 
16 17 347 [ [ -2, 16 ], [ 1, 126 ], [ 3, 114 ] ] 
16 17 347 [ [ -2, 16 ], [ 1, 140 ], [ 3, 100 ] ] 
17 18 497 [ [ -2, 17 ], [ 1, 150 ], [ 3, 122 ] ] 
16 17 339 [ [ -2, 16 ], [ 1, 134 ], [ 3, 106 ] ] 
16 17 436 [ [ -2, 16 ], [ 1, 140 ], [ 3, 100 ] ] 
16 17 521 [ [ -2, 16 ], [ 1, 144 ], [ 3, 96 ] ] 
16 17 521 [ [ -2, 16 ], [ 1, 144 ], [ 3, 96 ] ] 
17 18 1088 [ [ -2, 17 ], [ 1, 152 ], [ 3, 120 ] ] 
16 17 346 [ [ -2, 16 ], [ 1, 136 ], [ 3, 104 ] ] 
17 18 1088 [ [ -2, 17 ], [ 1, 152 ], [ 3, 120 ] ] 
17 18 1088 [ [ -2, 17 ], [ 1, 152 ], [ 3, 120 ] ] 
16 17 346 [ [ -2, 16 ], [ 1, 136 ], [ 3, 104 ] ] 
17 18 1088 [ [ -2, 17 ], [ 1, 152 ], [ 3, 120 ] ] 
17 18 1088 [ [ -2, 17 ], [ 1, 152 ], [ 3, 120 ] ] 
16 17 412 [ [ -2, 16 ], [ 1, 132 ], [ 3, 108 ] ] 
16 17 400 [ [ -2, 16 ], [ 1, 136 ], [ 3, 104 ] ] 
16 17 404 [ [ -2, 16 ], [ 1, 140 ], [ 3, 100 ] ] 
16 17 404 [ [ -2, 16 ], [ 1, 140 ], [ 3, 100 ] ] 
16 17 435 [ [ -2, 16 ], [ 1, 134 ], [ 3, 106 ] ] 
16 17 500 [ [ -2, 16 ], [ 1, 128 ], [ 3, 112 ] ] 
16 17 453 [ [ -2, 16 ], [ 1, 150 ], [ 3, 90 ] ] 
16 17 304 [ [ -2, 16 ], [ 1, 130 ], [ 3, 110 ] ] 
16 17 421 [ [ -2, 16 ], [ 1, 126 ], [ 3, 114 ] ] 
16 17 308 [ [ -2, 16 ], [ 1, 126 ], [ 3, 114 ] ] 
17 18 581 [ [ -2, 17 ], [ 1, 142 ], [ 3, 130 ] ] 
16 17 352 [ [ -2, 16 ], [ 1, 142 ], [ 3, 98 ] ] 
17 18 840 [ [ -2, 17 ], [ 1, 150 ], [ 3, 122 ] ] 
16 17 429 [ [ -2, 16 ], [ 1, 136 ], [ 3, 104 ] ] 
15 16 412 [ [ -2, 15 ], [ 1, 116 ], [ 3, 94 ] ] 
16 17 607 [ [ -2, 16 ], [ 1, 128 ], [ 3, 112 ] ] 
15 16 314 [ [ -2, 15 ], [ 1, 114 ], [ 3, 96 ] ] 
17 18 436 [ [ -2, 17 ], [ 1, 144 ], [ 3, 128 ] ] 
17 18 436 [ [ -2, 17 ], [ 1, 128 ], [ 3, 144 ] ] 
16 17 334 [ [ -2, 16 ], [ 1, 124 ], [ 3, 116 ] ] 
16 17 419 [ [ -2, 16 ], [ 1, 116 ], [ 3, 124 ] ] 
16 17 321 [ [ -2, 16 ], [ 1, 128 ], [ 3, 112 ] ] 
16 17 520 [ [ -2, 16 ], [ 1, 134 ], [ 3, 106 ] ] 
16 17 321 [ [ -2, 16 ], [ 1, 122 ], [ 3, 118 ] ] 
16 17 412 [ [ -2, 16 ], [ 1, 124 ], [ 3, 116 ] ] 
16 17 463 [ [ -2, 16 ], [ 1, 132 ], [ 3, 108 ] ] 
17 18 390 [ [ -2, 17 ], [ 1, 144 ], [ 3, 128 ] ] 
18 19 1307 [ [ -2, 18 ], [ 1, 156 ], [ 3, 150 ] ] 
18 19 1307 [ [ -2, 18 ], [ 1, 156 ], [ 3, 150 ] ] 
17 18 531 [ [ -2, 17 ], [ 1, 150 ], [ 3, 122 ] ] 
16 17 463 [ [ -2, 16 ], [ 1, 132 ], [ 3, 108 ] ] 
15 16 344 [ [ -2, 15 ], [ 1, 108 ], [ 3, 102 ] ] 
16 17 557 [ [ -2, 16 ], [ 1, 132 ], [ 3, 108 ] ] 
16 17 391 [ [ -2, 16 ], [ 1, 120 ], [ 3, 120 ] ] 
16 17 430 [ [ -2, 16 ], [ 1, 122 ], [ 3, 118 ] ] 
15 16 377 [ [ -2, 15 ], [ 1, 116 ], [ 3, 94 ] ] 
15 16 377 [ [ -2, 15 ], [ 1, 116 ], [ 3, 94 ] ] 
15 16 417 [ [ -2, 15 ], [ 1, 116 ], [ 3, 94 ] ] 
17 18 592 [ [ -2, 17 ], [ 1, 150 ], [ 3, 122 ] ] 
16 17 383 [ [ -2, 16 ], [ 1, 140 ], [ 3, 100 ] ] 
17 18 592 [ [ -2, 17 ], [ 1, 154 ], [ 3, 118 ] ] 
16 17 383 [ [ -2, 16 ], [ 1, 140 ], [ 3, 100 ] ] 
17 18 466 [ [ -2, 17 ], [ 1, 158 ], [ 3, 114 ] ] 
15 16 428 [ [ -2, 15 ], [ 1, 126 ], [ 3, 84 ] ] 
16 17 454 [ [ -2, 16 ], [ 1, 146 ], [ 3, 94 ] ] 
17 18 751 [ [ -2, 17 ], [ 1, 168 ], [ 3, 104 ] ] 
17 18 505 [ [ -2, 17 ], [ 1, 148 ], [ 3, 124 ] ] 
17 18 505 [ [ -2, 17 ], [ 1, 156 ], [ 3, 116 ] ] 
17 18 505 [ [ -2, 17 ], [ 1, 148 ], [ 3, 124 ] ] 
17 18 505 [ [ -2, 17 ], [ 1, 136 ], [ 3, 136 ] ] 
16 17 365 [ [ -2, 16 ], [ 1, 134 ], [ 3, 106 ] ] 
17 18 385 [ [ -2, 17 ], [ 1, 148 ], [ 3, 124 ] ] 
16 17 365 [ [ -2, 16 ], [ 1, 134 ], [ 3, 106 ] ] 
15 16 311 [ [ -2, 15 ], [ 1, 116 ], [ 3, 94 ] ] 
16 17 348 [ [ -2, 16 ], [ 1, 142 ], [ 3, 98 ] ] 
16 17 417 [ [ -2, 16 ], [ 1, 132 ], [ 3, 108 ] ] 
17 18 505 [ [ -2, 17 ], [ 1, 136 ], [ 3, 136 ] ] 
16 17 345 [ [ -2, 16 ], [ 1, 142 ], [ 3, 98 ] ] 
17 18 652 [ [ -2, 17 ], [ 1, 150 ], [ 3, 122 ] ] 
17 18 652 [ [ -2, 17 ], [ 1, 150 ], [ 3, 122 ] ] 
16 17 367 [ [ -2, 16 ], [ 1, 134 ], [ 3, 106 ] ] 
17 18 577 [ [ -2, 17 ], [ 1, 152 ], [ 3, 120 ] ] 
16 17 501 [ [ -2, 16 ], [ 1, 136 ], [ 3, 104 ] ] 
16 17 417 [ [ -2, 16 ], [ 1, 136 ], [ 3, 104 ] ] 
16 17 330 [ [ -2, 16 ], [ 1, 132 ], [ 3, 108 ] ] 
17 18 564 [ [ -2, 17 ], [ 1, 152 ], [ 3, 120 ] ] 
16 17 330 [ [ -2, 16 ], [ 1, 126 ], [ 3, 114 ] ] 
16 17 336 [ [ -2, 16 ], [ 1, 126 ], [ 3, 114 ] ] 
17 18 564 [ [ -2, 17 ], [ 1, 144 ], [ 3, 128 ] ] 
16 17 420 [ [ -2, 16 ], [ 1, 134 ], [ 3, 106 ] ] 
16 17 336 [ [ -2, 16 ], [ 1, 136 ], [ 3, 104 ] ] 
17 18 564 [ [ -2, 17 ], [ 1, 148 ], [ 3, 124 ] ] 
16 17 522 [ [ -2, 16 ], [ 1, 136 ], [ 3, 104 ] ] 
15 16 309 [ [ -2, 15 ], [ 1, 116 ], [ 3, 94 ] ] 
15 16 331 [ [ -2, 15 ], [ 1, 110 ], [ 3, 100 ] ] 
15 16 331 [ [ -2, 15 ], [ 1, 110 ], [ 3, 100 ] ] 
15 16 323 [ [ -2, 15 ], [ 1, 114 ], [ 3, 96 ] ] 
16 17 374 [ [ -2, 16 ], [ 1, 124 ], [ 3, 116 ] ] 
16 17 414 [ [ -2, 16 ], [ 1, 146 ], [ 3, 94 ] ] 
17 18 681 [ [ -2, 17 ], [ 1, 158 ], [ 3, 114 ] ] 
16 17 377 [ [ -2, 16 ], [ 1, 138 ], [ 3, 102 ] ] 
16 17 391 [ [ -2, 16 ], [ 1, 136 ], [ 3, 104 ] ] 
17 18 598 [ [ -2, 17 ], [ 1, 154 ], [ 3, 118 ] ] 
17 18 598 [ [ -2, 17 ], [ 1, 150 ], [ 3, 122 ] ] 
16 17 396 [ [ -2, 16 ], [ 1, 144 ], [ 3, 96 ] ] 
16 17 352 [ [ -2, 16 ], [ 1, 132 ], [ 3, 108 ] ] 
17 18 729 [ [ -2, 17 ], [ 1, 156 ], [ 3, 116 ] ] 
17 18 729 [ [ -2, 17 ], [ 1, 140 ], [ 3, 132 ] ] 
16 17 347 [ [ -2, 16 ], [ 1, 130 ], [ 3, 110 ] ] 
17 18 714 [ [ -2, 17 ], [ 1, 166 ], [ 3, 106 ] ] 
17 18 714 [ [ -2, 17 ], [ 1, 154 ], [ 3, 118 ] ] 
17 18 714 [ [ -2, 17 ], [ 1, 154 ], [ 3, 118 ] ] 
17 18 323 [ [ -2, 17 ], [ 1, 166 ], [ 3, 106 ] ] 
16 17 439 [ [ -2, 16 ], [ 1, 152 ], [ 3, 88 ] ] 
17 18 736 [ [ -2, 17 ], [ 1, 178 ], [ 3, 94 ] ] 
16 17 394 [ [ -2, 16 ], [ 1, 150 ], [ 3, 90 ] ] 
17 18 766 [ [ -2, 17 ], [ 1, 172 ], [ 3, 100 ] ] 
16 17 394 [ [ -2, 16 ], [ 1, 150 ], [ 3, 90 ] ] 
16 17 394 [ [ -2, 16 ], [ 1, 148 ], [ 3, 92 ] ] 
17 18 684 [ [ -2, 17 ], [ 1, 160 ], [ 3, 112 ] ] 
17 18 684 [ [ -2, 17 ], [ 1, 152 ], [ 3, 120 ] ] 
16 17 396 [ [ -2, 16 ], [ 1, 138 ], [ 3, 102 ] ] 
16 17 396 [ [ -2, 16 ], [ 1, 132 ], [ 3, 108 ] ] 
16 17 519 [ [ -2, 16 ], [ 1, 124 ], [ 3, 116 ] ] 
16 17 519 [ [ -2, 16 ], [ 1, 126 ], [ 3, 114 ] ] 
17 18 972 [ [ -2, 17 ], [ 1, 146 ], [ 3, 126 ] ] 
16 17 421 [ [ -2, 16 ], [ 1, 134 ], [ 3, 106 ] ] 
16 17 396 [ [ -2, 16 ], [ 1, 140 ], [ 3, 100 ] ] 
15 16 403 [ [ -2, 15 ], [ 1, 126 ], [ 3, 84 ] ] 
15 16 342 [ [ -2, 15 ], [ 1, 134 ], [ 3, 76 ] ] 
15 16 453 [ [ -2, 15 ], [ 1, 128 ], [ 3, 82 ] ] 
16 17 306 [ [ -2, 16 ], [ 1, 134 ], [ 3, 106 ] ] 
17 18 416 [ [ -2, 17 ], [ 1, 144 ], [ 3, 128 ] ] 
16 17 334 [ [ -2, 16 ], [ 1, 118 ], [ 3, 122 ] ] 
16 17 358 [ [ -2, 16 ], [ 1, 122 ], [ 3, 118 ] ] 
17 18 574 [ [ -2, 17 ], [ 1, 154 ], [ 3, 118 ] ] 
17 18 574 [ [ -2, 17 ], [ 1, 154 ], [ 3, 118 ] ] 
16 17 331 [ [ -2, 16 ], [ 1, 128 ], [ 3, 112 ] ] 
15 16 343 [ [ -2, 15 ], [ 1, 112 ], [ 3, 98 ] ] 
15 16 329 [ [ -2, 15 ], [ 1, 106 ], [ 3, 104 ] ] 
16 17 593 [ [ -2, 16 ], [ 1, 118 ], [ 3, 122 ] ] 
16 17 396 [ [ -2, 16 ], [ 1, 140 ], [ 3, 100 ] ] 
16 17 312 [ [ -2, 16 ], [ 1, 138 ], [ 3, 102 ] ] 
16 17 312 [ [ -2, 16 ], [ 1, 138 ], [ 3, 102 ] ] 
17 18 415 [ [ -2, 17 ], [ 1, 152 ], [ 3, 120 ] ] 
17 18 415 [ [ -2, 17 ], [ 1, 152 ], [ 3, 120 ] ] 
16 17 430 [ [ -2, 16 ], [ 1, 118 ], [ 3, 122 ] ] 
15 16 337 [ [ -2, 15 ], [ 1, 126 ], [ 3, 84 ] ] 
16 17 410 [ [ -2, 16 ], [ 1, 136 ], [ 3, 104 ] ] 
16 17 303 [ [ -2, 16 ], [ 1, 136 ], [ 3, 104 ] ] 
16 17 303 [ [ -2, 16 ], [ 1, 150 ], [ 3, 90 ] ] 
16 17 599 [ [ -2, 16 ], [ 1, 134 ], [ 3, 106 ] ] 
16 17 521 [ [ -2, 16 ], [ 1, 138 ], [ 3, 102 ] ] 
16 17 521 [ [ -2, 16 ], [ 1, 132 ], [ 3, 108 ] ] 
17 18 1088 [ [ -2, 17 ], [ 1, 148 ], [ 3, 124 ] ] 
17 18 534 [ [ -2, 17 ], [ 1, 160 ], [ 3, 112 ] ] 
16 17 426 [ [ -2, 16 ], [ 1, 138 ], [ 3, 102 ] ] 
16 17 504 [ [ -2, 16 ], [ 1, 142 ], [ 3, 98 ] ] 
16 17 471 [ [ -2, 16 ], [ 1, 132 ], [ 3, 108 ] ] 
16 17 471 [ [ -2, 16 ], [ 1, 126 ], [ 3, 114 ] ] 
16 17 367 [ [ -2, 16 ], [ 1, 138 ], [ 3, 102 ] ] 
16 17 338 [ [ -2, 16 ], [ 1, 144 ], [ 3, 96 ] ] 
16 17 475 [ [ -2, 16 ], [ 1, 134 ], [ 3, 106 ] ] 
16 17 532 [ [ -2, 16 ], [ 1, 126 ], [ 3, 114 ] ] 
17 18 709 [ [ -2, 17 ], [ 1, 152 ], [ 3, 120 ] ] 
17 18 820 [ [ -2, 17 ], [ 1, 152 ], [ 3, 120 ] ] 
16 17 305 [ [ -2, 16 ], [ 1, 130 ], [ 3, 110 ] ] 
17 18 439 [ [ -2, 17 ], [ 1, 140 ], [ 3, 132 ] ] 
17 18 766 [ [ -2, 17 ], [ 1, 140 ], [ 3, 132 ] ] 
16 17 415 [ [ -2, 16 ], [ 1, 136 ], [ 3, 104 ] ] 
17 18 492 [ [ -2, 17 ], [ 1, 144 ], [ 3, 128 ] ] 
17 18 344 [ [ -2, 17 ], [ 1, 140 ], [ 3, 132 ] ] 
18 19 426 [ [ -2, 18 ], [ 1, 162 ], [ 3, 144 ] ] 
17 18 344 [ [ -2, 17 ], [ 1, 148 ], [ 3, 124 ] ] 
16 17 356 [ [ -2, 16 ], [ 1, 134 ], [ 3, 106 ] ] 
17 18 707 [ [ -2, 17 ], [ 1, 148 ], [ 3, 124 ] ] 
16 17 409 [ [ -2, 16 ], [ 1, 124 ], [ 3, 116 ] ] 
16 17 397 [ [ -2, 16 ], [ 1, 138 ], [ 3, 102 ] ] 
17 18 520 [ [ -2, 17 ], [ 1, 150 ], [ 3, 122 ] ] 
16 17 456 [ [ -2, 16 ], [ 1, 124 ], [ 3, 116 ] ] 
17 18 840 [ [ -2, 17 ], [ 1, 142 ], [ 3, 130 ] ] 
18 19 320 [ [ -2, 18 ], [ 1, 164 ], [ 3, 142 ] ] 
16 17 339 [ [ -2, 16 ], [ 1, 120 ], [ 3, 120 ] ] 
16 17 346 [ [ -2, 16 ], [ 1, 124 ], [ 3, 116 ] ] 
16 17 426 [ [ -2, 16 ], [ 1, 118 ], [ 3, 122 ] ] 
17 18 840 [ [ -2, 17 ], [ 1, 130 ], [ 3, 142 ] ] 
17 18 716 [ [ -2, 17 ], [ 1, 146 ], [ 3, 126 ] ] 
17 18 716 [ [ -2, 17 ], [ 1, 154 ], [ 3, 118 ] ] 
17 18 478 [ [ -2, 17 ], [ 1, 154 ], [ 3, 118 ] ] 
17 18 374 [ [ -2, 17 ], [ 1, 142 ], [ 3, 130 ] ] 
17 18 374 [ [ -2, 17 ], [ 1, 142 ], [ 3, 130 ] ] 
17 18 374 [ [ -2, 17 ], [ 1, 142 ], [ 3, 130 ] ] 
17 18 374 [ [ -2, 17 ], [ 1, 138 ], [ 3, 134 ] ] 
16 17 379 [ [ -2, 16 ], [ 1, 122 ], [ 3, 118 ] ] 
17 18 629 [ [ -2, 17 ], [ 1, 142 ], [ 3, 130 ] ] 
16 17 397 [ [ -2, 16 ], [ 1, 122 ], [ 3, 118 ] ] 
17 18 520 [ [ -2, 17 ], [ 1, 138 ], [ 3, 134 ] ] 
15 16 336 [ [ -2, 15 ], [ 1, 120 ], [ 3, 90 ] ] 
15 16 332 [ [ -2, 15 ], [ 1, 126 ], [ 3, 84 ] ] 
15 16 331 [ [ -2, 15 ], [ 1, 130 ], [ 3, 80 ] ] 
16 17 360 [ [ -2, 16 ], [ 1, 154 ], [ 3, 86 ] ] 
17 18 526 [ [ -2, 17 ], [ 1, 168 ], [ 3, 104 ] ] 
16 17 348 [ [ -2, 16 ], [ 1, 150 ], [ 3, 90 ] ] 
17 18 859 [ [ -2, 17 ], [ 1, 158 ], [ 3, 114 ] ] 
16 17 429 [ [ -2, 16 ], [ 1, 138 ], [ 3, 102 ] ] 
15 16 336 [ [ -2, 15 ], [ 1, 128 ], [ 3, 82 ] ] 
16 17 465 [ [ -2, 16 ], [ 1, 138 ], [ 3, 102 ] ] 
15 16 306 [ [ -2, 15 ], [ 1, 126 ], [ 3, 84 ] ] 
16 17 522 [ [ -2, 16 ], [ 1, 140 ], [ 3, 100 ] ] 
16 17 562 [ [ -2, 16 ], [ 1, 138 ], [ 3, 102 ] ] 
16 17 337 [ [ -2, 16 ], [ 1, 140 ], [ 3, 100 ] ] 
17 18 471 [ [ -2, 17 ], [ 1, 164 ], [ 3, 108 ] ] 
15 16 364 [ [ -2, 15 ], [ 1, 120 ], [ 3, 90 ] ] 
16 17 359 [ [ -2, 16 ], [ 1, 150 ], [ 3, 90 ] ] 
16 17 442 [ [ -2, 16 ], [ 1, 136 ], [ 3, 104 ] ] 
16 17 545 [ [ -2, 16 ], [ 1, 124 ], [ 3, 116 ] ] 
17 18 1004 [ [ -2, 17 ], [ 1, 146 ], [ 3, 126 ] ] 
16 17 395 [ [ -2, 16 ], [ 1, 124 ], [ 3, 116 ] ] 
17 18 1004 [ [ -2, 17 ], [ 1, 134 ], [ 3, 138 ] ] 
16 17 315 [ [ -2, 16 ], [ 1, 140 ], [ 3, 100 ] ] 
16 17 395 [ [ -2, 16 ], [ 1, 138 ], [ 3, 102 ] ] 
15 16 416 [ [ -2, 15 ], [ 1, 106 ], [ 3, 104 ] ] 
16 17 711 [ [ -2, 16 ], [ 1, 120 ], [ 3, 120 ] ] 
16 17 629 [ [ -2, 16 ], [ 1, 118 ], [ 3, 122 ] ] 
17 18 1041 [ [ -2, 17 ], [ 1, 136 ], [ 3, 136 ] ] 
16 17 594 [ [ -2, 16 ], [ 1, 116 ], [ 3, 124 ] ] 
17 18 774 [ [ -2, 17 ], [ 1, 136 ], [ 3, 136 ] ] 
17 18 774 [ [ -2, 17 ], [ 1, 136 ], [ 3, 136 ] ] 
16 17 400 [ [ -2, 16 ], [ 1, 134 ], [ 3, 106 ] ] 
16 17 381 [ [ -2, 16 ], [ 1, 136 ], [ 3, 104 ] ] 
16 17 380 [ [ -2, 16 ], [ 1, 142 ], [ 3, 98 ] ] 
17 18 696 [ [ -2, 17 ], [ 1, 166 ], [ 3, 106 ] ] 
17 18 696 [ [ -2, 17 ], [ 1, 150 ], [ 3, 122 ] ] 
16 17 463 [ [ -2, 16 ], [ 1, 146 ], [ 3, 94 ] ] 
16 17 381 [ [ -2, 16 ], [ 1, 142 ], [ 3, 98 ] ] 
18 19 1211 [ [ -2, 18 ], [ 1, 160 ], [ 3, 146 ] ] 
16 17 328 [ [ -2, 16 ], [ 1, 126 ], [ 3, 114 ] ] 
16 17 324 [ [ -2, 16 ], [ 1, 142 ], [ 3, 98 ] ] 
17 18 563 [ [ -2, 17 ], [ 1, 168 ], [ 3, 104 ] ] 
16 17 338 [ [ -2, 16 ], [ 1, 138 ], [ 3, 102 ] ] 
16 17 328 [ [ -2, 16 ], [ 1, 140 ], [ 3, 100 ] ] 
16 17 364 [ [ -2, 16 ], [ 1, 140 ], [ 3, 100 ] ] 
17 18 920 [ [ -2, 17 ], [ 1, 142 ], [ 3, 130 ] ] 
17 18 920 [ [ -2, 17 ], [ 1, 142 ], [ 3, 130 ] ] 
16 17 406 [ [ -2, 16 ], [ 1, 142 ], [ 3, 98 ] ] 
17 18 801 [ [ -2, 17 ], [ 1, 162 ], [ 3, 110 ] ] 
16 17 305 [ [ -2, 16 ], [ 1, 142 ], [ 3, 98 ] ] 
17 18 547 [ [ -2, 17 ], [ 1, 160 ], [ 3, 112 ] ] 
16 17 340 [ [ -2, 16 ], [ 1, 138 ], [ 3, 102 ] ] 
17 18 663 [ [ -2, 17 ], [ 1, 152 ], [ 3, 120 ] ] 
17 18 598 [ [ -2, 17 ], [ 1, 130 ], [ 3, 142 ] ] 
16 17 303 [ [ -2, 16 ], [ 1, 120 ], [ 3, 120 ] ] 
16 17 336 [ [ -2, 16 ], [ 1, 128 ], [ 3, 112 ] ] 
17 18 564 [ [ -2, 17 ], [ 1, 140 ], [ 3, 132 ] ] 
17 18 567 [ [ -2, 17 ], [ 1, 142 ], [ 3, 130 ] ] 
16 17 327 [ [ -2, 16 ], [ 1, 128 ], [ 3, 112 ] ] 
17 18 702 [ [ -2, 17 ], [ 1, 146 ], [ 3, 126 ] ] 
16 17 327 [ [ -2, 16 ], [ 1, 128 ], [ 3, 112 ] ] 
17 18 461 [ [ -2, 17 ], [ 1, 142 ], [ 3, 130 ] ] 
17 18 578 [ [ -2, 17 ], [ 1, 144 ], [ 3, 128 ] ] 
17 18 794 [ [ -2, 17 ], [ 1, 142 ], [ 3, 130 ] ] 
17 18 736 [ [ -2, 17 ], [ 1, 142 ], [ 3, 130 ] ] 
17 18 503 [ [ -2, 17 ], [ 1, 154 ], [ 3, 118 ] ] 
17 18 503 [ [ -2, 17 ], [ 1, 146 ], [ 3, 126 ] ] 
17 18 482 [ [ -2, 17 ], [ 1, 158 ], [ 3, 114 ] ] 
17 18 482 [ [ -2, 17 ], [ 1, 158 ], [ 3, 114 ] ] 
17 18 766 [ [ -2, 17 ], [ 1, 152 ], [ 3, 120 ] ] 
16 17 447 [ [ -2, 16 ], [ 1, 134 ], [ 3, 106 ] ] 
16 17 354 [ [ -2, 16 ], [ 1, 130 ], [ 3, 110 ] ] 
17 18 622 [ [ -2, 17 ], [ 1, 142 ], [ 3, 130 ] ] 
17 18 598 [ [ -2, 17 ], [ 1, 146 ], [ 3, 126 ] ] 
17 18 598 [ [ -2, 17 ], [ 1, 150 ], [ 3, 122 ] ] 
17 18 598 [ [ -2, 17 ], [ 1, 150 ], [ 3, 122 ] ] 
17 18 481 [ [ -2, 17 ], [ 1, 152 ], [ 3, 120 ] ] 
16 17 448 [ [ -2, 16 ], [ 1, 122 ], [ 3, 118 ] ] 
17 18 667 [ [ -2, 17 ], [ 1, 138 ], [ 3, 134 ] ] 
16 17 420 [ [ -2, 16 ], [ 1, 124 ], [ 3, 116 ] ] 
17 18 730 [ [ -2, 17 ], [ 1, 138 ], [ 3, 134 ] ] 
16 17 350 [ [ -2, 16 ], [ 1, 130 ], [ 3, 110 ] ] 
17 18 404 [ [ -2, 17 ], [ 1, 142 ], [ 3, 130 ] ] 
16 17 437 [ [ -2, 16 ], [ 1, 138 ], [ 3, 102 ] ] 
17 18 404 [ [ -2, 17 ], [ 1, 146 ], [ 3, 126 ] ] 
17 18 481 [ [ -2, 17 ], [ 1, 152 ], [ 3, 120 ] ] 
16 17 335 [ [ -2, 16 ], [ 1, 138 ], [ 3, 102 ] ] 
17 18 366 [ [ -2, 17 ], [ 1, 152 ], [ 3, 120 ] ] 
16 17 320 [ [ -2, 16 ], [ 1, 136 ], [ 3, 104 ] ] 
17 18 535 [ [ -2, 17 ], [ 1, 150 ], [ 3, 122 ] ] 
17 18 535 [ [ -2, 17 ], [ 1, 150 ], [ 3, 122 ] ] 
17 18 404 [ [ -2, 17 ], [ 1, 162 ], [ 3, 110 ] ] 
16 17 321 [ [ -2, 16 ], [ 1, 142 ], [ 3, 98 ] ] 
17 18 448 [ [ -2, 17 ], [ 1, 168 ], [ 3, 104 ] ] 
16 17 425 [ [ -2, 16 ], [ 1, 148 ], [ 3, 92 ] ] 
16 17 376 [ [ -2, 16 ], [ 1, 138 ], [ 3, 102 ] ] 
16 17 572 [ [ -2, 16 ], [ 1, 138 ], [ 3, 102 ] ] 
17 18 1014 [ [ -2, 17 ], [ 1, 152 ], [ 3, 120 ] ] 
17 18 1078 [ [ -2, 17 ], [ 1, 156 ], [ 3, 116 ] ] 
16 17 327 [ [ -2, 16 ], [ 1, 148 ], [ 3, 92 ] ] 
16 17 572 [ [ -2, 16 ], [ 1, 140 ], [ 3, 100 ] ] 
17 18 348 [ [ -2, 17 ], [ 1, 150 ], [ 3, 122 ] ] 
17 18 352 [ [ -2, 17 ], [ 1, 154 ], [ 3, 118 ] ] 
17 18 352 [ [ -2, 17 ], [ 1, 166 ], [ 3, 106 ] ] 
17 18 616 [ [ -2, 17 ], [ 1, 150 ], [ 3, 122 ] ] 
17 18 366 [ [ -2, 17 ], [ 1, 160 ], [ 3, 112 ] ] 
16 17 443 [ [ -2, 16 ], [ 1, 130 ], [ 3, 110 ] ] 
17 18 1004 [ [ -2, 17 ], [ 1, 150 ], [ 3, 122 ] ] 
16 17 572 [ [ -2, 16 ], [ 1, 140 ], [ 3, 100 ] ] 
17 18 1014 [ [ -2, 17 ], [ 1, 156 ], [ 3, 116 ] ] 
16 17 305 [ [ -2, 16 ], [ 1, 144 ], [ 3, 96 ] ] 
17 18 352 [ [ -2, 17 ], [ 1, 154 ], [ 3, 118 ] ] 
17 18 366 [ [ -2, 17 ], [ 1, 152 ], [ 3, 120 ] ] 
17 18 352 [ [ -2, 17 ], [ 1, 146 ], [ 3, 126 ] ] 
17 18 348 [ [ -2, 17 ], [ 1, 150 ], [ 3, 122 ] ] 
Error, user interrupt in
  return not IsPlistRep( r ); at /usr/local/Cellar/gap/4.15.1/share/gap/lib/list.gi:3637 called from 
func( elm ) at /usr/local/Cellar/gap/4.15.1/share/gap/lib/coll.gi:1643 called from
ForAny( m1, function ( r )
      return not IsPlistRep( r );
  end ) at /usr/local/Cellar/gap/4.15.1/share/gap/lib/list.gi:3637 called from
T * M * TransposedMat( T ) at gapReads/LinearAlgebra.txt:252 called from
TMTTmult( orthoB, sQ ) at gapReads/LatticeTools.txt:41 called from
signaturejob( sdim - 1, newsQ ); at gapReads/LatticeTools.txt:42 called from
...  at Task20260923Pa.g:42
you can 'return;'
brk> 