sessionnumb  20260922212402 
gap> Read("Task20260922Vb.g");
10 10 121 
10 10 121 
11 10 121 
Error, user interrupt in
  res[i] := func( C[i] ); at /usr/local/Cellar/gap/4.15.1/share/gap/lib/coll.gi:663 called from 
List( [ 1 .. r ], function ( ii )
      return ConcatVectss( List( matslist, function ( tM )
                return tM[ii];
            end ) );
  end ) at gapReads/LinearAlgebra.txt:113 called from
ConcatMatss( tv ) at gapReads/LinearAlgebra.txt:822 called from
func( C[i] ) at /usr/local/Cellar/gap/4.15.1/share/gap/lib/coll.gi:663 called from
List( matmat, function ( tv )
      return ConcatMatss( tv );
  end ) at gapReads/LinearAlgebra.txt:822 called from
MatMatToMat( [ [ tt, tv ], [ ttv, M ] ] ) at SplitConsTools.g:42 called from
...  at Task20260922Vb.g:40
you can 'return;'
brk> quit;
gap> 
gap> 
gap> 
gap> Read("Task20260922Vb.g");
10 10 121 [ [ [ 0, 4, -2, 0, 4, 4, 4, 2, 2, 2 ], 1 ], 
  [ [ 2, -2, 4, 2, 0, 0, 0, 2, 2, 2 ], 1 ], [ [ 2, 0, 4, 2, 2, 2, -2, 2, 2, 2 ], 1 ], 
  [ [ 2, 0, 4, 4, -2, 0, 2, 2, 2, 2 ], 1 ], [ [ 2, 2, 0, -2, 4, 4, 2, 2, 2, 4 ], 1 ], 
  [ [ 2, 2, 0, 2, 2, 4, 2, 2, 2, 2 ], 1 ], [ [ 2, 2, 2, 2, 2, 2, 2, -2, 2, 2 ], 1 ], 
  [ [ 2, 2, 2, 2, 2, 2, 2, 2, -2, 0 ], 1 ], [ [ 2, 2, 2, 4, 2, 0, 2, 2, 0, -2 ], 1 ], 
  [ [ 4, 0, 4, 4, 0, -2, 2, 2, 2, 0 ], 1 ] ] 
Error, user interrupt in
  res[i] := func( C[i] ); at /usr/local/Cellar/gap/4.15.1/share/gap/lib/coll.gi:663 called from 
List( m1, function ( row )
      return PROD_VECTOR_MATRIX( row, m2 );
  end ) at /usr/local/Cellar/gap/4.15.1/share/gap/lib/list.gi:3640 called from
T * M at gapReads/LinearAlgebra.txt:252 called from
TMTTmult( orthoB, sQ ) at gapReads/LatticeTools.txt:41 called from
signaturejob( sdim - 1, newsQ ); at gapReads/LatticeTools.txt:42 called from
signaturejob( sdim - 1, newsQ ); at gapReads/LatticeTools.txt:42 called from
...  at Task20260922Vb.g:40
you can 'return;'
brk> quit;
gap> 
gap> 
gap> 
gap> Read("Task20260922Vb.g");
10 10 121 [ [ -2, 9 ], [ 0, 16 ], [ 2, 59 ], [ 4, 16 ] ] 
10 10 121 [ [ -2, 9 ], [ 0, 16 ], [ 2, 57 ], [ 4, 18 ] ] 
11 10 121 [ [ -2, 10 ], [ 0, 18 ], [ 2, 71 ], [ 4, 22 ] ] 
Error, user interrupt in
  c := MATINTmgcdex( AbsInt( A[r, c1] ), A[r + 1, c1], A{[ r + 2 .. n ]}[c1] )
 ; at /usr/local/Cellar/gap/4.15.1/share/gap/lib/matint.gi:409 called from 
DoNFIM( mat, options ) at /usr/local/Cellar/gap/4.15.1/share/gap/lib/matint.gi:559 called from
NormalFormIntMat( mat, 6 ) at /usr/local/Cellar/gap/4.15.1/share/gap/lib/matint.gi:655 called from
HermiteNormalFormIntegerMatTransform( bigGram ) at SplitConsTools.g:68 called from
ModLatticeKerRec( tGram ) at SplitConsTools.g:114 called from
WGraphToGramh( newadj, kk + 1 ) at Task20260922Vb.g:24 called from
...  at Task20260922Vb.g:40
you can 'return;'
brk> newadj;
[ [ 2, 2, 0, 2, 2, 0, 0, 2, 2, 4, 2 ], [ 2, -2, 4, 2, 0, 4, 2, 2, 0, 0, 0 ], 
  [ 0, 4, -2, 0, 4, 0, 2, 2, 4, 4, 4 ], [ 2, 2, 0, -2, 4, 2, 4, 4, 2, 2, 2 ], 
  [ 2, 0, 4, 4, -2, 2, 2, 0, 2, 0, 0 ], [ 0, 4, 0, 2, 2, -2, 0, 2, 4, 4, 4 ], 
  [ 0, 2, 2, 4, 2, 0, -2, 2, 2, 4, 4 ], [ 2, 2, 2, 4, 0, 2, 2, -2, 2, 0, 2 ], 
  [ 2, 0, 4, 2, 2, 4, 2, 2, -2, 0, 2 ], [ 4, 0, 4, 2, 0, 4, 4, 0, 0, -2, 4 ], 
  [ 2, 0, 4, 2, 0, 4, 4, 2, 2, 4, -2 ] ]
brk> quit;
gap> 
gap> 
gap> 
gap> 
gap> Read("Task20260922Vb.g");
10 10 121 [ [ -2, 10 ], [ 0, 16 ], [ 2, 58 ], [ 4, 16 ] ] 
10 10 121 [ [ -2, 10 ], [ 0, 16 ], [ 2, 56 ], [ 4, 18 ] ] 
11 10 121 [ [ -2, 11 ], [ 0, 18 ], [ 2, 70 ], [ 4, 22 ] ] 
10 10 121 [ [ -2, 10 ], [ 0, 18 ], [ 2, 56 ], [ 4, 16 ] ] 
9 10 121 [ [ -2, 9 ], [ 0, 10 ], [ 2, 50 ], [ 4, 12 ] ] 
10 10 121 [ [ -2, 10 ], [ 0, 14 ], [ 2, 60 ], [ 4, 16 ] ] 
10 10 121 [ [ -2, 10 ], [ 0, 16 ], [ 2, 58 ], [ 4, 16 ] ] 
11 10 121 [ [ -2, 11 ], [ 0, 18 ], [ 2, 70 ], [ 4, 22 ] ] 
11 10 121 [ [ -2, 11 ], [ 0, 20 ], [ 2, 72 ], [ 4, 18 ] ] 
11 10 121 [ [ -2, 11 ], [ 0, 16 ], [ 2, 74 ], [ 4, 20 ] ] 
10 10 121 [ [ -2, 10 ], [ 0, 14 ], [ 2, 52 ], [ 4, 24 ] ] 
10 10 121 [ [ -2, 10 ], [ 0, 16 ], [ 2, 62 ], [ 4, 12 ] ] 
11 10 121 [ [ -2, 11 ], [ 0, 20 ], [ 2, 72 ], [ 4, 18 ] ] 
11 10 121 [ [ -2, 11 ], [ 0, 22 ], [ 2, 74 ], [ 4, 14 ] ] 
10 10 121 [ [ -2, 10 ], [ 0, 16 ], [ 2, 56 ], [ 4, 18 ] ] 
10 10 121 [ [ -2, 10 ], [ 0, 12 ], [ 2, 60 ], [ 4, 18 ] ] 
11 10 121 [ [ -2, 11 ], [ 0, 16 ], [ 2, 72 ], [ 4, 22 ] ] 
10 10 121 [ [ -2, 10 ], [ 0, 20 ], [ 2, 50 ], [ 4, 20 ] ] 
10 10 121 [ [ -2, 10 ], [ 0, 24 ], [ 2, 52 ], [ 4, 14 ] ] 
10 10 121 [ [ -2, 10 ], [ 0, 20 ], [ 2, 54 ], [ 4, 16 ] ] 
11 10 121 [ [ -2, 11 ], [ 0, 24 ], [ 2, 68 ], [ 4, 18 ] ] 
9 10 121 [ [ -2, 9 ], [ 0, 20 ], [ 2, 42 ], [ 4, 10 ] ] 
10 10 121 [ [ -2, 10 ], [ 0, 20 ], [ 2, 56 ], [ 4, 14 ] ] 
11 10 121 [ [ -2, 11 ], [ 0, 28 ], [ 2, 66 ], [ 4, 16 ] ] 
10 10 121 [ [ -2, 10 ], [ 0, 28 ], [ 2, 52 ], [ 4, 10 ] ] 
11 10 121 [ [ -2, 11 ], [ 0, 20 ], [ 2, 70 ], [ 4, 20 ] ] 
12 10 121 [ [ -2, 12 ], [ 0, 28 ], [ 2, 80 ], [ 4, 24 ] ] 
9 10 121 [ [ -2, 9 ], [ 0, 20 ], [ 2, 44 ], [ 4, 8 ] ] 
10 10 121 [ [ -2, 10 ], [ 0, 22 ], [ 2, 60 ], [ 4, 8 ] ] 
11 10 121 [ [ -2, 11 ], [ 0, 28 ], [ 2, 74 ], [ 4, 8 ] ] 
9 10 121 [ [ -2, 9 ], [ 0, 16 ], [ 2, 44 ], [ 4, 12 ] ] 
10 10 121 [ [ -2, 10 ], [ 0, 20 ], [ 2, 54 ], [ 4, 16 ] ] 
11 10 121 [ [ -2, 11 ], [ 0, 22 ], [ 2, 68 ], [ 4, 20 ] ] 
12 10 121 [ [ -2, 12 ], [ 0, 26 ], [ 2, 84 ], [ 4, 22 ] ] 
9 10 121 [ [ -2, 9 ], [ 0, 16 ], [ 2, 44 ], [ 4, 12 ] ] 
10 10 121 [ [ -2, 10 ], [ 0, 18 ], [ 2, 58 ], [ 4, 14 ] ] 
11 10 121 [ [ -2, 11 ], [ 0, 22 ], [ 2, 72 ], [ 4, 16 ] ] 
10 10 121 [ [ -2, 10 ], [ 0, 22 ], [ 2, 56 ], [ 4, 12 ] ] 
11 10 121 [ [ -2, 11 ], [ 0, 26 ], [ 2, 70 ], [ 4, 14 ] ] 
10 10 121 [ [ -2, 10 ], [ 0, 16 ], [ 2, 54 ], [ 4, 20 ] ] 
11 10 121 [ [ -2, 11 ], [ 0, 18 ], [ 2, 66 ], [ 4, 26 ] ] 
11 10 121 [ [ -2, 11 ], [ 0, 18 ], [ 2, 68 ], [ 4, 24 ] ] 
11 10 121 [ [ -2, 11 ], [ 0, 22 ], [ 2, 62 ], [ 4, 26 ] ] 
11 10 121 [ [ -2, 11 ], [ 0, 20 ], [ 2, 64 ], [ 4, 26 ] ] 
10 10 121 [ [ -2, 10 ], [ 0, 16 ], [ 2, 60 ], [ 4, 14 ] ] 
11 10 121 [ [ -2, 11 ], [ 0, 24 ], [ 2, 70 ], [ 4, 16 ] ] 
9 10 121 [ [ -2, 9 ], [ 0, 14 ], [ 2, 46 ], [ 4, 12 ] ] 
10 10 121 [ [ -2, 10 ], [ 0, 18 ], [ 2, 56 ], [ 4, 16 ] ] 
10 10 121 [ [ -2, 10 ], [ 0, 16 ], [ 2, 58 ], [ 4, 16 ] ] 
9 10 121 [ [ -2, 9 ], [ 0, 12 ], [ 2, 48 ], [ 4, 12 ] ] 
10 10 121 [ [ -2, 10 ], [ 0, 16 ], [ 2, 52 ], [ 4, 22 ] ] 
12 10 121 [ [ -2, 12 ], [ 0, 20 ], [ 2, 82 ], [ 4, 30 ] ] 
9 10 121 [ [ -2, 9 ], [ 0, 18 ], [ 2, 46 ], [ 4, 8 ] ] 
10 10 121 [ [ -2, 10 ], [ 0, 22 ], [ 2, 52 ], [ 4, 16 ] ] 
10 10 121 [ [ -2, 10 ], [ 0, 24 ], [ 2, 58 ], [ 4, 8 ] ] 
10 10 121 [ [ -2, 10 ], [ 0, 20 ], [ 2, 58 ], [ 4, 12 ] ] 
11 10 121 [ [ -2, 11 ], [ 0, 20 ], [ 2, 70 ], [ 4, 20 ] ] 
10 10 121 [ [ -2, 10 ], [ 0, 22 ], [ 2, 56 ], [ 4, 12 ] ] 
11 10 121 [ [ -2, 11 ], [ 0, 22 ], [ 2, 70 ], [ 4, 18 ] ] 
10 10 121 [ [ -2, 10 ], [ 0, 20 ], [ 2, 62 ], [ 4, 8 ] ] 
10 10 121 [ [ -2, 10 ], [ 0, 12 ], [ 2, 62 ], [ 4, 16 ] ] 
9 10 121 [ [ -2, 9 ], [ 0, 12 ], [ 2, 48 ], [ 4, 12 ] ] 
10 10 121 [ [ -2, 10 ], [ 0, 14 ], [ 2, 56 ], [ 4, 20 ] ] 
10 10 121 [ [ -2, 10 ], [ 0, 14 ], [ 2, 58 ], [ 4, 18 ] ] 
