sessionnumb  20260922213617 
gap> Read("Task20260922Vd.g");
12 13 128 [ [ -2, 12 ], [ 0, 8 ], [ 1, 34 ], [ 2, 38 ], [ 3, 36 ], [ 4, 16 ] ] 
12 13 144 [ [ -2, 12 ], [ 0, 16 ], [ 1, 22 ], [ 2, 48 ], [ 3, 34 ], [ 4, 12 ] ] 
12 13 147 [ [ -2, 12 ], [ 0, 20 ], [ 1, 18 ], [ 2, 36 ], [ 3, 34 ], [ 4, 24 ] ] 
12 13 124 [ [ -2, 12 ], [ 0, 14 ], [ 1, 32 ], [ 2, 42 ], [ 3, 38 ], [ 4, 6 ] ] 
12 13 122 [ [ -2, 12 ], [ 0, 10 ], [ 1, 26 ], [ 2, 52 ], [ 3, 32 ], [ 4, 12 ] ] 
12 13 140 [ [ -2, 12 ], [ 0, 12 ], [ 1, 34 ], [ 2, 42 ], [ 3, 32 ], [ 4, 12 ] ] 
12 13 124 [ [ -2, 12 ], [ 0, 20 ], [ 1, 32 ], [ 2, 38 ], [ 3, 28 ], [ 4, 14 ] ] 
12 13 157 [ [ -2, 12 ], [ 0, 12 ], [ 1, 26 ], [ 2, 48 ], [ 3, 26 ], [ 4, 20 ] ] 
12 13 124 [ [ -2, 12 ], [ 0, 10 ], [ 1, 30 ], [ 2, 54 ], [ 3, 24 ], [ 4, 14 ] ] 
12 13 122 [ [ -2, 12 ], [ 0, 12 ], [ 1, 34 ], [ 2, 52 ], [ 3, 22 ], [ 4, 12 ] ] 
12 13 137 [ [ -2, 12 ], [ 0, 14 ], [ 1, 30 ], [ 2, 58 ], [ 3, 24 ], [ 4, 6 ] ] 
12 13 131 [ [ -2, 12 ], [ 0, 12 ], [ 1, 30 ], [ 2, 50 ], [ 3, 28 ], [ 4, 12 ] ] 
12 13 183 [ [ -2, 12 ], [ 0, 8 ], [ 1, 26 ], [ 2, 50 ], [ 3, 32 ], [ 4, 16 ] ] 
13 14 267 [ [ -2, 13 ], [ 0, 14 ], [ 1, 30 ], [ 2, 54 ], [ 3, 40 ], [ 4, 18 ] ] 
12 13 138 [ [ -2, 12 ], [ 0, 18 ], [ 1, 30 ], [ 2, 34 ], [ 3, 36 ], [ 4, 14 ] ] 
12 13 122 [ [ -2, 12 ], [ 0, 10 ], [ 1, 34 ], [ 2, 50 ], [ 3, 20 ], [ 4, 18 ] ] 
13 14 124 [ [ -2, 13 ], [ 0, 18 ], [ 1, 24 ], [ 2, 68 ], [ 3, 32 ], [ 4, 14 ] ] 
11 12 129 [ [ -2, 11 ], [ 0, 12 ], [ 1, 16 ], [ 2, 48 ], [ 3, 26 ], [ 4, 8 ] ] 
12 13 129 [ [ -2, 12 ], [ 0, 12 ], [ 1, 36 ], [ 2, 36 ], [ 3, 30 ], [ 4, 18 ] ] 
13 14 123 [ [ -2, 13 ], [ 0, 12 ], [ 1, 44 ], [ 2, 62 ], [ 3, 26 ], [ 4, 12 ] ] 
12 13 128 [ [ -2, 12 ], [ 0, 10 ], [ 1, 26 ], [ 2, 52 ], [ 3, 30 ], [ 4, 14 ] ] 
12 13 123 [ [ -2, 12 ], [ 0, 12 ], [ 1, 16 ], [ 2, 50 ], [ 3, 42 ], [ 4, 12 ] ] 
12 13 172 [ [ -2, 12 ], [ 0, 10 ], [ 1, 30 ], [ 2, 42 ], [ 3, 40 ], [ 4, 10 ] ] 
12 13 130 [ [ -2, 12 ], [ 0, 18 ], [ 1, 34 ], [ 2, 46 ], [ 3, 28 ], [ 4, 6 ] ] 
11 12 122 [ [ -2, 11 ], [ 0, 10 ], [ 1, 26 ], [ 2, 38 ], [ 3, 24 ], [ 4, 12 ] ] 
13 14 149 [ [ -2, 13 ], [ 0, 16 ], [ 1, 46 ], [ 2, 56 ], [ 3, 30 ], [ 4, 8 ] ] 
12 13 147 [ [ -2, 12 ], [ 0, 16 ], [ 1, 34 ], [ 2, 50 ], [ 3, 24 ], [ 4, 8 ] ] 
12 13 166 [ [ -2, 12 ], [ 0, 22 ], [ 1, 28 ], [ 2, 42 ], [ 3, 28 ], [ 4, 12 ] ] 
12 13 125 [ [ -2, 12 ], [ 0, 14 ], [ 1, 24 ], [ 2, 50 ], [ 3, 32 ], [ 4, 12 ] ] 
12 13 128 [ [ -2, 12 ], [ 0, 12 ], [ 1, 38 ], [ 2, 40 ], [ 3, 28 ], [ 4, 14 ] ] 
12 13 127 [ [ -2, 12 ], [ 0, 18 ], [ 1, 26 ], [ 2, 52 ], [ 3, 26 ], [ 4, 10 ] ] 
12 13 140 [ [ -2, 12 ], [ 0, 16 ], [ 1, 24 ], [ 2, 44 ], [ 3, 32 ], [ 4, 16 ] ] 
11 12 148 [ [ -2, 11 ], [ 0, 8 ], [ 1, 24 ], [ 2, 44 ], [ 3, 22 ], [ 4, 12 ] ] 
13 14 165 [ [ -2, 13 ], [ 0, 12 ], [ 1, 34 ], [ 2, 66 ], [ 3, 30 ], [ 4, 14 ] ] 
12 13 150 [ [ -2, 12 ], [ 0, 10 ], [ 1, 20 ], [ 2, 56 ], [ 3, 34 ], [ 4, 12 ] ] 
12 13 139 [ [ -2, 12 ], [ 0, 6 ], [ 1, 36 ], [ 2, 50 ], [ 3, 24 ], [ 4, 16 ] ] 
13 14 123 [ [ -2, 13 ], [ 0, 10 ], [ 1, 30 ], [ 2, 62 ], [ 3, 42 ], [ 4, 12 ] ] 
12 13 143 [ [ -2, 12 ], [ 0, 10 ], [ 1, 24 ], [ 2, 48 ], [ 3, 30 ], [ 4, 20 ] ] 
13 14 157 [ [ -2, 13 ], [ 0, 10 ], [ 1, 34 ], [ 2, 64 ], [ 3, 32 ], [ 4, 16 ] ] 
12 13 126 [ [ -2, 12 ], [ 0, 14 ], [ 1, 36 ], [ 2, 44 ], [ 3, 32 ], [ 4, 6 ] ] 
11 12 128 [ [ -2, 11 ], [ 0, 6 ], [ 1, 24 ], [ 2, 36 ], [ 3, 28 ], [ 4, 16 ] ] 
12 13 170 [ [ -2, 12 ], [ 0, 14 ], [ 1, 34 ], [ 2, 48 ], [ 3, 24 ], [ 4, 12 ] ] 
11 12 130 [ [ -2, 11 ], [ 0, 8 ], [ 1, 22 ], [ 2, 40 ], [ 3, 22 ], [ 4, 18 ] ] 
12 13 155 [ [ -2, 12 ], [ 0, 6 ], [ 1, 26 ], [ 2, 50 ], [ 3, 38 ], [ 4, 12 ] ] 
13 14 160 [ [ -2, 13 ], [ 0, 10 ], [ 1, 34 ], [ 2, 60 ], [ 3, 40 ], [ 4, 12 ] ] 
13 14 150 [ [ -2, 13 ], [ 0, 14 ], [ 1, 32 ], [ 2, 58 ], [ 3, 44 ], [ 4, 8 ] ] 
11 12 136 [ [ -2, 11 ], [ 0, 16 ], [ 1, 14 ], [ 2, 36 ], [ 3, 36 ], [ 4, 8 ] ] 
13 14 152 [ [ -2, 13 ], [ 0, 18 ], [ 1, 32 ], [ 2, 46 ], [ 3, 38 ], [ 4, 22 ] ] 
12 13 125 [ [ -2, 12 ], [ 0, 12 ], [ 1, 24 ], [ 2, 40 ], [ 3, 36 ], [ 4, 20 ] ] 
12 13 132 [ [ -2, 12 ], [ 0, 8 ], [ 1, 36 ], [ 2, 40 ], [ 3, 36 ], [ 4, 12 ] ] 
11 12 131 [ [ -2, 11 ], [ 0, 10 ], [ 1, 20 ], [ 2, 42 ], [ 3, 28 ], [ 4, 10 ] ] 
12 13 134 [ [ -2, 12 ], [ 0, 14 ], [ 1, 30 ], [ 2, 50 ], [ 3, 30 ], [ 4, 8 ] ] 
11 12 124 [ [ -2, 11 ], [ 0, 10 ], [ 1, 22 ], [ 2, 38 ], [ 3, 32 ], [ 4, 8 ] ] 
11 12 133 [ [ -2, 11 ], [ 0, 10 ], [ 1, 36 ], [ 2, 30 ], [ 3, 26 ], [ 4, 8 ] ] 
12 13 121 [ [ -2, 12 ], [ 0, 12 ], [ 1, 26 ], [ 2, 54 ], [ 3, 34 ], [ 4, 6 ] ] 
12 13 122 [ [ -2, 12 ], [ 0, 10 ], [ 1, 44 ], [ 2, 50 ], [ 3, 22 ], [ 4, 6 ] ] 
13 14 155 [ [ -2, 13 ], [ 0, 10 ], [ 1, 40 ], [ 2, 58 ], [ 3, 34 ], [ 4, 14 ] ] 
12 13 137 [ [ -2, 12 ], [ 0, 12 ], [ 1, 28 ], [ 2, 50 ], [ 3, 32 ], [ 4, 10 ] ] 
12 13 140 [ [ -2, 12 ], [ 0, 16 ], [ 1, 36 ], [ 2, 38 ], [ 3, 32 ], [ 4, 10 ] ] 
12 13 127 [ [ -2, 12 ], [ 0, 10 ], [ 1, 34 ], [ 2, 46 ], [ 3, 32 ], [ 4, 10 ] ] 
12 13 130 [ [ -2, 12 ], [ 0, 20 ], [ 1, 44 ], [ 2, 42 ], [ 3, 18 ], [ 4, 8 ] ] 
11 12 124 [ [ -2, 11 ], [ 0, 18 ], [ 1, 34 ], [ 2, 36 ], [ 3, 12 ], [ 4, 10 ] ] 
13 14 148 [ [ -2, 13 ], [ 0, 10 ], [ 1, 32 ], [ 2, 68 ], [ 3, 38 ], [ 4, 8 ] ] 
13 14 127 [ [ -2, 13 ], [ 0, 10 ], [ 1, 32 ], [ 2, 64 ], [ 3, 40 ], [ 4, 10 ] ] 
12 13 132 [ [ -2, 12 ], [ 0, 8 ], [ 1, 36 ], [ 2, 50 ], [ 3, 22 ], [ 4, 16 ] ] 
12 13 125 [ [ -2, 12 ], [ 0, 16 ], [ 1, 32 ], [ 2, 44 ], [ 3, 28 ], [ 4, 12 ] ] 
11 12 126 [ [ -2, 11 ], [ 0, 4 ], [ 1, 36 ], [ 2, 40 ], [ 3, 20 ], [ 4, 10 ] ] 
13 14 134 [ [ -2, 13 ], [ 0, 16 ], [ 1, 40 ], [ 2, 58 ], [ 3, 36 ], [ 4, 6 ] ] 
13 14 138 [ [ -2, 13 ], [ 0, 12 ], [ 1, 36 ], [ 2, 60 ], [ 3, 36 ], [ 4, 12 ] ] 
13 14 167 [ [ -2, 13 ], [ 0, 16 ], [ 1, 36 ], [ 2, 60 ], [ 3, 34 ], [ 4, 10 ] ] 
12 13 141 [ [ -2, 12 ], [ 0, 12 ], [ 1, 32 ], [ 2, 46 ], [ 3, 34 ], [ 4, 8 ] ] 
13 14 138 [ [ -2, 13 ], [ 0, 10 ], [ 1, 44 ], [ 2, 58 ], [ 3, 34 ], [ 4, 10 ] ] 
13 14 178 [ [ -2, 13 ], [ 0, 14 ], [ 1, 48 ], [ 2, 54 ], [ 3, 34 ], [ 4, 6 ] ] 
11 12 121 [ [ -2, 11 ], [ 0, 4 ], [ 1, 32 ], [ 2, 40 ], [ 3, 28 ], [ 4, 6 ] ] 
12 13 172 [ [ -2, 12 ], [ 0, 12 ], [ 1, 40 ], [ 2, 36 ], [ 3, 40 ], [ 4, 4 ] ] 
12 13 126 [ [ -2, 12 ], [ 0, 16 ], [ 1, 44 ], [ 2, 36 ], [ 3, 30 ], [ 4, 6 ] ] 
13 14 160 [ [ -2, 13 ], [ 0, 20 ], [ 1, 52 ], [ 2, 46 ], [ 3, 32 ], [ 4, 6 ] ] 
12 13 154 [ [ -2, 12 ], [ 0, 20 ], [ 1, 36 ], [ 2, 48 ], [ 3, 26 ], [ 4, 2 ] ] 
12 13 121 [ [ -2, 12 ], [ 0, 14 ], [ 1, 36 ], [ 2, 38 ], [ 3, 42 ], [ 4, 2 ] ] 
12 13 130 [ [ -2, 12 ], [ 0, 12 ], [ 1, 30 ], [ 2, 42 ], [ 3, 38 ], [ 4, 10 ] ] 
12 13 124 [ [ -2, 12 ], [ 0, 12 ], [ 1, 22 ], [ 2, 52 ], [ 3, 38 ], [ 4, 8 ] ] 
13 14 183 [ [ -2, 13 ], [ 0, 10 ], [ 1, 28 ], [ 2, 48 ], [ 3, 58 ], [ 4, 12 ] ] 
12 13 138 [ [ -2, 12 ], [ 0, 12 ], [ 1, 28 ], [ 2, 38 ], [ 3, 36 ], [ 4, 18 ] ] 
12 13 125 [ [ -2, 12 ], [ 0, 12 ], [ 1, 32 ], [ 2, 44 ], [ 3, 36 ], [ 4, 8 ] ] 
13 14 121 [ [ -2, 13 ], [ 0, 8 ], [ 1, 32 ], [ 2, 66 ], [ 3, 38 ], [ 4, 12 ] ] 
11 12 127 [ [ -2, 11 ], [ 0, 8 ], [ 1, 34 ], [ 2, 38 ], [ 3, 26 ], [ 4, 4 ] ] 
12 13 164 [ [ -2, 12 ], [ 0, 10 ], [ 1, 40 ], [ 2, 42 ], [ 3, 32 ], [ 4, 8 ] ] 
11 12 125 [ [ -2, 11 ], [ 0, 12 ], [ 1, 24 ], [ 2, 34 ], [ 3, 30 ], [ 4, 10 ] ] 
14 15 131 [ [ -2, 14 ], [ 0, 14 ], [ 1, 40 ], [ 2, 78 ], [ 3, 42 ], [ 4, 8 ] ] 
12 13 125 [ [ -2, 12 ], [ 0, 8 ], [ 1, 44 ], [ 2, 46 ], [ 3, 30 ], [ 4, 4 ] ] 
12 13 124 [ [ -2, 12 ], [ 0, 16 ], [ 1, 32 ], [ 2, 58 ], [ 3, 22 ], [ 4, 4 ] ] 
12 13 149 [ [ -2, 12 ], [ 0, 18 ], [ 1, 44 ], [ 2, 46 ], [ 3, 22 ], [ 4, 2 ] ] 
12 13 124 [ [ -2, 12 ], [ 0, 12 ], [ 1, 36 ], [ 2, 48 ], [ 3, 32 ], [ 4, 4 ] ] 
12 13 124 [ [ -2, 12 ], [ 0, 8 ], [ 1, 34 ], [ 2, 50 ], [ 3, 36 ], [ 4, 4 ] ] 
12 13 121 [ [ -2, 12 ], [ 0, 12 ], [ 1, 30 ], [ 2, 48 ], [ 3, 34 ], [ 4, 8 ] ] 
12 13 134 [ [ -2, 12 ], [ 0, 18 ], [ 1, 28 ], [ 2, 44 ], [ 3, 40 ], [ 4, 2 ] ] 
12 13 122 [ [ -2, 12 ], [ 0, 14 ], [ 1, 22 ], [ 2, 68 ], [ 3, 22 ], [ 4, 6 ] ] 
