sessionnumb  20261001181149 
17 18 [ 0, 525 ] [ [ -2, 17 ], [ 1, 142 ], [ 3, 130 ] ] 253 
17 18 [ 0, 652 ] [ [ -2, 17 ], [ 1, 158 ], [ 3, 114 ] ] 285 
17 18 [ 0, 255 ] [ [ -2, 17 ], [ 1, 162 ], [ 3, 110 ] ] 409 
17 18 [ 0, 504 ] [ [ -2, 17 ], [ 1, 142 ], [ 3, 130 ] ] 1542 
17 18 [ 0, 731 ] [ [ -2, 17 ], [ 1, 146 ], [ 3, 126 ] ] 1543 
17 18 [ 0, 642 ] [ [ -2, 17 ], [ 1, 142 ], [ 3, 130 ] ] 1605 
17 18 [ 0, 752 ] [ [ -2, 17 ], [ 1, 150 ], [ 3, 122 ] ] 1628 
17 18 [ 0, 615 ] [ [ -2, 17 ], [ 1, 158 ], [ 3, 114 ] ] 1769 
17 18 [ 0, 214 ] [ [ -2, 17 ], [ 1, 140 ], [ 3, 132 ] ] 1889 
17 18 [ 0, 317 ] [ [ -2, 17 ], [ 1, 144 ], [ 3, 128 ] ] 1993 
17 18 [ 0, 226 ] [ [ -2, 17 ], [ 1, 150 ], [ 3, 122 ] ] 2014 
17 18 [ 0, 235 ] [ [ -2, 17 ], [ 1, 138 ], [ 3, 134 ] ] 2110 
17 18 [ 0, 296 ] [ [ -2, 17 ], [ 1, 150 ], [ 3, 122 ] ] 2220 
17 18 [ 0, 464 ] [ [ -2, 17 ], [ 1, 130 ], [ 3, 142 ] ] 2613 
17 18 [ 0, 177 ] [ [ -2, 17 ], [ 1, 140 ], [ 3, 132 ] ] 2672 
17 18 [ 0, 282 ] [ [ -2, 17 ], [ 1, 144 ], [ 3, 128 ] ] 2703 
17 18 [ 0, 288 ] [ [ -2, 17 ], [ 1, 136 ], [ 3, 136 ] ] 2720 
17 18 [ 0, 492 ] [ [ -2, 17 ], [ 1, 150 ], [ 3, 122 ] ] 2814 
17 18 [ 0, 306 ] [ [ -2, 17 ], [ 1, 138 ], [ 3, 134 ] ] 3071 
17 18 [ 0, 254 ] [ [ -2, 17 ], [ 1, 148 ], [ 3, 124 ] ] 3298 
17 18 [ 0, 271 ] [ [ -2, 17 ], [ 1, 128 ], [ 3, 144 ] ] 3363 
17 18 [ 0, 283 ] [ [ -2, 17 ], [ 1, 128 ], [ 3, 144 ] ] 3434 
17 18 [ 0, 201 ] [ [ -2, 17 ], [ 1, 138 ], [ 3, 134 ] ] 3501 
17 18 [ 0, 139 ] [ [ -2, 17 ], [ 1, 134 ], [ 3, 138 ] ] 3538 
17 18 [ 0, 159 ] [ [ -2, 17 ], [ 1, 142 ], [ 3, 130 ] ] 3946 
17 18 [ 0, 224 ] [ [ -2, 17 ], [ 1, 132 ], [ 3, 140 ] ] 4104 
17 18 [ 0, 188 ] [ [ -2, 17 ], [ 1, 148 ], [ 3, 124 ] ] 4220 
17 18 [ 0, 606 ] [ [ -2, 17 ], [ 1, 134 ], [ 3, 138 ] ] 4349 
17 18 [ 0, 363 ] [ [ -2, 17 ], [ 1, 148 ], [ 3, 124 ] ] 4354 
17 18 [ 0, 488 ] [ [ -2, 17 ], [ 1, 134 ], [ 3, 138 ] ] 4556 
17 18 [ 0, 317 ] [ [ -2, 17 ], [ 1, 136 ], [ 3, 136 ] ] 4590 
17 18 [ 0, 615 ] [ [ -2, 17 ], [ 1, 154 ], [ 3, 118 ] ] 4617 
17 18 [ 0, 509 ] [ [ -2, 17 ], [ 1, 138 ], [ 3, 134 ] ] 4701 
17 18 [ 0, 241 ] [ [ -2, 17 ], [ 1, 158 ], [ 3, 114 ] ] 4748 
17 18 [ 0, 164 ] [ [ -2, 17 ], [ 1, 152 ], [ 3, 120 ] ] 5573 
17 18 [ 0, 564 ] [ [ -2, 17 ], [ 1, 146 ], [ 3, 126 ] ] 5909 
17 18 [ 0, 436 ] [ [ -2, 17 ], [ 1, 144 ], [ 3, 128 ] ] 5960 
17 18 [ 0, 178 ] [ [ -2, 17 ], [ 1, 132 ], [ 3, 140 ] ] 5966 
17 18 [ 0, 382 ] [ [ -2, 17 ], [ 1, 132 ], [ 3, 140 ] ] 5967 
17 18 [ 0, 202 ] [ [ -2, 17 ], [ 1, 124 ], [ 3, 148 ] ] 5968 
17 18 [ 0, 290 ] [ [ -2, 17 ], [ 1, 130 ], [ 3, 142 ] ] 5969 
17 18 [ 0, 503 ] [ [ -2, 17 ], [ 1, 130 ], [ 3, 142 ] ] 6028 
17 18 [ 0, 985 ] [ [ -2, 17 ], [ 1, 142 ], [ 3, 130 ] ] 6180 
17 18 [ 0, 525 ] [ [ -2, 17 ], [ 1, 134 ], [ 3, 138 ] ] 6236 
17 18 [ 0, 391 ] [ [ -2, 17 ], [ 1, 128 ], [ 3, 144 ] ] 6243 
17 18 [ 0, 287 ] [ [ -2, 17 ], [ 1, 140 ], [ 3, 132 ] ] 6255 
17 18 [ 0, 275 ] [ [ -2, 17 ], [ 1, 130 ], [ 3, 142 ] ] 6256 
17 18 [ 0, 398 ] [ [ -2, 17 ], [ 1, 146 ], [ 3, 126 ] ] 6285 
17 18 [ 0, 189 ] [ [ -2, 17 ], [ 1, 136 ], [ 3, 136 ] ] 6364 
17 18 [ 0, 235 ] [ [ -2, 17 ], [ 1, 136 ], [ 3, 136 ] ] 6448 
17 18 [ 0, 803 ] [ [ -2, 17 ], [ 1, 124 ], [ 3, 148 ] ] 6525 
17 18 [ 0, 258 ] [ [ -2, 17 ], [ 1, 130 ], [ 3, 142 ] ] 6546 
17 18 [ 0, 278 ] [ [ -2, 17 ], [ 1, 130 ], [ 3, 142 ] ] 6553 
17 18 [ 0, 154 ] [ [ -2, 17 ], [ 1, 140 ], [ 3, 132 ] ] 6667 
18 19 [ 0, 177 ] [ [ -2, 18 ], [ 1, 160 ], [ 3, 146 ] ] 6668 
17 18 [ 0, 282 ] [ [ -2, 17 ], [ 1, 140 ], [ 3, 132 ] ] 6681 
17 18 [ 0, 141 ] [ [ -2, 17 ], [ 1, 156 ], [ 3, 116 ] ] 7580 
17 18 [ 0, 279 ] [ [ -2, 17 ], [ 1, 158 ], [ 3, 114 ] ] 7615 
17 18 [ 0, 147 ] [ [ -2, 17 ], [ 1, 154 ], [ 3, 118 ] ] 7616 
17 18 [ 0, 239 ] [ [ -2, 17 ], [ 1, 156 ], [ 3, 116 ] ] 7629 
17 18 [ 0, 272 ] [ [ -2, 17 ], [ 1, 146 ], [ 3, 126 ] ] 7647 
17 18 [ 0, 110 ] [ [ -2, 17 ], [ 1, 142 ], [ 3, 130 ] ] 7657 
17 18 [ 0, 487 ] [ [ -2, 17 ], [ 1, 132 ], [ 3, 140 ] ] 8060 
17 18 [ 0, 403 ] [ [ -2, 17 ], [ 1, 152 ], [ 3, 120 ] ] 8084 
17 18 [ 0, 576 ] [ [ -2, 17 ], [ 1, 164 ], [ 3, 108 ] ] 8304 
17 18 [ 0, 208 ] [ [ -2, 17 ], [ 1, 152 ], [ 3, 120 ] ] 8472 
17 18 [ 0, 244 ] [ [ -2, 17 ], [ 1, 158 ], [ 3, 114 ] ] 8507 
17 18 [ 0, 444 ] [ [ -2, 17 ], [ 1, 140 ], [ 3, 132 ] ] 8621 
17 18 [ 0, 245 ] [ [ -2, 17 ], [ 1, 144 ], [ 3, 128 ] ] 8909 
17 18 [ 0, 232 ] [ [ -2, 17 ], [ 1, 142 ], [ 3, 130 ] ] 8910 
17 18 [ 0, 579 ] [ [ -2, 17 ], [ 1, 140 ], [ 3, 132 ] ] 9327 
17 18 [ 0, 579 ] [ [ -2, 17 ], [ 1, 152 ], [ 3, 120 ] ] 9328 
17 18 [ 0, 369 ] [ [ -2, 17 ], [ 1, 148 ], [ 3, 124 ] ] 9427 
17 18 [ 0, 501 ] [ [ -2, 17 ], [ 1, 134 ], [ 3, 138 ] ] 9432 
17 18 [ 0, 236 ] [ [ -2, 17 ], [ 1, 130 ], [ 3, 142 ] ] 9650 
17 18 [ 0, 384 ] [ [ -2, 17 ], [ 1, 150 ], [ 3, 122 ] ] 9795 
17 18 [ 0, 195 ] [ [ -2, 17 ], [ 1, 150 ], [ 3, 122 ] ] 9801 
17 18 [ 0, 330 ] [ [ -2, 17 ], [ 1, 146 ], [ 3, 126 ] ] 9998 
17 18 [ 0, 159 ] [ [ -2, 17 ], [ 1, 142 ], [ 3, 130 ] ] 10030 
17 18 [ 0, 193 ] [ [ -2, 17 ], [ 1, 152 ], [ 3, 120 ] ] 10403 
17 18 [ 0, 330 ] [ [ -2, 17 ], [ 1, 148 ], [ 3, 124 ] ] 10405 
17 18 [ 0, 740 ] [ [ -2, 17 ], [ 1, 136 ], [ 3, 136 ] ] 10550 
17 18 [ 0, 157 ] [ [ -2, 17 ], [ 1, 148 ], [ 3, 124 ] ] 10603 
17 18 [ 0, 277 ] [ [ -2, 17 ], [ 1, 134 ], [ 3, 138 ] ] 10636 
17 18 [ 0, 273 ] [ [ -2, 17 ], [ 1, 170 ], [ 3, 102 ] ] 10640 
17 18 [ 0, 242 ] [ [ -2, 17 ], [ 1, 144 ], [ 3, 128 ] ] 10773 
17 18 [ 0, 245 ] [ [ -2, 17 ], [ 1, 150 ], [ 3, 122 ] ] 10782 
17 18 [ 0, 207 ] [ [ -2, 17 ], [ 1, 134 ], [ 3, 138 ] ] 10889 
17 18 [ 0, 275 ] [ [ -2, 17 ], [ 1, 140 ], [ 3, 132 ] ] 10941 
17 18 [ 0, 178 ] [ [ -2, 17 ], [ 1, 136 ], [ 3, 136 ] ] 11059 
17 18 [ 0, 192 ] [ [ -2, 17 ], [ 1, 148 ], [ 3, 124 ] ] 11117 
17 18 [ 0, 185 ] [ [ -2, 17 ], [ 1, 146 ], [ 3, 126 ] ] 11118 
17 18 [ 0, 241 ] [ [ -2, 17 ], [ 1, 142 ], [ 3, 130 ] ] 11244 
17 18 [ 0, 300 ] [ [ -2, 17 ], [ 1, 124 ], [ 3, 148 ] ] 11398 
17 18 [ 0, 329 ] [ [ -2, 17 ], [ 1, 156 ], [ 3, 116 ] ] 11869 
17 18 [ 0, 372 ] [ [ -2, 17 ], [ 1, 136 ], [ 3, 136 ] ] 11964 
17 18 [ 0, 95 ] [ [ -2, 17 ], [ 1, 132 ], [ 3, 140 ] ] 12144 
17 18 [ 0, 189 ] [ [ -2, 17 ], [ 1, 148 ], [ 3, 124 ] ] 12156 
17 18 [ 0, 236 ] [ [ -2, 17 ], [ 1, 138 ], [ 3, 134 ] ] 12211 
17 18 [ 0, 628 ] [ [ -2, 17 ], [ 1, 142 ], [ 3, 130 ] ] 12234 
17 18 [ 0, 244 ] [ [ -2, 17 ], [ 1, 132 ], [ 3, 140 ] ] 12266 
17 18 [ 0, 178 ] [ [ -2, 17 ], [ 1, 142 ], [ 3, 130 ] ] 12416 
17 18 [ 0, 81 ] [ [ -2, 17 ], [ 1, 144 ], [ 3, 128 ] ] 12421 
17 18 [ 0, 290 ] [ [ -2, 17 ], [ 1, 154 ], [ 3, 118 ] ] 12556 
17 18 [ 0, 320 ] [ [ -2, 17 ], [ 1, 134 ], [ 3, 138 ] ] 13662 
17 18 [ 0, 462 ] [ [ -2, 17 ], [ 1, 130 ], [ 3, 142 ] ] 13864 
17 18 [ 0, 270 ] [ [ -2, 17 ], [ 1, 164 ], [ 3, 108 ] ] 14098 
17 18 [ 0, 937 ] [ [ -2, 17 ], [ 1, 146 ], [ 3, 126 ] ] 14147 
17 18 [ 0, 671 ] [ [ -2, 17 ], [ 1, 150 ], [ 3, 122 ] ] 14173 
17 18 [ 0, 424 ] [ [ -2, 17 ], [ 1, 160 ], [ 3, 112 ] ] 14445 
17 18 [ 0, 475 ] [ [ -2, 17 ], [ 1, 142 ], [ 3, 130 ] ] 14766 
17 18 [ 0, 195 ] [ [ -2, 17 ], [ 1, 140 ], [ 3, 132 ] ] 15031 
17 18 [ 0, 195 ] [ [ -2, 17 ], [ 1, 138 ], [ 3, 134 ] ] 15055 
17 18 [ 0, 566 ] [ [ -2, 17 ], [ 1, 130 ], [ 3, 142 ] ] 15607 
17 18 [ 0, 258 ] [ [ -2, 17 ], [ 1, 146 ], [ 3, 126 ] ] 15670 
17 18 [ 0, 259 ] [ [ -2, 17 ], [ 1, 126 ], [ 3, 146 ] ] 16059 
17 18 [ 0, 290 ] [ [ -2, 17 ], [ 1, 154 ], [ 3, 118 ] ] 16073 
17 18 [ 0, 716 ] [ [ -2, 17 ], [ 1, 128 ], [ 3, 144 ] ] 16080 
17 18 [ 0, 194 ] [ [ -2, 17 ], [ 1, 132 ], [ 3, 140 ] ] 16102 
17 18 [ 0, 557 ] [ [ -2, 17 ], [ 1, 152 ], [ 3, 120 ] ] 16211 
17 18 [ 0, 548 ] [ [ -2, 17 ], [ 1, 140 ], [ 3, 132 ] ] 16390 
17 18 [ 0, 189 ] [ [ -2, 17 ], [ 1, 130 ], [ 3, 142 ] ] 16555 
17 18 [ 0, 117 ] [ [ -2, 17 ], [ 1, 132 ], [ 3, 140 ] ] 16601 
17 18 [ 0, 368 ] [ [ -2, 17 ], [ 1, 128 ], [ 3, 144 ] ] 16640 
17 18 [ 0, 261 ] [ [ -2, 17 ], [ 1, 150 ], [ 3, 122 ] ] 16750 
17 18 [ 0, 315 ] [ [ -2, 17 ], [ 1, 138 ], [ 3, 134 ] ] 16852 
17 18 [ 0, 143 ] [ [ -2, 17 ], [ 1, 134 ], [ 3, 138 ] ] 16853 
17 18 [ 0, 562 ] [ [ -2, 17 ], [ 1, 134 ], [ 3, 138 ] ] 16865 
17 18 [ 0, 212 ] [ [ -2, 17 ], [ 1, 134 ], [ 3, 138 ] ] 16881 
17 18 [ 0, 220 ] [ [ -2, 17 ], [ 1, 142 ], [ 3, 130 ] ] 17054 
17 18 [ 0, 98 ] [ [ -2, 17 ], [ 1, 150 ], [ 3, 122 ] ] 17055 
17 18 [ 0, 523 ] [ [ -2, 17 ], [ 1, 126 ], [ 3, 146 ] ] 17058 
17 18 [ 0, 217 ] [ [ -2, 17 ], [ 1, 128 ], [ 3, 144 ] ] 17256 
17 18 [ 0, 293 ] [ [ -2, 17 ], [ 1, 124 ], [ 3, 148 ] ] 17258 
17 18 [ 0, 196 ] [ [ -2, 17 ], [ 1, 128 ], [ 3, 144 ] ] 17259 
17 18 [ 0, 789 ] [ [ -2, 17 ], [ 1, 146 ], [ 3, 126 ] ] 17263 
17 18 [ 0, 449 ] [ [ -2, 17 ], [ 1, 150 ], [ 3, 122 ] ] 17282 
17 18 [ 0, 122 ] [ [ -2, 17 ], [ 1, 150 ], [ 3, 122 ] ] 17304 
18 19 [ 0, 179 ] [ [ -2, 18 ], [ 1, 172 ], [ 3, 134 ] ] 17305 
17 18 [ 0, 603 ] [ [ -2, 17 ], [ 1, 128 ], [ 3, 144 ] ] 17357 
17 18 [ 0, 770 ] [ [ -2, 17 ], [ 1, 146 ], [ 3, 126 ] ] 17382 
17 18 [ 0, 303 ] [ [ -2, 17 ], [ 1, 150 ], [ 3, 122 ] ] 17441 
17 18 [ 0, 174 ] [ [ -2, 17 ], [ 1, 148 ], [ 3, 124 ] ] 17481 
17 18 [ 0, 203 ] [ [ -2, 17 ], [ 1, 146 ], [ 3, 126 ] ] 17502 
18 19 [ 0, 507 ] [ [ -2, 18 ], [ 1, 168 ], [ 3, 138 ] ] 17503 
17 18 [ 0, 119 ] [ [ -2, 17 ], [ 1, 152 ], [ 3, 120 ] ] 17504 
17 18 [ 0, 285 ] [ [ -2, 17 ], [ 1, 138 ], [ 3, 134 ] ] 17507 
17 18 [ 0, 214 ] [ [ -2, 17 ], [ 1, 136 ], [ 3, 136 ] ] 17592 
17 18 [ 0, 537 ] [ [ -2, 17 ], [ 1, 146 ], [ 3, 126 ] ] 17622 
17 18 [ 0, 344 ] [ [ -2, 17 ], [ 1, 150 ], [ 3, 122 ] ] 18024 
17 18 [ 0, 306 ] [ [ -2, 17 ], [ 1, 134 ], [ 3, 138 ] ] 18040 
17 18 [ 0, 308 ] [ [ -2, 17 ], [ 1, 136 ], [ 3, 136 ] ] 18649 
17 18 [ 0, 376 ] [ [ -2, 17 ], [ 1, 126 ], [ 3, 146 ] ] 18672 
17 18 [ 0, 297 ] [ [ -2, 17 ], [ 1, 132 ], [ 3, 140 ] ] 18687 
17 18 [ 0, 895 ] [ [ -2, 17 ], [ 1, 120 ], [ 3, 152 ] ] 18728 
17 18 [ 0, 602 ] [ [ -2, 17 ], [ 1, 140 ], [ 3, 132 ] ] 18971 
17 18 [ 0, 313 ] [ [ -2, 17 ], [ 1, 140 ], [ 3, 132 ] ] 18981 
17 18 [ 0, 163 ] [ [ -2, 17 ], [ 1, 124 ], [ 3, 148 ] ] 19109 
17 18 [ 0, 120 ] [ [ -2, 17 ], [ 1, 130 ], [ 3, 142 ] ] 19134 
17 18 [ 0, 192 ] [ [ -2, 17 ], [ 1, 132 ], [ 3, 140 ] ] 19216 
17 18 [ 0, 454 ] [ [ -2, 17 ], [ 1, 132 ], [ 3, 140 ] ] 19312 
17 18 [ 0, 514 ] [ [ -2, 17 ], [ 1, 128 ], [ 3, 144 ] ] 19368 
17 18 [ 0, 183 ] [ [ -2, 17 ], [ 1, 148 ], [ 3, 124 ] ] 19481 
17 18 [ 0, 268 ] [ [ -2, 17 ], [ 1, 140 ], [ 3, 132 ] ] 19555 
17 18 [ 0, 275 ] [ [ -2, 17 ], [ 1, 144 ], [ 3, 128 ] ] 19633 
17 18 [ 0, 459 ] [ [ -2, 17 ], [ 1, 142 ], [ 3, 130 ] ] 19720 
17 18 [ 0, 252 ] [ [ -2, 17 ], [ 1, 160 ], [ 3, 112 ] ] 19815 
17 18 [ 0, 572 ] [ [ -2, 17 ], [ 1, 164 ], [ 3, 108 ] ] 19907 
17 18 [ 0, 507 ] [ [ -2, 17 ], [ 1, 130 ], [ 3, 142 ] ] 19968 
17 18 [ 0, 451 ] [ [ -2, 17 ], [ 1, 130 ], [ 3, 142 ] ] 20060 
17 18 [ 0, 73 ] [ [ -2, 17 ], [ 1, 126 ], [ 3, 146 ] ] 20148 
17 18 [ 0, 348 ] [ [ -2, 17 ], [ 1, 140 ], [ 3, 132 ] ] 20733 
17 18 [ 0, 289 ] [ [ -2, 17 ], [ 1, 126 ], [ 3, 146 ] ] 20799 
17 18 [ 0, 560 ] [ [ -2, 17 ], [ 1, 128 ], [ 3, 144 ] ] 20851 
17 18 [ 0, 242 ] [ [ -2, 17 ], [ 1, 140 ], [ 3, 132 ] ] 20864 
17 18 [ 0, 504 ] [ [ -2, 17 ], [ 1, 142 ], [ 3, 130 ] ] 20909 
17 18 [ 0, 378 ] [ [ -2, 17 ], [ 1, 146 ], [ 3, 126 ] ] 20940 
17 18 [ 0, 255 ] [ [ -2, 17 ], [ 1, 136 ], [ 3, 136 ] ] 21097 
17 18 [ 0, 396 ] [ [ -2, 17 ], [ 1, 124 ], [ 3, 148 ] ] 21169 
17 18 [ 0, 203 ] [ [ -2, 17 ], [ 1, 134 ], [ 3, 138 ] ] 21187 
17 18 [ 0, 581 ] [ [ -2, 17 ], [ 1, 140 ], [ 3, 132 ] ] 21224 
17 18 [ 0, 101 ] [ [ -2, 17 ], [ 1, 140 ], [ 3, 132 ] ] 21240 
17 18 [ 0, 195 ] [ [ -2, 17 ], [ 1, 136 ], [ 3, 136 ] ] 21278 
17 18 [ 0, 179 ] [ [ -2, 17 ], [ 1, 158 ], [ 3, 114 ] ] 21299 
17 18 [ 0, 213 ] [ [ -2, 17 ], [ 1, 142 ], [ 3, 130 ] ] 21395 
17 18 [ 0, 213 ] [ [ -2, 17 ], [ 1, 134 ], [ 3, 138 ] ] 21399 
17 18 [ 0, 373 ] [ [ -2, 17 ], [ 1, 148 ], [ 3, 124 ] ] 21415 
17 18 [ 0, 231 ] [ [ -2, 17 ], [ 1, 136 ], [ 3, 136 ] ] 21633 
17 18 [ 0, 239 ] [ [ -2, 17 ], [ 1, 142 ], [ 3, 130 ] ] 21655 
17 18 [ 0, 141 ] [ [ -2, 17 ], [ 1, 140 ], [ 3, 132 ] ] 21656 
17 18 [ 0, 168 ] [ [ -2, 17 ], [ 1, 156 ], [ 3, 116 ] ] 21688 
17 18 [ 0, 111 ] [ [ -2, 17 ], [ 1, 144 ], [ 3, 128 ] ] 21818 
17 18 [ 0, 241 ] [ [ -2, 17 ], [ 1, 118 ], [ 3, 154 ] ] 22319 
17 18 [ 0, 203 ] [ [ -2, 17 ], [ 1, 128 ], [ 3, 144 ] ] 22648 
17 18 [ 0, 275 ] [ [ -2, 17 ], [ 1, 126 ], [ 3, 146 ] ] 22669 
17 18 [ 0, 466 ] [ [ -2, 17 ], [ 1, 142 ], [ 3, 130 ] ] 23060 
17 18 [ 0, 408 ] [ [ -2, 17 ], [ 1, 158 ], [ 3, 114 ] ] 23123 
17 18 [ 0, 608 ] [ [ -2, 17 ], [ 1, 132 ], [ 3, 140 ] ] 23374 
17 18 [ 0, 149 ] [ [ -2, 17 ], [ 1, 136 ], [ 3, 136 ] ] 23377 
17 18 [ 0, 361 ] [ [ -2, 17 ], [ 1, 126 ], [ 3, 146 ] ] 23602 
17 18 [ 0, 290 ] [ [ -2, 17 ], [ 1, 130 ], [ 3, 142 ] ] 23603 
17 18 [ 0, 242 ] [ [ -2, 17 ], [ 1, 140 ], [ 3, 132 ] ] 23621 
17 18 [ 0, 392 ] [ [ -2, 17 ], [ 1, 138 ], [ 3, 134 ] ] 23695 
17 18 [ 0, 195 ] [ [ -2, 17 ], [ 1, 124 ], [ 3, 148 ] ] 23704 
17 18 [ 0, 118 ] [ [ -2, 17 ], [ 1, 138 ], [ 3, 134 ] ] 23814 
17 18 [ 0, 118 ] [ [ -2, 17 ], [ 1, 138 ], [ 3, 134 ] ] 23815 
17 18 [ 0, 617 ] [ [ -2, 17 ], [ 1, 134 ], [ 3, 138 ] ] 23863 
17 18 [ 0, 463 ] [ [ -2, 17 ], [ 1, 144 ], [ 3, 128 ] ] 23894 
17 18 [ 0, 246 ] [ [ -2, 17 ], [ 1, 140 ], [ 3, 132 ] ] 24178 
17 18 [ 0, 119 ] [ [ -2, 17 ], [ 1, 148 ], [ 3, 124 ] ] 24780 
18 19 [ 0, 193 ] [ [ -2, 18 ], [ 1, 168 ], [ 3, 138 ] ] 24781 
17 18 [ 0, 202 ] [ [ -2, 17 ], [ 1, 146 ], [ 3, 126 ] ] 24816 
17 18 [ 0, 474 ] [ [ -2, 17 ], [ 1, 156 ], [ 3, 116 ] ] 24883 
17 18 [ 0, 216 ] [ [ -2, 17 ], [ 1, 138 ], [ 3, 134 ] ] 24932 
17 18 [ 0, 711 ] [ [ -2, 17 ], [ 1, 156 ], [ 3, 116 ] ] 24977 
17 18 [ 0, 446 ] [ [ -2, 17 ], [ 1, 132 ], [ 3, 140 ] ] 25119 
17 18 [ 0, 408 ] [ [ -2, 17 ], [ 1, 150 ], [ 3, 122 ] ] 25402 
17 18 [ 0, 264 ] [ [ -2, 17 ], [ 1, 152 ], [ 3, 120 ] ] 25527 
17 18 [ 0, 301 ] [ [ -2, 17 ], [ 1, 136 ], [ 3, 136 ] ] 25939 
17 18 [ 0, 171 ] [ [ -2, 17 ], [ 1, 138 ], [ 3, 134 ] ] 26030 
18 19 [ 0, 352 ] [ [ -2, 18 ], [ 1, 152 ], [ 3, 154 ] ] 26031 
17 18 [ 0, 190 ] [ [ -2, 17 ], [ 1, 148 ], [ 3, 124 ] ] 26036 
17 18 [ 0, 180 ] [ [ -2, 17 ], [ 1, 136 ], [ 3, 136 ] ] 26263 
17 18 [ 0, 375 ] [ [ -2, 17 ], [ 1, 140 ], [ 3, 132 ] ] 26454 
17 18 [ 0, 161 ] [ [ -2, 17 ], [ 1, 150 ], [ 3, 122 ] ] 26467 
17 18 [ 0, 717 ] [ [ -2, 17 ], [ 1, 140 ], [ 3, 132 ] ] 26485 
17 18 [ 0, 117 ] [ [ -2, 17 ], [ 1, 136 ], [ 3, 136 ] ] 26715 
17 18 [ 0, 139 ] [ [ -2, 17 ], [ 1, 154 ], [ 3, 118 ] ] 26723 
17 18 [ 0, 203 ] [ [ -2, 17 ], [ 1, 146 ], [ 3, 126 ] ] 26724 
17 18 [ 0, 613 ] [ [ -2, 17 ], [ 1, 148 ], [ 3, 124 ] ] 26729 
17 18 [ 0, 188 ] [ [ -2, 17 ], [ 1, 148 ], [ 3, 124 ] ] 26744 
17 18 [ 0, 802 ] [ [ -2, 17 ], [ 1, 134 ], [ 3, 138 ] ] 26774 
17 18 [ 0, 262 ] [ [ -2, 17 ], [ 1, 134 ], [ 3, 138 ] ] 26810 
17 18 [ 0, 442 ] [ [ -2, 17 ], [ 1, 142 ], [ 3, 130 ] ] 26822 
17 18 [ 0, 220 ] [ [ -2, 17 ], [ 1, 148 ], [ 3, 124 ] ] 27076 
17 18 [ 0, 122 ] [ [ -2, 17 ], [ 1, 160 ], [ 3, 112 ] ] 27130 
17 18 [ 0, 140 ] [ [ -2, 17 ], [ 1, 154 ], [ 3, 118 ] ] 27131 
17 18 [ 0, 727 ] [ [ -2, 17 ], [ 1, 164 ], [ 3, 108 ] ] 27163 
17 18 [ 0, 224 ] [ [ -2, 17 ], [ 1, 144 ], [ 3, 128 ] ] 27231 
17 18 [ 0, 210 ] [ [ -2, 17 ], [ 1, 148 ], [ 3, 124 ] ] 27304 
17 18 [ 0, 224 ] [ [ -2, 17 ], [ 1, 162 ], [ 3, 110 ] ] 27305 
17 18 [ 0, 210 ] [ [ -2, 17 ], [ 1, 156 ], [ 3, 116 ] ] 27306 
17 18 [ 0, 178 ] [ [ -2, 17 ], [ 1, 156 ], [ 3, 116 ] ] 27343 
17 18 [ 0, 118 ] [ [ -2, 17 ], [ 1, 158 ], [ 3, 114 ] ] 27360 
17 18 [ 0, 132 ] [ [ -2, 17 ], [ 1, 164 ], [ 3, 108 ] ] 27440 
17 18 [ 0, 461 ] [ [ -2, 17 ], [ 1, 148 ], [ 3, 124 ] ] 27488 
17 18 [ 0, 231 ] [ [ -2, 17 ], [ 1, 144 ], [ 3, 128 ] ] 27625 
17 18 [ 0, 391 ] [ [ -2, 17 ], [ 1, 150 ], [ 3, 122 ] ] 27631 
17 18 [ 0, 263 ] [ [ -2, 17 ], [ 1, 152 ], [ 3, 120 ] ] 27632 
17 18 [ 0, 527 ] [ [ -2, 17 ], [ 1, 140 ], [ 3, 132 ] ] 27637 
17 18 [ 0, 231 ] [ [ -2, 17 ], [ 1, 148 ], [ 3, 124 ] ] 27638 
17 18 [ 0, 503 ] [ [ -2, 17 ], [ 1, 162 ], [ 3, 110 ] ] 27677 
17 18 [ 0, 166 ] [ [ -2, 17 ], [ 1, 136 ], [ 3, 136 ] ] 27875 
17 18 [ 0, 164 ] [ [ -2, 17 ], [ 1, 140 ], [ 3, 132 ] ] 27893 
17 18 [ 0, 107 ] [ [ -2, 17 ], [ 1, 142 ], [ 3, 130 ] ] 27897 
17 18 [ 0, 111 ] [ [ -2, 17 ], [ 1, 132 ], [ 3, 140 ] ] 28164 
17 18 [ 0, 116 ] [ [ -2, 17 ], [ 1, 140 ], [ 3, 132 ] ] 28166 
18 19 [ 0, 318 ] [ [ -2, 18 ], [ 1, 152 ], [ 3, 154 ] ] 28167 
17 18 [ 0, 534 ] [ [ -2, 17 ], [ 1, 136 ], [ 3, 136 ] ] 28170 
17 18 [ 0, 170 ] [ [ -2, 17 ], [ 1, 136 ], [ 3, 136 ] ] 28202 
17 18 [ 0, 181 ] [ [ -2, 17 ], [ 1, 132 ], [ 3, 140 ] ] 28216 
17 18 [ 0, 190 ] [ [ -2, 17 ], [ 1, 120 ], [ 3, 152 ] ] 28231 
17 18 [ 0, 462 ] [ [ -2, 17 ], [ 1, 124 ], [ 3, 148 ] ] 28329 
17 18 [ 0, 184 ] [ [ -2, 17 ], [ 1, 140 ], [ 3, 132 ] ] 28377 
17 18 [ 0, 318 ] [ [ -2, 17 ], [ 1, 152 ], [ 3, 120 ] ] 28383 
17 18 [ 0, 119 ] [ [ -2, 17 ], [ 1, 134 ], [ 3, 138 ] ] 28461 
17 18 [ 0, 162 ] [ [ -2, 17 ], [ 1, 146 ], [ 3, 126 ] ] 28550 
17 18 [ 0, 299 ] [ [ -2, 17 ], [ 1, 144 ], [ 3, 128 ] ] 28616 
17 18 [ 0, 279 ] [ [ -2, 17 ], [ 1, 152 ], [ 3, 120 ] ] 28628 
17 18 [ 0, 245 ] [ [ -2, 17 ], [ 1, 132 ], [ 3, 140 ] ] 28641 
17 18 [ 0, 430 ] [ [ -2, 17 ], [ 1, 146 ], [ 3, 126 ] ] 28817 
17 18 [ 0, 98 ] [ [ -2, 17 ], [ 1, 146 ], [ 3, 126 ] ] 28882 
17 18 [ 0, 206 ] [ [ -2, 17 ], [ 1, 134 ], [ 3, 138 ] ] 28887 
17 18 [ 0, 196 ] [ [ -2, 17 ], [ 1, 142 ], [ 3, 130 ] ] 28888 
17 18 [ 0, 296 ] [ [ -2, 17 ], [ 1, 136 ], [ 3, 136 ] ] 28918 
17 18 [ 0, 457 ] [ [ -2, 17 ], [ 1, 148 ], [ 3, 124 ] ] 28925 
17 18 [ 0, 258 ] [ [ -2, 17 ], [ 1, 146 ], [ 3, 126 ] ] 28946 
17 18 [ 0, 689 ] [ [ -2, 17 ], [ 1, 142 ], [ 3, 130 ] ] 29026 
17 18 [ 0, 141 ] [ [ -2, 17 ], [ 1, 144 ], [ 3, 128 ] ] 29077 
17 18 [ 0, 452 ] [ [ -2, 17 ], [ 1, 154 ], [ 3, 118 ] ] 29378 
Error, user interrupt in
  res[i] := func( C[i] ); at /usr/local/Cellar/gap/4.15.1/share/gap/lib/coll.gi:663 called from 
List( m1, function ( row )
      return PROD_VECTOR_MATRIX( row, m2 );
  end ) at /usr/local/Cellar/gap/4.15.1/share/gap/lib/list.gi:3640 called from
T * M at gapReads/LinearAlgebra.txt:252 called from
TMTTmult( orthoB, sQ ) at gapReads/LatticeTools.txt:41 called from
signaturejob( sdim - 1, newsQ ); at gapReads/LatticeTools.txt:42 called from
signaturejob( sdim - 1, newsQ ); at gapReads/LatticeTools.txt:42 called from
...  at Task20261001Pa.g:44
you can 'return;'
brk> quit;
gap> quit;
